 26 26 32 41 50 59 65 67 67 67 67 68 72 79 89 98106110109101 88 72 57 4324 1 1A61720111999999999999999999999 024 25999999999999999999999
 35 33 36 44 52 61 68 72 72 71 70 68 68 71 78 86 93 98100 97 89 77 65 5424 1 2A6 733 72175710099999999999999 023 331132 6899999999999999
 45 41 42 48 56 64 72 77 78 77 74 71 68 67 69 74 80 85 88 89 85 77 68 6024 1 3A6 754 781836 8999999999999999 114 411255 6799999999999999
 54 49 49 54 60 68 75 81 84 84 80 76 71 66 64 64 67 71 75 77 76 73 68 6324 1 4A6 817 851924 7799999999999999 131 491421 6499999999999999
 59 57 57 60 65 72 79 86 90 91 89 83 77 69 62 58 57 58 60 63 65 65 64 6224 1 5A6 845 922044 6599999999999999 134 571559 5799999999999999
 61 61 63 65 70 76 83 90 96 99 98 93 86 76 66 57 50 47 46 48 51 54 56 5824 1 6A6 919 99999999999999999999999 024 611738 4699999999999999
 60 62 65 69 73 78 85 92 99105107105 98 88 75 62 50 41 36 34 36 40 45 4924 1 7A610 11079999999999999999999991851 34999999999999999999999
 54 59 64 69 73 78 84 92100108113115112103 90 74 58 43 31 24 23 26 31 3824 1 8A610521159999999999999999999991946 23999999999999999999999
 46 53 59 65 71 76 81 88 97107116122123119108 92 73 53 35 21 14 14 18 2624 1 9A611481239999999999999999999992034 13999999999999999999999
 35 44 53 59 65 71 76 82 91101113123130131126113 93 71 48 27 13  7  8 1424 110A612461319999999999999999999992119  6999999999999999999999
 23 34 44 53 59 64 70 75 82 92105118129136138131115 93 67 42 21  7  2  524 111A6134213899999999999999999999922 1  2999999999999999999999
 14 25 36 47 54 59 63 68 73 81 92107121133141141132114 89 62 36 16  4  224 112A614351429999999999999999999992240  2999999999999999999999
  8 18 30 42 51 56 59 62 66 71 79 92107121133141140129109 83 56 32 14  624 113A615261419999999999999999999992316  5999999999999999999999
  8 16 27 39 50 56 59 61 62 65 69 77 89104118129136133121100 75 51 29 1624 114A616161369999999999999999999992349 13999999999999999999999
 13 18 28 40 51 60 63 64 63 62 63 65 73 84 97110120125121108 89 67 47 3124 115A6 634 6417 512599999999999999 919 62999999999999999999999
 23 25 33 44 55 65 71 71 69 66 63 61 61 67 77 88 99107110105 93 77 60 4624 116A6 639 71175411099999999999999 018 231118 6099999999999999
 36 34 40 50 61 71 79 81 79 74 68 63 58 57 60 67 76 84 91 92 88 78 67 5624 117A6 7 0 811847 9299999999999999 044 341246 5799999999999999
 48 44 47 56 66 77 86 91 91 86 79 71 63 56 52 53 57 62 68 73 74 71 66 6024 118A6 728 911948 7499999999999999 1 3 441418 5299999999999999
 56 53 54 60 70 81 90 97100 98 92 83 73 62 53 47 45 46 49 53 57 59 59 5824 119A6 8 51002130 5999999999999999 113 531613 4599999999999999
 57 57 59 64 71 81 91100106108104 97 87 75 63 51 42 37 35 36 40 44 47 5124 120A6 850108999999999999999999999 033 5718 7 3599999999999999
 54 57 60 64 70 78 88 98106112113110102 91 77 63 49 38 30 27 27 30 35 4124 121A6 9461139999999999999999999991926 26999999999999999999999
 47 53 58 63 68 74 82 91101110116117114106 94 79 63 47 34 24 20 21 25 3224 122A610521179999999999999999999992022 20999999999999999999999
 40 48 55 60 65 69 74 82 92103112119121119110 97 80 62 44 29 20 17 19 2524 123A612 012199999999999999999999921 5 17999999999999999999999
 34 43 51 57 62 65 68 73 81 92104114122125122112 97 79 58 39 25 18 17 2124 124A613 31259999999999999999999992140 16999999999999999999999
 29 39 49 56 60 63 65 67 72 81 92105116124128123112 95 74 53 34 22 17 1924 125A6135712899999999999999999999922 9 17999999999999999999999
 26 36 47 56 61 63 64 65 66 71 81 93106118126128122108 89 68 46 30 21 2024 126A614441289999999999999999999992235 20999999999999999999999
 26 35 46 57 64 66 66 65 64 65 71 82 95108119126125116100 80 59 40 27 2324 127A6 532 66152612799999999999999 811 642259 2399999999999999
 27 35 46 58 67 71 71 69 66 64 65 72 83 96108118123119107 90 71 51 36 2824 128A6 527 7116 512399999999999999 914 642322 2899999999999999
 29 36 47 58 69 75 76 73 70 66 63 65 72 84 96106114116109 95 79 62 46 3624 129A6 541 761641116999999999999991010 632345 3499999999999999
 34 39 49 60 71 79 81 79 74 69 64 62 64 72 83 93102107105 96 83 69 55 4524 130A6 559 8117161079999999999999911 3 62999999999999999999999
 41 44 52 62 73 81 86 85 80 73 66 61 59 62 70 79 88 94 96 92 83 72 62 5324 131A6 619 861752 9799999999999999 0 5 411155 5999999999999999
 49 50 56 66 75 84 89 90 86 78 70 63 57 56 59 66 74 80 84 84 79 72 64 5924 2 1A6 640 911828 8599999999999999 020 491249 5599999999999999
 56 56 61 70 79 87 93 95 93 86 76 67 59 53 51 54 60 65 70 72 71 67 62 6024 2 2A6 7 1 951910 7299999999999999 022 551349 512343 599999999
 59 61 66 73 82 90 96100 99 94 86 75 65 56 49 47 48 52 55 58 59 59 57 5724 2 3A6 72610020 9 599999999999999915 4 472242 5799999999999999
 59 62 68 75 83 91 98103105103 97 87 75 64 53 46 41 40 42 44 46 47 49 5124 2 4A6 8 21059999999999999999999991649 40999999999999999999999
 54 60 66 74 81 89 97104109110108101 91 78 65 52 42 35 31 31 32 35 38 4224 2 5A6 8541109999999999999999999991841 31999999999999999999999
 48 54 62 70 77 85 93101108114116114107 96 82 66 51 37 27 22 21 23 27 3324 2 6A610 41169999999999999999999991947 21999999999999999999999
 40 48 56 64 71 79 86 94103111118122121115103 86 67 49 32 20 14 14 18 2424 2 7A611221229999999999999999999992032 13999999999999999999999
 32 41 50 58 65 71 77 84 92103114123128129122108 89 67 45 26 14  9 11 1724 2 8A612361299999999999999999999992110  9999999999999999999999
 26 37 46 54 60 65 69 74 80 90102115126133134127111 89 64 40 21 10  8 1324 2 9A613401359999999999999999999992143  8999999999999999999999
 22 34 45 54 59 62 64 66 68 75 85 99114126135136127109 85 60 36 19 12 1424 210A614361369999999999999999999992214 11999999999999999999999
 22 34 46 56 62 64 64 62 61 62 68 79 94110123132132121102 79 54 33 21 1924 211A6 5 5 64152913399999999999999 812 612243 1899999999999999
 25 36 49 61 69 71 69 64 59 55 55 61 73 88103117124123111 92 71 50 34 2724 212A6 455 71162012599999999999999 936 5523 9 2799999999999999
 31 41 53 66 76 80 78 72 64 56 49 48 54 65 79 94106112109 97 81 63 48 3824 213A6 5 9 8117 9112999999999999991044 482332 3799999999999999
 38 46 58 71 83 90 90 83 74 63 52 44 42 47 57 70 82 92 96 92 82 70 58 4924 214A6 532 911759 96999999999999991148 422350 4699999999999999
 46 51 62 75 87 96100 96 86 74 61 49 40 38 41 49 59 69 77 79 75 68 61 5524 215A6 5591001850 79999999999999991253 38999999999999999999999
 53 56 65 77 89 99105105 99 87 74 60 48 39 36 37 43 49 56 61 62 61 58 5624 216A6 6311061949 6399999999999999 0 0 5314 6 352340 559999999
 55 58 65 75 87 98106110108100 88 75 61 49 40 35 34 36 40 44 48 49 50 5124 217A6 7101109999999999999999999991543 34999999999999999999999
 54 58 63 72 82 93102108110108100 90 77 64 52 42 35 32 31 32 34 38 41 4524 218A6 7591109999999999999999999991756 31999999999999999999999
 49 55 60 67 75 84 93101107109107102 93 81 69 56 44 35 29 26 26 28 33 3824 219A6 9 31099999999999999999999991928 26999999999999999999999
 44 51 57 63 69 76 83 91 99105108108104 97 86 72 58 45 34 26 23 23 27 3324 220A610271099999999999999999999992021 22999999999999999999999
 41 48 55 60 64 68 73 80 88 96104109111108101 89 74 58 43 31 24 22 25 3124 221A611551119999999999999999999992054 22999999999999999999999
 39 47 55 60 63 65 66 70 76 85 94103110113111103 90 73 55 39 28 24 25 3024 222A613 51139999999999999999999992118 23999999999999999999999
 39 49 57 62 65 65 64 63 66 73 83 94105113116112102 87 68 50 35 27 26 3124 223A6 436 65135811699999999999999 641 632137 2699999999999999
 40 51 61 67 69 68 65 62 60 63 71 82 95106114116110 97 80 62 44 33 29 3324 224A6 4 8 69144311699999999999999 754 602157 2999999999999999
 41 52 64 72 76 74 70 64 58 57 61 70 82 95107114113104 90 72 54 40 34 3524 225A6 4 7 76152411499999999999999 850 562217 3399999999999999
 43 54 66 77 82 81 76 68 60 54 53 59 70 83 95106110106 95 81 64 49 40 3924 226A6 420 8216 211099999999999999 939 532238 3899999999999999
 45 56 68 79 87 88 82 74 64 55 49 50 57 69 82 94102103 97 85 71 58 48 4424 227A6 439 881639104999999999999991024 482258 4499999999999999
 48 58 69 81 89 93 89 80 69 57 48 44 47 56 68 80 90 95 93 85 75 64 56 5124 228A6 458 931716 959999999999999911 7 442315 5199999999999999
 53 61 71 82 91 96 94 86 74 62 50 42 39 44 54 65 75 82 85 81 74 66 60 5724 229A6 518 961753 85999999999999991149 392320 5799999999999999
 58 64 74 84 93 98 99 93 81 68 55 44 37 36 42 51 60 68 72 72 68 63 60 5924 3 1A6 536 991831 73999999999999991234 362250 5999999999999999
 61 67 75 86 94100102 99 89 76 62 49 39 34 34 39 46 53 58 60 59 57 56 5724 3 2A6 5551021913 60999999999999991325 332159 5699999999999999
 61 67 76 85 95101104104 98 87 73 59 47 37 32 32 35 40 44 47 48 48 49 5224 3 3A6 6211059999999999999999999991431 32999999999999999999999
 57 65 74 83 92100105107105 98 87 74 60 48 38 32 30 30 32 34 36 38 40 4424 3 4A6 7 01079999999999999999999991611 30999999999999999999999
 51 59 68 78 87 95102106108106100 90 78 64 51 40 31 26 24 24 26 28 32 3724 3 5A6 8 01089999999999999999999991826 24999999999999999999999
 44 52 62 71 79 87 95101106109108104 96 84 70 55 41 29 22 18 18 21 25 3124 3 6A6 9241099999999999999999999991930 18999999999999999999999
 39 47 56 64 71 78 84 90 98105110112110103 91 75 57 41 27 18 14 16 21 2824 3 7A611 411299999999999999999999920 7 14999999999999999999999
 37 45 53 59 64 69 72 77 84 93102110115115108 95 78 58 39 24 16 15 20 2824 3 8A612311169999999999999999999992037 15999999999999999999999
 38 47 55 60 62 63 63 64 68 75 86 98109117118111 96 77 56 37 24 19 22 3024 3 9A6134011899999999999999999999921 4 19999999999999999999999
 41 52 61 65 66 63 59 55 53 57 66 79 93106116117109 94 74 54 37 27 27 3424 310A6 334 66143911899999999999999 756 532130 2699999999999999
 46 58 69 75 75 70 62 53 46 42 46 56 71 87101111112103 87 69 51 38 34 3924 311A6 330 76153411299999999999999 9 2 422155 3499999999999999
 50 64 76 85 87 81 71 58 46 36 31 36 47 62 79 94102102 93 79 63 50 43 4524 312A6 346 8716261039999999999999910 1 312218 4299999999999999
 55 68 81 92 97 94 84 69 53 38 27 23 28 40 55 71 84 91 89 80 69 59 51 5024 313A6 410 971716 91999999999999991055 232237 4999999999999999
 57 70 84 96104105 98 83 66 48 32 21 18 24 35 48 62 73 77 74 68 61 56 5424 314A6 43810618 6 77999999999999991149 182250 5499999999999999
 58 69 83 96106111108 97 81 62 45 29 19 17 22 31 42 53 60 63 61 58 55 5524 315A6 5 91111858 63999999999999991245 172241 5599999999999999
 58 66 79 92103110111106 94 77 60 44 30 21 20 23 29 36 44 48 50 50 50 5224 316A6 5451129999999999999999999991347 20999999999999999999999
 56 62 72 84 95104109108102 90 75 60 46 34 26 24 24 27 31 36 39 41 43 4724 317A6 6261099999999999999999999991512 24999999999999999999999
 52 58 66 75 86 94101104103 97 87 75 63 51 40 32 28 26 26 28 30 34 37 4224 318A6 7171049999999999999999999991729 25999999999999999999999
 48 54 60 68 75 83 90 95 98 98 94 87 78 67 56 45 37 30 26 25 26 29 33 3924 319A6 824 9899999999999999999999919 1 25999999999999999999999
 45 52 57 62 67 72 78 84 89 93 94 93 88 81 72 61 49 39 31 26 26 28 33 3924 320A610 0 949999999999999999999991946 25999999999999999999999
 46 52 57 61 63 65 67 71 77 83 89 93 94 91 85 75 62 50 39 31 28 29 34 4124 321A61148 949999999999999999999992011 28999999999999999999999
 49 56 61 63 63 61 60 61 65 72 79 87 93 95 93 86 75 61 48 37 32 32 37 4524 322A6 322 6313 2 9599999999999999 6 8 602028 3199999999999999
 54 62 67 69 67 62 57 54 54 59 68 77 87 94 97 94 85 72 58 45 37 35 40 4824 323A6 252 691356 9799999999999999 722 542045 3599999999999999
 58 68 75 76 73 67 59 51 47 48 55 65 77 88 95 97 92 81 68 54 44 39 42 5024 324A6 249 761442 9799999999999999 815 4721 4 3999999999999999
 61 72 81 85 82 74 63 52 43 40 43 52 64 77 89 95 94 87 76 63 51 45 45 5224 325A6 3 1 851523 9599999999999999 9 0 402125 4499999999999999
 63 75 85 91 90 82 70 56 43 35 33 39 51 64 77 88 92 89 81 70 59 51 49 5524 326A6 319 9116 3 9299999999999999 940 332146 4999999999999999
 65 77 87 95 96 89 77 62 47 34 27 28 37 50 63 76 84 86 81 73 65 58 54 5724 327A6 339 971643 86999999999999991019 2722 4 5499999999999999
 66 77 88 97100 96 85 69 52 37 25 21 25 36 49 62 72 78 77 72 66 61 59 6024 328A6 4 01001722 78999999999999991058 212213 5999999999999999
 67 78 89 97102101 92 77 59 42 28 19 18 24 35 47 58 65 68 67 63 61 60 6224 329A6 42110218 2 68999999999999991138 172144 6099999999999999
 68 78 89 97103104 98 86 69 51 35 22 15 16 24 33 43 51 56 57 56 55 57 6124 330A6 4411041847 57999999999999991221 152047 5599999999999999
 67 76 87 96103105103 95 80 63 45 31 20 15 17 23 31 38 43 46 47 47 50 5624 331A6 5 41069999999999999999999991311 15999999999999999999999
 64 73 83 93101105105101 91 76 60 44 30 21 16 18 22 26 31 34 37 38 42 4824 4 1A6 5351069999999999999999999991414 16999999999999999999999
 57 67 77 87 96102104104 99 89 75 60 46 33 24 19 18 20 22 25 28 31 35 4124 4 2A6 6191059999999999999999999991544 18999999999999999999999
 50 60 69 78 87 94 99101101 97 88 77 64 50 38 27 21 18 18 19 22 26 31 3724 4 3A6 7241019999999999999999999991736 18999999999999999999999
 45 53 62 70 76 82 88 92 96 97 95 90 81 69 56 42 31 23 18 18 20 25 31 3724 4 4A6 859 979999999999999999999991838 18999999999999999999999
 44 51 57 63 67 70 73 78 84 89 93 95 92 85 74 60 46 33 25 21 22 27 34 4124 4 5A61054 959999999999999999999991914 21999999999999999999999
 49 55 58 60 61 60 59 61 66 73 82 89 94 94 89 78 63 49 36 28 27 31 39 4824 4 6A6 337 611231 9599999999999999 548 591942 2699999999999999
 57 63 66 65 61 55 49 46 47 53 63 74 85 93 95 89 78 64 50 39 34 36 44 5524 4 7A6 210 661345 9599999999999999 720 4620 8 3499999999999999
 65 74 77 75 68 58 47 37 31 33 40 53 67 81 90 92 87 76 63 51 43 42 49 6124 4 8A6 2 7 771447 9399999999999999 821 312033 4199999999999999
 73 83 89 89 81 67 52 37 24 18 20 30 44 61 76 85 87 82 72 61 52 48 53 6424 4 9A6 224 901543 8899999999999999 914 182057 4899999999999999
 77 90 99101 95 82 64 45 27 13  7 11 23 38 55 70 78 79 74 66 58 53 55 6424 410A6 2501011635 809999999999999910 4  72118 5399999999999999
 77 92103109108 97 80 59 37 18  5  2  7 19 34 50 63 69 69 65 60 56 56 6224 411A6 3201101726 70999999999999991053  12133 5599999999999999
 74 88102111114108 95 75 53 32 14  3  1  7 18 31 45 55 59 58 56 54 54 5924 412A6 3541141819 59999999999999991142  02131 5499999999999999
 68 82 95106113113105 89 69 49 29 13  4  4 10 19 30 40 47 49 49 49 51 5524 413A6 4321149999999999999999999991233  3999999999999999999999
 62 73 86 98106110108 98 83 65 47 30 17 10 10 14 21 28 35 39 41 43 46 5024 414A6 5121109999999999999999999991329  9999999999999999999999
 56 64 75 86 95102104101 91 77 62 47 33 23 18 17 19 23 27 32 35 38 41 4624 415A6 5561049999999999999999999991440 17999999999999999999999
 52 58 66 75 83 90 95 96 92 84 74 62 50 38 30 25 23 23 25 28 32 35 39 4424 416A6 647 969999999999999999999991627 23999999999999999999999
 49 55 60 66 72 78 83 86 87 85 79 72 63 53 44 36 31 28 27 28 31 36 40 4524 417A6 752 879999999999999999999991752 27999999999999999999999
 50 55 58 60 63 66 70 74 78 80 79 77 72 65 57 48 40 35 31 31 34 39 44 5024 418A6 924 809999999999999999999991834 31999999999999999999999
 55 58 60 59 58 58 59 62 66 70 74 76 76 73 68 60 51 43 38 36 38 43 49 5624 419A6 215 601126 7799999999999999 455 581858 3699999999999999
 62 65 65 63 58 54 50 50 53 58 65 71 76 77 75 69 61 52 45 41 42 47 54 6324 420A6 134 661254 7799999999999999 634 501918 4199999999999999
 70 74 74 69 62 54 46 41 41 46 53 62 70 76 78 76 69 61 52 47 46 50 58 6824 421A6 126 741354 7899999999999999 728 411939 4599999999999999
 77 83 83 78 69 57 45 36 31 33 40 50 61 71 77 79 75 68 60 53 50 53 61 7124 422A6 137 841444 7999999999999999 811 3120 2 5099999999999999
 81 89 92 88 78 64 49 35 25 22 27 36 49 61 72 77 77 73 67 60 55 56 62 7224 423A6 156 921529 7899999999999999 850 222025 5599999999999999
 83 93 98 96 87 73 55 38 24 15 16 23 35 48 61 71 75 74 69 64 60 59 63 7324 424A6 219 981612 7599999999999999 928 142045 5999999999999999
 84 94101103 96 83 64 45 27 13  8 11 21 34 48 60 68 70 68 65 62 61 64 7224 425A6 2441031656 709999999999999910 6  82053 6199999999999999
 83 94102106103 92 75 55 34 17  6  3  9 21 33 46 56 62 63 62 61 61 64 7024 426A6 3101061744 63999999999999991045  320 9 6199999999999999
 81 92101107107101 86 67 46 26 10  2  2  9 20 32 43 50 54 54 55 58 62 6824 427A6 3371089999999999999999999991127  1999999999999999999999
 77 88 99106109106 97 80 59 39 21  7  1  3 10 20 29 38 43 45 47 51 56 6324 428A6 4 61099999999999999999999991213  1999999999999999999999
 72 83 94103108108103 91 74 54 35 19  7  3  5 12 19 26 32 36 39 42 48 5624 429A6 44010999999999999999999999913 4  3999999999999999999999
 65 75 86 96103106105 99 86 70 51 34 20 10  7  9 14 19 24 29 32 36 41 4924 430A6 52010699999999999999999999914 3  7999999999999999999999
 58 67 77 86 94 99101100 93 82 67 51 36 24 15 12 13 16 20 25 29 33 38 4524 5 1A6 6101019999999999999999999991512 12999999999999999999999
 52 60 67 74 81 87 91 93 92 88 78 67 54 41 29 21 18 18 21 25 30 35 40 4524 5 2A6 719 939999999999999999999991624 18999999999999999999999
 50 56 60 64 68 72 76 80 83 84 82 76 68 57 46 35 28 25 25 29 34 41 46 5124 5 3A6 854 849999999999999999999991720 25999999999999999999999
 55 57 58 58 57 57 58 62 67 72 76 78 75 69 61 51 41 35 32 35 40 48 55 6124 5 4A6 211 581054 7899999999999999 439 571759 3299999999999999
 65 65 63 58 52 46 43 42 46 53 61 69 74 75 71 64 55 47 41 41 46 55 64 7224 5 5A6 039 651240 7599999999999999 630 421831 4199999999999999
 77 78 73 65 54 43 33 27 27 32 41 53 63 71 74 71 65 57 51 48 51 60 71 8124 5 6A6 037 781359 7499999999999999 732 261859 4899999999999999
 89 92 88 78 64 48 32 19 12 13 20 32 46 59 69 72 70 64 58 54 55 61 73 8524 5 7A6 059 9215 3 7299999999999999 824 121925 5499999999999999
 96102102 94 80 61 41 22  7  1  3 13 26 42 56 65 68 66 62 58 57 61 71 8524 5 8A6 13010316 1 6899999999999999 913  11948 5699999999999999
 98107112108 96 78 56 33 13 -1 -6 -1  9 24 39 53 60 62 61 58 57 59 66 7924 5 9A6 2 61121655 629999999999999910 0 -620 5 5799999999999999
 93106114116109 94 73 50 27  8 -5 -7 -1 10 24 38 49 55 56 55 54 55 60 7124 510A6 2451161753 56999999999999991046 -720 3 5499999999999999
 85 99110116116106 89 68 45 23  6 -4 -4  2 12 25 36 45 48 49 50 51 55 6224 511A6 3271179999999999999999999991133 -5999999999999999999999
 74 88100109114111101 83 63 42 22  8  1  2  8 16 26 35 41 43 45 47 50 5524 512A6 4111149999999999999999999991221  1999999999999999999999
 64 76 88 98106108104 93 76 58 40 24 12  8  9 14 21 29 35 39 41 43 47 5124 513A6 4561089999999999999999999991311  8999999999999999999999
 57 65 76 86 94 99100 95 84 70 55 40 27 19 16 17 21 26 32 37 40 42 46 4924 514A6 54210099999999999999999999914 4 16999999999999999999999
 53 58 65 74 81 87 91 91 86 76 65 53 41 32 26 24 25 28 33 38 42 45 48 5124 515A6 630 9199999999999999999999915 1 24999999999999999999999
 54 56 59 64 69 74 78 81 81 77 70 62 53 44 37 33 32 33 36 40 45 50 53 5524 516A6 726 819999999999999999999991556 32999999999999999999999
 57 58 57 58 59 62 65 69 71 72 70 66 60 54 48 42 39 39 41 45 50 56 60 6324 517A6 842 722357 64999999999999991641 39999999999999999999999
 64 63 60 56 53 52 53 56 59 63 65 65 64 61 57 52 47 45 46 49 55 62 68 7224 518A61043 662348 7399999999999999 5 1 521717 4599999999999999
 73 70 65 58 51 45 42 43 46 51 57 61 64 65 63 60 55 52 51 54 59 67 74 8024 519A61247 65999999999999999999999 620 421749 5199999999999999
 82 80 74 64 53 43 35 32 33 38 45 53 60 64 66 65 62 59 56 57 62 70 79 8624 520A6 0 2 8214 4 6699999999999999 711 321818 5699999999999999
 91 90 84 73 59 45 32 24 22 25 32 42 52 60 65 67 66 64 61 61 64 71 81 9024 521A6 026 9115 4 6799999999999999 752 221845 6099999999999999
 96 99 95 84 69 52 35 21 14 13 19 29 40 51 61 66 67 66 64 63 65 71 80 9124 522A6 054 9916 0 6799999999999999 832 1219 4 6399999999999999
 99104104 96 81 62 43 24 11  5  7 16 27 39 51 60 64 65 65 64 65 70 78 8924 523A6 125105999999999999999999999 912  5999999999999999999999
100107110106 94 76 55 33 15  3 -1  4 14 26 39 50 57 60 61 62 64 68 75 8524 524A6 159110999999999999999999999 953 -1999999999999999999999
 97107113113106 91 70 47 26  8 -3 -4  3 13 25 37 46 52 54 57 60 64 70 8024 525A6 2361149999999999999999999991037 -4999999999999999999999
 92103111116114104 86 64 41 20  3 -5 -4  4 14 25 35 42 46 49 53 58 64 7324 526A6 3151169999999999999999999991122 -5999999999999999999999
 84 96107114116112100 81 58 36 16  2 -4 -1  6 15 25 33 39 42 46 51 58 6624 527A6 35611699999999999999999999912 8 -4999999999999999999999
 75 87 98107112113107 94 75 53 33 15  4  1  4 11 19 27 33 38 41 45 51 5924 528A6 4401149999999999999999999991256  1999999999999999999999
 66 76 86 96103107107100 87 69 50 32 18  9  8 11 17 24 31 37 40 43 48 5324 529A6 5281089999999999999999999991343  7999999999999999999999
 59 66 73 82 89 95 98 98 91 79 64 48 34 22 17 17 21 27 33 39 44 47 49 5224 530A6 622 999999999999999999999991429 16999999999999999999999
 56 59 62 67 73 78 83 86 86 81 72 61 49 38 30 26 28 32 38 45 51 54 56 5724 531A6 728 872353 58999999999999991512 26999999999999999999999
 58 57 56 56 57 60 64 69 73 74 72 67 60 51 43 38 37 39 45 52 59 65 68 6824 6 1A6 857 742233 6899999999999999 246 561551 3799999999999999
 66 62 56 50 46 44 44 48 53 59 63 65 63 60 55 50 46 47 51 58 66 74 79 8124 6 2A611 2 652254 8199999999999999 514 441626 4699999999999999
 79 73 64 53 43 34 29 29 33 40 48 55 60 62 61 58 55 54 56 62 71 81 89 9324 6 3A613 7 622328 9499999999999999 634 291657 5499999999999999
 93 88 77 63 48 34 22 16 15 20 29 40 50 57 61 61 60 58 59 63 71 82 9310124 6 4A61439 61999999999999999999999 732 151725 5899999999999999
105103 94 79 61 42 25 11  5  6 12 23 35 47 55 60 61 60 60 62 68 79 9210324 6 5A6 0 81051557 6199999999999999 823  41746 6099999999999999
111113109 97 79 58 37 17  4 -2  0  8 20 34 46 54 57 58 59 59 63 72 85 9824 6 6A6 053113999999999999999999999 911 -2999999999999999999999
110117118111 97 77 54 32 12 -1 -4 -1  9 21 34 45 52 54 55 56 58 64 75 8824 6 7A6 140118999999999999999999999 957 -4999999999999999999999
102113119119111 94 73 50 28  9 -1 -3  2 12 24 36 45 49 51 52 54 57 65 7724 6 8A6 2291209999999999999999999991042 -3999999999999999999999
 91104114119117107 90 69 46 25  9  2  2  8 17 28 38 45 48 49 51 53 57 6624 6 9A6 3171199999999999999999999991126  1999999999999999999999
 78 91103112116112101 83 63 43 24 11  7  9 15 24 34 42 46 48 49 51 53 5824 610A6 4 511699999999999999999999912 7  7999999999999999999999
 67 78 90100107110104 92 76 58 40 25 16 14 17 24 32 40 46 49 50 51 53 5524 611A6 4501109999999999999999999991246 14999999999999999999999
 59 67 78 87 95101101 95 83 68 53 38 27 22 23 27 33 41 47 52 53 54 55 5524 612A6 5341029999999999999999999991321 22999999999999999999999
 57 60 67 75 82 88 92 90 84 73 61 50 39 32 30 33 37 44 50 56 59 60 59 5924 613A6 617 922059 60999999999999991352 30999999999999999999999
 58 57 59 64 69 75 79 81 79 73 65 57 49 42 39 39 43 48 55 61 65 67 66 6524 614A6 7 4 812110 6799999999999999 044 571421 3899999999999999
 62 58 56 56 58 62 66 69 71 69 65 61 55 51 47 46 49 53 59 66 71 75 75 7324 615A6 8 4 712135 7599999999999999 232 551446 4699999999999999
 68 63 56 52 49 50 52 56 59 61 62 61 59 57 55 54 55 58 63 70 76 81 84 8224 616A6 941 6222 6 8499999999999999 419 4915 8 5499999999999999
 77 70 61 52 45 41 40 42 46 50 54 57 59 60 60 60 60 62 66 72 80 86 91 9124 617A62240 92999999999999999999999 542 40999999999999999999999
 88 80 69 57 45 36 31 30 33 38 44 50 55 59 62 63 64 65 68 74 81 89 96 9924 618A62319 99999999999999999999999 641 30999999999999999999999
 98 92 81 66 51 37 26 21 20 25 32 40 48 55 60 63 65 67 69 73 80 89 9810424 619A69999999999999999999999999999 730 20999999999999999999999
107104 95 80 62 45 28 17 11 13 19 27 37 47 55 60 63 66 68 72 78 86 9710624 620A6 0 0107999999999999999999999 816 11999999999999999999999
112113108 96 78 58 38 20  8  4  7 15 25 36 46 54 58 62 65 69 73 81 9210324 621A6 046113999999999999999999999 9 2  4999999999999999999999
113118119111 96 76 53 31 13  2 -1  4 13 24 36 45 52 56 60 64 68 75 85 9724 622A6 133119999999999999999999999 947 -1999999999999999999999
109118123122113 95 72 48 26  8 -2 -2  4 14 25 36 44 50 53 57 62 68 76 8824 623A6 2211249999999999999999999991032 -3999999999999999999999
101113122126123111 92 68 43 21  5 -2  0  7 17 28 38 45 49 52 56 61 67 7724 624A6 3101269999999999999999999991115 -3999999999999999999999
 89102113122125120106 86 62 39 18  5  1  5 13 23 33 42 47 49 52 56 60 6724 625A6 3581259999999999999999999991155  1999999999999999999999
 76 88100110117119113 99 78 56 35 18  9  9 14 23 33 42 48 51 52 54 56 5924 626A6 4471199999999999999999999991233  8999999999999999999999
 64 73 83 93102109109102 88 70 52 35 22 17 20 27 36 45 52 56 57 57 57 5724 627A6 53711099999999999999999999913 7 17999999999999999999999
 57 60 67 75 83 91 96 96 89 77 63 49 37 30 29 34 42 50 58 64 66 65 62 5924 628A6 631 9720 2 66999999999999991337 28999999999999999999999
 56 54 54 58 63 70 76 80 81 76 68 58 49 42 39 42 48 57 65 73 77 77 73 6824 629A6 733 812029 7799999999999999 127 5414 3 3999999999999999
 62 55 49 46 47 50 55 60 65 66 65 61 56 52 49 50 54 62 71 79 86 88 86 8124 630A6 858 6621 5 8899999999999999 323 461421 4999999999999999
 73 63 53 44 37 35 36 40 45 51 54 56 57 56 55 56 59 65 73 82 91 97 99 9524 7 1A61149 572150 9999999999999999 512 351421 5599999999999999
 88 77 64 50 38 28 24 23 27 33 40 47 52 55 57 59 61 65 72 81 9110010610724 7 2A62241107999999999999999999999 633 23999999999999999999999
103 93 80 64 47 32 20 14 14 18 25 34 43 50 55 58 61 64 68 76 87 9810711324 7 3A62338114999999999999999999999 735 14999999999999999999999
114108 97 81 63 44 27 14  8  8 13 22 32 42 50 55 58 61 64 69 78 9010211224 7 4A69999999999999999999999999999 828  7999999999999999999999
118118112100 82 62 41 23 10  5  6 13 23 34 44 51 55 58 60 63 69 79 9210424 7 5A6 037119999999999999999999999 915  5999999999999999999999
115121121114100 81 59 38 20  8  5  8 16 27 38 47 52 55 57 58 61 68 79 9324 7 6A6 134122999999999999999999999 958  5999999999999999999999
106116123122113 98 78 56 34 18  9  8 13 22 33 44 51 54 55 56 57 61 68 8024 7 7A6 2271239999999999999999999991036  7999999999999999999999
 94106116122120110 93 72 51 31 17 12 14 21 31 41 50 55 56 57 56 57 61 6924 7 8A6 3161229999999999999999999991111 12999999999999999999999
 81 94105115118114102 85 65 46 29 19 18 22 31 41 51 57 60 59 58 57 58 6124 7 9A6 4 11181818 60999999999999991141 172131 5799999999999999
 69 81 92103110112106 93 76 58 41 29 24 26 33 42 52 60 64 65 63 61 58 5824 710A6 4431121831 659999999999999912 8 242242 5899999999999999
 61 69 79 89 98103102 94 82 67 52 40 33 32 37 45 54 63 69 71 69 66 62 5924 711A6 5231041852 71999999999999991233 312349 5799999999999999
 58 61 67 76 84 91 93 91 82 71 60 49 42 39 43 50 58 66 73 77 76 72 67 6224 712A6 6 2 931916 77999999999999991254 39999999999999999999999
 58 56 58 64 70 77 81 82 79 71 63 56 50 47 49 54 62 70 77 82 83 80 74 6724 713A6 644 821943 8399999999999999 057 561310 4799999999999999
 61 55 52 54 58 63 67 71 71 68 63 59 56 54 55 59 66 73 80 86 89 88 83 7524 714A6 734 712012 8999999999999999 2 8 521313 5499999999999999
 66 58 51 47 47 50 54 57 60 61 60 58 58 59 60 64 69 76 83 89 94 95 92 8524 715A6 848 612046 9599999999999999 327 471155 5899999999999999
 75 65 54 46 41 40 41 44 48 51 53 55 57 59 63 66 71 77 84 91 97100100 9624 716A62129101999999999999999999999 456 40999999999999999999999
 87 76 63 51 40 34 31 32 35 39 43 48 52 57 62 66 71 76 83 90 9710310710624 717A62222107999999999999999999999 616 31999999999999999999999
101 91 77 62 47 34 26 22 23 26 32 38 45 52 58 63 69 74 79 86 9510311011324 718A62321114999999999999999999999 720 22999999999999999999999
113106 95 78 60 43 28 18 14 15 20 27 36 44 52 58 64 69 75 81 89 9910811624 719A69999999999999999999999999999 812 13999999999999999999999
121120112 98 79 58 38 21 10  7 10 17 26 36 45 53 59 64 69 74 81 9010211324 720A6 022121999999999999999999999 858  7999999999999999999999
122127126117100 78 55 33 15  5  4  9 18 28 39 48 54 58 63 67 72 80 9110424 721A6 121127999999999999999999999 940  4999999999999999999999
116126131129118 99 76 51 28 11  4  5 12 22 34 44 52 56 59 61 65 70 78 9024 722A6 2161329999999999999999999991019  3999999999999999999999
104117127132129116 95 70 46 24 10  6 11 20 31 43 52 57 58 59 60 62 66 7524 723A6 3 91329999999999999999999991054  6999999999999999999999
 87101114124128123109 88 64 41 23 14 14 22 33 44 54 61 62 61 60 58 58 6124 724A6 3591281756 62999999999999991126 132135 5899999999999999
 70 82 95108117119113 98 78 58 39 26 22 27 37 48 59 67 70 68 64 60 56 5424 725A6 44911918 5 70999999999999991155 2223 6 5499999999999999
 56 63 74 86 97105106 99 85 69 53 40 33 35 42 53 64 74 79 79 74 67 60 5324 726A6 5401061826 80999999999999991220 33999999999999999999999
 49 50 55 64 74 83 89 89 83 73 62 51 44 43 49 59 70 80 87 89 86 78 69 6024 727A6 633 901854 8999999999999999 025 491240 4399999999999999
 51 45 43 47 53 60 68 72 73 69 63 57 53 51 54 63 73 84 92 97 97 92 82 7124 728A6 734 731929 9899999999999999 146 431250 5199999999999999
 60 49 41 37 38 42 47 53 57 58 58 56 55 56 58 64 74 84 94101105103 96 8624 729A6 9 4 58201210599999999999999 319 371223 5599999999999999
 74 61 48 38 32 30 31 35 40 44 48 50 53 56 59 64 71 81 90 9910610910710124 730A621 7109999999999999999999999 5 9 30999999999999999999999
 90 77 63 48 36 28 23 23 25 30 36 42 47 53 58 62 68 75 83 9310210911211124 731A62213113999999999999999999999 641 23999999999999999999999
105 94 81 65 49 35 24 18 17 20 25 33 41 48 54 59 64 69 75 83 9310311111524 8 1A62327116999999999999999999999 748 17999999999999999999999
115109 99 84 67 49 33 21 15 14 18 25 34 43 51 56 60 64 67 73 82 9310311224 8 2A69999999999999999999999999999 837 14999999999999999999999
118118113101 85 66 47 30 19 14 15 21 30 40 49 55 59 61 62 65 71 80 9210424 8 3A6 037119999999999999999999999 916 14999999999999999999999
114120121114101 84 63 43 27 18 16 20 28 38 49 56 60 61 61 61 63 69 79 9224 8 4A6 137121999999999999999999999 947 16999999999999999999999
104115121121113 98 79 58 39 25 20 21 28 38 50 59 64 65 63 61 60 61 68 7924 8 5A6 2281221652 65999999999999991014 192010 6099999999999999
 92104115120118108 92 72 52 35 26 25 30 39 51 62 68 70 68 65 61 58 60 6724 8 6A6 3131211654 70999999999999991038 242112 5899999999999999
 79 91104113116111 99 82 64 47 34 30 33 42 53 64 73 77 75 71 65 59 56 5924 8 7A6 35511617 9 779999999999999911 0 3022 8 5699999999999999
 67 78 90101108109101 88 73 57 44 37 37 45 55 66 76 82 82 77 71 63 57 5424 8 8A6 4341101730 83999999999999991122 3623 0 5499999999999999
 57 66 76 87 96101 98 90 77 64 53 45 43 48 58 68 78 86 88 84 77 68 60 5424 8 9A6 5111011752 88999999999999991142 432351 5199999999999999
 51 55 64 73 82 89 91 86 78 68 59 52 50 53 61 71 81 88 92 91 84 75 65 5624 810A6 549 911815 93999999999999991158 50999999999999999999999
 50 49 53 60 68 75 79 79 74 68 62 58 56 58 65 74 83 90 95 96 91 82 71 6124 811A6 628 801838 9699999999999999 042 4812 0 5699999999999999
 52 46 45 49 55 61 66 68 67 64 60 59 60 62 68 76 84 92 97100 97 90 80 6924 812A6 712 6819 410099999999999999 138 451113 5999999999999999
 58 49 43 42 44 48 52 55 57 56 56 56 59 64 69 76 85 92 98102103 99 91 8024 813A6 815 57193910399999999999999 245 4210 9 5699999999999999
 68 56 47 40 37 38 40 42 45 47 48 51 55 61 68 75 83 91 97103106106102 9324 814A62028106999999999999999999999 418 37999999999999999999999
 82 69 57 45 37 32 30 31 33 36 39 44 49 56 64 72 79 87 9410110611011010624 815A62135111999999999999999999999 6 9 30999999999999999999999
 98 87 72 57 44 32 25 22 22 25 30 36 43 50 58 66 74 80 87 9510210911411624 816A62254116999999999999999999999 722 22999999999999999999999
113105 92 76 58 41 27 18 15 17 21 28 36 45 53 60 67 73 79 85 9410311211924 817A69999999999999999999999999999 8 8 15999999999999999999999
122120111 97 77 57 37 22 13 11 15 22 31 41 50 57 62 67 71 75 82 9110311424 818A6 010122999999999999999999999 846 11999999999999999999999
123127126116 98 77 54 33 18 11 13 19 29 40 50 57 61 63 65 67 70 76 8810124 819A6 116128999999999999999999999 918 11999999999999999999999
114124130127115 96 73 50 30 17 14 19 29 41 52 61 64 65 63 62 61 63 70 8224 820A6 2141301633 6599999999999999 948 141959 6199999999999999
 97111122128124111 91 68 46 29 21 23 32 44 56 66 72 71 67 62 57 53 55 6224 821A6 3 81281625 72999999999999991016 212118 5399999999999999
 75 90105116121116102 82 62 44 32 30 37 48 61 73 80 81 76 68 59 51 46 4724 822A6 3591211640 82999999999999991042 292225 4599999999999999
 54 67 82 96106109103 90 73 57 44 39 43 53 66 79 88 92 89 79 68 56 45 3924 823A6 45010917 3 929999999999999911 6 392327 3899999999999999
 39 47 58 72 84 93 94 88 77 65 55 48 49 57 70 83 93100100 93 81 67 53 4124 824A6 541 951730101999999999999991125 47999999999999999999999
 34 34 40 50 61 71 77 78 73 66 59 55 54 60 71 84 95104107104 94 81 66 5124 825A6 634 7818 310799999999999999 030 331135 5499999999999999
 39 32 31 35 42 50 57 62 62 60 57 56 57 61 70 81 93103109111105 95 81 6624 826A6 736 62184211199999999999999 139 301115 5699999999999999
 52 40 32 29 31 34 39 45 48 50 51 53 56 60 67 77 87 98106111111105 95 8324 827A61931111999999999999999999999 3 7 29999999999999999999999
 69 55 43 34 29 27 28 31 35 38 42 46 51 57 63 71 80 89 98105109110105 9724 828A62034110999999999999999999999 511 27999999999999999999999
 86 73 60 47 36 28 24 23 25 29 34 40 46 53 59 65 72 79 87 9510210710910624 829A62156109999999999999999999999 651 23999999999999999999999
100 91 78 64 50 37 27 22 21 23 28 35 43 50 57 62 66 70 76 83 91 9910510924 830A62327109999999999999999999999 750 21999999999999999999999
109104 95 82 66 50 36 26 21 22 26 33 42 50 57 61 63 65 67 71 78 87 9610524 831A69999999999999999999999999999 828 21999999999999999999999
110111107 97 82 65 48 34 26 24 27 34 43 52 60 64 65 64 63 63 66 74 84 9524 9 1A6 04211216 1 6599999999999999 854 241830 6299999999999999
105112113107 96 80 62 45 33 28 29 36 46 56 65 69 70 67 63 59 58 62 71 8324 9 2A6 1401131536 7099999999999999 914 281942 5899999999999999
 95106112112104 91 74 56 41 33 33 39 49 60 70 77 77 74 68 60 55 54 60 7024 9 3A6 2271131537 7899999999999999 932 322038 5499999999999999
 82 95106111108 98 84 67 51 40 37 42 51 63 75 83 86 82 74 65 56 50 51 5824 9 4A6 3101111552 8699999999999999 952 372128 4999999999999999
 69 82 95104106101 90 76 61 48 43 45 54 65 77 87 92 90 82 72 60 51 45 4824 9 5A6 3491061611 92999999999999991012 422213 4599999999999999
 56 68 81 92 99 99 92 80 68 57 49 49 56 67 79 89 96 97 90 79 66 54 45 4124 9 6A6 4271001633 97999999999999991032 482256 4199999999999999
 45 55 67 79 88 92 89 81 72 63 56 54 59 68 80 90 98101 96 86 72 59 47 3924 9 7A6 5 5 921655101999999999999991049 542338 3899999999999999
 38 44 54 65 74 81 82 78 71 65 61 59 62 70 81 91 98102101 93 80 65 52 4124 9 8A6 542 821716103999999999999991054 59999999999999999999999
 35 36 43 52 60 67 71 71 67 63 61 62 65 72 81 91 99103104 99 88 74 60 4724 9 9A6 621 71173710499999999999999 022 351017 6199999999999999
 38 33 35 41 48 54 58 60 59 57 58 60 65 72 81 90 98104106103 96 84 70 5724 910A6 7 5 6018 210699999999999999 112 33 927 5799999999999999
 45 36 33 34 37 42 45 48 49 49 51 55 62 70 79 88 96103106107103 95 83 7024 911A61838107999999999999999999999 215 32999999999999999999999
 57 46 37 32 31 32 34 36 38 40 43 48 56 65 74 83 92 99104107107104 96 8624 912A61935107999999999999999999999 350 31999999999999999999999
 73 60 48 38 31 27 26 27 29 32 36 41 49 58 68 77 85 92 9810310710810610024 913A62056108999999999999999999999 6 5 26999999999999999999999
 91 79 65 50 38 29 23 21 22 25 30 37 44 53 62 70 77 83 88 9410110611011024 914A62234110999999999999999999999 7 8 21999999999999999999999
106 97 84 68 52 37 26 20 19 21 27 35 43 51 58 65 69 73 77 82 89 9710511124 915A69999999999999999999999999999 743 18999999999999999999999
114111102 88 70 52 35 24 19 21 27 36 45 54 60 64 66 66 66 68 73 81 9210324 916A6 0 3114999999999999999999999 811 19999999999999999999999
112116114104 89 69 50 34 25 24 30 39 50 60 67 69 68 65 60 57 57 62 72 8524 917A6 11411615 7 6999999999999999 837 231934 5699999999999999
 99110116113103 86 67 49 35 30 34 44 55 67 76 79 76 69 61 52 46 45 51 6324 918A6 21411615 2 7999999999999999 9 2 302039 4499999999999999
 78 93106112108 97 81 63 48 39 40 48 61 74 85 90 89 80 68 55 43 35 34 4124 919A6 3101121517 9099999999999999 927 382137 3399999999999999
 54 70 86 99103 99 88 74 60 49 47 52 65 79 91100101 94 81 65 48 34 25 2524 920A6 4 2103154110299999999999999 950 462232 2499999999999999
 33 47 62 78 89 92 87 78 67 58 53 56 66 81 95105110107 96 79 60 42 28 1924 921A6 454 9216101109999999999999910 9 532326 1899999999999999
 20 28 40 55 68 76 78 74 67 61 57 58 66 79 93106114115109 94 76 57 39 2524 922A6 545 781643116999999999999991021 57999999999999999999999
 17 18 25 36 47 57 63 64 62 59 57 58 64 75 88101111116115106 91 74 55 3924 923A6 640 64172111799999999999999 022 171010 5799999999999999
 26 20 20 25 32 40 47 51 52 52 53 56 61 69 81 93104111114112102 88 73 5724 924A618 4114999999999999999999999 125 19999999999999999999999
 42 30 24 23 25 29 34 38 41 44 47 51 57 64 73 83 93102107109106 98 87 7424 925A61857109999999999999999999999 249 23999999999999999999999
 60 47 37 30 26 25 26 29 33 36 41 46 53 59 66 74 82 89 96101103101 96 8824 926A620 5103999999999999999999999 5 0 25999999999999999999999
 77 66 53 43 34 29 26 26 28 32 37 43 50 57 62 67 72 77 83 89 94 97 98 9524 927A62139 98999999999999999999999 633 25999999999999999999999
 90 81 70 58 47 37 30 27 28 31 37 44 51 57 62 64 66 68 71 76 82 88 93 9624 928A62326 96999999999999999999999 721 27999999999999999999999
 96 92 84 73 61 48 38 32 31 34 40 48 55 61 65 66 65 63 62 64 68 75 83 9124 929A61450 66999999999999999999999 748 311754 6299999999999999
 96 97 93 85 73 60 48 39 36 38 44 53 62 69 72 72 68 63 57 55 56 62 71 8124 930A6 045 971423 7399999999999999 8 5 3619 8 5599999999999999
 90 97 98 93 84 71 58 47 41 42 48 58 68 77 81 81 75 67 58 50 47 50 58 692410 1A6 141 981421 8299999999999999 821 4120 0 4799999999999999
 80 91 97 97 90 80 67 55 47 46 52 61 73 83 90 90 84 74 62 51 42 40 46 562410 2A6 228 981434 9199999999999999 838 462045 4099999999999999
 68 81 91 96 93 86 75 63 54 50 54 64 75 87 96 99 94 83 69 55 42 35 35 432410 3A6 3 9 961453 9999999999999999 858 502126 3499999999999999
 55 68 81 90 92 88 80 70 61 55 57 65 77 89 99104102 92 78 61 46 33 28 322410 4A6 349 92151510499999999999999 919 5522 4 2899999999999999
 42 55 68 80 86 86 81 73 66 61 60 66 77 89 99106107100 86 69 52 36 26 242410 5A6 428 87153910799999999999999 937 602243 2499999999999999
 31 42 55 67 76 80 78 73 68 64 63 67 76 88 98106109105 94 78 60 43 29 222410 6A6 5 7 8016 110999999999999999 945 632322 2199999999999999
 23 31 42 53 63 69 71 68 66 64 65 68 76 86 97105109109101 87 69 51 36 252410 7A6 547 71162311099999999999999 911 64999999999999999999999
 20 23 31 41 49 57 60 61 59 60 63 68 75 84 95104109110106 96 80 63 46 322410 8A6 632 61164611099999999999999 0 5 20 819 5999999999999999
 23 20 24 31 38 44 48 50 51 53 57 64 72 81 91101107110109103 91 76 59 452410 9A61714110999999999999999999999 054 20999999999999999999999
 32 24 22 24 29 33 37 40 42 44 49 57 66 76 86 95103107109106100 88 74 60241010A61754109999999999999999999999 155 22999999999999999999999
 46 35 27 24 24 26 29 32 34 38 42 50 59 69 79 88 95101104105103 98 88 76241011A61854105999999999999999999999 320 24999999999999999999999
 63 50 39 30 25 24 24 26 30 34 39 45 54 63 71 79 85 91 95 99101101 97 90241012A62025101999999999999999999999 512 24999999999999999999999
 80 68 55 42 33 27 24 25 28 33 39 46 53 60 66 71 75 78 82 86 91 95 98 97241013A62219 98999999999999999999999 613 24999999999999999999999
 92 84 72 59 46 35 29 28 30 36 43 50 57 62 65 67 67 66 67 69 75 82 89 95241014A69999999999999999999999999999 648 28999999999999999999999
 97 95 87 75 61 48 38 33 35 41 49 58 66 70 71 69 65 59 54 53 55 62 72 83241015A6 0 1 971347 7199999999999999 715 331856 5299999999999999
 92 97 96 88 76 63 50 42 41 46 56 67 76 82 83 78 70 59 48 40 37 41 51 63241016A6 118 971339 8399999999999999 740 411957 3799999999999999
 77 89 95 94 86 75 63 52 48 51 61 73 85 94 96 92 81 67 51 36 26 23 29 41241017A6 222 961355 9699999999999999 8 4 482049 2399999999999999
 56 71 84 91 89 82 72 62 55 56 64 77 91102108107 97 81 61 42 25 14 13 20241018A6 319 91142110999999999999999 828 552140 1299999999999999
 33 50 66 78 84 82 75 67 61 59 65 77 91105115118112 98 77 55 34 17  7  7241019A6 412 84145311899999999999999 848 592229  699999999999999
 15 29 45 60 71 74 72 68 63 61 64 73 87103115122122112 95 73 50 29 12  4241020A6 5 4 74152912399999999999999 9 2 612319  499999999999999
  6 14 27 41 54 62 64 62 60 59 61 68 80 95109119123120109 90 68 47 27 13241021A6 558 6416 812399999999999999 857 59999999999999999999999
  7  9 16 26 37 47 53 54 54 55 57 63 72 85 99110118120115103 85 65 46 29241022A61651120999999999999999999999 012  6999999999999999999999
 17 12 14 19 27 35 41 45 47 49 53 58 65 75 87 98107113113108 96 80 64 48241023A61738114999999999999999999999 110 12999999999999999999999
 34 24 20 20 23 28 33 38 41 44 48 54 59 67 76 85 94101104104 99 90 78 65241024A61830105999999999999999999999 222 20999999999999999999999
 52 40 32 28 27 27 30 34 38 42 46 52 57 62 68 74 81 87 92 95 95 91 85 76241025A61935 95999999999999999999999 4 4 27999999999999999999999
 67 56 46 39 34 32 32 34 39 43 48 53 58 62 65 67 70 74 78 82 85 87 85 82241026A621 4 87999999999999999999999 528 32999999999999999999999
 76 69 60 51 44 39 37 38 42 47 53 59 63 66 66 65 64 64 65 68 72 77 80 82241027A61343 6623 9 8299999999999999 611 371645 6499999999999999
 81 77 71 63 55 48 44 44 47 53 60 67 71 73 72 68 63 58 55 55 58 64 71 77241028A613 8 73999999999999999999999 635 441824 5499999999999999
 80 81 78 73 65 57 51 49 52 58 67 75 81 83 81 75 66 57 49 45 46 51 59 67241029A6 044 8113 1 8399999999999999 653 491918 4599999999999999
 75 81 82 79 73 65 58 55 56 63 72 81 89 93 92 84 73 60 48 39 35 38 46 56241030A6 146 821313 9399999999999999 712 5520 0 3599999999999999
 67 76 81 82 78 72 65 60 60 65 74 85 95101102 95 83 67 51 37 29 28 33 43241031A6 236 82133410299999999999999 734 592038 2799999999999999
 55 67 77 81 80 76 70 65 63 66 75 86 97106109105 93 77 58 40 27 20 22 312411 1A6 319 81135810999999999999999 756 632115 2099999999999999
 43 56 68 76 79 77 73 69 66 68 74 85 97107113112103 87 68 48 30 18 15 202411 2A6 4 1 79142511399999999999999 816 662152 1599999999999999
 30 43 57 67 74 75 73 70 68 69 74 83 95106114116111 98 79 58 38 21 12 122411 3A6 444 75145211699999999999999 824 682230 1199999999999999
 19 31 43 55 64 68 69 68 68 69 73 81 92104112117116107 90 70 49 30 15  92411 4A6 531 69152011799999999999999 734 672311  999999999999999
 12 20 31 42 52 59 61 62 63 66 71 78 89100110116118113101 83 62 42 24 132411 5A615491189999999999999999999992356  9999999999999999999999
  9 13 21 31 40 47 52 54 56 60 67 74 84 95106113117116109 95 76 56 38 222411 6A616201179999999999999999999999999999999999999999999999999
 13 11 16 23 30 37 42 46 48 53 60 69 78 88 99108113115112103 89 71 53 362411 7A61656115999999999999999999999 044 11999999999999999999999
 23 16 15 19 24 29 35 39 42 47 53 62 71 81 90 99106109110106 97 84 68 522411 8A61739110999999999999999999999 139 15999999999999999999999
 38 27 21 20 23 27 31 36 40 44 49 57 65 73 81 88 94 99102102 99 92 80 672411 9A61838102999999999999999999999 240 20999999999999999999999
 54 42 32 27 26 28 32 36 41 46 51 56 62 68 72 77 81 85 88 91 93 91 86 78241110A620 6 93999999999999999999999 345 26999999999999999999999
 68 58 47 39 34 33 36 40 46 52 57 61 65 67 68 68 68 69 71 74 78 82 84 82241111A622 5 84999999999999999999999 441 33999999999999999999999
 78 71 62 53 45 42 42 46 53 60 67 71 73 73 70 65 60 55 53 55 59 65 72 77241112A61218 74999999999999999999999 523 4118 9 5399999999999999
 80 78 73 65 58 52 50 52 59 68 77 84 87 85 79 70 59 49 40 36 38 44 54 64241113A6 0 6 801210 8799999999999999 556 501912 3699999999999999
 72 78 78 74 68 61 57 58 64 74 85 94100100 94 82 67 51 36 25 21 24 33 45241114A6 134 78123210199999999999999 625 5720 4 2199999999999999
 58 69 76 77 74 68 64 62 66 76 88101110113110 99 82 62 41 24 12  9 14 25241115A6 243 7713 311399999999999999 651 622052  999999999999999
 39 53 66 72 73 71 67 65 66 74 86101113121123115100 79 56 33 14  3  1  8241116A6 343 74134112399999999999999 714 652140  199999999999999
 20 35 50 62 68 68 67 65 65 70 80 95110122128127117 98 75 50 27  8 -1 -1241117A6 439 69142212999999999999999 729 652227 -299999999999999
  7 20 34 48 58 62 62 62 62 65 73 86101116126130127114 94 70 45 23  7  0241118A615 61309999999999999999999992315  0999999999999999999999
  2 10 21 34 46 53 56 57 58 60 65 75 89104117126128122108 88 65 43 23  9241119A615511289999999999999999999999999999999999999999999999999
  5  8 15 25 35 44 49 51 53 56 60 67 77 91104115121122115101 82 62 42 25241120A61637123999999999999999999999 0 4  5999999999999999999999
 15 12 15 21 29 38 44 47 50 52 56 61 68 78 90101109114113105 92 76 59 43241121A61724114999999999999999999999 054 12999999999999999999999
 30 23 21 24 29 35 42 46 49 52 55 59 63 70 78 87 95100103102 95 83 70 57241122A61811104999999999999999999999 144 21999999999999999999999
 45 36 31 31 33 37 43 48 52 55 58 61 63 66 70 75 81 86 90 92 90 84 76 67241123A619 4 92999999999999999999999 234 30999999999999999999999
 57 49 42 39 40 42 47 52 57 61 64 66 67 67 66 67 69 72 75 78 80 79 76 71241124A62013 80999999999999999999999 321 39999999999999999999999
 65 59 53 49 48 49 52 57 63 69 72 74 74 72 68 64 61 61 62 64 67 70 71 71241125A61130 742210 7199999999999999 4 0 481656 6199999999999999
 69 66 62 58 55 55 58 62 69 76 81 84 84 80 74 66 59 53 50 51 54 58 63 66241126A61124 84999999999999999999999 435 551820 5099999999999999
 68 69 68 65 62 61 62 66 73 81 89 93 94 90 83 72 60 50 42 40 41 45 52 59241127A6 047 691142 9499999999999999 5 7 611910 3999999999999999
 65 69 71 70 68 66 66 69 76 84 93100103101 94 81 67 52 39 32 30 33 40 49241128A6 216 7112 810499999999999999 537 661949 3099999999999999
 58 65 70 72 72 70 69 71 76 85 95104110111105 93 77 59 42 28 22 22 28 37241129A6 320 72123911199999999999999 6 5 692027 2199999999999999
 48 58 66 71 73 72 72 72 76 83 94105113117115105 89 69 49 31 19 14 17 25241130A6 423 73131211799999999999999 623 7221 4 1499999999999999
 36 48 59 66 70 71 72 73 75 81 91103113120122116102 83 61 40 22 11  9 142412 1A613471229999999999999999999992144  9999999999999999999999
 24 36 48 58 64 67 69 71 73 78 87 98110120125124115 98 76 53 31 14  6  62412 2A614241259999999999999999999992225  5999999999999999999999
 14 24 36 48 56 61 64 66 70 75 82 93105117124127124111 92 69 45 24 10  42412 3A615 112799999999999999999999923 8  4999999999999999999999
  7 15 25 36 46 53 57 60 64 70 77 86 98111120127127121106 85 62 39 20  82412 4A615401289999999999999999999992351  5999999999999999999999
  5  9 18 27 37 45 50 54 58 64 71 79 90102113121125124115 99 78 55 35 182412 5A616191269999999999999999999999999999999999999999999999999
  9  9 14 22 31 39 46 50 53 58 65 73 81 92103112118120117107 90 71 51 332412 6A617 1120999999999999999999999 034  8999999999999999999999
 20 15 16 22 29 37 44 49 52 56 61 67 74 81 90 98106110111107 97 82 65 492412 7A61747111999999999999999999999 115 14999999999999999999999
 35 26 23 26 32 39 46 52 56 58 61 65 68 72 77 83 89 95 98 99 95 86 75 622412 8A61843 99999999999999999999999 155 23999999999999999999999
 49 39 34 33 37 44 51 58 63 66 67 68 68 68 68 70 73 76 80 83 84 82 77 692412 9A61958 84999999999999999999999 232 33999999999999999999999
 61 52 46 43 45 50 57 65 72 76 77 77 74 70 66 61 59 58 60 63 67 70 71 70241210A610 1 772153 7199999999999999 3 6 431642 5899999999999999
 66 62 57 54 53 57 63 72 80 87 90 90 86 79 70 61 52 45 42 43 47 52 58 63241211A61024 91999999999999999999999 336 531817 4299999999999999
 65 65 64 62 61 62 67 75 85 95101104101 94 82 68 54 41 31 27 28 33 41 50241212A6 034 6611 010499999999999999 4 2 611918 2799999999999999
 58 63 65 66 65 66 69 76 86 97107114115110 99 83 65 46 30 19 14 16 23 33241213A611431159999999999999999999992010 14999999999999999999999
 45 55 62 65 66 67 68 73 82 94107118124124117102 83 61 39 21  9  6  9 18241214A612311259999999999999999999992058  6999999999999999999999
 30 43 53 60 64 65 66 69 76 87101115125131130120103 81 57 34 15  4  2  7241215A613201319999999999999999999992145  1999999999999999999999
 17 30 43 53 59 61 63 65 69 77 90105119130135132120101 77 52 29 11  2  2241216A614111359999999999999999999992230  1999999999999999999999
  9 19 32 44 53 57 59 60 63 68 78 92108121131135130117 96 73 48 26 11  5241217A615 01359999999999999999999992313  5999999999999999999999
  7 14 25 37 47 53 56 57 59 62 68 79 93108121129131125110 90 67 44 25 13241218A615481329999999999999999999992353 10999999999999999999999
 10 14 22 32 43 51 55 56 58 60 63 69 80 94106117124124116101 82 61 42 26241219A616331259999999999999999999999999999999999999999999999999
 19 19 24 32 41 50 56 58 59 60 61 64 70 80 92102111116114105 90 73 56 41241220A61716116999999999999999999999 029 18999999999999999999999
 30 27 29 35 43 52 59 62 63 63 64 64 66 71 79 88 96102104101 92 79 66 53241221A61757104999999999999999999999 1 0 27999999999999999999999
 42 36 37 41 48 55 63 68 70 70 69 67 66 66 69 75 81 87 91 91 87 79 70 61241222A6 816 701839 9299999999999999 127 361227 6699999999999999
 52 46 45 48 53 60 68 74 78 78 77 74 70 67 65 66 69 72 76 78 78 75 70 64241223A6 838 781928 7999999999999999 149 451410 6599999999999999
 59 55 53 54 59 65 72 79 85 87 86 82 77 71 65 61 59 60 62 65 67 67 66 64241224A6 9 8 872043 6799999999999999 2 5 5316 4 5999999999999999
 62 60 60 60 64 69 76 83 90 94 95 92 86 78 69 61 54 51 50 51 54 57 59 60241225A6 944 95999999999999999999999 2 6 601746 5099999999999999
 62 63 64 65 68 72 78 85 93 99102102 97 89 78 65 54 46 41 40 41 45 50 54241226A610231039999999999999999999991850 40999999999999999999999
 58 62 65 68 70 73 78 85 93101107110108101 89 75 60 46 36 31 30 33 39 45241227A611 61109999999999999999999991937 30999999999999999999999
 52 59 64 68 71 74 78 83 91100109115116113103 88 71 53 38 27 22 22 27 35241228A611511169999999999999999999992020 21999999999999999999999
 43 52 60 65 69 73 76 81 88 97107116122122117104 86 66 46 29 18 14 17 23241229A6123812399999999999999999999921 1 14999999999999999999999
 33 43 53 60 65 70 73 77 83 92103114123128128119103 82 60 38 20 10  9 13241230A613251299999999999999999999992142  8999999999999999999999
 23 33 44 54 60 64 69 73 78 85 95108120129133131120101 77 53 31 14  6  7241231A614121339999999999999999999992221  6999999999999999999999
