 54 46 35 21 10  6  9 17 29 45 59 70 80 89 94 93 88 82 78 72 68 65 63 6024 1 1AK1421 95999999999999999999999 5 1  6999999999999999999999
 55 51 46 38 28 21 20 23 30 41 53 65 74 83 90 93 89 82 75 68 61 56 55 5324 1 2AK1453 93999999999999999999999 541 20999999999999999999999
 52 51 50 48 43 37 35 35 38 43 52 61 69 77 84 89 88 82 74 65 56 49 45 4424 1 3AK1522 89999999999999999999999 622 342246 4499999999999999
 45 46 49 53 54 52 50 50 50 52 56 62 68 73 78 83 84 80 72 62 51 42 36 3424 1 4AK 352 541548 8499999999999999 652 502256 3499999999999999
 36 40 45 51 58 62 64 64 65 65 66 67 70 72 75 77 78 76 69 59 47 37 28 2424 1 5AK16 0 789999999999999999999992317 24999999999999999999999
 26 31 38 46 56 65 72 76 78 79 78 77 75 75 75 74 73 70 66 56 44 32 22 1524 1 6AK 9 2 799999999999999999999992341 14999999999999999999999
 14 19 29 40 51 63 75 84 88 90 89 87 83 80 79 76 72 68 63 55 43 29 16  724 1 7AK 916 909999999999999999999999999999999999999999999999999
  3  6 16 30 44 57 72 85 94 97 97 95 91 87 84 81 78 71 64 56 45 30 13  024 1 8AK 926 97999999999999999999999 0 5  3999999999999999999999
 -7 -8  1 16 33 50 66 80 93101102 99 96 92 89 87 85 80 72 61 50 35 17 -224 1 9AK 943102999999999999999999999 031 -9999999999999999999999
-15-20-15 -2 18 39 58 73 87 99103101 97 93 91 90 90 89 84 73 60 45 27  524 110AK10 9103999999999999999999999 1 0-20999999999999999999999
-15-28-28-19 -1 23 46 65 79 92101102 97 91 89 90 92 94 95 88 74 58 41 2024 111AK10401031734 9599999999999999 133-301359 8999999999999999
 -5-26-35-31-17  4 30 54 70 83 93100 98 90 85 86 89 93 97 98 89 73 56 3824 112AK11151001836 9899999999999999 210-361416 8499999999999999
 15-12-31-36-28-12 11 38 60 73 84 93 97 91 83 80 83 87 92 97 97 86 70 5424 113AK1153 971931 9899999999999999 249-361452 8099999999999999
 36 13-13-28-28-18 -2 21 46 64 75 84 93 94 85 77 75 78 82 86 91 90 79 6524 114AK1234 952023 9299999999999999 331-291540 7599999999999999
 52 37 15 -6-15-13 -4 11 32 53 67 76 85 92 89 79 71 70 70 71 75 80 78 6924 115AK1315 922116 8099999999999999 415-161658 7099999999999999
 60 53 40 23  9  4  7 14 26 44 59 69 77 85 89 83 73 65 61 58 57 61 65 6424 116AK1356 892219 6599999999999999 5 3  41937 5799999999999999
 60 57 54 47 37 29 27 29 34 43 55 65 71 78 83 84 77 66 56 48 43 41 44 4824 117AK1435 85999999999999999999999 556 272046 4199999999999999
 50 52 55 58 58 55 52 51 52 54 59 65 70 73 77 79 77 69 57 44 34 27 26 2924 118AK 323 5815 7 7999999999999999 7 6 512149 2699999999999999
 34 40 47 55 64 70 73 74 73 72 71 71 72 73 73 74 73 69 59 45 32 20 14 1324 119AK 7 4 7415 3 74999999999999991038 712244 1299999999999999
 16 24 34 45 58 71 83 90 92 91 88 84 79 76 74 72 69 66 60 49 34 19  8  324 120AK 811 929999999999999999999992329  2999999999999999999999
  3  9 19 32 47 62 79 93102104102 97 90 83 78 75 70 65 59 51 39 23  9 -224 121AK 8571049999999999999999999999999999999999999999999999999
 -6 -3  6 20 35 51 68 86101108109104 98 91 84 79 75 70 62 54 44 31 14 -124 122AK 933109999999999999999999999 0 5 -6999999999999999999999
-10-11 -4  8 25 42 58 74 91104108106100 94 88 83 80 77 70 61 51 39 23  524 123AK10 3108999999999999999999999 035-11999999999999999999999
-10-16-12 -2 14 33 51 65 79 93102102 97 92 88 85 83 83 80 72 60 48 34 1624 124AK1029103999999999999999999999 1 3-16999999999999999999999
 -5-17-18-10  4 23 44 59 71 82 93 97 92 86 83 83 83 84 86 82 71 58 45 2924 125AK1053 9718 2 8699999999999999 133-191553 8399999999999999
  7-12-20-15 -4 13 35 54 66 74 84 90 88 81 76 77 79 81 85 87 82 69 56 4224 126AK1117 911852 8799999999999999 2 4-201416 7699999999999999
 23  0-15-17 -9  5 25 46 62 71 77 84 86 79 72 70 73 76 80 85 85 77 65 5324 127AK1141 861934 8699999999999999 238-181443 7099999999999999
 38 17 -3-12 -9  1 17 37 56 68 74 80 84 80 72 66 67 69 72 77 81 79 70 6024 128AK12 6 842013 8299999999999999 311-121521 6699999999999999
 49 34 14  0 -2  3 14 30 49 63 71 76 81 82 75 66 63 63 64 67 72 74 70 6224 129AK1232 822052 7499999999999999 345 -31618 6399999999999999
 55 46 32 17 10 11 18 28 44 59 68 74 78 81 77 69 62 58 57 56 59 64 64 6124 130AK13 0 812137 6499999999999999 419 101840 5699999999999999
 57 53 46 35 26 24 27 33 43 56 66 71 75 78 78 72 63 56 51 47 47 50 54 5524 131AK1328 79999999999999999999999 451 241937 4799999999999999
 54 54 54 50 43 40 40 43 48 56 65 70 72 74 75 72 64 54 47 40 37 37 41 4524 2 1AK 0 3 551351 7699999999999999 520 402025 3699999999999999
 48 51 55 58 58 56 56 57 59 62 67 71 72 71 71 69 64 55 44 35 29 26 27 3224 2 2AK 320 5812 1 7299999999999999 539 552111 2699999999999999
 38 44 51 59 65 69 70 71 72 73 73 73 73 71 68 65 61 55 44 33 24 18 16 1824 2 3AK11 4 739999999999999999999992158 16999999999999999999999
 25 34 43 54 65 75 81 83 85 85 83 79 76 73 68 63 59 54 45 34 22 13  7  624 2 4AK 831 859999999999999999999992245  6999999999999999999999
 10 20 32 44 58 73 84 91 95 95 93 88 82 77 71 65 60 54 47 38 25 13  3 -324 2 5AK 841 959999999999999999999992330 -4999999999999999999999
 -3  4 17 32 48 64 80 92100102100 95 88 82 77 72 66 60 53 44 32 18  3 -924 2 6AK 8591029999999999999999999999999999999999999999999999999
-14-11  0 16 34 53 71 86 98104103 98 91 85 81 78 75 71 63 53 42 28 11 -824 2 7AK 922104999999999999999999999 010-14999999999999999999999
-20-23-16 -2 18 41 60 76 90100103 97 89 84 82 82 82 83 79 69 56 42 25  324 2 8AK 9471031646 8399999999999999 046-2315 1 8299999999999999
-19-30-28-17  1 26 50 67 80 91 99 96 85 78 77 80 83 88 92 87 73 58 43 2224 2 9AK1014 9918 0 9299999999999999 120-301335 7799999999999999
 -6-27-33-27-12 10 37 59 72 82 91 93 83 71 67 71 77 84 94 98 90 75 60 4324 210AK1041 941853 9899999999999999 155-331354 6799999999999999
 17-11-28-28-18 -2 23 50 68 76 82 88 84 69 58 58 64 72 83 95 98 88 74 6124 211AK1110 881942 9999999999999999 230-301428 5699999999999999
 43 16 -9-19-15 -4 14 39 62 73 77 82 83 73 56 48 50 57 65 78 90 90 81 7124 212AK1139 842031 9299999999999999 3 7-191512 4899999999999999
 61 44 20  3  0  5 15 33 54 70 75 77 80 76 62 47 41 42 46 55 68 78 77 7224 213AK12 8 802125 7999999999999999 345 -11611 4199999999999999
 68 62 48 32 23 24 28 37 51 66 74 75 76 76 68 54 41 34 33 35 43 54 61 6224 214AK1234 77999999999999999999999 425 2318 1 3399999999999999
 63 65 64 57 50 48 49 52 57 66 73 74 73 73 70 61 48 35 27 23 23 29 38 4524 215AK 120 651051 7499999999999999 5 3 481926 2299999999999999
 50 56 64 69 70 71 71 72 72 73 75 75 72 70 68 63 54 42 30 20 14 13 17 2524 216AK1028 759999999999999999999992039 13999999999999999999999
 32 42 53 65 76 84 89 91 90 87 83 79 74 69 65 62 57 49 37 25 14  7  6  924 217AK 7 8 919999999999999999999992151  6999999999999999999999
 16 25 38 52 68 84 95102103101 94 87 78 71 66 61 57 52 44 33 21 10  3  124 218AK 7491039999999999999999999992254  1999999999999999999999
  4 12 24 38 55 73 89102109109103 95 85 76 68 63 59 54 48 40 30 18  6 -124 219AK 8291099999999999999999999992340 -2999999999999999999999
 -2  3 12 26 43 60 77 92104109106 98 89 80 72 67 64 60 54 47 39 28 14  224 220AK 9 31099999999999999999999999999999999999999999999999999
 -3 -2  4 16 33 50 65 79 93103103 97 89 82 75 70 69 68 63 55 47 39 25  924 221AK 931104999999999999999999999 016 -4999999999999999999999
 -2 -5  0  9 24 42 57 69 81 92 97 92 83 78 75 72 71 74 73 66 57 49 38 2024 222AK 955 971723 7499999999999999 047 -51533 7199999999999999
  3 -5 -4  4 16 35 53 64 72 82 89 86 77 71 69 69 70 75 80 77 68 59 50 3424 223AK1015 891811 8099999999999999 116 -61429 6999999999999999
 13 -2 -5  1 11 28 48 62 69 75 82 82 73 63 61 63 66 72 80 84 78 68 60 4724 224AK1033 831851 8499999999999999 145 -51351 6199999999999999
 27  7 -2  0  8 22 42 60 69 72 77 79 72 60 53 55 59 65 74 83 83 75 67 5824 225AK1048 791929 8499999999999999 214 -21415 5399999999999999
 42 22  7  5 10 20 37 56 69 73 75 77 73 60 50 47 51 56 64 76 82 78 71 6524 226AK11 1 7720 7 8299999999999999 242  41446 4799999999999999
 55 38 21 14 16 23 35 52 67 74 74 75 73 63 50 42 43 46 52 63 73 76 72 6824 227AK1111 752048 7699999999999999 3 9 131525 4299999999999999
 63 52 37 27 26 30 38 51 65 74 75 74 73 66 53 42 37 37 41 48 59 68 69 6724 228AK 939 752141 6999999999999999 336 251619 3799999999999999
 66 62 53 43 39 41 45 53 64 73 76 74 71 67 57 44 35 31 31 34 43 54 60 6324 229AK 951 76999999999999999999999 4 3 391738 3099999999999999
 65 67 65 59 55 54 56 60 66 73 76 74 70 66 59 49 37 28 24 23 27 37 46 5324 3 1AK 1 9 6710 3 7699999999999999 435 541840 2399999999999999
 59 65 70 71 70 69 69 70 72 74 76 74 69 64 58 51 41 30 21 17 16 21 30 3924 3 2AK 255 7110 1 7699999999999999 510 691934 1699999999999999
 48 57 66 75 80 82 83 83 82 80 78 75 70 63 57 51 45 35 24 16 11 10 14 2324 3 3AK 6 4 839999999999999999999992036 10999999999999999999999
 33 45 57 70 82 90 94 94 93 90 84 78 72 65 58 52 47 40 31 20 11  6  4  824 3 4AK 645 949999999999999999999992152  4999999999999999999999
 16 28 42 58 74 88 98102102 98 92 84 76 69 62 56 51 46 39 29 18  8  1 -224 3 5AK 7311029999999999999999999992258 -2999999999999999999999
  1 11 25 42 60 78 92102106104 97 89 80 74 68 64 60 55 49 41 30 17  4 -624 3 6AK 8 91069999999999999999999992348 -9999999999999999999999
 -9 -3  9 26 46 65 81 94103105 99 89 81 76 72 71 71 69 62 54 45 32 15 -324 3 7AK 8421059999999999999999999999999999999999999999999999999
-13-12 -5 10 31 53 70 83 94100 97 85 75 72 71 73 77 82 79 70 60 50 33 1024 3 8AK 9101001713 8299999999999999 028-141347 7199999999999999
 -9-16-12 -1 18 43 63 75 83 92 92 81 66 60 62 67 75 86 92 87 76 66 54 3124 3 9AK 935 9418 5 9299999999999999 1 2-1613 9 6099999999999999
  5-11-12 -5 10 33 57 72 78 83 87 79 61 47 46 53 62 77 93 99 91 80 71 5624 310AK 957 871852 9999999999999999 134-131332 4599999999999999
 29  4 -5 -1  9 26 51 71 79 79 81 78 62 41 31 35 44 58 77 95 98 90 82 7424 311AK1014 821941 9899999999999999 2 6 -514 7 3199999999999999
 56 30 12 10 16 27 46 68 81 81 79 77 66 44 25 20 26 36 52 74 88 90 85 8224 312AK 828 822033 9099999999999999 239  91451 2099999999999999
 75 58 38 30 31 37 48 65 80 84 80 76 70 54 32 17 14 18 28 45 65 76 78 7924 313AK 849 842358 8199999999999999 314 291547 1499999999999999
 81 76 64 54 52 54 59 67 78 85 82 76 70 61 44 25 14 10 12 21 37 52 62 6724 314AK 9 9 85999999999999999999999 349 5217 6 1099999999999999
 74 79 80 76 74 74 75 77 81 84 82 76 70 63 53 38 23 13  8  8 16 28 40 4924 315AK 134 80 914 8499999999999999 415 741824  799999999999999
 59 70 80 86 90 92 92 91 89 87 83 76 69 63 56 47 35 23 13  7  7 12 21 3124 316AK 538 929999999999999999999991934  7999999999999999999999
 42 54 68 82 94101104103 99 93 86 77 69 62 56 51 44 35 25 15  9  8 10 1724 317AK 6141049999999999999999999992049  7999999999999999999999
 26 39 53 70 86 99107110107101 91 81 71 63 57 53 49 44 36 27 18 12  9 1124 318AK 65811099999999999999999999922 7  9999999999999999999999
 16 26 40 56 72 88101108110105 95 84 74 65 59 56 53 50 45 39 31 21 14 1124 319AK 74011099999999999999999999923 7 11999999999999999999999
 12 18 29 44 60 75 88 99106104 96 86 76 67 61 59 58 56 52 48 43 34 23 1524 320AK 8161069999999999999999999992352 13999999999999999999999
 13 15 22 35 51 65 76 87 97 99 93 83 75 68 62 60 63 64 60 56 53 47 35 2224 321AK 846 991643 64999999999999991448 60999999999999999999999
 15 15 19 29 44 59 69 77 86 92 88 78 69 64 61 60 64 69 69 65 61 58 48 3224 322AK 910 921729 7099999999999999 029 151443 6099999999999999
 20 17 19 25 38 54 66 72 78 84 83 74 62 57 56 57 62 71 76 74 69 67 60 4524 323AK 928 8518 9 7699999999999999 1 0 171410 5699999999999999
 29 21 21 25 35 51 65 72 74 78 79 71 57 49 48 51 56 67 77 80 76 73 70 5824 324AK 940 801847 8099999999999999 126 201335 4899999999999999
 41 28 25 28 35 49 65 74 75 75 76 69 54 42 38 42 48 58 73 82 81 78 76 6924 325AK 842 761924 8299999999999999 149 251352 3899999999999999
 53 38 32 33 39 49 64 76 79 76 74 69 55 38 30 32 37 47 62 77 82 80 79 7624 326AK 745 7920 4 8299999999999999 210 311418 3099999999999999
 66 50 41 40 45 52 64 77 83 79 74 69 58 40 26 23 26 34 48 65 77 80 79 8024 327AK 8 0 832153 8099999999999999 230 401451 2299999999999999
 76 64 53 49 52 57 65 77 85 83 76 70 60 45 27 18 17 22 32 48 65 74 77 8024 328AK 818 852350 8199999999999999 254 491532 1799999999999999
 81 76 67 62 62 65 69 76 84 85 78 70 62 50 33 19 13 13 18 30 47 61 70 7524 329AK 837 86999999999999999999999 324 611627 1299999999999999
 80 83 81 76 74 75 76 78 83 84 80 71 62 53 41 27 15 10 10 16 28 43 56 6524 330AK 1 1 83 849 8499999999999999 4 7 741730  999999999999999
 74 82 88 89 88 87 86 85 84 83 80 72 63 55 46 35 24 14  8  8 14 25 38 5024 331AK 251 899999999999999999999991832  8999999999999999999999
 62 73 85 94 98 99 97 94 90 85 80 73 65 56 49 42 34 24 15  9  8 12 20 3224 4 1AK 440 999999999999999999999991939  8999999999999999999999
 45 59 74 88 99106106103 98 91 83 75 67 59 53 47 42 36 26 17 11  8 10 1624 4 2AK 53710799999999999999999999921 8  8999999999999999999999
 27 42 58 75 91103109109105 97 87 78 70 63 58 54 51 46 40 31 21 13  8  824 4 3AK 6301109999999999999999999992228  7999999999999999999999
 14 25 41 59 77 92103109107 99 89 79 72 66 63 63 61 57 53 47 38 25 13  724 4 4AK 7171099999999999999999999992325  6999999999999999999999
  8 14 27 45 64 79 91101104 98 87 76 69 65 65 68 71 71 66 61 55 44 27 1424 4 5AK 7551041622 72999999999999991341 64999999999999999999999
  8 11 19 34 54 71 81 89 96 94 82 67 59 58 59 65 75 82 80 74 71 64 48 2824 4 6AK 824 961715 8299999999999999 0 8  81254 5899999999999999
 15 13 18 28 47 67 78 82 86 88 79 60 45 42 46 54 68 84 91 87 83 80 70 4924 4 7AK 846 8818 3 9199999999999999 042 131247 4299999999999999
 29 21 23 30 44 64 80 83 82 82 77 58 36 25 27 36 50 71 90 95 92 90 87 7324 4 8AK 652 841853 9599999999999999 111 211314 2599999999999999
 51 35 33 38 46 62 81 89 86 80 76 61 36 15 10 16 28 48 73 90 94 93 94 9024 4 9AK 7 5 8922 7 9599999999999999 141 331351 1099999999999999
 74 56 48 50 55 64 80 93 93 84 76 66 45 18  2  0  8 23 46 71 85 89 93 9624 410AK 728 9423 6 9699999999999999 213 481436  099999999999999
 92 78 67 65 67 72 81 92 96 90 79 70 54 31  8 -3 -3  4 20 43 64 76 83 9124 411AK 751 97999999999999999999999 248 651530 -499999999999999
 96 94 86 82 82 83 86 92 96 92 83 72 61 44 23  6 -3 -3  4 20 40 56 67 7824 412AK 013 96 8 7 9699999999999999 326 821634 -499999999999999
 88 96 98 97 97 96 95 95 94 91 84 73 64 53 38 22  9  2  1  7 20 35 49 6124 413AK 2 2 989999999999999999999991737  0999999999999999999999
 74 87 97104107107104101 96 90 82 73 64 56 48 37 26 15  8  7 12 21 33 4524 414AK 4271079999999999999999999991839  6999999999999999999999
 58 73 87100109113111106100 91 81 72 64 58 52 46 39 31 22 15 14 17 23 3324 415AK 5101139999999999999999999991947 14999999999999999999999
 45 59 74 89102110113110103 93 82 72 63 58 54 52 48 43 36 29 24 21 22 2724 416AK 5531139999999999999999999992112 21999999999999999999999
 35 47 61 76 90102108109104 94 83 72 63 57 55 55 54 52 49 44 37 31 27 2824 417AK 6361099999999999999999999992226 27999999999999999999999
 32 40 52 66 79 90 99103102 94 83 72 63 57 55 57 58 58 57 55 52 44 37 3324 418AK 7151031620 59999999999999991355 552323 3399999999999999
 33 37 46 58 71 81 89 95 97 91 80 69 61 56 54 56 61 64 63 64 63 58 49 4124 419AK 748 971822 64999999999999991354 54999999999999999999999
 39 39 44 53 66 75 81 86 90 87 77 65 57 52 50 54 61 67 69 70 72 71 62 5224 420AK 812 902019 7299999999999999 014 391355 5099999999999999
 46 45 46 52 63 73 78 80 83 82 73 60 50 46 45 49 58 68 73 74 77 79 74 6324 421AK 827 832054 7999999999999999 056 451342 4599999999999999
 54 51 51 55 63 74 79 79 78 78 70 56 42 37 37 41 51 65 75 78 80 84 83 7424 422AK 623 792123 8599999999999999 122 511325 3699999999999999
 63 58 58 60 66 76 83 82 78 75 68 54 37 27 27 31 41 57 72 80 83 86 89 8324 423AK 623 832152 8999999999999999 129 571333 2699999999999999
 71 64 63 65 70 78 87 88 82 75 68 54 35 20 16 20 29 45 64 78 84 87 91 9024 424AK 637 892223 9299999999999999 136 631355 1699999999999999
 81 71 69 71 74 80 89 94 88 78 69 57 38 19  9  9 16 29 50 69 81 86 91 9424 425AK 657 9423 1 9499999999999999 153 691426  899999999999999
 90 81 76 76 79 83 90 96 94 84 72 61 45 24  8  2  5 15 32 53 71 81 87 9424 426AK 719 962352 9699999999999999 220 7515 6  299999999999999
 96 92 86 84 85 87 90 95 95 88 76 64 51 34 16  4  0  4 15 33 53 69 79 8824 427AK 739 96999999999999999999999 259 841557  099999999999999
 96 99 97 95 93 93 93 93 94 89 80 68 56 43 28 14  4  1  5 17 33 51 65 7724 428AK 1 5 99 740 9499999999999999 545 921655  199999999999999
 88 98104105104101 98 95 93 88 81 71 60 50 40 28 17  8  5  8 18 31 47 6124 429AK 2511059999999999999999999991757  5999999999999999999999
 75 89101109112110106100 94 87 80 72 64 56 49 41 33 22 14 10 12 19 30 4324 430AK 4 011299999999999999999999919 6 10999999999999999999999
 59 74 89104113116112106 98 89 80 73 66 61 55 51 47 39 30 22 17 17 21 3024 5 1AK 4511169999999999999999999992035 16999999999999999999999
 43 58 75 91105113114109100 90 80 72 66 63 61 59 57 54 48 40 31 25 22 2524 5 2AK 5381159999999999999999999992159 22999999999999999999999
 33 45 61 77 91103109108100 88 77 69 64 62 64 66 66 65 63 59 51 40 32 3024 5 3AK 6231091530 66999999999999991251 6223 2 3099999999999999
 32 39 52 68 81 91 98101 97 84 70 61 56 56 60 68 73 74 73 74 71 61 49 4124 5 4AK 7 01011748 74999999999999991239 562352 3999999999999999
 39 42 49 63 77 85 89 92 91 80 63 49 44 44 49 60 74 81 81 83 86 82 69 5624 5 5AK 727 9220 6 86999999999999991225 43999999999999999999999
 51 51 54 63 76 86 87 86 85 78 60 39 28 27 32 44 63 80 87 89 93 96 90 7524 5 6AK 537 882056 9699999999999999 031 501234 2799999999999999
 64 62 63 67 78 90 94 88 82 76 61 37 17 10 14 24 43 66 84 90 95102104 9424 5 7AK 547 94214110499999999999999 059 6213 3 1099999999999999
 80 74 74 76 82 93100 97 86 77 65 43 17  0 -3  4 20 44 69 85 92 9910710724 5 8AK 611100222710899999999999999 126 731342 -399999999999999
 96 87 84 85 88 94103104 95 82 71 53 28  3 -9 -9  1 20 46 69 83 9210210924 5 9AK 637105232010999999999999999 2 0 841427-1099999999999999
107100 95 94 95 97103106101 89 76 62 42 18 -2-11 -9  3 23 47 67 80 9110224 510AK 7 1106999999999999999999999 246 941517-1199999999999999
109109105103102101102104102 94 81 69 54 35 15 -1 -7 -4  9 27 47 64 78 9024 511AK 029109 7 910499999999999999 45210116 9 -799999999999999
101109111111108106104102 99 93 84 73 61 48 33 18  6  1  5 16 31 47 63 7624 512AK 2 811199999999999999999999917 2  1999999999999999999999
 89101110115114111106102 96 89 82 73 65 56 47 36 24 14 11 15 23 35 49 6324 513AK 3191159999999999999999999991757 11999999999999999999999
 76 90103112116114109102 94 86 78 71 65 60 55 49 42 32 25 22 25 31 40 5224 514AK 4 51169999999999999999999991857 22999999999999999999999
 65 79 92104112114110103 94 84 74 67 63 60 58 57 54 48 41 36 34 34 39 4624 515AK 4441149999999999999999999992014 34999999999999999999999
 57 69 82 95105110109103 94 83 72 64 59 58 59 60 61 59 56 52 47 45 44 4724 516AK 5211101552 619999999999999913 4 582137 4499999999999999
 54 63 74 86 96102104101 93 82 70 61 56 54 56 60 64 66 66 66 63 58 55 5424 517AK 5561041810 67999999999999991253 542247 5499999999999999
 56 61 69 79 88 94 97 96 90 80 68 58 52 50 52 58 64 68 72 76 76 73 68 6424 518AK 625 971941 76999999999999991259 50999999999999999999999
 63 64 69 76 83 88 90 90 86 77 64 53 47 44 46 54 62 69 75 81 85 85 81 7624 519AK 641 902028 8699999999999999 0 1 6313 4 4499999999999999
 73 72 73 77 83 86 85 84 82 73 60 47 40 37 39 47 58 68 75 83 90 94 91 8624 520AK 520 8621 2 9499999999999999 113 7213 6 3799999999999999
 82 80 79 81 85 88 86 82 78 70 57 42 32 28 30 38 52 66 75 83 91 98 98 9324 521AK 5 0 882130 9999999999999999 159 7913 7 2899999999999999
 89 87 86 86 90 93 91 84 77 69 56 38 24 18 19 27 41 59 74 83 91 99103 9924 522AK 5 9 93215710399999999999999 225 861317 1899999999999999
 94 91 91 91 94 98 98 91 80 71 58 39 20 10  8 14 27 47 67 80 89 9810410424 523AK 531 99222710599999999999999 223 911339  899999999999999
 99 94 94 95 97101104 99 88 75 63 45 24  7  0  2 13 31 54 73 85 9410310724 524AK 55910423 710799999999999999 133 941412  099999999999999
105 99 97 98 99102105105 96 83 69 54 34 14 -1 -4  1 15 35 58 76 87 9710524 525AK 628106999999999999999999999 2 9 971454 -499999999999999
109106102101101102104106102 91 76 62 46 27  9 -2 -4  3 18 38 59 75 88 9824 526AK 0 1109 65110699999999999999 3111011542 -599999999999999
107111110107105104104103101 95 83 70 57 42 26 11  1  0  7 21 40 58 74 8724 527AK 1131129999999999999999999991636 -1999999999999999999999
 99110115115111107104101 98 93 86 76 65 55 44 30 17  8  8 14 25 40 57 7324 528AK 2231169999999999999999999991734  7999999999999999999999
 87101113119117112106101 95 89 84 78 71 63 57 49 38 26 19 18 22 30 43 5924 529AK 3171199999999999999999999991841 17999999999999999999999
 74 88103114119116108100 92 84 79 75 72 68 65 62 57 48 39 32 30 32 38 4924 530AK 4 311999999999999999999999920 3 30999999999999999999999
 63 77 90103113115109100 89 79 72 68 67 68 68 68 68 66 61 54 47 44 44 4924 531AK 4461151439 68999999999999991140 672127 4499999999999999
 57 69 82 93102107106 98 85 73 64 58 58 61 67 71 73 76 78 75 70 63 59 5924 6 1AK 52310818 2 78999999999999991138 572245 5999999999999999
 61 68 78 87 93 97 99 94 82 67 54 47 45 49 58 68 75 79 85 90 90 84 78 7424 6 2AK 552 991928 91999999999999991151 45999999999999999999999
 73 74 79 87 92 92 91 89 80 64 46 35 31 34 43 57 71 79 86 96103103 96 9024 6 3AK 431 93202610499999999999999 013 7312 6 3199999999999999
 87 85 86 91 96 96 90 85 79 65 44 26 18 18 25 40 59 74 84 9410611311110424 6 4AK 427 97211511399999999999999 126 851228 1799999999999999
 99 97 95 96101103 97 88 79 68 48 25  9  4  8 20 41 63 79 8910111311911524 6 5AK 44810322 011999999999999999 217 9513 0  499999999999999
108105103102105108106 97 85 73 57 34 10 -3 -4  4 21 45 67 82 9410611712024 6 6AK 518109224712099999999999999 2541021337 -599999999999999
115110108107107110112106 94 81 66 47 22  1 -9 -6  5 26 50 71 86 9710911824 6 7AK 550112233711999999999999999 3191071418 -999999999999999
119114110109109110112111103 90 75 59 39 16 -1 -8 -3 12 32 55 74 88 9911024 6 8AK 620112999999999999999999999 32810915 1 -899999999999999
117117113110109109109109105 96 84 70 54 35 15  1 -2  5 20 39 59 76 89 9924 6 9AK 0321189999999999999999999991546 -2999999999999999999999
110116116112109107106104101 97 88 77 65 52 36 19  9  8 16 29 46 63 78 9024 610AK 1271179999999999999999999991632  7999999999999999999999
101111116115110106103 99 95 92 87 79 71 63 53 40 27 20 21 27 38 52 68 8124 611AK 2161169999999999999999999991721 19999999999999999999999
 92103112116113107102 96 89 84 81 77 72 68 63 56 46 37 33 34 39 48 60 7324 612AK 2581169999999999999999999991815 32999999999999999999999
 84 95106113114109102 94 86 78 73 71 69 68 68 66 61 55 49 46 47 51 58 6824 613AK 3351149999999999999999999991917 46999999999999999999999
 78 89 99107111109102 93 83 74 67 64 63 65 67 70 71 69 65 62 61 61 63 6924 614AK 4 61111548 71999999999999991140 632033 6099999999999999
 76 84 92100105105100 92 81 70 62 57 56 59 63 69 74 77 78 78 76 75 74 7524 615AK 4311061813 78999999999999991140 562157 7499999999999999
 78 83 89 94 98 99 96 89 79 67 57 51 49 51 57 65 72 79 85 89 90 89 88 8624 616AK 448 991959 90999999999999991153 492356 8699999999999999
 86 87 89 92 93 93 91 86 76 64 53 45 41 43 50 59 69 78 87 95100101100 9824 617AK 432 9420521019999999999999912 8 41999999999999999999999
 95 93 93 93 93 90 87 82 73 61 48 38 33 34 41 52 64 75 86 9710510910910724 618AK21251099999999999999999999991224 33999999999999999999999
105101 99 98 96 92 86 80 72 59 45 32 25 24 30 42 57 71 82 9410611311411324 619AK21471149999999999999999999991241 24999999999999999999999
110108105103102 99 91 82 73 61 45 29 18 14 17 29 46 64 78 9110311311711524 620AK22 911799999999999999999999913 2 14999999999999999999999
113111109107108107101 90 79 66 50 31 15  6  6 14 31 52 71 86 9810911611724 621AK22381189999999999999999999991330  5999999999999999999999
114111110109110112110101 89 75 59 41 20  4 -2  2 15 35 58 77 9110311211824 622AK 5 7112231611899999999999999 23910914 4 -299999999999999
116112109109111113114111101 86 70 53 33 12 -2 -5  3 19 40 63 82 9510511424 623AK 557114999999999999999999999 2231091444 -699999999999999
118115110108109111113114109 98 82 67 50 29  9 -3 -3  7 24 45 67 84 9610724 624AK 0 1118 64411499999999999999 2591081528 -499999999999999
116118114109107108109110110105 93 79 65 50 30 12  3  5 15 30 50 70 86 9724 625AK 050119 73111099999999999999 3531071616  399999999999999
108117119113107105104103103102 97 87 76 66 53 36 21 15 17 25 39 56 74 8724 626AK 13811999999999999999999999917 9 15999999999999999999999
 99110118117110103 99 95 92 92 92 88 82 76 70 60 46 35 31 33 38 49 64 7924 627AK 2241199999999999999999999991810 31999999999999999999999
 90101111116113104 95 88 82 79 79 81 80 78 77 75 70 61 54 51 51 54 62 7324 628AK 3 61161114 8199999999999999 919 791926 5099999999999999
 84 94102109111105 95 83 74 67 64 66 70 74 76 80 82 82 78 74 71 70 72 7624 629AK 3441111622 839999999999999910 0 642057 7099999999999999
 83 90 97101104103 94 81 68 57 51 50 55 62 70 77 84 91 96 96 94 91 89 8824 630AK 4131041835 96999999999999991039 502310 8899999999999999
 89 92 96 98 98 97 92 82 66 51 41 37 38 46 57 68 78 8910110911211010710424 7 1AK 341 981959112999999999999991115 37999999999999999999999
101 99 99100 98 94 89 82 68 51 36 27 25 30 41 56 70 82 9611012112412211824 7 2AK 248100205812499999999999999 112 991149 2599999999999999
114109106105103 97 90 82 72 55 37 22 15 16 25 40 58 74 8710311812812912624 7 3AK21441309999999999999999999991221 15999999999999999999999
122117113110109105 96 86 76 63 44 24 11  7 12 25 43 63 79 9310812213012924 7 4AK22211309999999999999999999991254  7999999999999999999999
124120117114113112107 96 84 71 55 35 14  3  3 13 29 50 70 86 9911212312724 7 5AK22561279999999999999999999991329  2999999999999999999999
124118116115114114114108 95 82 67 49 27  8  0  5 17 36 59 78 9210211412224 7 6AK232912399999999999999999999914 5  0999999999999999999999
122116112111112113115114106 93 79 64 44 22  6  3 11 25 45 67 85 9510511424 7 7AK 626115999999999999999999999 2341111443  299999999999999
119115109106108109110113111102 89 76 61 41 20  9 10 20 35 55 75 89 9810724 7 8AK 0 3119 71711399999999999999 3 01061522  899999999999999
114116110104103104104106107104 95 84 73 59 40 24 18 22 31 46 65 82 9310124 7 9AK 039116 8 310799999999999999 34710316 3 1899999999999999
109114112106101 99 98 97 98 99 95 88 80 72 59 44 33 31 35 44 58 74 87 9624 710AK 114115 846 9999999999999999 657 971645 3099999999999999
104111114109102 97 93 90 88 89 89 86 82 78 73 62 52 46 46 49 57 69 82 9224 711AK 149114 933 8999999999999999 8 1 881730 4599999999999999
 99107112111105 97 91 84 79 78 79 79 79 79 79 76 69 63 61 61 64 71 80 8924 712AK 2211131210 7999999999999999 854 781816 6199999999999999
 96102108110106 98 89 80 73 68 68 70 72 75 79 82 82 79 77 76 77 79 84 9024 713AK 2501101524 8299999999999999 935 681858 7699999999999999
 95 99103105104 97 88 78 68 61 58 59 63 68 75 82 87 90 91 92 92 92 93 9424 714AK 31110599999999999999999999910 8 58999999999999999999999
 96 98 99100 99 95 86 75 64 56 50 49 53 60 68 77 87 9510110410510510410324 715AK 3141002044106999999999999991039 49999999999999999999999
102101 99 97 95 91 84 74 62 52 44 40 42 49 59 70 82 9410411111511611611324 716AK21121169999999999999999999991110 40999999999999999999999
109105102 98 94 89 83 74 62 49 39 33 32 37 48 61 74 8810211312012312312124 717AK21351249999999999999999999991141 32999999999999999999999
116111107103 97 91 84 76 64 51 38 28 23 25 35 49 65 80 9510912012612712524 718AK21501279999999999999999999991213 23999999999999999999999
121116112109105 98 90 81 70 56 41 26 16 14 21 34 52 71 8710211512412812624 719AK22 71289999999999999999999991245 14999999999999999999999
122118115113112108102 91 79 66 50 31 15  6  8 19 37 58 78 9410711912612624 720AK22301279999999999999999999991318  6999999999999999999999
121116114114115116114106 93 78 63 43 21  5  0  7 21 42 66 8610011012012424 721AK 458116225912499999999999999 2 61141352  099999999999999
120112109111114118121119108 93 77 60 38 14  0  0 10 27 50 74 9210311212024 722AK 618121233212299999999999999 2 11091429 -299999999999999
120112104104108113118123120108 92 77 59 34 12  3  7 18 36 60 82 9610511324 723AK 715123999999999999999999999 23110315 8  299999999999999
119115104 98100104109115120116104 90 78 59 36 18 14 19 31 48 71 89 9910624 724AK 0 7119 8 812099999999999999 313 981550 1399999999999999
114116108 97 92 93 96100107112107 98 89 80 64 44 33 31 37 46 63 81 9410124 725AK 044117 9 211299999999999999 411 921636 3199999999999999
108114112102 91 85 83 84 88 95 99 97 92 89 84 72 60 53 53 57 64 77 90 9824 726AK 12111410 4 9999999999999999 629 831729 5399999999999999
103108111106 95 83 75 71 69 73 80 85 86 88 91 90 85 80 77 77 78 83 90 9724 727AK 1571111426 9199999999999999 747 691841 7699999999999999
101103106105 98 87 74 64 57 55 58 65 72 79 86 94 99101101100 98 98 9810024 728AK 226106171110199999999999999 850 552114 9899999999999999
101102102101 98 90 77 63 51 44 42 46 54 63 74 85 9810911611911811611310924 729AK 123102192411999999999999999 949 42999999999999999999999
106104102 99 96 91 81 68 53 41 33 32 37 46 59 73 8710311812813213112812224 730AK20231329999999999999999999991044 32999999999999999999999
115109105101 96 90 84 74 60 44 32 25 25 32 44 59 75 9110812413513913713124 731AK21 51399999999999999999999991130 25999999999999999999999
124116110105101 94 87 79 68 53 37 25 20 22 31 46 63 80 9611212713713913424 8 1AK213913999999999999999999999912 9 20999999999999999999999
128121115110107103 95 85 76 64 47 30 19 17 23 35 52 70 8710011512813413124 8 2AK22 81349999999999999999999991242 17999999999999999999999
125120116113111110106 96 85 74 61 41 23 15 17 26 41 61 80 9310411612612624 8 3AK22331279999999999999999999991314 15999999999999999999999
120114112112111113114109 97 85 74 56 35 18 15 21 33 51 72 89 9810611612124 8 4AK 548115225712199999999999999 3451111346 1599999999999999
116107104106108111116117109 96 85 72 51 29 18 19 29 43 63 84 9610210911524 8 5AK 639118232111699999999999999 1571041420 1799999999999999
114104 98 98101105111117115106 94 84 68 46 28 23 28 39 55 76 9310010511124 8 6AK 723117234511399999999999999 223 971454 2399999999999999
113106 96 92 94 97101109113110100 91 81 65 45 34 34 41 52 69 87 9910310724 8 7AK 8 5113999999999999999999999 3 0 921529 3399999999999999
111108 98 90 88 89 92 97104106101 95 89 80 64 51 46 48 55 67 82 9510210524 8 8AK 0 9111 84710699999999999999 351 8816 3 4699999999999999
109109102 92 86 83 83 84 90 96 96 94 92 88 80 69 62 61 64 70 81 9310110424 8 9AK 034110 936 9799999999999999 559 831637 6199999999999999
106108105 95 86 80 76 74 76 82 87 88 89 91 90 85 79 76 77 80 85 9310010324 810AK 0571081319 9199999999999999 7 1 741710 7699999999999999
104105104 98 88 78 71 66 64 68 74 79 83 88 93 95 93 92 92 92 94 9710110424 811AK 1151051458 9523161049999999 750 641735 9199999999999999
103102101 97 89 79 69 61 56 56 60 67 74 81 90 9810310410510610610610610624 812AK21 6106999999999999999999999 835 55999999999999999999999
104101 98 95 89 80 69 59 51 47 48 53 62 71 82 9310411211611711811611311024 813AK1949118999999999999999999999 922 47999999999999999999999
107102 97 93 88 82 71 60 50 42 39 41 48 59 71 84 9811112012512712612211724 814AK20161279999999999999999999991013 39999999999999999999999
111106100 94 88 83 75 64 52 42 35 32 35 44 57 72 8810411812713213212912324 815AK204313399999999999999999999911 3 32999999999999999999999
116110105 99 93 87 80 71 59 47 35 27 24 30 42 57 75 9310912213113513312724 816AK21 81359999999999999999999991147 24999999999999999999999
120114110106102 97 89 80 69 56 41 26 18 18 27 42 61 81 9911312413213212624 817AK21321339999999999999999999991226 17999999999999999999999
119114112110110109103 93 81 69 53 33 17 11 16 28 46 69 8910411512512912424 818AK215712999999999999999999999913 1 11999999999999999999999
114108109110113117118110 97 84 70 49 25 10  9 18 33 55 80 9710711612312124 819AK 537119222212499999999999999 1251081333  899999999999999
110100 99103109117125125114 99 87 69 43 19 10 14 25 44 69 9210410911611824 820AK 631127224711999999999999999 135 9814 7 1099999999999999
109 94 87 90 98107119129127114101 89 68 41 22 19 26 39 59 8410110711011424 821AK 720130231311499999999999999 2 5 871442 1899999999999999
111 95 80 77 82 90102117126121111102 90 69 46 34 36 44 57 77 9710710911024 822AK 810126233611199999999999999 246 761519 3499999999999999
110101 83 70 68 73 80 93108115112106102 92 75 60 55 58 64 76 9210510910824 823AK 9 4115225410999999999999999 338 681558 5599999999999999
108104 91 74 63 61 62 69 82 95100101101102 97 88 81 80 82 86 9410310910824 824AK1247103221510999999999999999 5 1 611641 7999999999999999
106104 97 83 68 58 52 51 57 68 79 86 91 9810410610410310310310410710910824 825AK1449106221310999999999999999 640 51181110399999999999999
104101 98 90 77 64 52 45 42 46 55 65 74 85 9710811612112212212011711311024 826AK1814122999999999999999999999 752 42999999999999999999999
105100 96 92 84 73 60 48 39 36 38 45 55 67 82 9711312513313613412912211524 827AK19 5136999999999999999999999 9 4 36999999999999999999999
107101 96 92 87 80 70 57 44 35 32 33 40 51 65 8210011713114014213913112224 828AK19521429999999999999999999991013 31999999999999999999999
112104 98 94 89 84 77 67 55 43 34 30 32 39 52 68 8510311913314114113512724 829AK203214299999999999999999999911 9 30999999999999999999999
117108101 97 94 90 83 76 67 55 41 32 29 33 42 56 74 9010511913213713412624 830AK21 51379999999999999999999991151 29999999999999999999999
118111104101100 98 92 84 77 68 53 38 31 31 37 48 65 82 9510611812812812124 831AK21321299999999999999999999991225 30999999999999999999999
113108104102103105102 94 86 79 67 49 35 31 34 43 57 76 91 9910711712111524 9 1AK 5 3105215512199999999999999 3121021255 3199999999999999
105101100100102108111105 96 89 80 63 44 33 34 40 52 69 88 9810210911411124 9 2AK 552111221411599999999999999 2471001324 3299999999999999
100 92 91 94 97105113114106 97 91 78 58 41 36 41 49 64 83 9810310510910924 9 3AK 634115222911099999999999999 133 911354 3699999999999999
 98 86 82 85 89 97108115113104 98 90 73 54 43 44 51 62 79 9610410510610724 9 4AK 714116224010799999999999999 157 821422 4399999999999999
 99 85 76 76 80 86 97108113108102 97 87 70 56 52 56 64 77 9310510710610524 9 5AK 754113204810799999999999999 229 751450 5299999999999999
101 88 75 69 71 75 83 96105107103101 96 85 71 64 66 70 78 9110410810710524 9 6AK 83810721 410899999999999999 3 8 691516 6499999999999999
101 92 77 67 64 66 70 80 92 99100100100 96 87 79 78 80 84 9210210910810424 9 7AK1041100211910999999999999999 4 1 641542 7799999999999999
101 94 82 69 61 58 59 65 76 86 92 95 99102 99 94 91 92 94 9710310810810424 9 8AK13 2102213110999999999999999 518 581611 9199999999999999
 99 94 86 73 62 55 52 53 59 70 80 87 9310110510610510510510510610810810424 9 9AK1440106212910999999999999999 620 51164610599999999999999
 98 93 87 78 66 56 49 45 47 54 64 74 84 9410411211611711611511311110910424 910AK1713117999999999999999999999 712 45999999999999999999999
 98 92 86 80 72 61 51 43 40 42 48 58 70 82 9510811912512612512311811210624 911AK18 1126999999999999999999999 810 40999999999999999999999
100 93 86 81 76 68 57 47 40 36 37 43 54 67 82 9711312513113313112611811024 912AK1852133999999999999999999999 920 36999999999999999999999
102 96 89 84 80 74 66 56 46 37 32 32 39 51 66 8310111712813513513112311424 913AK19391369999999999999999999991029 32999999999999999999999
106100 94 90 87 82 76 67 56 45 34 28 28 36 50 67 8610411812913413312511524 914AK20161359999999999999999999991123 27999999999999999999999
108102 99 97 96 93 87 79 70 58 42 29 23 27 36 52 73 9210711812713012311224 915AK204713099999999999999999999912 5 23999999999999999999999
103100 99101105106102 93 84 74 57 37 24 22 29 41 61 8310010911712311910624 916AK 450107211212399999999999999 2 0 991239 2299999999999999
 94 90 93 97105114117109 99 90 77 54 33 24 27 36 52 75 9610611011411510224 917AK 542117213411699999999999999 055 901310 2499999999999999
 84 75 78 85 95110123123113104 95 77 51 34 31 38 49 69 9210710910911010224 918AK 630125204611099999999999999 112 751340 3099999999999999
 82 63 60 67 77 93113126123114108 98 77 54 43 46 54 67 8810711311010710224 919AK 718126195711399999999999999 145 591412 4399999999999999
 86 62 48 48 57 70 90111121118114111100 80 64 61 65 73 8710511611410710224 920AK 810121201911699999999999999 226 461446 6099999999999999
 91 70 48 38 40 48 62 83102110110111112103 90 82 83 87 9310311411711010324 921AK1136112204211799999999999999 317 381521 8299999999999999
 95 81 59 42 34 34 40 55 74 89 9610210911311010510310410510811311611110324 922AK13 3113205311699999999999999 426 33155410399999999999999
 96 87 72 55 40 32 30 35 47 63 75 85 9510711511912112212111911811611110324 923AK17 3122999999999999999999999 549 30999999999999999999999
 96 88 80 68 54 42 33 30 33 42 53 65 77 9210712012913413413112611911210324 924AK1734134999999999999999999999 7 1 30999999999999999999999
 95 88 83 76 67 56 44 35 31 32 38 47 59 74 9110812413514013913312511510424 925AK1818140999999999999999999999 816 31999999999999999999999
 95 88 84 80 75 68 59 48 39 34 33 38 46 59 75 9311012613614013712911810724 926AK19 2140999999999999999999999 937 33999999999999999999999
 96 89 85 82 80 76 71 62 53 43 37 36 40 49 63 79 9611112413313512911910824 927AK19431359999999999999999999991042 36999999999999999999999
 98 90 86 85 85 82 78 74 67 56 46 40 40 45 55 69 85 9911012112712511610624 928AK20171279999999999999999999991130 40999999999999999999999
 97 90 86 87 89 89 85 82 79 71 58 48 44 45 51 63 78 9210110811611911110024 929AK 425 90204411999999999999999 224 8612 8 4499999999999999
 92 88 85 85 91 95 93 89 87 83 72 57 49 48 51 59 73 88 97101107111107 9524 930AK 510 9521 511199999999999999 221 841238 4899999999999999
 85 81 80 81 88 97100 96 93 92 85 70 57 52 54 60 71 86 97100101104102 912410 1AK 551100211810599999999999999 2 1 8013 4 5299999999999999
 77 71 71 74 81 93102102 99 98 94 83 67 58 58 63 71 84 98103101101 99 892410 2AK 63110319 410399999999999999 122 711327 5899999999999999
 73 63 61 65 72 84 98105103101100 93 79 67 64 68 73 84 98106105100 97 892410 3AK 711105191710799999999999999 139 611349 6499999999999999
 73 58 52 54 61 72 88101104103103101 91 78 72 74 79 86 98108109103 97 902410 4AK 756104193411099999999999999 2 5 5214 9 7299999999999999
 75 57 46 45 49 58 74 91100102103104100 90 82 82 85 90 98108112106 98 902410 5AK1053104195211299999999999999 238 441431 8199999999999999
 79 61 45 39 40 46 58 75 90 97100104105100 93 91 93 96100107112109100 912410 6AK114510620 911299999999999999 317 381456 9199999999999999
 81 67 50 38 34 36 43 57 74 86 94100106108105102102103104107110109101 922410 7AK1251108201911099999999999999 4 9 34152810299999999999999
 83 72 58 44 35 31 33 41 55 70 82 91100108113113113113111110109107101 922410 8AK1449113999999999999999999999 511 31999999999999999999999
 83 75 65 53 42 34 30 32 40 52 65 77 89101112120123123120116112107101 932410 9AK1622123999999999999999999999 611 30999999999999999999999
 84 76 69 62 52 42 34 30 31 38 48 60 74 88103117126130128124118110101 93241010AK17 8130999999999999999999999 715 30999999999999999999999
 86 78 72 68 62 54 44 36 31 31 35 44 57 72 89106121130133130123114104 95241011AK1755133999999999999999999999 835 31999999999999999999999
 87 81 77 73 70 65 58 48 39 33 31 34 42 56 73 91108122130131126117106 96241012AK1842132999999999999999999999 958 31999999999999999999999
 89 84 82 80 78 75 70 63 54 43 34 31 34 44 59 77 94109120126125116104 94241013AK19231279999999999999999999991058 31999999999999999999999
 87 83 83 86 88 86 82 77 71 59 44 35 34 38 49 66 85 99108115119113 99 85241014AK 4 1 88195511999999999999999 130 831142 3499999999999999
 79 77 79 86 94 98 94 90 86 78 62 46 39 40 46 59 78 95103106110107 94 75241015AK 455 98201811099999999999999 057 771217 3999999999999999
 64 64 68 76 91103106101 99 95 83 63 49 46 50 59 75 94104104103102 91 69241016AK 543106182810599999999999999 035 631245 4699999999999999
 50 45 49 59 75 96110111107107102 85 66 57 59 64 75 93108110104 98 90 71241017AK 632112183911199999999999999 056 451314 5799999999999999
 45 29 29 37 52 75 99111111111113105 88 73 70 74 81 93109116110100 91 76241018AK 95111319 211699999999999999 130 271345 7099999999999999
 51 26 15 18 28 47 74 96106109113116108 94 86 87 91 97108118117106 94 82241019AK1047116192611999999999999999 213 141419 8599999999999999
 62 35 15  8 12 24 45 70 89 99105113116111104101103105110116118111 99 86241020AK1152116194511999999999999999 3 3  8145510199999999999999
 72 51 28 13  7 11 23 43 64 80 91101112117117116116116115116116111101 89241021AK1327118193411699999999999999 4 4  7164911599999999999999
 78 64 46 29 16 11 14 25 41 57 71 84 98111120125126125123119114108100 90241022AK16 1126999999999999999999999 5 9 11999999999999999999999
 80 70 60 47 34 23 18 20 28 39 52 66 81 96112124131132129123115106 97 88241023AK1642132999999999999999999999 614 18999999999999999999999
 80 73 67 60 51 41 31 26 27 31 40 51 65 81 97113126132131126117107 95 85241024AK1723132999999999999999999999 725 26999999999999999999999
 78 73 70 67 63 57 48 40 35 34 36 43 54 68 83100114125128126118107 95 84241025AK18 3128999999999999999999999 851 34999999999999999999999
 76 72 70 70 69 67 63 56 49 43 41 43 49 59 73 88102113120121116106 93 82241026AK184312299999999999999999999910 7 41999999999999999999999
 74 69 69 71 73 73 72 70 64 57 51 48 50 56 66 80 92102109113112103 90 80241027AK 435 73191711499999999999999 131 6911 4 4899999999999999
 71 66 66 70 75 77 77 79 78 71 63 57 56 58 64 75 87 95100104105 99 86 74241028AK 716 79194410599999999999999 133 661152 5699999999999999
 67 62 62 67 74 79 81 83 86 84 76 68 64 64 66 74 84 92 95 97 98 94 82 68241029AK 813 861958 9899999999999999 137 611235 6399999999999999
 59 55 55 60 70 80 84 86 91 93 88 78 72 71 72 76 84 93 96 94 92 89 79 63241030AK 851 931754 9699999999999999 134 5513 3 7199999999999999
 51 46 47 52 63 76 85 89 93 97 96 88 80 77 78 80 87 95 99 96 91 86 77 60241031AK 923 981759 9999999999999999 123 461312 7799999999999999
 44 37 37 42 53 69 83 89 93 99101 96 87 83 84 85 90 98103101 93 86 76 602411 1AK 951101181310499999999999999 129 361319 8399999999999999
 41 29 26 30 40 57 76 87 93 98103102 94 88 88 90 93100106107 98 88 77 632411 2AK1021103183210899999999999999 149 261332 8799999999999999
 43 25 18 19 27 43 63 80 90 96102105101 94 92 94 97101107110104 92 80 672411 3AK1056105185311099999999999999 217 181354 9299999999999999
 49 29 15 12 16 28 46 67 82 91 98104106102 99 99100102106109107 97 84 712411 4AK1143106191110999999999999999 253 121425 9899999999999999
 56 37 21 11 10 16 30 49 67 81 90 99106108107106105106106107106 99 87 742411 5AK1255108191310799999999999999 339 10152710599999999999999
 62 48 32 18 11 11 18 31 49 65 78 90101109114114113111109106103 98 89 772411 6AK1442114999999999999999999999 433 10999999999999999999999
 66 56 44 32 20 14 14 20 32 47 62 76 89102113120121118113108102 95 88 792411 7AK1540121999999999999999999999 531 13999999999999999999999
 70 61 54 45 35 25 19 18 23 32 45 59 75 90105118124124119112104 95 86 792411 8AK1625125999999999999999999999 635 18999999999999999999999
 72 66 60 56 50 41 32 26 24 26 33 45 59 75 91107119125122115105 94 84 772411 9AK17 8125999999999999999999999 754 24999999999999999999999
 72 68 66 63 61 57 50 41 34 31 31 37 48 62 78 94108117120115104 92 81 73241110AK1750120999999999999999999999 922 31999999999999999999999
 69 68 69 69 69 68 66 60 51 43 39 39 44 54 68 83 96105111110102 88 75 66241111AK 3 7 69182711299999999999999 047 681029 3899999999999999
 61 62 66 72 76 76 77 76 71 62 52 48 49 53 64 78 90 96100102 97 82 65 54241112AK 629 77185410299999999999999 028 611121 4899999999999999
 49 50 56 68 78 83 84 87 89 82 70 62 59 60 65 76 89 95 95 94 91 79 59 41241113AK 746 891722 9699999999999999 022 4912 3 5999999999999999
 33 33 40 53 71 84 89 92 98 99 90 78 71 71 73 79 91100 99 92 87 78 58 34241114AK 838100172510199999999999999 024 321234 7199999999999999
 17 14 19 32 53 75 89 94101108106 95 85 82 83 86 93104107 99 89 79 62 37241115AK 924109174710799999999999999 048 1413 2 8299999999999999
 12 -1  0 10 29 55 78 91 98107113110 99 92 92 93 97105112109 96 83 69 47241116AK1011113181411299999999999999 124 -21333 9199999999999999
 19 -4-12 -8  6 29 56 78 90 99110115111103100101102106112114105 91 76 58241117AK11 3115184011499999999999999 2 7-12141210099999999999999
 34  8-10-15 -9  7 31 56 75 88 99110115113108107107108111112108 97 82 67241118AK12 8115185611299999999999999 254-1515 810799999999999999
 49 27  5 -9-12 -4 12 34 55 72 85 97108115115113112111110108105 98 87 73241119AK1335116999999999999999999999 345-12999999999999999999999
 60 44 26  9 -2 -4  4 18 36 54 69 83 96108116118116113110105100 94 86 76241120AK1452118999999999999999999999 438 -4999999999999999999999
 65 55 44 30 16  8  8 14 25 39 54 69 82 96109117119115110104 96 88 80 73241121AK1541119999999999999999999999 533  7999999999999999999999
 66 60 54 47 37 26 20 20 24 32 43 57 70 84 98111117116111103 94 83 74 68241122AK1621117999999999999999999999 633 19999999999999999999999
 64 60 58 56 52 45 38 33 32 34 40 49 61 74 88100110113110102 92 80 70 62241123AK1658113999999999999999999999 749 32999999999999999999999
 58 57 58 59 60 58 54 50 46 44 45 49 57 67 79 91100106106100 90 78 66 57241124AK 351 60173110799999999999999 1 5 57 914 4499999999999999
 52 52 54 58 62 65 66 65 62 58 56 56 59 65 74 84 92 97 99 96 88 75 62 52241125AK 6 5 661757 9999999999999999 038 511026 5599999999999999
 46 45 49 55 61 66 71 75 76 73 69 67 66 68 73 80 87 90 91 90 84 72 58 47241126AK 738 7618 6 9199999999999999 046 451143 6699999999999999
 40 38 42 49 58 66 73 80 85 85 82 78 76 75 76 81 85 87 86 84 79 68 54 41241127AK 829 861659 8799999999999999 055 3813 2 7599999999999999
 33 31 34 42 54 64 72 81 89 93 92 88 85 83 82 84 87 88 85 80 75 65 50 35241128AK 9 8 931638 8899999999999999 1 1 311355 8299999999999999
 25 22 24 33 47 60 70 80 90 97 98 95 92 90 89 89 91 92 88 81 73 64 48 31241129AK 938 981643 9299999999999999 1 7 221425 8899999999999999
 18 12 14 22 37 54 67 77 88 97101 99 95 94 93 93 95 97 94 86 76 65 50 31241130AK10 310117 3 9799999999999999 119 121436 9399999999999999
 14  4  3 10 24 43 61 74 84 94101101 97 95 95 96 97101101 94 82 69 55 362412 1AK1029102173210199999999999999 139  31332 9599999999999999
 15  0 -5 -2 10 29 51 68 80 90 98102100 97 96 97 98101103100 90 76 61 442412 2AK11 410218 210399999999999999 2 6 -51352 9699999999999999
 23  4 -8-10 -3 13 35 56 72 83 93100102100 98 97 98100103102 96 83 68 522412 3AK1152102182810399999999999999 242-101439 9799999999999999
 35 15 -2-11-10  0 18 39 58 73 85 95102104102100 99100100100 97 88 75 602412 4AK1256104182510099999999999999 323-121556 9999999999999999
 46 30 12 -2 -9 -6  5 21 41 59 73 85 96105108106102100 99 97 93 88 79 672412 5AK1359108999999999999999999999 411 -9999999999999999999999
 54 43 29 14  2 -3  1 11 25 42 59 74 86 99108111107102 98 94 89 84 78 702412 6AK1451111999999999999999999999 5 2 -3999999999999999999999
 61 52 44 33 21 11  7 10 18 29 45 60 75 88101110111106 98 91 84 77 72 682412 7AK1536112999999999999999999999 6 0  7999999999999999999999
 63 57 53 48 41 31 23 20 21 26 36 49 64 77 90102108107 99 89 79 70 64 612412 8AK1617109999999999999999999999 7 9 20999999999999999999999
 60 59 57 56 55 51 44 38 35 35 38 45 56 69 80 91 99102 97 87 74 63 54 502412 9AK1653102999999999999999999999 833 342325 5099999999999999
 50 53 57 59 62 64 64 60 55 51 50 51 56 65 75 83 89 93 92 84 69 54 43 37241210AK 527 641722 9399999999999999 956 502338 3699999999999999
 37 41 50 58 63 69 75 78 76 71 67 65 65 68 75 82 85 86 84 80 67 49 33 24241211AK 7 5 781636 86999999999999991134 652356 2199999999999999
 21 25 35 49 60 69 77 87 92 90 84 80 78 77 79 84 88 86 81 75 66 48 27 12241212AK 8 8 9216 7 889999999999999913 2 77999999999999999999999
  6  7 16 33 51 64 75 87 99103100 94 90 88 87 89 93 92 85 76 66 52 29  7241213AK 8591031625 9399999999999999 018  51359 8799999999999999
 -7 -9 -3 12 33 54 69 81 95107109104 99 96 94 94 97 99 94 83 71 58 38 12241214AK 9451091655 9999999999999999 047 -91438 9499999999999999
-10-20-19 -8 12 37 59 74 87101110110105100 98 98 99102102 94 81 66 49 26241215AK1030111173210399999999999999 123-211455 9899999999999999
  0-20-27-22 -7 16 42 63 77 90102109108102 99 99100102104102 91 76 60 41241216AK1117110181010499999999999999 2 2-271437 9999999999999999
 17 -8-24-27-19 -1 23 47 66 79 91102107104 99 97 98 99101101 97 85 70 54241217AK12 7107184510199999999999999 243-2815 6 9799999999999999
 35 13 -9-22-21-10  8 30 52 68 80 91101104101 97 95 96 95 95 94 88 76 63241218AK1258104999999999999999999999 326-23999999999999999999999
 49 33 12 -5-13-10  1 17 37 55 69 80 91100103 99 94 92 91 88 86 83 77 67241219AK1347103999999999999999999999 410-13999999999999999999999
 56 46 33 17  4  0  4 13 27 44 59 71 82 93100101 96 91 87 82 77 74 70 65241220AK1432101999999999999999999999 456  0999999999999999999999
 58 52 46 36 24 16 15 18 26 37 51 63 74 85 95 99 98 92 85 78 70 64 61 58241221AK1511100999999999999999999999 544 15999999999999999999999
 55 53 51 49 42 35 31 31 33 39 48 58 68 78 87 94 96 92 84 75 66 57 51 49241222AK1545 96999999999999999999999 637 30999999999999999999999
 48 48 51 53 53 51 48 47 47 48 52 58 65 73 81 87 91 89 83 74 62 52 43 39241223AK 337 531612 9199999999999999 0 7 48 743 472336 399999999
 39 41 46 51 57 60 62 63 62 62 62 64 67 71 76 81 84 84 80 71 60 48 38 31241224AK 7 5 631627 8599999999999999 923 622348 3099999999999999
 30 33 39 47 55 63 70 74 76 76 75 74 73 74 76 78 79 78 75 67 57 44 33 25241225AK 827 771614 79999999999999991158 73999999999999999999999
 22 24 31 40 50 61 72 81 86 88 88 85 82 80 79 78 77 74 70 64 54 41 28 18241226AK 914 88999999999999999999999 0 4 21999999999999999999999
 13 14 21 32 44 56 69 81 90 95 96 94 91 87 84 82 79 74 69 62 53 40 25 13241227AK 949 96999999999999999999999 021 13999999999999999999999
  6  4 10 22 36 51 64 78 90 97100 99 96 92 89 87 84 79 72 64 54 41 25 10241228AK1013100999999999999999999999 041  4999999999999999999999
 -1 -5 -1 10 27 43 59 73 86 96100100 98 95 92 90 89 86 80 70 59 46 30 11241229AK1027101999999999999999999999 1 2 -5999999999999999999999
 -4-13-12 -3 14 33 51 67 80 92 99100 97 94 92 92 92 92 89 80 68 54 38 18241230AK1043100999999999999999999999 128-14999999999999999999999
 -1-15-20-15 -1 19 40 59 73 85 94 99 97 92 90 90 92 94 94 90 79 64 49 31241231AK11 8 991740 9499999999999999 159-201419 9099999999999999
