 16 16 27 47 70 92108117116110100 90 84 84 90101112120122117104 85 64 4424 1 1AY 728118174912299999999999999 029 151231 8399999999999999
 31 26 31 45 64 85103114117113104 93 85 80 81 87 96105111111105 93 77 6124 1 2AY 754117183411299999999999999 1 0 261319 8099999999999999
 48 40 40 48 62 80 98111118117110 99 88 80 76 76 81 88 95100100 95 86 7424 1 3AY 822118193010099999999999999 130 391420 7599999999999999
 64 56 53 56 65 79 94108117119115106 95 83 75 70 69 72 78 84 89 90 88 8424 1 4AY 8511192057 9099999999999999 2 1 531537 6999999999999999
 78 72 68 68 72 80 92105115120120113103 90 78 68 61 59 61 66 73 80 85 8824 1 5AY 9231212335 8899999999999999 237 6717 0 5999999999999999
 88 86 84 82 82 86 93103113120123120112100 85 70 58 49 45 47 54 64 75 8424 1 6AY10 0123999999999999999999999 326 8218 7 4599999999999999
 92 96 98 97 95 94 97102110118124125121111 96 79 61 45 34 30 34 44 58 7324 1 7AY 158 98104512599999999999999 443 9419 1 3099999999999999
 88100107109108105103104108115122128128123111 93 71 49 30 18 15 21 35 5524 1 8AY 3 2109113812999999999999999 6121031949 1599999999999999
 76 95109117119115111107108112119127133133126111 88 62 35 15  3  2 12 3124 1 9AY 345119123513499999999999999 7291072035  199999999999999
 56 81103118125124119112108108113122132139139129110 82 51 22  1-10 -8  724 110AY 424125133014099999999999999 8281072120-1199999999999999
 31 60 88110124128125117109105106114126138145144131107 75 41 11-10-18-1124 111AY 5 0128142114699999999999999 91710522 3-1899999999999999
  8 36 67 95116127128121111103100103114129143150146129102 68 33  3-15-1924 112AY 53512815111509999999999999910 01002246-1999999999999999
 -8 15 45 77103120127124114102 94 92 99113130145150144125 95 60 27  1-1324 113AY 6 812716 0150999999999999991042 922326-1599999999999999
-12  3 29 59 88111123124116104 91 84 85 94111129142146137116 87 55 25  424 114AY 6371251649146999999999999991124 83999999999999999999999
 -4  3 21 47 76101117123119107 92 79 73 77 88105122134136126106 80 52 2924 115AY 7 3123174013699999999999999 0 4 -41210 7399999999999999
 15 13 24 44 69 94113123122113 97 81 69 64 69 81 97112122122113 96 75 5424 116AY 727124183512399999999999999 038 1213 1 6499999999999999
 39 32 35 49 68 90110122125119106 88 72 60 56 60 71 85 99107108101 89 7424 117AY 749126193710899999999999999 1 9 321358 5699999999999999
 61 53 52 59 73 91109122128126116100 82 65 53 49 52 60 72 84 92 94 92 8624 118AY 8131292059 9499999999999999 136 5115 6 4999999999999999
 78 72 70 73 82 94109121129131125112 96 78 61 48 42 42 48 58 69 78 84 8724 119AY 8401312338 8899999999999999 157 701627 4199999999999999
 87 87 86 87 91 99109119128132130123111 94 76 58 44 35 32 37 46 58 70 8024 120AY 915132999999999999999999999 2 0 861749 3299999999999999
 88 94 97 99101104110116123129131130123111 95 75 55 38 27 23 26 37 51 6724 121AY10 513199999999999999999999919 0 23999999999999999999999
 82 94103108109110111113117122127130130124113 96 74 51 31 18 14 19 31 4924 122AY11241309999999999999999999991958 14999999999999999999999
 69 88103112116115112111111114119125130132127115 95 70 44 23  9  7 14 3124 123AY 417116124713299999999999999 7271102046  699999999999999
 53 77 97111118119115109105105108116125133135129114 91 63 35 14  2  3 1524 124AY 434119135013599999999999999 8401052127  199999999999999
 37 62 87106118121117110102 97 98104115127136138129110 83 53 26  6 -2  424 125AY 454121144013899999999999999 924 9722 4 -299999999999999
 22 47 74 98114121119111101 92 89 93103117131139138125102 73 42 17  2  024 126AY 51512115221409999999999999910 0 892237 -199999999999999
 12 34 62 88108119120113102 90 82 82 90104121134139133116 91 61 32 11  224 127AY 53612116 1139999999999999991032 8123 8  299999999999999
  8 25 51 78102116121116104 90 79 74 78 90107123134135125105 78 50 26 1224 128AY 55612116371369999999999999911 4 742336  999999999999999
 10 22 44 70 95113121119108 93 79 69 68 76 91108123130127113 92 66 42 2524 129AY 6151211714130999999999999991137 68999999999999999999999
 19 24 41 65 89109121121113 98 82 69 63 65 76 92107119122116101 80 59 4124 130AY 634122175112299999999999999 0 2 191211 6299999999999999
 31 32 43 63 85106120124118104 87 71 61 58 64 76 91104112112104 90 73 5724 131AY 653124183111399999999999999 026 301248 5899999999999999
 46 44 50 64 83103118125122111 94 77 63 56 56 63 74 87 97102101 94 83 7124 2 1AY 713125191910399999999999999 048 431330 5599999999999999
 62 57 60 70 84101115124125117103 86 70 58 52 53 60 69 80 88 93 92 88 8124 2 2AY 7341262024 9399999999999999 1 8 571421 5299999999999999
 75 72 72 78 88100113122126122111 96 79 65 54 49 49 53 61 70 78 84 86 8724 2 3AY 7571262238 8799999999999999 123 721529 4899999999999999
 86 85 85 88 94102111120125124118106 92 76 62 50 43 41 44 50 59 69 77 8524 2 4AY 826125999999999999999999999 116 851656 4199999999999999
 90 94 97 99102106111117122124123116105 91 76 59 45 35 30 31 37 48 61 7524 2 5AY 9 71249999999999999999999991821 29999999999999999999999
 88 98105109110111112114118121124123118109 94 76 57 38 24 16 16 24 38 5724 2 6AY10211249999999999999999999991929 15999999999999999999999
 76 94107115118116114112112115120125127124115 99 77 52 29 11  2  3 14 3324 2 7AY 4 311812 312799999999999999 7231112024  199999999999999
 57 81102116122121116110106106111119128134133122103 76 46 19 -1-10 -6 1024 2 8AY 420123132313499999999999999 8301052111-1099999999999999
 35 63 90111123125119109100 95 97106119133141140127104 72 39 10 -9-15 -624 2 9AY 443125142514299999999999999 915 952154-1599999999999999
 15 44 75101119126122110 97 86 83 88102120137147144128101 67 33  5-11-1224 210AY 5 5126151914799999999999999 954 822233-1399999999999999
  2 28 59 89112124124113 97 80 70 69 80 99121139148143124 95 61 29  6 -424 211AY 5271251610148999999999999991033 6823 9 -499999999999999
  1 20 49 79106122126117100 80 63 54 58 73 95119137143136116 88 57 30 1424 212AY 5481261659143999999999999991113 542340 1199999999999999
 11 23 46 74101120128123107 85 63 47 42 49 67 91113129133124105 80 56 3724 213AY 6 71281749133999999999999991155 42999999999999999999999
 29 34 50 73 98119130129117 96 71 50 36 34 44 63 85105117119111 95 76 5924 214AY 625131184012099999999999999 0 8 291239 3499999999999999
 49 49 59 77 99119132134126108 84 61 41 31 31 42 59 78 94103104 98 87 7524 215AY 644135193710599999999999999 030 481327 3099999999999999
 67 65 71 84101118131137133119100 77 55 39 31 31 40 54 69 81 89 91 88 8424 216AY 7 51372052 9199999999999999 046 651424 3099999999999999
 80 79 82 91103116128135135127113 94 74 56 41 33 33 38 48 59 70 77 82 8524 217AY 729136999999999999999999999 048 791537 3299999999999999
 86 88 91 97105114123129132129121108 93 76 60 46 36 32 34 40 50 60 70 7924 218AY 7581329999999999999999999991711 32999999999999999999999
 87 93 98103107112117121124125122116107 96 81 65 49 37 29 28 33 42 55 6924 219AY 8421259999999999999999999991842 28999999999999999999999
 82 93102107110110111112114116117118116111101 86 68 49 33 24 21 27 39 5524 220AY10491189999999999999999999991947 21999999999999999999999
 73 89102110113111107104103104108113118120116106 88 67 44 27 16 15 24 4124 221AY 4 2113125512099999999999999 8 61032035 1599999999999999
 61 82100111115113106 99 93 92 95103113122125121107 86 61 36 18 10 13 2724 222AY 4 6115135912599999999999999 849 922113 1099999999999999
 48 72 94110117115107 97 87 81 82 90103117127130122104 79 51 27 11  8 1724 223AY 419117144613099999999999999 921 812146  799999999999999
 37 62 87106117118110 97 83 73 70 76 90107123132131119 96 68 41 19  9 1224 224AY 434119152613399999999999999 950 702216  999999999999999
 28 52 79102116120113 99 83 68 61 63 74 93112128134128111 86 57 33 17 1424 225AY 45012016 2134999999999999991018 602243 1399999999999999
 24 45 72 97115122117104 85 67 54 51 59 76 97117129131120100 74 49 29 2124 226AY 5 61221638132999999999999991047 5123 8 2199999999999999
 26 43 67 92113123122109 90 69 52 44 47 60 80102119127124110 88 65 44 3324 227AY 5221241713127999999999999991115 442331 3199999999999999
 32 44 65 89110124125116 97 75 54 41 38 46 63 84104117121114 99 79 60 4624 228AY 5391261750121999999999999991145 382352 4299999999999999
 43 49 66 87108123128121105 82 60 43 34 37 49 67 87104113112104 89 73 6124 229AY 5561281829114999999999999991216 34999999999999999999999
 55 58 69 87106121129126112 92 69 49 36 32 38 52 70 87 99105103 95 84 7424 3 1AY 613129191310599999999999999 011 551250 3299999999999999
 68 68 75 88104119128128119101 80 59 42 33 33 41 53 68 82 92 95 94 89 8324 3 2AY 6321292012 9699999999999999 027 671331 3299999999999999
 79 79 83 92104116125128123110 92 72 54 41 34 34 40 51 62 73 82 86 88 8824 3 3AY 652128999999999999999999999 036 781427 3399999999999999
 88 89 92 98105114122126124116103 87 70 54 42 35 33 36 43 52 62 72 80 8724 3 4AY 7161269999999999999999999991553 33999999999999999999999
 92 96100104108112117121122119112102 88 73 59 45 35 29 28 32 40 51 64 7824 3 5AY 7501229999999999999999999991743 27999999999999999999999
 90100106110111112112113115116116112106 95 81 64 47 31 21 16 19 29 44 6224 3 6AY 91711699999999999999999999919 7 16999999999999999999999
 81 97109114115112108105104107111115117115105 90 69 46 26 11  5  9 23 4324 3 7AY 335115115911799999999999999 74010420 6  599999999999999
 66 89106116118113104 96 91 91 98108118125125116 97 71 43 19  3 -1  6 2524 3 8AY 343118132912699999999999999 826 902053 -199999999999999
 50 77100116121116104 90 78 74 78 90107124134134123100 70 40 15  1  0 1324 3 9AY 358121143213699999999999999 9 3 742133 -199999999999999
 36 65 92113122119106 87 69 57 56 65 84108128140139124 99 67 37 15  6 1124 310AY 415123152614199999999999999 939 5522 9  699999999999999
 30 56 85110123124112 91 67 47 37 40 56 81108130141138121 94 64 38 22 2024 311AY 4321251616142999999999999991016 372241 1999999999999999
 31 54 81107124129120 99 72 46 27 21 30 51 80108128137131113 88 63 44 3524 312AY 45012917 5137999999999999991054 2123 8 3599999999999999
 40 57 81106125134129111 84 54 28 13 12 26 50 79105122127120103 83 65 5324 313AY 5 81341753127999999999999991134 112332 5299999999999999
 53 64 83106126137137123 99 69 40 18  7 11 27 51 77 99112115107 94 80 7024 314AY 5271391843115999999999999991215  72351 6799999999999999
 67 73 87106124137141132113 87 58 33 15  9 15 31 52 74 91100101 96 88 8124 315AY 5481411939102999999999999991259  9999999999999999999999
 78 81 91105121133139136123103 78 53 33 20 17 23 36 53 69 82 89 91 89 8724 316AY 6111402056 9199999999999999 0 3 781349 172356 869999999
 86 88 94104116126133134127113 94 74 55 39 29 26 30 39 51 63 73 80 84 8724 317AY 6351349999999999999999999991455 26999999999999999999999
 89 92 97103110118123125123116105 91 76 61 48 39 34 34 39 47 56 66 75 8324 318AY 7 21269999999999999999999991628 33999999999999999999999
 90 95100103106109112114114112108101 93 82 70 57 45 37 33 35 42 52 64 7624 319AY 73511499999999999999999999918 9 33999999999999999999999
 88 97102105105104102101101102104104103 98 90 77 61 47 35 30 31 39 52 6724 320AY 329105105310499999999999999 7251011918 2999999999999999
 83 96104108106101 95 90 88 89 94100106108105 96 80 61 43 30 25 29 40 5724 321AY 3 710813 010899999999999999 8 7 8820 6 2599999999999999
 76 93105111109101 91 82 76 75 81 91102112115111 98 78 57 37 25 23 31 4724 322AY 31411114 011599999999999999 835 752043 2299999999999999
 68 89105113113104 91 77 66 62 66 77 92108119121113 96 73 50 32 23 26 3924 323AY 326114144412199999999999999 9 2 622115 2299999999999999
 60 83103115117109 93 75 60 51 51 61 78 98115125123111 90 66 43 29 26 3524 324AY 341117152312699999999999999 929 492144 2699999999999999
 54 78100115120114 98 77 57 43 38 44 61 83105121127121105 82 59 40 32 3624 325AY 35512016 012799999999999999 956 382211 3299999999999999
 51 74 97115123120105 82 59 39 29 30 44 66 90112125126116 97 75 55 42 4124 326AY 4111241636127999999999999991023 282236 4099999999999999
 52 71 94114125125112 90 64 40 24 20 28 48 73 97116124121108 89 69 55 5024 327AY 4271271713125999999999999991050 202259 5099999999999999
 56 71 92112126129119 99 73 46 25 15 18 32 55 80102116120113 99 83 68 6124 328AY 4441291750120999999999999991118 142321 6099999999999999
 62 73 91110125131125108 83 56 32 16 12 21 39 62 85103113113105 92 80 7224 329AY 5 21311829114999999999999991148 122340 7099999999999999
 70 77 90107122131129117 95 68 43 23 13 15 27 45 67 86100106104 97 89 8224 330AY 5221321916106999999999999991222 132357 7999999999999999
 79 82 92105119128130122105 82 57 35 21 16 20 32 49 67 82 93 97 97 93 8924 331AY 5421312022 979999999999999913 2 16999999999999999999999
 87 89 95104115124128125113 95 74 52 35 24 21 25 35 48 62 75 84 89 92 9324 4 1AY 6 5128999999999999999999999 0 6 871356 2199999999999999
 94 95 99104111118123123117106 90 72 54 40 30 26 27 33 42 54 66 76 85 9224 4 2AY 6321239999999999999999999991517 25999999999999999999999
 97101103106108111114116115110102 90 77 62 48 37 29 25 27 34 45 59 73 8624 4 3AY 71111699999999999999999999917 7 25999999999999999999999
 96104107108106104103103105106106103 97 86 73 57 42 29 22 21 28 41 57 7524 4 4AY 236108 92510699999999999999 6161031834 2199999999999999
 92104110110106 99 92 88 89 93 99106109107 98 83 64 45 28 19 18 27 43 6324 4 5AY 231111121010999999999999999 725 881934 1799999999999999
 85102112114108 96 83 73 68 72 82 95109117118109 92 69 46 28 19 21 33 5324 4 6AY 242114133511999999999999999 8 4 682021 1899999999999999
 77 98113118112 98 79 61 49 48 56 73 95114126127117 96 72 48 31 25 31 4824 4 7AY 257118143612899999999999999 841 4721 0 2599999999999999
 71 95114123120105 82 57 37 26 29 45 69 96119132132119 98 73 51 38 37 4824 4 8AY 314123153013399999999999999 918 262135 3699999999999999
 68 93114127128115 91 62 34 14  8 17 38 68 98121133131117 96 74 57 50 5524 4 9AY 333129162113499999999999999 955  822 6 5099999999999999
 70 92114130135127105 75 42 14 -2 -3 11 38 70 99121129125111 93 76 65 6424 410AY 3531361710129999999999999991034 -52234 6399999999999999
 74 92113131140137120 92 58 26  1-10 -5 13 41 72 99116122117104 90 79 7524 411AY 4141411759122999999999999991113-102258 7599999999999999
 80 93111129141143132109 78 45 16 -3 -9  0 20 47 74 96109112107 98 89 8324 412AY 4381431850112999999999999991153 -92319 8399999999999999
 85 94108124137142138122 97 67 38 15  1  0 10 30 53 75 91100102 99 94 8924 413AY 5 41421946102999999999999991236 -12336 8899999999999999
 89 94104117129136136127110 87 61 38 20 11 12 22 38 56 73 86 93 95 94 9224 414AY 53113721 6 95999999999999991324 102344 9299999999999999
 92 94100109118126129125115 99 80 60 43 30 23 24 32 44 57 70 81 87 91 9324 415AY 6 11299999999999999999999991422 23999999999999999999999
 94 95 98103108113117117113104 92 79 65 51 41 34 33 38 46 57 68 78 86 9224 416AY 6331179999999999999999999991541 33999999999999999999999
 96 98 99 99100101103104104102 97 91 82 72 60 50 42 38 40 46 57 68 80 9024 417AY 7221049999999999999999999991711 38999999999999999999999
 97101101 99 96 92 90 90 91 93 94 95 93 88 79 68 55 45 40 40 47 59 72 8624 418AY 1421011049 9599999999999999 652 901823 3999999999999999
 97104105102 95 87 80 76 76 79 86 93 98 99 95 86 72 57 45 40 41 50 65 8124 419AY 1511051247 9999999999999999 734 751916 3999999999999999
 95106110107 98 86 74 64 61 63 72 84 96104107101 89 73 56 45 41 45 58 7524 420AY 2 5110134910799999999999999 8 5 611957 4199999999999999
 93106114112103 88 71 56 48 47 55 70 87102112113105 90 71 55 45 45 54 7024 421AY 222114143711499999999999999 833 462033 4499999999999999
 89106117118110 93 72 52 38 33 38 53 73 94111119117105 88 69 55 49 54 6724 422AY 238119151811999999999999999 9 0 3321 5 4999999999999999
 86105118123117100 77 53 33 22 22 34 55 80102118123117103 85 68 58 57 6624 423AY 256123155712399999999999999 928 212135 5699999999999999
 83102119127124109 86 58 33 16 11 18 37 62 89110122124114 99 82 69 64 6824 424AY 314127163512499999999999999 956 1122 3 6499999999999999
 82100118129130118 96 68 39 17  4  6 20 43 71 97115123120110 95 81 73 7324 425AY 3341311714123999999999999991025  32229 7299999999999999
 82 98115129134127108 80 50 23  5 -1  7 26 52 79102116120115104 91 82 7924 426AY 3561341754120999999999999991056 -12254 7999999999999999
 84 96112126135132118 94 65 36 13  0  0 13 34 60 84103113114109 99 91 8624 427AY 4181351839115999999999999991129 -12319 8599999999999999
 87 95108122132134126107 81 52 26  8  1  6 20 41 65 85100107108103 97 9224 428AY 44313519331089999999999999912 7  12342 9199999999999999
 91 96105116127132129117 96 71 45 24 10  7 13 27 46 66 83 95101103101 9824 429AY 5111322049103999999999999991251  7999999999999999999999
 96 97102111119126127121108 88 66 44 27 16 14 20 32 47 64 78 90 9710010124 430AY 542128224810199999999999999 0 7 961346 1499999999999999
100100101105110116119119112101 85 66 49 35 25 22 25 34 46 61 75 87 9610124 5 1AY 623120999999999999999999999 04610015 0 2299999999999999
104103102101101103106108108105 98 87 73 58 45 34 29 29 35 46 61 76 9010024 5 2AY 017104 73610999999999999999 3171011628 2899999999999999
106107104 99 93 90 89 91 95 99101 99 93 83 70 56 43 35 33 38 50 65 82 9624 5 3AY 04610710 510199999999999999 547 891746 3399999999999999
107111108100 89 79 71 69 73 82 91100104103 95 82 66 51 42 39 45 58 75 9324 5 4AY 1 7111121610599999999999999 649 691847 3999999999999999
107115115106 91 73 58 49 48 56 71 88103112113106 91 74 59 49 48 56 71 9024 5 5AY 128116133811499999999999999 734 471936 4899999999999999
107119122115 98 76 53 35 26 29 43 64 87107119121113 98 81 66 59 61 71 8824 5 6AY 149122144112299999999999999 815 262019 5899999999999999
107122129126110 86 57 30 12  6 15 34 61 89112125126117102 86 74 70 75 8824 5 7AY 211130153712799999999999999 855  62056 7099999999999999
106123135136124101 71 38 11 -5 -6  7 32 63 93115127126117103 89 81 81 9024 5 8AY 236137162912899999999999999 935 -82131 8099999999999999
105122137143137118 89 55 22 -3-15-11  7 36 67 96116125123114102 92 88 9124 5 9AY 3 31431719125999999999999991015-1522 3 8899999999999999
103119134144145133109 77 42 12 -9-16 -7 14 43 73 98114120117109100 93 9324 510AY 33214618 8120999999999999991056-162233 9299999999999999
100113128140146141124 98 66 34  8 -8-10  2 24 51 77 98110114111104 98 9524 511AY 4 31461857114999999999999991138-1123 4 9599999999999999
 97106119131140141132113 87 58 31 10  0  2 15 35 59 81 97106108105100 9624 512AY 4371421949108999999999999991220 -12337 9599999999999999
 95100109120130135132121102 79 54 32 17 11 15 28 46 65 83 96102103101 9824 513AY 51213520461039999999999999913 5 11999999999999999999999
 95 96101108116123125120110 93 74 54 38 26 23 27 39 54 70 85 9510010110024 514AY 551125214910199999999999999 018 951355 2399999999999999
 97 95 95 98103109112113109100 87 73 58 45 37 34 38 48 61 75 87 9610110224 515AY 637113225010299999999999999 123 951453 3499999999999999
100 97 94 92 93 95 97100101 99 94 85 75 64 54 46 44 46 55 66 79 9110010424 516AY 751101233710599999999999999 323 9216 0 4499999999999999
105102 97 91 86 83 82 84 88 91 93 92 88 81 72 62 54 51 53 61 73 86 9710524 517AY1012 93999999999999999999999 537 8217 7 5199999999999999
109107102 93 83 74 69 68 72 78 85 91 95 94 88 79 69 61 57 60 68 81 9410524 518AY 0111091218 9599999999999999 642 6818 6 5799999999999999
112113108 98 84 70 60 54 55 61 72 84 95101101 96 86 75 66 63 67 77 9010424 519AY 040114133410299999999999999 723 531857 6399999999999999
114119116105 89 71 54 43 39 44 55 72 88102109109102 91 79 71 70 76 8710224 520AY 1 6119142911099999999999999 756 391942 6999999999999999
115123123114 97 76 54 36 26 27 37 55 76 96111117115106 94 82 76 77 86 9924 521AY 130124151511799999999999999 828 252021 7699999999999999
114125129123107 84 59 35 19 13 19 36 59 83105118123118107 95 85 82 86 9724 522AY 155129155712399999999999999 859 132058 8299999999999999
111125133131119 96 69 41 18  5  5 17 39 66 92112123125118107 95 88 88 9524 523AY 221133163812599999999999999 931  42132 8799999999999999
108123134137129110 83 52 25  5 -3  2 20 45 74 99117125124116105 96 92 9524 524AY 24813717201259999999999999910 5 -322 5 9299999999999999
105119132140137124 99 69 38 12 -3 -6  5 26 53 81103118123120112103 96 9624 525AY 31814018 5123999999999999991042 -62237 9599999999999999
102113127138141134115 88 57 28  6 -5 -3 11 33 60 85105116119116108101 9824 526AY 3501411853119999999999999991121 -62311 9799999999999999
100108120132139139127106 78 48 22  4 -2  3 19 41 66 8810411311511210610024 527AY 42514019471159999999999999912 3 -22350 9999999999999999
 99102111122132136132119 97 71 44 22  8  5 12 27 48 70 8910311111210910424 528AY 5 41362043112999999999999991249  5999999999999999999999
100 99103110120127129124110 91 68 45 27 17 15 22 36 55 75 9210411011110724 529AY 549129213711199999999999999 040 991340 1499999999999999
102 97 96 98104111117119115104 88 69 51 37 28 27 34 46 63 80 9610611111124 530AY 649119222311199999999999999 152 961438 2799999999999999
106 99 93 89 89 92 98104108106100 89 75 61 49 41 40 46 57 72 8810211111424 531AY 81710823 111499999999999999 331 881540 4099999999999999
111104 94 84 76 73 76 82 90 97101100 94 85 73 63 56 54 59 70 84 9911111824 6 1AY1018101233311999999999999999 5 3 731644 5499999999999999
118112100 85 70 59 54 57 65 77 89 99103102 96 86 76 69 68 72 83 9711012124 6 2AY1218103999999999999999999999 610 541745 6799999999999999
125122110 93 73 53 40 34 38 51 68 85100109111106 98 88 81 80 86 9611012224 6 3AY 0 5125134711199999999999999 7 3 341840 8099999999999999
130131123107 84 58 35 21 16 24 40 62 85104116119115106 97 91 91 9710812224 6 4AY 037132145511999999999999999 751 161931 9099999999999999
133139136123100 72 43 19  5  3 14 36 62 88109121125120111103 98 9910711924 6 5AY 112139155212599999999999999 836  22019 9899999999999999
131141144137119 92 60 29  6 -6 -4 12 37 66 9311312512712111310510210511424 6 6AY 149144164312799999999999999 920 -721 310299999999999999
126139147147135113 83 49 19 -2-10 -4 15 42 72 9811612512511911110510410824 6 7AY 22814817291269999999999999910 4-10214510399999999999999
119132143149145130105 73 41 13 -5 -8  2 23 51 7910311812312111510710210324 6 8AY 3 81491812124999999999999991046 -9222610299999999999999
110121134144147140122 96 65 35 11 -2 -1 12 35 62 87106117120116109102 9924 6 9AY 3491471851120999999999999991127 -323 6 9999999999999999
102110122134142142132112 86 58 32 13  5 10 25 48 72 94109116116111103 9824 610AY 43014319271179999999999999912 7  52348 9699999999999999
 96100109121131136133121102 78 53 32 19 16 23 40 61 82100111115112106 9924 611AY 51113620 2115999999999999991247 15999999999999999999999
 94 93 98107116124127122111 93 72 52 36 28 28 38 54 73 9110511311310910224 612AY 555127203611499999999999999 036 931326 2799999999999999
 95 90 90 94101109114116111101 86 70 55 44 39 42 52 68 8510011011511310724 613AY 644116211111599999999999999 134 9014 7 3999999999999999
 99 92 87 85 88 93 99104105102 94 84 72 61 54 52 56 66 80 9510711511611324 614AY 749105214711799999999999999 248 851451 5299999999999999
105 96 87 81 78 78 82 88 93 96 96 92 86 78 71 65 64 69 78 9110411411911824 615AY 927 96222411999999999999999 418 781542 6499999999999999
113103 92 81 72 67 67 71 77 85 91 95 95 92 87 81 77 76 80 8910011112012224 616AY1138 9523 112299999999999999 535 661640 7699999999999999
120112 99 85 71 60 54 54 59 69 80 90 98102101 97 92 87 86 90 9810911912524 617AY1321102233912699999999999999 631 531742 8699999999999999
126120109 93 75 58 46 40 42 51 64 80 94105111111106100 95 94 9810611612524 618AY1428111999999999999999999999 715 401842 9499999999999999
130129120104 84 62 43 30 27 32 45 64 8410111412011811310610110010511412424 619AY 017130151912099999999999999 755 26193710099999999999999
132135130117 97 72 47 28 16 16 26 44 67 9010912212612311610910410511012024 620AY 05613516 312699999999999999 834 15202610499999999999999
131139139131113 88 59 33 14  5  8 23 46 72 9711612712912511710910610811624 621AY 136140164513099999999999999 913  5211010699999999999999
127138144142129106 77 47 20  3 -2  6 25 51 7910412113012912311510810611024 622AY 216145172713199999999999999 954 -2215110699999999999999
120133144148142125 99 67 36 11 -3 -5  7 30 58 8610912413012712011110510524 623AY 25814818 9130999999999999991035 -6223110499999999999999
112124137147149140119 91 58 28  6 -5 -2 13 38 66 9211312512712311410610124 624AY 3411501849127999999999999991118 -5231310199999999999999
103112125139147146134112 83 52 25  6  0  6 24 49 76 9911612412411710810024 625AY 42614819261259999999999999912 0  02359 9699999999999999
 96100110124136143140127105 77 50 27 13 10 20 38 62 8610711912412011110124 626AY 51414320 0124999999999999991241 10999999999999999999999
 93 90 95105118129134131118 98 75 51 34 24 26 37 55 77 9811412312311610524 627AY 6 8134203112499999999999999 051 901322 2499999999999999
 93 85 82 87 96107118123120110 94 76 58 46 41 45 57 74 9311012112512211224 628AY 711123205912599999999999999 152 8214 3 4199999999999999
 99 86 76 72 75 83 94104110110104 94 81 69 61 60 65 76 9210812112812812024 629AY 831111212812999999999999999 3 3 721444 5999999999999999
108 93 78 66 60 61 68 79 90 99103102 97 90 83 78 78 84 9410712012913312924 630AY101810322 113399999999999999 420 601529 7899999999999999
120105 87 69 55 47 47 53 65 78 90 99104104101 97 94 9510010811912913613724 7 1AY1235104224113799999999999999 533 461622 9499999999999999
131120102 81 60 43 34 32 40 53 70 8610010911311210910710711111812713514024 7 2AY1422113233014199999999999999 638 32172910699999999999999
140134120 99 75 51 32 21 20 29 46 66 8610411512112111811511411612213113924 7 3AY1529122999999999999999999999 735 19184711499999999999999
144143135119 96 69 42 22 11 12 24 43 67 9111012212712612211711511712413224 7 4AY 027144161512799999999999999 826 10195911599999999999999
141147146137118 91 62 34 14  5  8 23 46 73 9711612713012712011511311512324 7 5AY 124148165313099999999999999 913  4205811399999999999999
134144150148136114 85 54 27  8  2  9 28 54 8110512212912912311510910811224 7 6AY 217150172513099999999999999 957  2214610899999999999999
122135146151147132107 77 46 21  6  4 16 38 65 9211312512912511710810210324 7 7AY 3 51511755129999999999999991037  3222710299999999999999
110122136147150143125 98 68 39 18  8 11 27 51 78102119127126118108 99 9524 7 8AY 3501501821127999999999999991114  723 5 9599999999999999
 98108122136145145135115 88 60 35 19 15 23 43 67 92112124126121111100 9224 7 9AY 4311461846127999999999999991149 152344 9099999999999999
 90 96107122134140137124104 79 54 35 25 27 40 60 84106121127124115103 9224 710AY 51214019 9127999999999999991221 24999999999999999999999
 85 86 94106119129132127113 94 72 52 39 36 43 58 79100117126127120108 9524 711AY 554132193312899999999999999 025 851251 3699999999999999
 85 80 83 91102113121122116103 86 70 56 49 51 61 77 9611312512912511410124 712AY 639122195812999999999999999 110 801320 4999999999999999
 89 80 76 79 87 96105111111106 96 84 73 65 63 68 79 9411012313012912110924 713AY 733112202313099999999999999 2 2 761349 6399999999999999
 95 83 75 72 74 80 88 96102103100 94 87 81 77 78 84 9510812112913212711724 714AY 848103205113299999999999999 3 5 721419 7799999999999999
104 90 78 69 65 66 71 79 87 94 98 99 98 95 92 91 93 9910811812713213212524 715AY1051 99212413399999999999999 417 651455 9199999999999999
114100 85 72 62 56 56 61 70 80 90 9710310510510410410511011712413113413124 716AY133710622 513499999999999999 529 56155510499999999999999
124112 97 80 64 52 45 45 51 62 75 8910111011511611511311411612212813313524 717AY145511623 013599999999999999 632 44173011399999999999999
133125111 93 73 55 40 33 33 41 56 73 9110711912412512211911711912413013624 718AY1537125999999999999999999999 726 3219 011799999999999999
139136127111 89 65 43 27 20 22 34 53 75 9711512713113012512011711912513324 719AY 0 5139161213199999999999999 815 2020 911799999999999999
140144141129109 83 56 32 15  9 14 30 54 8010412313313513012311711411712524 720AY 1 7144164513599999999999999 9 2  921 111499999999999999
136146150146131107 77 46 21  5  1 11 32 59 8711212913613412711711010911424 721AY 2 3150171713699999999999999 946  1214510899999999999999
125139151155148130102 69 38 13 -1  0 14 39 68 9712013313613011910810110224 722AY 2551551747136999999999999991028 -2222610099999999999999
111126142154157147126 96 62 32 10  1  6 25 52 82108127135132122108 97 9124 723AY 34515718151359999999999999911 7  123 8 9199999999999999
 95107124142153154142119 89 58 30 14 10 20 42 69 97119132134126112 96 8424 724AY 4341551839135999999999999991145 102351 8199999999999999
 81 87102121138148147134112 84 56 35 25 27 41 64 90113130135131117100 8324 725AY 52514919 2135999999999999991219 24999999999999999999999
 73 72 80 96114130138136124104 81 60 46 42 49 66 88110128137136125108 8924 726AY 619139192313899999999999999 038 711251 4299999999999999
 73 64 64 72 87104118125124114 99 82 69 62 64 74 9010912713814113411910024 727AY 718126194514199999999999999 129 621318 6199999999999999
 81 65 57 57 65 78 93105112112106 98 88 82 80 86 9711112613814414113011424 728AY 831113201014499999999999999 229 561342 8099999999999999
 95 76 60 52 50 56 67 80 92100103103101 98 97 9910511512613714414513912824 729AY1024104204114599999999999999 340 501357 9799999999999999
111 93 74 58 47 44 47 56 68 81 91 9910510810911011311812513314014414413824 730AY2123144999999999999999999999 5 1 44999999999999999999999
127112 94 74 56 43 37 38 46 59 74 8810111011611912112212412813413814214224 731AY2234142999999999999999999999 620 37999999999999999999999
138129115 96 74 54 38 30 30 39 53 72 9010611812512712612412412512913514024 8 1AY16 4127999999999999999999999 727 29184412499999999999999
142141133118 96 72 49 31 23 24 35 53 75 9611412613012912512011811912413124 8 2AY 011142161613199999999999999 822 22201611899999999999999
139145144136119 94 67 42 24 17 21 36 59 8310612313113212711911210911111924 8 3AY 128145163613299999999999999 9 7 1721 610999999999999999
130141148148137116 88 59 34 19 15 24 44 69 9511612913312912010910210010624 8 4AY 224149165613399999999999999 947 15214510099999999999999
117132145151148133109 80 51 28 16 18 33 57 84108126133131122109 98 91 9324 8 5AY 3111521716134999999999999991022 152219 9199999999999999
103118135147151144125 99 69 43 25 20 28 48 74100121132133125111 97 86 8324 8 6AY 3521511735134999999999999991053 202252 8399999999999999
 89102120137147147136115 88 61 39 28 30 44 67 93116131135129116 99 85 7624 8 7AY 4311491754135999999999999991122 272325 7599999999999999
 77 87104122136143139125103 78 56 41 37 46 64 88111129136133121104 87 7424 8 8AY 5 91431812137999999999999991148 372359 7099999999999999
 70 75 87105121133136129113 93 72 56 49 52 66 86108126137137128111 93 7724 8 9AY 5481361831138999999999999991212 49999999999999999999999
 67 66 74 88104118126126118103 87 72 63 63 71 87106124136140133119101 8324 810AY 629127185114099999999999999 035 651234 6299999999999999
 69 63 65 74 87101112118116109 97 86 78 75 80 90106122135140138126110 9224 811AY 716118191114199999999999999 115 631254 7599999999999999
 76 65 61 64 73 84 96105109108103 97 91 88 90 9710812013213914013211910224 812AY 818109193314099999999999999 2 2 6113 9 8899999999999999
 85 72 63 59 62 69 79 88 9610110310210110010110511112012913713913612711424 813AY101310320 013999999999999999 3 2 5913 310099999999999999
 98 83 70 61 56 57 62 70 79 88 9610210610911211411712112713313713713312424 814AY2036138999999999999999999999 422 56999999999999999999999
112 98 82 68 57 50 48 51 59 70 83 9510611411912212312412612913213513513324 815AY2143136999999999999999999999 551 48999999999999999999999
126115100 83 66 50 40 36 39 49 63 80 9811212312913012812612512612913313624 816AY1547130233113799999999999999 7 3 3619 112599999999999999
136131120104 83 61 41 28 23 28 41 61 8310412113113513212712111812012513324 817AY16 0135999999999999999999999 8 1 23201111899999999999999
140143139127106 80 54 31 17 13 21 39 64 9011313013713612811911110811212224 818AY 059143162013799999999999999 848 13205610899999999999999
135146151147131106 76 46 22  9  8 21 44 73101124136138131118106 97 9710524 819AY 2 4151164113999999999999999 931  72134 9699999999999999
120138152158151132103 70 40 17  7 12 31 58 88115133139134121104 89 82 8524 820AY 25915817 2139999999999999991010  72213 8199999999999999
 98119140155160151129 98 65 37 19 15 26 49 78107129140138125106 86 71 6724 821AY 3501601722141999999999999991046 152252 6799999999999999
 75 93117140154157145122 93 63 40 29 32 48 73101125140142132113 89 68 5624 822AY 4401571741143999999999999991118 282332 5499999999999999
 55 67 89114136148148136114 88 65 50 46 55 74 99123140146140123 99 74 5424 823AY 53015018 0146999999999999991147 46999999999999999999999
 45 48 63 85108128137136124106 87 72 65 68 81101123140149147134112 86 6324 824AY 622138181915099999999999999 015 441211 6499999999999999
 46 39 45 60 80101117124123114102 90 83 83 91106123140150152143126103 7924 825AY 719125184015399999999999999 1 1 391230 8299999999999999
 58 44 39 45 58 75 91104111111107101 97 96101111124137148152149137119 9824 826AY 83211119 415299999999999999 155 391238 9699999999999999
 77 59 47 42 46 55 68 81 92 9910310410510610911512413414214814814213111524 827AY1933149999999999999999999999 3 2 42999999999999999999999
 98 80 64 52 46 46 51 60 72 83 9210010711211612012412913513914114113612824 828AY2015142999999999999999999999 431 45999999999999999999999
116102 86 70 56 47 43 45 53 65 78 9110311312012312512612712913113313413324 829AY22 5134999999999999999999999 6 6 43999999999999999999999
129121109 92 74 57 44 38 39 48 62 79 9611112112612712412111811812012513024 830AY1537127999999999999999999999 718 38193811899999999999999
133133127114 95 74 53 39 32 35 47 65 8610512012812912511811110610711212124 831AY 029134154013099999999999999 810 32202710699999999999999
130138139132116 94 69 47 32 28 36 52 74 97117129132127118106 97 94 9710724 9 1AY 141139155313299999999999999 851 2821 1 9499999999999999
121135143143133113 87 61 40 28 29 42 64 88111127134131120105 92 83 83 9224 9 2AY 23114516 913499999999999999 925 272132 8299999999999999
107125140148144129106 78 52 35 29 37 55 80105125135134124107 90 77 71 7624 9 3AY 313148162513699999999999999 956 2922 1 7199999999999999
 91110130144148140121 96 69 47 35 37 51 74100122136138129112 92 74 63 6324 9 4AY 3511481641138999999999999991024 342230 6299999999999999
 74 93115134145145132111 86 63 47 43 51 71 95119135141134118 97 75 60 5424 9 5AY 4271461658141999999999999991049 4323 0 5499999999999999
 60 76 98120136142137122101 79 61 53 57 71 93116134142139125104 80 61 5024 9 6AY 5 41421714143999999999999991113 532329 4899999999999999
 50 61 80102122134136127112 93 76 66 65 75 92113132143143132112 89 66 5124 9 7AY 5411361731145999999999999991134 64999999999999999999999
 45 51 65 85105121128127117104 89 79 76 81 94112129142145138121 98 75 5724 9 8AY 620129174914599999999999999 0 0 451153 7699999999999999
 46 46 54 70 88105116121118109 99 91 87 89 98112127139145141128109 87 6724 9 9AY 7 412118 814599999999999999 034 4512 9 8799999999999999
 52 46 48 58 72 88101109112110105100 97 98104113125136142142134119 99 8024 910AY 8 2112182814399999999999999 112 461216 9799999999999999
 63 52 48 51 59 71 83 93100104105105105107110116124132138140136126112 9524 911AY1851140999999999999999999999 2 4 48999999999999999999999
 78 64 55 51 51 56 64 74 84 9210010511011411712012412913313513513012211024 912AY1921136999999999999999999999 323 50999999999999999999999
 96 82 69 58 50 47 48 54 63 75 87 9911011812312512612612712812912912712224 913AY2035129999999999999999999999 511 47999999999999999999999
114103 89 73 58 46 38 37 43 55 70 8710411812612912812512111811912112512824 914AY1511130232912899999999999999 639 37192411899999999999999
128123112 96 76 55 39 29 27 35 51 71 9311312713313112411510810510711412424 915AY1517133999999999999999999999 739 2720 510599999999999999
133137134121101 76 51 32 21 22 34 55 80105124134134126113 99 90 89 9610924 916AY 1 5137153113599999999999999 826 202041 8899999999999999
126140147143127103 74 47 28 20 25 42 67 95119134138130113 94 78 70 73 8624 917AY 2 9147154713899999999999999 9 6 202116 6999999999999999
107129147154148129102 72 45 29 26 37 59 87114133141135119 95 72 56 51 5924 918AY 3 315416 514199999999999999 942 262152 5199999999999999
 79106132150156147127 99 70 49 38 42 58 83110132144142127103 75 50 36 3624 919AY 3541561622145999999999999991015 382230 3499999999999999
 50 76106132149152142121 96 72 57 54 64 84109132147149138115 85 55 33 2324 920AY 4441531641150999999999999991044 5323 9 2299999999999999
 28 47 75104129143143133114 94 78 70 74 88109131148155148129101 69 41 2324 921AY 53314517 1155999999999999991110 702351 1799999999999999
 17 27 48 75102122132132122108 94 86 86 95111130147156155141118 88 59 3524 922AY 6251331722157999999999999991131 85999999999999999999999
 21 20 31 51 75 97113120119113105 98 96102113128143154156148131107 81 5624 923AY 723121174515699999999999999 035 191145 9699999999999999
 37 27 28 38 54 73 90102108109107104104107114125137146151149138122101 7924 924AY 842109181115199999999999999 125 26114310499999999999999
 60 45 37 37 44 56 70 83 93 99103106108111115122129136141142138128115 9924 925AY1840142999999999999999999999 229 36999999999999999999999
 83 68 56 48 45 48 55 65 76 87 9610310911311712012312612813012912712111324 926AY1919130999999999999999999999 358 45999999999999999999999
103 91 78 65 55 48 48 52 61 73 86 9810811511912011911711611611611811911924 927AY1452120222811999999999999999 539 47185111699999999999999
116110100 86 70 57 48 45 50 60 75 9010511612212211911210610210110411011624 928AY1436123999999999999999999999 652 45194310199999999999999
121122117106 89 70 54 44 43 50 64 82100115124126121111100 91 87 88 9610724 929AY 042123144512699999999999999 741 422014 8699999999999999
119127129123108 87 66 50 41 43 55 73 94113126130125113 98 84 75 73 79 9324 930AY 144129145813099999999999999 820 412043 7399999999999999
110125134134124105 82 61 46 42 49 66 88109126133130118100 81 66 60 63 762410 1AY 230135151313399999999999999 853 422110 5999999999999999
 95116132139136121100 76 57 47 49 61 82105124135135124105 82 62 50 48 592410 2AY 310139152913799999999999999 922 462138 4899999999999999
 78101123138141133115 93 71 57 53 61 79101122137140131112 87 63 45 38 432410 3AY 348141154514099999999999999 950 5322 5 3899999999999999
 60 84109129140139127108 87 70 61 64 78 98120136143137120 95 68 45 32 322410 4AY 42414116 2143999999999999991015 612233 3099999999999999
 44 66 92116132138133119101 83 72 71 80 97117135144142128104 76 51 32 262410 5AY 5 11381620145999999999999991039 7023 1 2699999999999999
 32 49 74 99120132133125111 96 84 79 84 97115132144145135114 87 60 38 262410 6AY 53713416381469999999999999911 1 792330 2499999999999999
 26 37 58 82104120127125117105 94 88 90 99113129142146140124 99 72 48 322410 7AY 6171271657146999999999999991120 88999999999999999999999
 26 31 45 65 86104116120117110102 97 96102112126137144142130111 86 62 432410 8AY 7 2120171814499999999999999 0 3 261136 9699999999999999
 32 30 37 52 69 87100109112110107104103106113123133140141134120100 78 582410 9AY 8 6112174014199999999999999 040 29114410399999999999999
 44 36 36 43 54 68 82 94101106107108109111115121127133136133125112 95 77241010AY18 4136999999999999999999999 130 35999999999999999999999
 61 49 42 41 45 53 63 75 86 96103109113115118120123125127128125118108 95241011AY1835128999999999999999999999 244 40999999999999999999999
 82 68 56 47 42 42 47 56 68 81 94105114119121121119117116116117117115110241012AY1411121203111799999999999999 430 42181211699999999999999
102 91 77 63 51 42 38 41 51 65 82 98112121125122116109103101102107112117241013AY14 4125234011899999999999999 6 1 3819 910199999999999999
117113102 87 69 52 40 35 39 51 69 89108122128126117104 92 84 82 87 98111241014AY1415128999999999999999999999 7 3 351943 8299999999999999
122128125113 94 73 53 40 36 43 59 80102121131131121104 84 69 61 63 75 93241015AY 110128142913299999999999999 751 362018 6099999999999999
113130138134120 99 75 55 43 43 54 74 97119133137128109 84 60 43 38 46 65241016AY 213138144613799999999999999 832 422054 3899999999999999
 91117136145140124101 78 60 52 57 72 94118136143137119 91 61 35 21 20 35241017AY 3 814515 514399999999999999 9 8 522131 1999999999999999
 61 92121140147140123101 81 68 66 76 94117137148147132105 72 39 15  5 10241018AY 359147152515099999999999999 940 6622 9  499999999999999
 31 61 94122139144136120101 86 79 83 96116137151155145122 90 54 23  3 -2241019AY 4491441547155999999999999991010 792249 -399999999999999
  8 33 64 95120134136128115101 92 91100115134150158154137110 76 42 15  0241020AY 5401371612158999999999999991035 902330 -299999999999999
  0 14 39 68 95116126126120110102 99103114129145155157147126 98 66 37 15241021AY 6321271639158999999999999991058 99999999999999999999999
  6  9 24 46 71 93109116117112107104105112123136147152149136115 89 62 39241022AY 73211717 815299999999999999 014  5111710399999999999999
 23 17 22 35 53 73 90102108109108106106110117126135142143137124105 84 64241023AY 852109173914399999999999999 1 3 17112910699999999999999
 46 35 30 34 44 58 73 87 97103106107108109112117123128130129123113100 85241024AY1814130999999999999999999999 2 0 30999999999999999999999
 70 56 47 43 44 50 61 73 85 95102107110111111111112113115116115112107 99241025AY19 9116999999999999999999999 315 42999999999999999999999
 89 78 67 57 51 50 54 62 74 86 97106112114113109105102100100101103105105241026AY13 6114223110699999999999999 443 491831 9999999999999999
102 96 87 75 63 55 52 56 65 78 92104113118117111103 94 87 84 85 90 97104241027AY1319118999999999999999999999 557 521916 8399999999999999
108109104 93 79 66 57 54 59 70 86101114121122116105 91 78 70 68 73 83 95241028AY 035109133612399999999999999 651 541948 6899999999999999
107115116110 97 81 67 58 57 65 80 97113124127122110 92 74 60 53 55 66 82241029AY 139117135412799999999999999 734 572017 5399999999999999
 99114123122113 98 81 67 61 64 75 92111125132129116 97 75 55 42 40 48 64241030AY 227124141313299999999999999 811 612045 3999999999999999
 86107123129126113 96 80 69 66 74 89108125135135124104 79 55 36 27 31 46241031AY 3 9129143213699999999999999 844 662112 2799999999999999
 69 94116130133126111 94 80 73 75 87105123136140132114 87 59 35 20 18 292411 1AY 348133145114099999999999999 915 732140 1799999999999999
 50 77103123133133123107 92 82 80 87102120135143139123 98 68 40 20 11 162411 2AY 425134151214399999999999999 943 8022 9 1199999999999999
 33 58 86111128133129117103 92 86 89100117133143144133110 81 51 25 10  82411 3AY 5 21331533145999999999999991010 862239  799999999999999
 19 41 68 95116128129123112101 93 93100113129141146139121 95 64 37 16  72411 4AY 5411301556146999999999999991035 922311  799999999999999
 12 27 51 77100116124123117108100 97101110124137144143130108 80 52 28 132411 5AY 6231251621145999999999999991059 972346 1099999999999999
 10 19 36 59 82101113118117112106102103109119131139142135119 96 70 45 262411 6AY 7141191647142999999999999991122102999999999999999999999
 16 17 27 44 64 83 99109113112110107106108115123132136135125109 87 64 442411 7AY 822113171713799999999999999 027 15114710699999999999999
 29 23 24 34 48 65 81 95104109111110109109112116122127128125116101 83 652411 8AY10 5111175212899999999999999 116 22122610999999999999999
 48 37 31 32 39 51 65 80 93103109112113112110110111114116117115108 98 852411 9AY1140113185111799999999999999 221 31143911099999999999999
 71 57 46 40 38 43 52 65 80 94105113116115111106102 99 99102104106105101241110AY1215116211210699999999999999 343 381727 9999999999999999
 92 81 69 57 48 44 47 55 69 85100112119120115105 95 86 80 80 85 93101106241111AY1238120234210899999999999999 5 6 441830 8099999999999999
107103 93 80 67 56 51 53 63 77 94110121125121109 93 76 63 57 60 70 84 99241112AY1259125999999999999999999999 612 511913 5799999999999999
111117115105 91 76 64 59 63 74 90108123130129117 98 75 53 39 34 41 57 79241113AY 114117132013199999999999999 7 5 591953 3499999999999999
101118126125114 99 83 73 70 76 89107124136138129109 82 53 29 15 15 27 50241114AY 221127134313899999999999999 750 692033 1399999999999999
 78105124133131120105 90 82 82 90106124139146141125 97 64 32  8 -3  2 20241115AY 31813414 914699999999999999 830 812113 -399999999999999
 49 80109128136133122107 96 91 94106122139150152140116 83 47 15 -6-13 -3241116AY 411136143715299999999999999 9 7 912154-1399999999999999
 20 52 84112129135130120108100 98105119135150156152134105 70 34  5-12-14241117AY 5 113515 815699999999999999 940 982236-1599999999999999
  0 26 57 88112126130125116107102105114128143154156146125 94 59 26  2-10241118AY 55113015411579999999999999910121022318-1199999999999999
 -7  9 35 65 91111121123118111105104109119133146153150137114 84 52 25  6241119AY 6411231616153999999999999991045104999999999999999999999
 -1  5 22 46 71 93109116116112107103104111121133142145140125103 76 50 28241120AY 732117165414599999999999999 0 1 -1112010399999999999999
 14 11 19 35 56 77 95106111111108104102104110119127133133126113 94 72 52241121AY 825112173313499999999999999 046 1112 410299999999999999
 35 26 25 33 48 65 83 97105109109106102101102106112117120119113102 88 72241122AY 920109181912199999999999999 133 2413 910199999999999999
 57 45 38 39 46 58 73 88 99107110109105101 98 97 98101104106106102 96 86241123AY1013110192810699999999999999 226 3815 1 9799999999999999
 75 64 55 50 50 56 67 80 93104110112110106 99 93 88 86 87 89 92 95 96 94241124AY11 01122145 9699999999999999 327 491719 8699999999999999
 89 82 73 65 60 60 65 75 87100110115116112104 94 84 76 72 72 76 82 89 94241125AY1138116999999999999999999999 433 591829 7199999999999999
 97 95 90 82 74 68 67 73 83 95108117121119111 99 84 70 60 56 58 65 76 88241126AY 0 9 97121112199999999999999 537 671911 5699999999999999
 98103103 98 90 81 75 75 81 92105116124125119106 89 70 53 43 41 47 60 76241127AY 131104124012699999999999999 632 741946 4199999999999999
 92105112112105 95 86 81 82 89101115125130127115 97 74 52 36 28 30 41 60241128AY 22711313 813099999999999999 721 802017 2799999999999999
 81100114120118110 99 90 86 89 98112125133134125107 83 56 34 19 16 24 41241129AY 312121133513599999999999999 8 3 862048 1599999999999999
 65 89110122126121111100 92 91 97108122134139134119 94 66 38 17  7  9 23241130AY 35312614 213999999999999999 842 912120  699999999999999
 46 73 99118128128121110100 95 97105118132141141130108 80 49 22  5  0  82412 1AY 431129143114299999999999999 917 952153  099999999999999
 27 54 82106123129126118108100 98103114128140145139122 96 64 34 10 -3 -22412 2AY 51012915 114599999999999999 949 982227 -499999999999999
 12 35 63 90111124127122114105100101109121135144144133112 82 51 23  3 -42412 3AY 551127153214599999999999999102110023 4 -499999999999999
  2 19 44 71 96113122123118110103101105114127139144140125100 70 41 16  22412 4AY 63412416 61449999999999999910541012342 -199999999999999
 -1  9 28 53 78 99113120119113106102102107118129138140132114 90 62 35 152412 5AY 7211201642140999999999999991131101999999999999999999999
  5  7 18 38 61 83101112117115110104101102108117127132131122105 82 57 352412 6AY 810117172313399999999999999 023  4121610199999999999999
 20 14 17 29 48 68 88103112115113107102 98 99104111118122121112 97 78 582412 7AY 859115181512399999999999999 1 8 141320 9899999999999999
 41 29 25 30 41 58 76 93106114115111105 98 93 92 94100106110109104 93 792412 8AY 944115192811099999999999999 157 251449 9299999999999999
 64 51 42 40 44 54 69 86100111116116110101 91 83 79 79 83 90 96 99 99 942412 9AY1022117212210099999999999999 253 401628 7999999999999999
 85 75 65 57 55 59 68 81 96109118121117108 95 81 69 61 60 64 73 84 93 98241210AY10571212340 9999999999999999 355 551744 6099999999999999
 99 95 88 80 73 70 73 81 94107119125125118104 86 67 51 41 39 46 59 74 89241211AY1131126999999999999999999999 5 0 701841 3999999999999999
101107106101 93 87 84 86 94106119128133129118 99 75 50 31 20 20 30 48 70241212AY 12710712 613399999999999999 6 3 841931 1999999999999999
 90106115117112104 97 95 97106117129138139132116 91 61 34 12  2  5 20 43241213AY 242117124414099999999999999 7 1 952017  299999999999999
 69 94112123124119111104102106115127138145144133111 81 48 19 -2-10 -3 16241214AY 341124132414699999999999999 75410221 2-1099999999999999
 43 72 99118127127121113107106111121134145151146131105 71 37  7-11-15 -5241215AY 43112814 715199999999999999 8431062147-1699999999999999
 18 48 78104121128126120112106107113125139149153145126 96 62 28  1-14-14241216AY 516128145015399999999999999 9271062230-1699999999999999
  1 26 56 85108122126122114107103106114128141150151140117 87 53 22 -1-11241217AY 55712615331529999999999999910 91032311-1199999999999999
 -6 11 38 67 93111121121116108101 99103114128140147144131107 77 46 20  2241218AY 6341221615147999999999999991050 992350 -399999999999999
 -3  6 26 51 78100113118116109100 95 95101112125136140134119 96 69 42 21241219AY 7 71181657140999999999999991132 94999999999999999999999
 10 10 22 42 66 89106115116111102 94 90 91 98109120127129122106 86 63 42241220AY 738116174012999999999999999 028  81218 8999999999999999
 27 21 25 39 59 80 98111115113106 97 89 85 87 93102111116116108 95 78 61241221AY 8 8115182611799999999999999 1 4 211312 8599999999999999
 46 36 35 42 56 74 92107115116111102 93 85 81 82 86 93 99103103 97 87 75241222AY 838116192410499999999999999 139 351420 8199999999999999
 63 54 49 51 59 72 88103113118116109 99 89 81 75 74 77 81 87 91 92 90 85241223AY 9111182051 9299999999999999 216 491548 7499999999999999
 78 71 65 63 66 74 86 99110118119115107 96 85 74 67 64 65 69 75 81 86 88241224AY 9461202320 8899999999999999 257 631716 6499999999999999
 88 85 81 78 77 79 86 96107116121121115105 92 78 65 56 51 52 57 66 76 85241225AY1026122999999999999999999999 351 771821 5199999999999999
 91 95 95 93 90 88 90 96104113121124122114102 86 69 53 42 37 40 48 61 75241226AY 134 9511 812499999999999999 5 2 8819 9 3799999999999999
 89 99105106103 99 97 98102110118125127123113 97 77 56 39 27 24 30 43 61241227AY 243106115412799999999999999 616 961950 2499999999999999
 79 96108114114110105102102107115123130130124110 89 65 42 24 14 14 24 42241228AY 328115123913199999999999999 7221012029 1299999999999999
 64 87105117121119113107103105111120129135134124105 80 52 27 10  2  7 22241229AY 4 6121132213599999999999999 81610321 6  299999999999999
 45 71 95113123125120113106103106114125135140136121 97 68 38 13 -2 -5  5241230AY 44212514 514099999999999999 9 11032144 -599999999999999
 25 52 80103119126124117109102101107118131141144136116 88 56 26  3 -9 -7241231AY 516126144714499999999999999 9401012222-1099999999999999
