 21 25 39 59 80 99111114111102 92 83 80 82 90101111118118111 96 78 58 4224 1 1B1 658114173211999999999999999 0 6 2112 8 8099999999999999
 33 32 40 56 75 93107114113106 96 85 78 75 78 86 95104108107 99 87 72 5724 1 2B1 723114181710999999999999999 035 321256 7599999999999999
 47 43 47 57 72 89104113116111102 90 80 73 71 74 80 88 94 98 96 90 81 7124 1 3B1 7501161914 9899999999999999 1 3 431355 7199999999999999
 62 57 57 62 73 87101112117116109 98 86 75 68 65 67 72 79 85 88 89 86 8124 1 4B1 8181182038 8999999999999999 131 5615 7 6599999999999999
 76 71 70 72 78 87 99110118119115106 94 81 70 62 58 58 62 69 76 82 86 8724 1 5B1 8491202314 8799999999999999 2 1 701626 5799999999999999
 87 85 84 84 86 91 99108117121121115105 91 77 63 53 47 47 51 59 69 79 8724 1 6B1 925122999999999999999999999 241 831736 4699999999999999
 93 96 97 97 96 97101108115122125123116104 88 71 54 42 35 34 40 52 66 8024 1 7B1 154 97101012599999999999999 355 961834 3399999999999999
 92102107108107105105108113120126129127118104 85 63 44 29 21 22 31 46 6524 1 8B1 25310811 412999999999999999 5331051924 2199999999999999
 84100111116117114111110112117125131134131121103 80 55 32 16  9 12 24 4424 1 9B1 33311712 313499999999999999 6521102012  899999999999999
 67 89107118122121116112110113120129137140136123101 74 45 20  4 -1  5 2224 110B1 4 912213 014099999999999999 7531102057 -199999999999999
 46 72 95113122124120114109108112121133142146140123 98 66 35 10 -5 -7  324 111B1 443124135414699999999999999 8431072142 -899999999999999
 24 51 79102117123122115107102102109121135146149140121 92 59 28  4 -8 -624 112B1 516124144514999999999999999 9271012224 -999999999999999
  8 32 61 87107119121116106 97 93 95105120136147148137115 85 52 23  3 -424 113B1 5451211536149999999999999991011 9323 3 -499999999999999
  2 20 46 73 97113119116107 95 86 82 87 99117133143142130107 78 48 24  924 114B1 6111191626144999999999999991055 822340  699999999999999
  7 17 38 63 88107117117109 96 83 74 72 78 92110126134132119 98 72 48 3024 115B1 6331181719134999999999999991143 71999999999999999999999
 22 25 39 60 83103116120114102 86 71 63 62 70 84101115121119108 90 70 5224 116B1 653120181512299999999999999 012 211235 6199999999999999
 41 39 47 63 82102117123121110 94 77 62 54 54 61 74 89101107106 97 85 7124 117B1 713124191710799999999999999 041 391332 5399999999999999
 61 57 60 70 86103118127128120106 89 71 56 48 47 53 63 76 87 93 94 90 8424 118B1 7361282038 9599999999999999 1 4 571439 4699999999999999
 78 74 75 81 91105118129133129119104 86 68 53 44 41 44 53 64 75 83 87 8824 119B1 8 41332310 8899999999999999 121 731557 4199999999999999
 88 87 88 91 98107117127134135129119104 86 68 52 40 35 36 43 54 65 76 8524 120B1 839135999999999999999999999 113 871719 3499999999999999
 91 95 98100104109116123130135135129120105 88 68 50 36 28 28 35 47 61 7524 121B1 9291359999999999999999999991832 27999999999999999999999
 88 98104108109111114118123129133134131122108 89 68 47 31 22 21 29 44 6124 122B110451349999999999999999999991933 21999999999999999999999
 79 94106112114113112112115120126132135133125110 89 65 42 24 16 17 27 4524 123B1 4 5114121113599999999999999 6211122023 1599999999999999
 66 86102113117116112108107109115124132137136127109 85 59 34 18 11 15 3024 124B1 413117132113899999999999999 75310721 6 1199999999999999
 52 75 96110118118113106101 99103111123134140137125105 78 50 26 12  9 1924 125B1 431118141514099999999999999 847 992143  999999999999999
 38 62 86105116119114106 97 91 91 98110124136140135120 96 67 40 20 10 1324 126B1 45111915 014099999999999999 929 912216  999999999999999
 27 50 76 98113119116107 96 86 82 85 95110126136138129110 84 56 32 16 1324 127B1 51011915401389999999999999910 5 822247 1399999999999999
 22 41 66 90109118118110 97 84 76 75 81 95111126134131119 98 72 47 28 1924 128B1 5291191618134999999999999991040 742314 1999999999999999
 22 37 59 83104117120113101 86 74 68 70 80 95111124128122107 85 62 42 3024 129B1 5471201655128999999999999991115 672338 2799999999999999
 28 38 56 79100115121118106 90 75 65 62 67 80 95110118119110 95 75 56 4324 130B1 6 61211733120999999999999991150 62999999999999999999999
 38 43 57 76 97114123122112 97 80 66 58 59 66 79 94105111109 99 85 70 5724 131B1 625124181411199999999999999 0 1 381227 5799999999999999
 50 52 61 77 95112123125118104 87 71 59 54 57 66 78 90 99102 99 91 81 7024 2 1B1 64512619 110299999999999999 021 5013 8 5499999999999999
 64 63 69 80 95110122127124113 96 79 64 55 52 55 63 74 84 91 94 92 87 8224 2 2B1 7 612720 5 9499999999999999 038 631357 5299999999999999
 77 76 79 86 97110121127127120107 90 74 61 52 49 52 58 67 76 83 87 89 8824 2 3B1 7291282215 8999999999999999 050 7615 2 4999999999999999
 88 88 90 94101110119126129125116103 87 72 59 50 45 45 50 58 67 75 83 8924 2 4B1 758129999999999999999999999 027 881627 4599999999999999
 94 97100103107112118124128128124115103 88 72 57 45 38 35 39 46 57 70 8224 2 5B1 8371299999999999999999999991754 35999999999999999999999
 93102108111113115117120124128128125118106 90 72 54 38 27 23 26 36 50 6724 2 6B1 94512899999999999999999999919 5 23999999999999999999999
 84 99110116118117116116118122127130130124112 94 72 49 29 16 11 15 28 4724 2 7B1 4 7118112513199999999999999 63011620 1 1199999999999999
 69 90106117121119115111110113119127134136131117 96 69 42 20  5  1  9 2624 2 8B1 410121125113699999999999999 7511102050  199999999999999
 50 75 97113121120114107101100105115128139143137121 95 65 35 12 -1 -2 1024 2 9B1 426121135714399999999999999 8411002132 -399999999999999
 32 59 86106118121114104 93 87 88 96112129142146139120 92 59 30  8 -1  424 210B1 445121145414799999999999999 924 862211 -199999999999999
 21 46 74 99115121116104 88 76 71 75 88108128142146137115 86 55 28 12  824 211B1 5 212115461469999999999999910 6 712245  899999999999999
 18 39 66 93112121119107 89 71 59 56 63 81104125138140129107 80 52 32 2224 212B1 5191221638141999999999999991047 552315 2299999999999999
 25 40 64 90111123125114 96 74 55 44 44 55 75 98119130130118 98 75 54 4124 213B1 5351251728131999999999999991131 422340 3999999999999999
 39 48 67 90112127131124107 84 61 43 34 37 50 70 92109118117106 90 73 6024 214B1 5521311820119999999999999991216 34999999999999999999999
 55 60 74 93113129137133120 98 74 52 36 30 34 47 66 84 98105103 95 85 7524 215B1 611137191710599999999999999 0 0 5513 5 3099999999999999
 70 72 82 96114129139140131114 92 68 49 35 31 35 46 61 76 87 92 92 89 8424 216B1 6341412029 9399999999999999 013 7014 1 3199999999999999
 82 83 89100113127137141137126108 88 68 51 39 35 37 44 55 67 76 82 85 8724 217B1 7 1141999999999999999999999 014 821511 3599999999999999
 88 91 95103112122131137138132121106 89 72 57 45 38 37 41 49 59 69 77 8424 218B1 7341389999999999999999999991643 37999999999999999999999
 90 95100105111117123128131131126118107 94 78 63 49 39 35 36 43 53 65 7724 219B1 8221329999999999999999999991815 35999999999999999999999
 88 97104108110112115117120123124123119111 99 84 66 49 36 30 31 38 51 6624 220B110 61249999999999999999999991923 29999999999999999999999
 82 95105110111110108107108111116121124123116103 85 64 45 30 24 27 37 5424 221B1 350111121912499999999999999 7 31072013 2499999999999999
 73 90104112113110104 98 96 97103112121127127119104 82 58 37 24 20 26 4224 222B1 345113133212899999999999999 810 962052 2099999999999999
 62 83101112115111103 93 86 84 88 98111124131129119 99 74 49 29 19 20 3224 223B1 356115142213199999999999999 850 842125 1899999999999999
 52 75 96111116114104 91 80 73 74 83 97114127133128113 91 64 40 24 19 2624 224B1 41011715 413399999999999999 923 732155 1999999999999999
 43 67 90108117117107 92 77 66 62 68 81100117129132123104 80 54 34 24 2624 225B1 424118154213299999999999999 954 622221 2399999999999999
 39 61 85106118120112 96 78 62 54 55 65 83103120129127114 93 69 47 34 3124 226B1 4391211619129999999999999991024 532245 3099999999999999
 39 58 81103119123117102 82 63 49 45 51 66 87107121125119103 83 62 46 4024 227B1 4551231655125999999999999991054 4523 7 3999999999999999
 44 58 79101118126123109 89 67 50 40 41 52 70 91108118118109 93 75 60 5124 228B1 5121261731119999999999999991124 392327 5099999999999999
 52 62 79100117128128117 97 75 54 40 36 42 56 75 93107113110100 86 72 6324 229B1 5291291810113999999999999991155 362344 6199999999999999
 62 68 81 99116128131123107 85 63 45 36 36 45 60 77 93103105101 93 83 7524 3 1B1 5471311853105999999999999991229 352358 7299999999999999
 72 76 85 99115127132128115 96 74 55 41 36 38 48 61 76 88 95 97 94 89 8524 3 2B1 6 61321950 97999999999999991310 35999999999999999999999
 83 85 91101114124131131122107 88 68 52 41 37 40 48 59 70 80 87 90 90 9024 3 3B1 628132999999999999999999999 0 3 8314 3 3799999999999999
 91 93 98105113122128130127116101 84 67 53 43 39 39 44 52 61 70 78 85 9024 3 4B1 6531319999999999999999999991525 38999999999999999999999
 95 99104108114119124127127122113101 86 71 57 46 38 34 35 41 50 60 72 8324 3 5B1 7281279999999999999999999991717 34999999999999999999999
 94102108111114116117119121122120114105 93 78 62 46 34 26 24 29 40 55 7124 3 6B1 8431229999999999999999999991844 24999999999999999999999
 87100109113114112110109111114118120119114102 85 65 44 27 17 15 22 36 5524 3 7B1 337114111712199999999999999 6531091944 1599999999999999
 75 94107114114109102 97 96 99106116124127123110 90 65 41 21 11 11 21 4024 3 8B1 329115125812799999999999999 751 952031  999999999999999
 63 86103114115108 97 86 79 79 86100115129134130115 91 63 37 18 10 14 2924 3 9B1 33811514 613499999999999999 833 782111 1099999999999999
 53 78 99113117110 96 79 65 59 62 75 95116132139133116 90 61 36 21 18 2724 310B1 35111715 313999999999999999 912 582145 1799999999999999
 47 72 97114121116100 79 58 44 40 47 66 91116133139131112 86 60 40 30 3324 311B1 4 4121155513999999999999999 951 392216 3099999999999999
 48 71 96116126124109 86 60 38 25 25 38 61 89114130133124105 82 61 48 4524 312B1 4191261645134999999999999991031 232241 4599999999999999
 55 73 97118131133121 99 71 43 22 13 17 34 60 88111123124114 97 79 65 6024 313B1 4361341734125999999999999991111 1323 2 6099999999999999
 64 78 98119135140133115 88 58 32 14  9 17 36 61 86104113112103 91 79 7324 314B1 4561401823114999999999999991153  92319 7299999999999999
 74 84100119135144142128106 78 50 27 14 13 22 40 62 82 96102101 94 87 8224 315B1 5191451917102999999999999991237 122330 8199999999999999
 82 88101116131142144137120 97 71 48 30 21 21 30 45 62 77 87 92 91 89 8724 316B1 5451452028 92999999999999991327 202326 8799999999999999
 87 92100112124135140138128111 91 70 52 38 31 31 37 48 60 71 79 84 87 8824 317B1 6141409999999999999999999991431 30999999999999999999999
 91 94100108116124130131127118105 90 74 60 48 41 38 41 47 56 65 74 81 8724 318B1 64713199999999999999999999916 1 38999999999999999999999
 92 96100104109113117120120117111103 93 81 69 57 47 41 40 44 52 62 72 8224 319B1 7331209999999999999999999991743 40999999999999999999999
 91 98102104104104104105107108109108105 98 88 75 61 48 39 37 40 49 62 7624 320B110 21099999999999999999999991855 37999999999999999999999
 89 98104105103 98 94 92 92 95100106110110104 93 77 60 44 35 33 39 52 6824 321B1 247105122911099999999999999 723 911944 3399999999999999
 84 98106108104 96 87 80 78 80 87 97108114115108 94 75 55 39 31 32 42 5924 322B1 250108133611699999999999999 8 3 782022 3099999999999999
 78 96107111107 97 84 72 65 65 71 84 99112119118108 90 69 48 35 31 37 5224 323B1 3 1111142312099999999999999 835 642053 3199999999999999
 72 92107114112101 85 69 56 51 55 67 85103117123119105 84 62 44 35 36 4824 324B1 31411415 412399999999999999 9 4 512122 3499999999999999
 67 89107117116106 89 69 51 41 41 50 68 90109122124115 98 77 57 43 40 4824 325B1 328118154212499999999999999 933 402148 4099999999999999
 64 86106119121113 95 73 51 36 30 35 51 73 96115123121109 91 71 55 48 5124 326B1 34412216181249999999999999910 1 302212 4899999999999999
 64 84104120126120104 80 55 35 24 24 36 56 81103117122116102 84 68 58 5824 327B1 4 11261654122999999999999991029 222235 5799999999999999
 66 83103120129126113 90 64 40 23 18 24 41 64 88107117117109 95 80 69 6624 328B1 4181291731118999999999999991057 182255 6699999999999999
 71 84101118130131121101 75 49 28 17 18 29 49 72 92107113110101 90 80 7524 329B1 4371321810113999999999999991127 162313 7599999999999999
 77 86100116129133127111 87 61 38 23 17 22 36 55 76 93103106103 96 88 8424 330B1 45713318561069999999999999912 1 172327 8399999999999999
 84 90100114126132131119100 76 52 33 22 21 28 42 59 75 88 96 98 96 93 9024 331B1 5181331959 98999999999999991240 202331 9099999999999999
 90 94102112122129131124110 91 69 49 34 26 26 32 44 57 70 81 87 91 93 9424 4 1B1 5421319999999999999999999991332 25999999999999999999999
 95 98103110117123127125117103 86 68 52 39 32 30 34 41 51 62 72 81 88 9324 4 2B1 6111279999999999999999999991449 30999999999999999999999
 97101104108111115118119117110100 87 73 59 47 38 32 32 35 43 54 66 78 8824 4 3B1 6521199999999999999999999991639 31999999999999999999999
 97102105106106105106107109109107102 94 82 69 54 41 32 28 30 38 51 66 8124 4 4B1 8431099999999999999999999991810 28999999999999999999999
 93102106105101 96 92 91 93 98104108108103 93 78 60 43 31 25 28 38 54 7224 4 5B1 217106113510999999999999999 649 911911 2599999999999999
 89102108107 99 88 78 72 72 78 88101112116114102 85 64 44 31 27 32 46 6524 4 6B1 22010813 911799999999999999 734 711957 2799999999999999
 85101110110102 86 69 56 49 52 64 82101117124121109 88 66 47 36 35 44 6124 4 7B1 231112141512499999999999999 813 492036 3499999999999999
 83102114117109 91 68 47 32 28 35 53 78103121129125111 90 68 52 45 49 6224 4 8B1 245117151112999999999999999 852 2821 9 4599999999999999
 82103119125119102 76 48 25 12 11 25 49 78104123129124109 89 71 60 58 6724 4 9B1 3 112516 212999999999999999 931 102138 5899999999999999
 84105123133131116 91 60 30  8 -2  3 21 49 79105121126119104 88 75 70 7424 410B1 3201331652126999999999999991011 -222 3 7099999999999999
 87105124138140130109 79 45 17 -2 -7  2 24 53 82104117118111 99 87 80 8124 411B1 3431411740119999999999999991051 -72225 7999999999999999
 89105123138145141125 99 67 35 11 -3 -4  9 31 58 83101109109103 94 87 8624 412B1 4 91451828110999999999999991132 -52245 8699999999999999
 91102118133143145135115 88 59 32 12  3  6 20 40 63 83 96101101 96 91 8924 413B1 4371461922102999999999999991214  323 3 8999999999999999
 91 99111124135141137125105 80 55 34 20 15 19 31 48 66 80 90 94 94 92 9124 414B1 5 81412031 959999999999999913 1 152315 9199999999999999
 92 96104114124130132126113 96 76 57 41 30 27 31 40 53 66 77 85 89 91 9224 415B1 5421329999999999999999999991358 27999999999999999999999
 93 95 99104111116120119113103 90 76 62 50 41 38 39 45 55 65 75 83 89 9224 416B1 6201209999999999999999999991513 38999999999999999999999
 94 95 96 98100102105106106103 97 89 79 69 59 50 44 43 47 55 65 75 85 9224 417B1 7171069999999999999999999991644 43999999999999999999999
 96 98 97 95 92 90 90 91 93 95 96 95 92 85 76 65 55 47 44 47 55 67 79 9024 418B1 110 9810 9 9699999999999999 550 901758 4499999999999999
 98101100 96 89 82 77 75 77 82 88 94 98 97 91 81 68 56 47 45 49 59 73 8724 419B1 1191011222 9899999999999999 7 0 751852 4599999999999999
 98105105100 90 78 67 61 61 66 75 87 97103103 96 84 69 55 47 47 54 67 8324 420B1 134106133010499999999999999 737 601934 4699999999999999
 98107110105 93 78 62 51 46 49 59 74 90103110108 99 84 68 55 50 53 63 7924 421B1 151110141911099999999999999 8 7 4620 9 4999999999999999
 96109115111100 82 62 45 34 33 42 58 78 97110115111 99 82 67 57 55 62 7724 422B1 2 811515 111599999999999999 836 332041 5599999999999999
 94110119118108 89 66 44 28 21 26 41 62 85105117118111 97 80 68 62 64 7624 423B1 227120154011999999999999999 9 5 212111 6299999999999999
 92109121124116 98 74 48 26 14 13 24 45 70 94112120119108 94 80 71 69 7724 424B1 247125161812199999999999999 934 122139 6999999999999999
 91108122129124109 85 57 31 13  6 12 28 53 79102116121116104 91 80 76 7924 425B1 3 712916561219999999999999910 3  622 5 7699999999999999
 90106121131131119 97 69 41 18  5  4 15 36 62 87106116117111100 89 83 8324 426B1 3301321736118999999999999991034  32229 8299999999999999
 91103118130134127110 84 55 29 10  3  7 22 45 70 91106113112105 97 90 8824 427B1 35313418191139999999999999911 7  32251 8899999999999999
 92101114127134132120 98 72 44 22  8  6 14 31 52 74 91103107105101 95 9224 428B1 4191341912107999999999999991144  52312 9299999999999999
 94100110121130132125110 88 63 39 21 12 12 21 37 56 74 88 97101100 98 9624 429B1 4471322024101999999999999991227 112332 9699999999999999
 96 99106114122127126117101 80 58 39 25 18 19 28 41 56 71 83 92 96 98 9824 430B1 5191279999999999999999999991320 18999999999999999999999
 98 98101106112117119117108 95 78 60 44 32 27 27 32 42 55 68 80 89 95 9824 5 1B1 6 11192357 99999999999999991429 26999999999999999999999
 99 99 98 98100103106108107102 92 80 67 53 42 35 33 36 44 55 68 81 91 9724 5 2B1 711108999999999999999999999 211 981556 3399999999999999
100100 97 92 89 87 88 91 96 98 98 95 87 77 64 52 43 39 40 47 59 73 86 9724 5 3B1 018101 931 9999999999999999 5 7 871717 3899999999999999
102103 98 90 80 72 68 69 75 84 93 99101 97 88 75 62 51 45 47 55 68 83 9624 5 4B1 036103115010199999999999999 618 681820 4599999999999999
106108104 93 78 62 51 46 49 60 75 90102108107 98 85 70 59 54 57 66 81 9724 5 5B1 054108131910999999999999999 7 6 4619 9 5499999999999999
109115113102 83 61 41 28 25 32 48 70 91107116115106 91 77 67 64 70 82 9824 5 6B1 113116142511699999999999999 749 251950 6499999999999999
113123123114 95 69 42 20  8  8 20 42 69 94112121120110 96 83 76 76 84 9924 5 7B1 135124152112299999999999999 830  62026 7599999999999999
115128133128111 85 54 25  3 -6 -2 15 42 72 98116123120110 97 88 84 88 9924 5 8B1 2 1133161212399999999999999 912 -72058 8499999999999999
114130140139128105 74 41 12 -7-13 -4 17 46 76101116121117108 97 91 91 9824 5 9B1 23014117 112199999999999999 953-132129 9099999999999999
111127140145140123 96 63 30  4-10-11  1 25 54 82102114117112104 96 94 9724 510B1 3 11451747117999999999999991034-132159 9499999999999999
106120134144145135114 86 54 25  3 -6 -3 12 35 62 86102110110106 99 95 9524 511B1 3361461834111999999999999991115 -72230 9499999999999999
100111124136142139126104 77 49 24  8  3  9 25 46 69 88100105104100 96 9324 512B1 4121421921105999999999999991157  323 6 9399999999999999
 95102112123132134129115 94 70 47 28 17 15 22 37 56 74 89 98101100 97 9324 513B1 4501352011101999999999999991241 142351 9299999999999999
 92 94101109117123123116103 86 67 48 34 27 27 35 48 63 78 90 97 99 98 9524 514B1 53112421 6 99999999999999991329 26999999999999999999999
 92 91 92 96102108111110104 94 81 66 53 43 38 38 45 55 69 81 91 97 99 9824 515B1 61911122 2 9999999999999999 057 911423 3799999999999999
 94 91 88 87 89 92 95 97 97 94 88 79 69 60 52 47 47 52 62 74 85 9410010124 516B1 731 98225010199999999999999 251 871528 4799999999999999
 99 94 88 83 79 77 79 82 85 88 89 87 82 75 67 60 55 54 59 68 79 91 9910424 517B1 946 89232810499999999999999 5 1 771637 5499999999999999
104 99 92 82 73 67 64 65 70 76 83 88 90 88 83 75 67 61 61 65 75 87 9810624 518B112 0 90999999999999999999999 612 641738 6099999999999999
109106 98 86 72 60 52 49 53 61 72 84 92 97 96 90 81 72 67 67 73 83 9610724 519B1 0 11091320 9799999999999999 655 491830 6699999999999999
113113106 93 76 59 44 37 37 44 57 73 89100105103 96 86 77 73 74 82 9410624 520B1 029114141510599999999999999 730 361915 7299999999999999
116119115102 83 62 42 28 23 27 40 59 79 97109113109100 90 81 79 82 9210524 521B1 05711915 011399999999999999 8 3 231956 7999999999999999
117124123113 94 70 46 26 15 14 23 42 65 88106116118112102 92 85 85 9110324 522B1 124124154211899999999999999 835 132033 8499999999999999
116126129123107 83 55 30 12  5  9 24 47 73 96113121120112102 93 89 9210124 523B1 152130162212199999999999999 9 8  521 7 8999999999999999
113126133132119 98 70 41 17  2  0  9 29 55 81103117122118110101 95 94 9924 524B1 22113417 312299999999999999 943 -12140 9399999999999999
110123133137130112 86 57 28  8 -3  0 14 36 63 88107117119115107100 96 9824 525B1 2521371746120999999999999991019 -32212 9699999999999999
105117129137136125103 75 46 20  3 -3  4 21 44 70 92107115115110104 98 9724 526B1 3241381832116999999999999991058 -32245 9799999999999999
101110122132137132117 94 66 38 16  3  2 11 29 52 75 93106111110106100 9724 527B1 4 01371922111999999999999991139  12322 9799999999999999
 98103112123131132124108 85 59 35 17  9 10 20 37 58 78 94103107106102 9724 528B1 4391322014108999999999999991223  8999999999999999999999
 95 96101110118124123115100 79 57 37 23 17 20 30 46 64 81 94102105103 9924 529B1 52512521 210599999999999999 011 951311 1799999999999999
 94 91 91 95102109113113106 94 77 60 44 33 29 32 41 55 71 86 9710310510124 530B1 625114214310599999999999999 123 9114 5 2999999999999999
 95 89 84 82 84 89 95101102 99 91 80 67 55 46 43 45 53 66 80 9310210710624 531B1 753102221810799999999999999 3 0 8215 5 4399999999999999
100 91 81 73 68 68 72 80 88 93 95 93 86 77 68 60 57 59 66 78 9110211011224 6 1B1 954 95224911299999999999999 432 6716 9 5799999999999999
107 98 85 70 58 50 49 54 64 77 88 95 97 95 89 81 74 70 72 79 9010311311824 6 2B112 1 97232111999999999999999 541 491710 7099999999999999
117109 95 76 57 41 31 30 38 52 69 86 98104105100 92 86 83 85 9210311512424 6 3B11334105235512799999999999999 636 3018 5 8399999999999999
127122110 90 66 42 24 14 15 26 45 67 87103112113109101 95 93 9610411512624 6 4B11442113999999999999999999999 725 131855 9399999999999999
133134125108 83 55 29 10  1  5 20 42 68 9110911811911310610110010411312424 6 5B1 033135153711999999999999999 812  11942 9999999999999999
135141138126104 75 45 17  0 -6  1 19 45 73 9711312112011410710310310911924 6 6B1 113141162612199999999999999 857 -6202610299999999999999
131142145139123 98 67 36 10 -5 -8  3 25 52 8010211612111911210610210411124 6 7B1 15514517 912199999999999999 940 -821 910299999999999999
123135144146137118 91 59 29  7 -5 -3 11 34 62 8710611611811410810210010324 6 8B1 2391461748118999999999999991023 -6215210099999999999999
112124136144142131110 82 52 26  7  0  5 22 46 71 93108115114109102 97 9624 6 9B1 32214418241159999999999999911 4  02237 9699999999999999
101111123134139135121100 74 47 25 11  9 17 35 58 81 99109112109103 96 9124 610B1 4 51391858112999999999999991143  82323 9199999999999999
 92 98108119128130125110 90 67 44 27 19 20 31 49 70 89103110110105 97 9024 611B1 4491311929110999999999999991221 18999999999999999999999
 87 88 94103113119120113 99 82 62 45 33 29 33 46 63 81 96106110107100 9224 612B1 53412020 111099999999999999 014 861258 2999999999999999
 85 82 83 89 96104108108101 90 76 61 49 41 41 47 59 75 91103109110105 9724 613B1 625109203311099999999999999 114 821335 4099999999999999
 88 81 77 77 81 87 93 97 97 92 85 74 64 56 52 54 61 72 86 9910811211010324 614B1 731 9721 711299999999999999 227 771416 5299999999999999
 94 84 76 70 69 71 76 82 87 89 88 84 78 72 67 64 66 73 83 9610611311411024 615B1 910 89214311599999999999999 351 6915 4 6499999999999999
101 90 79 68 61 58 60 65 73 80 86 88 88 86 82 78 76 78 84 9310411311711624 616B11126 89222011899999999999999 5 6 5816 3 7699999999999999
110 99 85 71 58 50 47 49 57 67 78 87 93 96 95 92 88 86 88 9310211111812124 617B11315 9623 012199999999999999 6 2 4617 8 8699999999999999
118109 95 78 61 46 37 35 40 51 65 80 93102106105101 97 94 9610110911812424 618B11419106234112599999999999999 648 351811 9499999999999999
125120107 90 69 49 33 25 25 33 48 67 8510111111511310810210010110711612424 619B115 7115999999999999999999999 729 2319 810099999999999999
130129120104 82 58 36 20 14 17 30 49 72 9310911812111711110510310611312224 620B1 023130154912199999999999999 8 9 14195810399999999999999
131135131119 99 73 46 23  9  6 13 30 54 7810011612312311811110610510911824 621B1 1 5135162912499999999999999 850  5204310599999999999999
128137139132116 91 63 35 13  1  1 13 34 59 8510611912412211610910510511124 622B1 14813917 912599999999999999 931  0212510499999999999999
121133141141131111 83 53 25  6 -3  1 16 40 67 9111012012311911110510110424 623B1 2311421748123999999999999991012 -322 610199999999999999
112124136142140127104 75 45 19  3 -2  5 23 48 74 97112120119113105 99 9724 624B1 3151431825120999999999999991053 -22248 9799999999999999
101111124136140135120 96 68 40 17  5  4 15 34 59 83102114117114106 97 9124 625B1 4 11401859117999999999999991134  32334 9099999999999999
 91 97108121131134128112 89 63 38 21 13 16 28 49 71 92107115114108 98 8824 626B1 4511341928115999999999999991214 12999999999999999999999
 83 83 90101114123125119104 84 61 42 29 26 32 46 65 85102112115111102 9024 627B1 546125195411599999999999999 027 821252 2699999999999999
 80 74 74 80 91103111114109 97 81 64 51 43 43 51 65 82 99111117116108 9624 628B1 651114201911899999999999999 127 731330 4299999999999999
 82 71 64 63 68 78 89 98103101 93 83 72 63 60 62 70 83 9811112012211710624 629B1 811103204512299999999999999 237 6314 7 6099999999999999
 91 75 62 53 51 55 64 75 86 93 95 93 89 83 78 77 80 8810011212212712611824 630B110 0 95211712799999999999999 352 511446 7799999999999999
104 87 69 53 42 38 41 50 63 76 87 94 97 97 95 93 93 9610311212213013212924 7 1B11225 98215613299999999999999 5 5 381533 9299999999999999
119104 84 64 45 32 26 29 39 54 71 85 9710410610610410410711312112913513724 7 2B11417107224613799999999999999 610 26163710499999999999999
132121104 82 58 37 22 16 20 32 49 69 8810211111511411211111211712413213824 7 3B11518115234614099999999999999 7 8 16175711199999999999999
140135123104 79 53 30 14  9 14 29 49 72 9310811712011811411211311812513424 7 4B11559120999999999999999999999 8 1  9191411299999999999999
141143138124102 75 47 24  9  5 13 30 54 7910011412112111711210911011512424 7 5B1 049143163212299999999999999 849  5201810999999999999999
134143145138122 98 70 41 18  6  5 16 37 62 8710611812211911310610310511224 7 6B1 14614517 212299999999999999 934  4211210399999999999999
122135143144136118 92 63 35 15  6  9 24 47 73 96112120120114105 98 96 9924 7 7B1 2381451729121999999999999991014  52158 9699999999999999
108121134142141130110 83 55 30 14 10 18 36 61 85105117120115106 97 90 8924 7 8B1 3251431753120999999999999991051 102240 8899999999999999
 94105119132138134121100 74 48 28 18 19 31 51 75 97112119117109 98 87 8224 7 9B1 4 91381816119999999999999991124 172322 8199999999999999
 83 90103117127130124110 89 65 44 30 25 32 47 68 90108118119113101 89 7924 710B1 4521301838120999999999999991155 25999999999999999999999
 75 78 87100112120121113 98 80 60 45 37 38 48 65 85104116121117107 93 8124 711B1 53512119 112199999999999999 0 5 751223 3699999999999999
 72 70 74 84 95105111110102 89 74 60 51 48 53 66 83100114122121113100 8624 712B1 622111192412299999999999999 051 701249 4899999999999999
 74 67 66 70 79 89 97102100 94 84 74 65 61 63 70 83 98112122124119108 9424 713B1 717102194912499999999999999 141 661315 6199999999999999
 80 69 62 61 65 73 82 89 94 94 90 85 79 75 75 78 86 9811012012612411610324 714B1 832 94201712699999999999999 241 611339 7499999999999999
 89 75 64 57 56 59 66 74 82 88 91 91 90 88 87 89 9310010911812512712311324 715B11040 91204912799999999999999 349 5614 2 8799999999999999
100 85 71 59 51 48 51 58 67 77 86 92 97 9910010010110410911712312812812224 716B12129128999999999999999999999 5 0 48999999999999999999999
112 98 82 66 52 43 39 42 50 61 75 87 9810510911011011011111512112613012924 717B12222130999999999999999999999 6 4 39999999999999999999999
123112 97 78 60 44 33 29 33 43 58 75 9110511411811811611411411712312813224 718B11530118232913399999999999999 7 0 29182511499999999999999
132126114 96 74 52 34 22 18 24 38 57 78 9711212112312111811411411712313124 719B11559123999999999999999999999 751 18193811499999999999999
136137130115 94 68 43 23 11 10 19 37 60 8310411812512512011511111111512424 720B1 035137162912699999999999999 838  9203211099999999999999
134141141133115 90 61 34 14  3  5 18 40 65 9011012212612211510810410511224 721B1 134142165712699999999999999 922  3211710399999999999999
124136145144133113 84 53 26  7  0  6 23 48 75 99116124123116106 97 94 9824 722B1 22814617241259999999999999910 4  02159 9499999999999999
108123138146144131108 78 47 22  7  4 14 34 61 87108120123117106 93 85 8324 723B1 3201471748123999999999999991043  32242 8399999999999999
 90104121136144140125101 72 44 23 12 15 29 51 77100116123119108 93 80 7224 724B1 41114418 9123999999999999991119 122327 7199999999999999
 73 82 98116131137132117 94 68 45 30 25 33 50 72 96114123123114 98 81 6724 725B1 5 41371828124999999999999991152 25999999999999999999999
 60 63 74 91109122127122108 88 67 51 43 44 55 73 94113125128121107 88 7024 726B1 559127184712899999999999999 014 601221 4299999999999999
 56 51 55 66 83 99111115111100 86 72 62 60 66 79 96114127133129118100 8024 727B1 7 011519 813399999999999999 1 6 511246 6099999999999999
 62 49 44 48 58 73 88 99103102 95 87 80 77 79 87100115128136137129114 9524 728B1 813103193313799999999999999 2 4 4413 5 7799999999999999
 75 58 45 40 42 51 63 76 87 93 96 95 92 91 92 9710511612713614013712711224 729B110 5 9620 414099999999999999 313 401310 9199999999999999
 94 75 57 44 37 37 43 54 67 78 87 94 9810010210511011612513313814013612724 730B12047140999999999999999999999 431 36999999999999999999999
113 96 77 59 43 34 31 36 46 59 73 86 9610410911211411612112613213613813524 731B12154138999999999999999999999 551 31999999999999999999999
128116 99 80 59 42 30 26 30 41 56 73 8910211111611711711711912212713213624 8 1B12331137999999999999999999999 7 0 26999999999999999999999
136131120103 81 58 38 25 21 26 39 58 78 9610911712011811411211211512112924 8 2B11557120999999999999999999999 757 21192811199999999999999
136138134123103 79 54 33 20 17 25 42 64 8610411612111911310710310310811724 8 3B1 055138161212199999999999999 844 17203010299999999999999
128137141136122100 73 47 27 16 17 30 50 74 96113121121114105 96 92 9410224 8 4B1 158141163012299999999999999 925 152114 9299999999999999
114129139142134118 93 65 40 22 16 23 39 63 88107119122117106 94 85 82 8724 8 5B1 24714216491229999999999999910 0 162153 8299999999999999
 98114130139139129109 83 56 34 22 22 33 54 79102117123119109 94 81 74 7424 8 6B1 33114017 7123999999999999991031 202229 7399999999999999
 82 97115129136133119 98 72 49 33 27 33 50 73 96114124123113 98 82 70 6524 8 7B1 4111361724124999999999999991058 2723 4 6599999999999999
 69 81 98115127130124108 87 64 46 37 38 50 69 92112124126119104 86 70 6024 8 8B1 4501311742127999999999999991123 362339 5999999999999999
 59 67 81 98113122122113 97 78 61 50 47 54 70 90109124129124111 93 75 6124 8 9B1 53012318 1129999999999999991146 47999999999999999999999
 55 57 67 82 97110115113103 89 75 63 59 62 73 90108123130129118102 83 6624 810B1 612115182113199999999999999 015 5412 6 5999999999999999
 55 52 57 67 81 95104107104 96 86 76 71 72 79 92107121130132125111 93 7524 811B1 659107184213299999999999999 053 521223 7199999999999999
 60 52 51 57 67 79 90 97100 98 93 87 83 83 87 96107119129133130119104 8624 812B1 75910019 413399999999999999 138 511234 8399999999999999
 70 58 51 51 56 64 74 84 90 94 95 94 93 94 96102109118126132132126114 9924 813B1 953 95193113299999999999999 235 501215 9399999999999999
 83 68 57 51 49 52 58 67 76 84 91 96 9910210510811211812312913112912311224 814B120 7131999999999999999999999 352 49999999999999999999999
 98 83 69 56 48 43 44 49 58 69 80 9110010711211411611812112412712912812324 815B121 8129999999999999999999999 523 43999999999999999999999
114101 86 69 54 41 34 33 39 50 64 79 9410711511912011911811912112512812924 816B11550120225312999999999999999 639 33181511899999999999999
127119106 88 68 48 33 23 22 30 44 63 8210011412112312011611211211512112824 817B11548123999999999999999999999 737 22193711299999999999999
133133126111 89 65 41 23 13 14 25 44 67 8910812012412111410610210210911924 818B1 02813416 212499999999999999 826 12202510199999999999999
131139140131113 88 59 34 15  8 12 27 50 76 99116123122113102 92 88 9110224 819B1 137140161912499999999999999 9 9  721 6 8899999999999999
117133144144134113 84 54 28 12  9 18 38 64 90110122123114100 85 75 73 8024 820B1 235145163612499999999999999 947  82145 7299999999999999
 95116134145145132109 79 50 28 17 18 33 56 83106121125118103 84 67 58 5924 821B1 3281471653125999999999999991022 162226 5799999999999999
 70 90114133143141126103 75 50 34 29 36 55 79103121129125110 89 67 50 4324 822B1 41914417 9129999999999999991053 2923 8 4399999999999999
 48 63 86110128136132118 96 73 55 45 47 60 80103123133132120100 75 52 3824 823B1 5111361726134999999999999991119 452351 3399999999999999
 33 41 58 82104120126121108 91 74 64 62 70 85105124137140131114 89 64 4324 824B1 6 31261745140999999999999991141 62999999999999999999999
 31 29 39 56 77 96109114110100 89 80 77 81 92108125138144141127106 82 5924 825B1 7 011418 714599999999999999 038 291157 7799999999999999
 40 31 31 39 54 72 87 98102100 95 90 88 90 98110124136144145137121101 7924 826B1 810102183414699999999999999 131 2912 3 8899999999999999
 59 44 35 34 41 52 66 78 87 92 94 95 95 9810311112113113914314013111710024 827B119 7143999999999999999999999 236 34999999999999999999999
 82 64 50 41 38 41 49 59 70 79 87 93 9810210611111712413013513613412711624 828B11953136999999999999999999999 4 2 38999999999999999999999
103 88 72 58 46 40 39 44 53 64 76 87 9710410911211411711912312612812812524 829B12128128999999999999999999999 538 39999999999999999999999
118109 95 79 62 47 38 35 39 49 63 78 9210311111411311111011011211612112524 830B11522114235312699999999999999 654 35183411099999999999999
126123115100 81 61 44 33 30 36 50 67 85100111116114109103 98 9710110811724 831B11517116999999999999999999999 748 301946 9799999999999999
125130128118101 79 56 38 28 28 38 55 76 95110117117110100 91 85 85 9210324 9 1B1 114130152811899999999999999 830 272029 8499999999999999
117129134131118 97 72 49 32 26 31 45 67 89107118120113101 87 76 72 76 8724 9 2B1 2 8134154212099999999999999 9 4 2621 4 7299999999999999
103120132136129113 89 63 42 30 29 39 59 82103118122117104 87 72 63 62 7024 9 3B1 252136155712299999999999999 935 282136 6199999999999999
 86106123134134124104 79 56 39 33 38 54 77100117125122109 91 72 57 51 5524 9 4B1 33213516131259999999999999910 2 3322 7 5199999999999999
 69 88109126133129115 94 71 52 41 42 54 73 96116126126116 97 76 57 46 4424 9 5B1 4 91331629128999999999999991027 402237 4499999999999999
 54 71 93113126129121105 85 66 53 50 57 73 94114127131122105 83 61 45 3824 9 6B1 4461291646131999999999999991049 5023 7 3899999999999999
 43 56 76 97114123122112 96 79 66 60 63 75 93112127133129114 92 69 50 3824 9 7B1 52312417 41339999999999999911 9 602338 3699999999999999
 37 45 61 81100113117113103 90 78 71 72 80 94111126134133122102 79 58 4324 9 8B1 6 11171723135999999999999991127 70999999999999999999999
 36 39 50 67 85 99108110105 97 88 82 81 86 96110124133135128112 91 70 5224 9 9B1 644110174213599999999999999 011 361140 8099999999999999
 41 38 43 55 70 84 95101102 99 94 90 89 92100110121130134131120103 83 6524 910B1 73910218 413499999999999999 049 381145 8999999999999999
 51 43 42 47 56 68 79 88 93 96 96 96 96 99104111119127131131125113 97 8024 911B11829132999999999999999999999 139 41999999999999999999999
 65 53 46 44 47 53 62 71 80 87 92 97101105109113118122126128126120110 9724 912B119 1128999999999999999999999 254 44999999999999999999999
 83 69 57 48 43 42 45 52 61 72 83 9310110811211511611811912112212111811124 913B12010122999999999999999999999 444 42999999999999999999999
101 89 75 61 48 38 34 35 42 54 68 83 9710811411611511311111011211511812024 914B115 7116225112099999999999999 616 34184111099999999999999
117109 97 80 62 44 31 25 27 36 52 70 89104114117115109102 98 9710211011924 915B115 1117999999999999999999999 717 241932 9799999999999999
125125119104 84 61 39 25 19 23 37 57 79 99112118116106 95 85 80 82 9210624 916B1 036126151011899999999999999 8 4 192011 8099999999999999
121132134126109 84 58 36 22 19 28 46 70 93111119118108 91 75 64 61 68 8424 917B1 145134152212099999999999999 844 192048 6199999999999999
105124137139130109 83 56 36 26 28 42 64 88109122123113 94 72 53 43 44 5624 918B1 241140153612499999999999999 920 252126 4299999999999999
 78104127140140129107 81 57 41 37 45 63 87110125129121103 77 52 33 25 3124 919B1 334142155112999999999999999 951 3722 5 2599999999999999
 49 75104126138136123102 79 61 52 54 67 88111129137132115 90 60 34 18 1424 920B1 42413916 8137999999999999991018 522245 1499999999999999
 24 46 75102122131128115 97 80 69 67 75 91112131142142129106 77 47 23 1024 921B1 5141311629144999999999999991041 672327  999999999999999
 11 24 47 75 99115121117107 93 83 79 83 95113131144148141123 96 67 40 2024 922B1 6 51211652148999999999999991059 79999999999999999999999
 12 15 29 51 74 94106110107 99 92 88 90 98112127141149147134114 89 62 4024 923B1 7 0110171914999999999999999 012 111112 8899999999999999
 25 19 24 36 54 72 87 96 99 98 95 93 94100110122133142145139126107 85 6424 924B1 811 99174914599999999999999 1 2 191112 9399999999999999
 46 35 30 33 42 55 68 80 87 91 94 95 97101107115123131135135129117103 8624 925B11825136999999999999999999999 2 4 30999999999999999999999
 70 56 46 41 41 45 54 64 74 82 89 94 9810210510911411812212412311911210324 926B11917124999999999999999999999 331 40999999999999999999999
 92 79 66 55 47 44 45 51 60 71 81 91 9810310610610610610710811011211311124 927B12146113999999999999999999999 513 43999999999999999999999
107 99 87 74 60 49 42 43 49 60 73 86 97105108107103 97 94 92 94 9910511124 928B11412108999999999999999999999 629 421855 9299999999999999
114112105 92 76 59 46 40 41 50 64 80 95106111110103 93 84 78 78 82 9110324 929B1 013114141811199999999999999 720 391940 7799999999999999
113119118109 93 74 55 42 38 43 55 73 91106114114106 94 80 68 63 65 75 8924 930B1 122119143011599999999999999 759 382013 6399999999999999
105118124121109 90 68 51 40 40 50 67 87105116118112 97 80 63 52 50 57 722410 1B1 210124144511999999999999999 832 392044 5099999999999999
 92110123127120105 84 63 48 43 48 62 82103117123118103 83 62 46 39 42 552410 2B1 25212715 112399999999999999 9 1 432113 3999999999999999
 75 98117127127117 98 78 60 50 51 61 79100117126124111 90 66 45 32 30 392410 3B1 329128151812799999999999999 928 492142 2999999999999999
 58 82105121128124110 92 73 61 57 63 78 98117128130119 99 74 49 31 23 272410 4B1 4 6128153613199999999999999 952 572210 2399999999999999
 42 65 90111123125118103 86 73 66 68 79 97115129134127109 84 57 35 22 202410 5B1 4421261554134999999999999991015 652239 1999999999999999
 30 49 74 97114122120110 97 84 75 75 82 96113128135132118 95 69 44 26 192410 6B1 5181221614136999999999999991036 7423 8 1999999999999999
 23 37 58 81101113117113103 92 84 82 86 96111125135135126107 82 56 35 232410 7B1 5561171634136999999999999991054 822341 2199999999999999
 21 30 46 66 85100109110105 98 92 89 91 98109122132135130116 95 71 49 332410 8B1 63911016561359999999999999911 8 88999999999999999999999
 25 27 37 52 69 85 96102102100 96 94 95100108118127132131122106 86 65 472410 9B1 739102171913399999999999999 018 251112 9499999999999999
 35 30 33 42 54 68 80 89 94 97 97 98 99103108114121126128123113 99 81 64241010B11746128999999999999999999999 1 6 30999999999999999999999
 50 40 36 37 43 52 62 72 81 89 94 99102105108111115118120120115107 96 83241011B11823120999999999999999999999 217 36999999999999999999999
 69 57 47 40 38 40 46 55 66 77 87 96103107108108108108108109110109106 99241012B1143210920 511099999999999999 4 4 38165210899999999999999
 90 78 65 53 43 36 36 40 50 64 78 91102108109107102 97 94 93 97102106108241013B1134910923 610899999999999999 539 351831 9399999999999999
107100 88 73 57 43 34 33 39 52 68 85 99109111107 98 87 78 74 76 84 95107241014B11352111999999999999999999999 642 331912 7499999999999999
114116110 97 79 60 44 35 35 44 60 79 97110115111 99 83 67 56 53 59 73 92241015B1 04511614 311599999999999999 729 341949 5399999999999999
110122125119104 83 62 47 41 44 57 76 96112120118105 85 62 43 32 33 45 66241016B1 152125141712199999999999999 8 9 402027 3199999999999999
 91114128131124106 85 66 54 51 59 76 96115127127116 95 67 40 20 12 18 36241017B1 248132143312899999999999999 843 5121 6 1299999999999999
 63 93117131133124106 87 71 64 67 79 98118132137129110 81 49 21  3  0 10241018B1 340134145313799999999999999 913 642145 -199999999999999
 34 64 95118130130120104 88 78 76 84 99118136145142126100 67 34  8 -6 -5241019B1 430131151614599999999999999 940 762226 -799999999999999
 10 37 67 96116124123113100 90 85 89100117135147150140119 89 56 25  3 -6241020B1 51912515431509999999999999910 3 8523 8 -699999999999999
 -1 17 43 71 95110116114106 97 92 93100113129143151148133109 80 49 23  7241021B1 6 91161613151999999999999991023 912352  299999999999999
  2 10 27 50 74 92103107105100 95 94 99108121134144146139123100 74 48 28241022B1 7 41071646147999999999999991042 94999999999999999999999
 16 15 22 38 56 74 88 96 99 98 96 95 97103111122131137136128112 93 72 52241023B1 813 99172313899999999999999 040 141059 9599999999999999
 37 29 28 34 46 60 73 84 91 94 96 96 96 99103110117122125123115104 89 74241024B118 5125999999999999999999999 137 28999999999999999999999
 60 48 41 39 43 51 61 73 82 89 94 97 98 98 99100103106109110109105 99 90241025B11910110999999999999999999999 250 39999999999999999999999
 80 69 58 51 47 48 53 62 73 83 92 97100100 98 95 92 91 91 93 96 98 99 98241026B112301012156 9999999999999999 419 471720 9199999999999999
 94 86 76 66 56 50 50 55 65 77 89 98103105101 95 87 80 76 76 79 85 92 98241027B11246105999999999999999999999 534 491836 7599999999999999
101 99 93 82 69 58 52 52 59 70 84 97106110107 99 87 74 65 60 61 69 80 92241028B1 0 910113 411099999999999999 629 511916 6099999999999999
102107105 97 85 70 59 53 56 65 80 95107114113105 91 74 58 48 46 51 63 80241029B1 118107132411599999999999999 712 531949 4599999999999999
 96108113110100 85 70 60 57 63 76 92107118120112 97 77 57 41 33 35 46 64241030B1 2 8113134312099999999999999 748 572019 3399999999999999
 85103115118113100 84 70 63 64 74 89106119125120106 85 61 39 25 22 30 47241031B1 25011914 412599999999999999 821 622048 2299999999999999
 70 93111121121112 98 83 72 69 75 87104120129128116 95 69 43 24 14 17 312411 1B1 329122142513099999999999999 851 692117 1499999999999999
 53 79102118124120109 95 82 76 77 87102118130133125106 80 52 28 12  9 182411 2B1 4 5124144713499999999999999 919 752147  999999999999999
 37 63 88109121123116105 92 84 82 88100116130136133117 93 64 37 17  7  92411 3B1 442123151013699999999999999 945 822217  699999999999999
 24 46 72 96113120119111100 91 87 89 98112126136137127106 79 50 26 11  72411 4B1 52012115341389999999999999910 9 872250  799999999999999
 15 32 56 80100112116113105 97 92 92 98109122133137132117 94 66 40 21 112411 5B1 6 111616 0137999999999999991032 912325 1099999999999999
 12 23 41 63 84 99108110107101 96 95 98105116127134134124106 82 57 35 202411 6B1 6491101627135999999999999991052 95999999999999999999999
 15 19 31 48 67 84 96102104102 99 98 99103110119127130126114 96 75 53 352411 7B1 755104165813099999999999999 0 5 151113 9899999999999999
 24 21 26 37 52 67 81 91 98100101100100101105111117121122116105 90 72 542411 8B1 934101173612299999999999999 053 21113810099999999999999
 40 32 29 32 41 53 66 79 89 96100101101101101102105108111111107 99 88 752411 9B11119101183511199999999999999 155 29132510099999999999999
 61 49 40 37 38 44 54 66 79 90 97102103101 98 94 92 92 94 97100100 97 91241110B11149103204210099999999999999 316 361638 9199999999999999
 82 71 59 50 44 43 48 57 70 83 95103106104 98 90 81 75 73 76 82 90 97100241111B112 9106231410099999999999999 440 431755 7399999999999999
 99 92 82 70 59 52 50 54 65 79 93104110110103 90 76 62 54 52 58 69 84 97241112B11227111999999999999999999999 547 501843 5299999999999999
105108104 94 80 68 60 59 65 77 92106116118112 97 78 57 40 31 31 42 60 81241113B1 052108124711899999999999999 639 581926 3099999999999999
100113117113102 88 76 69 70 79 92108121127123110 88 62 36 18 10 15 31 55241114B1 2 111713 912799999999999999 723 6920 7 1099999999999999
 82104119124119107 94 83 79 83 94109125135136126105 76 45 18  0 -4  5 27241115B1 259124133613799999999999999 8 0 792049 -499999999999999
 56 85108123126121109 97 90 89 96109125139145140124 97 64 31  4-11-11  3241116B1 35112614 614599999999999999 834 892131-1299999999999999
 29 59 89111123124118108 99 95 98107122138149150140118 88 53 21 -3-13 -9241117B1 441125143915199999999999999 9 5 952214-1499999999999999
  8 35 65 92111120119113104 98 98104116131145152149135110 78 45 16 -3 -9241118B1 528120151515399999999999999 935 972256 -999999999999999
 -1 18 44 72 94108114113107100 97 99107120134145149143126101 71 41 17  3241119B1 61511415541499999999999999910 7 972340  199999999999999
  1 11 30 54 77 95105108106101 97 96 99108120132140141132115 91 66 41 23241120B1 7 21081634142999999999999991044 95999999999999999999999
 14 15 25 43 63 81 95102104101 97 94 94 98106116125130128119104 84 63 45241121B1 749104171713099999999999999 024 131130 9399999999999999
 31 26 28 38 53 70 85 95100101 98 95 92 92 95100107113116114106 94 80 64241122B1 83810118 611699999999999999 110 261235 9199999999999999
 51 41 38 41 50 62 76 89 97101101 98 94 90 88 88 91 95 99102101 96 89 79241123B1 928101191610299999999999999 2 1 381419 8899999999999999
 68 58 51 49 51 59 70 82 93100104103 99 93 87 82 79 79 81 85 89 91 90 87241124B110151042121 9199999999999999 3 1 491630 7999999999999999
 82 75 67 61 58 60 67 77 89 99105108105 99 90 80 72 66 65 67 73 80 86 90241125B110571082346 9199999999999999 4 7 581752 6599999999999999
 91 88 83 75 69 66 67 74 85 96106111112107 97 84 70 59 52 51 55 65 76 86241126B11133112999999999999999999999 511 661840 5099999999999999
 94 98 96 91 83 76 72 74 82 93105114117115106 91 74 56 44 37 39 48 62 77241127B1 113 9812 611899999999999999 6 7 721918 3799999999999999
 92102106104 97 88 81 78 82 91103114121122115101 81 60 41 29 25 31 45 64241128B1 2 9106123712399999999999999 655 781952 2599999999999999
 84100111114110101 91 85 84 90100113123128125112 92 68 44 26 16 17 29 48241129B1 25311413 612899999999999999 737 842024 1599999999999999
 71 92109118118112102 94 89 90 98110123131132123105 80 53 29 13  8 14 31241130B1 333119133613399999999999999 816 892057  899999999999999
 54 79101116122120112102 95 93 97107120131137133119 95 67 39 17  4  4 162412 1B1 41112214 713799999999999999 850 932131  399999999999999
 37 63 88108120122118109101 96 96103115128138139130110 83 53 26  8  0  52412 2B1 449122143814099999999999999 923 9522 6  099999999999999
 21 45 72 95112120119114105 99 97100110123134141137123100 71 42 18  3  12412 3B1 529120151114199999999999999 954 972242  099999999999999
 10 29 54 79 99112117115109102 98 98104115127137139132114 89 60 33 13  42412 4B1 6111171545140999999999999991026 972321  399999999999999
  5 18 38 62 84100110113110104 99 97 99106117128135134123104 79 52 29 142412 5B1 65611316221359999999999999911 1 97999999999999999999999
  8 13 27 47 68 87101108109106100 96 95 98106116124128125113 94 72 49 302412 6B1 74210917 412899999999999999 0 1  81145 9599999999999999
 19 17 24 38 56 75 90101106106102 97 93 92 95101109116118114104 88 69 512412 7B1 827107175611899999999999999 044 171246 9299999999999999
 37 29 29 36 49 65 81 95103106105100 93 88 85 86 91 97103106104 97 85 712412 8B1 9 710619 910699999999999999 131 281413 8599999999999999
 58 47 42 43 49 61 75 89100107108104 97 88 80 74 73 76 82 89 94 96 94 872412 9B1 9431082057 9699999999999999 223 421551 7399999999999999
 79 69 61 57 58 63 74 86 99108112111104 94 81 69 60 56 57 64 74 84 91 95241210B110151122315 9599999999999999 323 571711 5699999999999999
 94 89 82 76 72 72 77 87 98109117119114104 89 71 54 42 37 39 49 63 78 91241211B11049119999999999999999999999 427 711811 3699999999999999
 99102101 95 89 85 85 90 99111121126126118103 83 60 39 24 19 23 36 55 75241212B1 1 9102112612799999999999999 528 8519 4 1999999999999999
 93105111111106 99 96 96101111122131135132121101 75 48 24  9  4 12 29 52241213B1 22411212 613599999999999999 624 951952  499999999999999
 77 97112118117112106102104110120131140143137121 97 67 36 12 -3 -5  6 27241214B1 322119125014399999999999999 7151022039 -599999999999999
 54 81102116122120114108105108115126139147148139119 91 59 27  4 -9 -7  7241215B1 411122133614999999999999999 8 21052124-1099999999999999
 31 60 86107119122118111106104108118131143151150137115 84 51 21  0 -9 -4241216B1 454122142215299999999999999 84610422 8 -999999999999999
 14 39 68 92110118118113106101101107118132145151147132107 77 45 18  1 -4241217B1 53211915 815199999999999999 9301012250 -499999999999999
  5 25 51 77 98111116113107 99 95 97104117131142146139123 98 68 40 18  5241218B1 6 61161553146999999999999991015 952329  499999999999999
  6 18 39 63 86103112112107 99 92 89 92101114127136137128111 87 61 38 21241219B1 63711316371379999999999999911 1 89999999999999999999999
 14 19 33 54 76 95107111109102 93 86 84 88 97109120126125115 99 78 57 39241220B1 7 6111172212699999999999999 0 6 141151 8499999999999999
 28 26 34 49 69 88102110111105 96 87 81 80 83 91101109113111102 89 72 56241221B1 734111181011499999999999999 040 261247 7999999999999999
 44 39 41 50 65 83 98109112110102 92 83 77 75 77 84 91 98101 99 92 82 71241222B1 8 411219 810199999999999999 113 381354 7599999999999999
 60 53 52 56 66 80 94106113114109100 89 79 72 69 70 74 80 86 89 89 86 81241223B1 8351142033 9099999999999999 147 521516 6999999999999999
 74 69 65 66 71 80 92104113117115108 97 86 75 66 61 60 63 69 76 81 85 86241224B1 9101172258 8699999999999999 225 651641 6099999999999999
 85 82 80 78 79 83 91101111117119115107 95 82 68 57 51 49 52 60 69 78 86241225B1 949119999999999999999999999 315 781748 4999999999999999
 91 93 93 91 89 89 93100108116121122116106 92 76 60 47 39 38 43 54 67 80241226B1 122 93103312299999999999999 426 891840 3899999999999999
 91 99103103101 98 97100106114121125124117105 87 68 49 35 28 29 37 51 68241227B1 228104112012699999999999999 544 971924 2799999999999999
 85 99109112111107103102105111119126130127118101 80 57 37 23 17 21 34 53241228B1 31111212 913099999999999999 65010220 4 1799999999999999
 74 93108116118115110105104108115124131134130117 96 71 46 25 12  9 18 35241229B1 347118125613499999999999999 7451042044  999999999999999
 57 81101115121121115109105105110119129137138130113 88 60 34 13  3  5 18241230B1 422122134013999999999999999 8311042122  399999999999999
 39 64 88108119122119112105102103111122134142140129108 79 49 23  5 -1  5241231B1 455122142414299999999999999 91110122 1 -199999999999999
