 15 15 16 18 19 19 18 17 15 12  8  5  3  2  2  4  7 10 12 14 16 16 15 1424 1 1B6 426 202033 16999999999999991326  1999999999999999999999
 14 14 14 15 16 17 16 15 14 12  9  6  5  4  3  5  8 11 13 15 16 17 16 1524 1 2B6 453 1721 0 1799999999999999 042 141346  399999999999999
 13 13 12 12 12 14 14 13 12 12 10  8  7  6  6  6  8 11 14 15 17 17 17 1524 1 3B6 532 142120 1799999999999999 245 121343  699999999999999
 13 12 10  9  9 10 10 11 10 10 11 10  9  8  8  9 10 12 15 16 17 18 17 1624 1 4B6 8 7 112117 1899999999999999 343  91314  899999999999999
 14 11  9  7  6  6  7  8  9  9 10 11 11 11 11 11 12 14 15 17 18 18 17 1624 1 5B62024 18999999999999999999999 437  6999999999999999999999
 14 11  8  6  4  3  3  5  6  8  9 11 12 13 13 13 14 15 16 17 18 18 17 1624 1 6B62037 18999999999999999999999 527  3999999999999999999999
 14 12  9  6  4  2  1  1  3  5  8 10 12 14 15 15 15 16 16 16 17 17 17 1624 1 7B621 6 17999999999999999999999 618  1999999999999999999999
 15 13 11  7  4  2  0 -1  0  2  5  8 11 14 16 16 16 16 16 16 16 16 16 1624 1 8B616 9 16999999999999999999999 711 -1999999999999999999999
 15 14 13 10  6  3  1 -1 -2 -1  1  4  8 12 15 16 17 16 15 15 14 14 15 1524 1 9B61534 17999999999999999999999 8 5 -22044 1499999999999999
 15 15 15 13 10  6  2 -1 -3 -4 -3  0  4  8 12 15 16 16 15 14 13 13 13 1424 110B6 019 151614 1699999999999999 9 0 -421 0 1399999999999999
 15 16 17 16 13 10  6  1 -3 -5 -6 -5 -2  3  8 12 14 15 14 13 11 11 11 1224 111B6 152 171658 1599999999999999 955 -621 6 1199999999999999
 14 16 18 18 16 14  9  4 -1 -5 -7 -8 -6 -2  3  7 11 13 13 12 10  9 10 1024 112B6 241 181744 13999999999999991047 -82125  999999999999999
 12 14 17 18 18 16 13  8  2 -3 -7 -9 -9 -7 -2  3  7 10 12 12 10  9  8  924 113B6 322 191828 12999999999999991135 -92159  899999999999999
 10 12 14 17 18 17 15 11  5  0 -5 -8 -9 -9 -6 -1  4  8 10 12 11  9  7  724 114B6 4 2 1819 7 12999999999999991216 -92253  799999999999999
  8  9 11 13 15 16 15 12  8  3 -2 -5 -8 -8 -7 -3  1  6  9 11 11 10  8  624 115B6 446 161941 12999999999999991251 -8999999999999999999999
  6  6  7  9 11 12 13 12  9  6  2 -2 -4 -5 -5 -3  1  5  8 11 12 11  9  724 116B6 543 1320 8 1299999999999999 021  61320 -599999999999999
  5  4  3  4  5  7  9  9  9  7  5  2  0 -1 -1  0  2  5  8 11 12 12 11  824 117B6 711  92031 1399999999999999 150  31342 -199999999999999
  5  3  1  0  1  2  4  5  7  7  6  5  4  3  3  3  5  7  9 11 13 13 12 1024 118B6 848  72053 1399999999999999 259  01356  399999999999999
  7  4  0 -2 -2 -2 -1  1  3  5  6  7  7  7  7  7  8  9 10 11 13 14 13 1224 119B62118 14999999999999999999999 4 7 -2999999999999999999999
  9  6  2 -1 -3 -4 -4 -3 -1  2  5  7  8  9 10 10 11 12 12 13 13 14 14 1324 120B62148 14999999999999999999999 532 -4999999999999999999999
 11  9  5  2 -2 -4 -5 -5 -4 -1  2  5  7  9 11 12 13 14 14 14 14 14 14 1424 121B62024 14999999999999999999999 649 -5999999999999999999999
 13 12  9  6  2 -1 -3 -5 -5 -4 -1  2  5  8 11 12 13 14 15 14 14 14 14 1424 122B61825 152356 1599999999999999 752 -52115 1499999999999999
 15 14 13 10  7  3  0 -3 -5 -5 -4 -1  2  6  9 11 13 14 14 14 14 13 13 1424 123B61833 14999999999999999999999 850 -52139 1399999999999999
 15 16 16 14 12  8  4  0 -3 -5 -6 -4 -1  3  7 10 12 13 13 13 13 13 13 1324 124B6 122 161820 1399999999999999 943 -62135 1399999999999999
 15 16 17 17 15 12  8  4 -1 -4 -6 -6 -3  0  4  8 10 12 12 12 12 12 12 1324 125B6 219 171815 12999999999999991028 -62057 1299999999999999
 14 16 18 18 18 15 12  7  2 -2 -5 -6 -5 -2  2  6  9 11 12 12 11 11 11 1124 126B6 259 181819 129999999999999911 3 -62110 1199999999999999
 13 15 17 18 18 17 14  9  4  0 -4 -6 -6 -3  0  4  8 10 12 12 11 10 10 1024 127B6 326 181831 12999999999999991132 -62147 1099999999999999
 11 12 15 16 17 16 14 11  6  1 -2 -4 -5 -4  0  4  7 10 12 12 11  9  9  824 128B6 345 171847 12999999999999991155 -52250  899999999999999
  9 10 12 14 15 14 13 11  7  3 -1 -3 -4 -3  0  4  7 10 11 12 12 10  8  724 129B6 4 3 1519 6 12999999999999991214 -4999999999999999999999
  7  7  8 10 12 12 11 10  8  4  1 -1 -2 -1  0  4  8 10 12 12 12 10  8  624 130B6 431 121921 1399999999999999 021  71223 -299999999999999
  5  4  4  6  8  9  9  8  8  6  3  1  1  1  2  4  8 11 12 12 12 11  8  524 131B6 512  919 9 1299999999999999 119  412 1  199999999999999
  3  2  1  2  4  6  7  7  7  6  5  3  3  3  4  6  8 11 13 13 12 11  8  524 2 1B6 624  71829 1399999999999999 2 4  112 2  399999999999999
  2  0 -1 -1  0  2  4  6  6  7  7  6  5  5  6  7  9 11 13 13 12 11  9  624 2 2B6 929  71843 1399999999999999 243 -11224  599999999999999
  2  0 -2 -3 -2 -1  1  4  5  6  7  7  7  7  7  8  9 11 12 13 12 11  9  624 2 3B619 7 13999999999999999999999 318 -3999999999999999999999
  4  1 -2 -3 -4 -3 -2  1  3  5  6  8  8  9  8  9 10 11 11 12 12 11  9  724 2 4B61939 12999999999999999999999 4 1 -4999999999999999999999
  5  3  0 -2 -3 -4 -4 -2  0  2  4  6  8  9  9  9 10 10 11 11 11 11 10  924 2 5B62030 11999999999999999999999 515 -4999999999999999999999
  7  6  3  1 -2 -3 -4 -4 -4 -1  1  4  6  8  9  9  9 10 10 10 10 10 10 1024 2 6B62156 10999999999999999999999 652 -4999999999999999999999
  9  9  7  5  2 -1 -3 -5 -6 -6 -3  0  3  6  8  9  9  9  9  9  9  9 10 1124 2 7B61524  9999999999999999999999 8 7 -61959  999999999999999
 11 11 11  9  6  2 -1 -5 -8 -9 -8 -5 -2  2  6  8  9  9  8  8  7  7  8 1024 2 8B6 047 111611  999999999999999 9 7 -92024  799999999999999
 11 13 13 12 10  6  2 -3 -7-10-11-10 -7 -2  2  6  8  9  8  7  6  6  6  724 2 9B6 159 131650  999999999999999 957-112055  699999999999999
 10 12 14 14 13 10  5  0 -6-10-12-13-11 -6 -1  4  7  9  8  7  5  4  4  524 210B6 243 141723  9999999999999991039-132137  499999999999999
  6  9 12 14 14 12  8  3 -3 -8-11-13-12 -9 -4  2  6  8  9  8  5  3  2  224 211B6 326 141751  9999999999999991114-132229  199999999999999
  3  5  8 11 13 12 10  6  1 -5 -9-11-11-10 -6  0  5  8  9  9  6  3  0 -124 212B6 412 131814  9999999999999991144-112330 -199999999999999
 -1  0  3  6  9 10  9  7  4 -1 -5 -7 -8 -8 -5 -1  4  7  9  9  7  4  0 -324 213B6 5 8 101836 109999999999999912 8 -8999999999999999999999
 -4 -4 -3  0  4  6  7  7  5  2 -1 -3 -4 -4 -3  0  4  7  9 10  9  6  1 -224 214B6 624  71857 1099999999999999 032 -41228 -599999999999999
 -5 -7 -6 -5 -2  1  3  5  5  4  2  1  0  0  0  2  4  7  9 10  9  7  3 -124 215B6 746  51919 1099999999999999 128 -71243  099999999999999
 -4 -7 -8 -8 -6 -4 -1  2  4  4  4  3  3  3  3  5  6  8  9 10 10  9  6  224 216B6 9 8  41945 1099999999999999 219 -81239  399999999999999
 -2 -5 -7 -9 -8 -7 -5 -2  1  3  4  5  5  5  6  7  8  9  9  9 10  9  8  524 217B62017 10999999999999999999999 312 -9999999999999999999999
  2 -1 -4 -7 -8 -7 -7 -5 -3  0  3  4  5  6  7  8  9 10 10 10 10 10  9  824 218B61928 10999999999999999999999 419 -8999999999999999999999
  6  3  1 -2 -5 -6 -6 -6 -5 -3  0  2  4  6  7  8  9 10 11 10 10 10 10 1024 219B618 5 11999999999999999999999 634 -6999999999999999999999
  9  8  6  3  0 -2 -4 -6 -6 -6 -3  0  2  5  7  8  9 10 10 10 10 10 10 1124 220B61828 11999999999999999999999 759 -621 3 1099999999999999
 11 11 10  8  5  2 -1 -4 -6 -7 -6 -4  0  3  5  7  9 10 10 10 10 10 10 1124 221B6 018 111842 1099999999999999 859 -72120 1099999999999999
 12 13 13 12 10  6  2 -1 -5 -7 -7 -6 -3  1  4  7  8  9 10 10  9  9  9 1024 222B6 134 131811 1099999999999999 945 -72126  999999999999999
 12 13 14 14 13 10  6  1 -3 -6 -7 -7 -5 -1  3  6  8 10 10  9  9  8  8  924 223B6 221 141744 10999999999999991017 -82139  899999999999999
 10 12 14 15 14 12  8  4 -1 -5 -7 -7 -5 -2  3  6  9 10 10  9  8  7  6  724 224B6 257 151732 10999999999999991039 -72210  699999999999999
  8 10 12 14 13 12  9  5  1 -3 -5 -6 -5 -2  3  6  9 11 11  9  7  5  4  424 225B6 328 141731 11999999999999991056 -62247  499999999999999
  5  7  9 11 12 11 10  6  2 -1 -4 -4 -4 -1  3  7 10 11 11  9  7  4  2  124 226B6 357 121735 119999999999999911 9 -42324  199999999999999
  2  3  6  9 10 10  9  7  4  0 -2 -2 -2  0  3  7 10 11 11 10  7  3  0 -124 227B6 431 101725 11999999999999991114 -22358 -299999999999999
 -2 -1  2  5  7  8  8  7  5  2  0  0  0  1  4  7 10 11 11  9  7  3 -1 -324 228B6 516  817 1 119999999999999911 2  0999999999999999999999
 -4 -4 -2  1  4  6  7  7  6  4  2  1  2  3  4  7 10 11 11  9  6  3 -1 -424 229B6 640  717 6 1199999999999999 027 -411 8  199999999999999
 -6 -6 -5 -3  1  4  6  6  7  6  5  3  3  4  5  7  9 11 11  9  6  3  0 -424 3 1B6 758  71724 1199999999999999 051 -61132  399999999999999
 -6 -7 -7 -6 -3  1  4  5  6  7  6  5  4  5  6  7  8 10 10  9  7  4  1 -224 3 2B6 9 1  71750 1099999999999999 118 -712 8  499999999999999
 -5 -7 -7 -7 -5 -2  1  3  5  6  6  6  5  5  6  6  7  8  9  9  8  5  3  024 3 3B61010  61825  999999999999999 155 -71252  599999999999999
 -2 -5 -6 -6 -6 -5 -2  0  2  4  5  6  6  5  5  6  7  8  8  9  8  7  5  324 3 4B61914  9999999999999999999999 252 -6999999999999999999999
  1 -1 -3 -4 -5 -5 -5 -3 -1  1  2  4  5  5  5  6  6  7  8  8  8  8  7  624 3 5B62030  8999999999999999999999 451 -5999999999999999999999
  5  3  1 -1 -3 -5 -6 -6 -5 -3 -1  1  3  5  6  6  6  6  7  7  7  8  9  824 3 6B622 5  9999999999999999999999 655 -6999999999999999999999
  8  7  6  3  0 -3 -5 -8 -9 -8 -6 -3  0  3  5  6  6  6  6  6  6  7  8  924 3 7B69999999999999999999999999999 8 5 -9999999999999999999999
 10 10  9  7  4  0 -4 -7-10-11-10 -7 -3  1  4  6  7  6  6  5  4  4  6  724 3 8B6 054 101549  799999999999999 856-112025  499999999999999
  9 11 11 10  8  4 -1 -5 -9-12-12-10 -6 -1  3  6  8  7  6  4  2  2  2  424 3 9B6 159 111613  899999999999999 937-122112  299999999999999
  6  9 11 12 10  7  3 -2 -7-10-12-11 -8 -3  2  6  9  9  7  4  1 -1 -2 -124 310B6 250 121634  9999999999999991011-122158 -299999999999999
  2  5  8 11 11  9  6  2 -3 -7 -9-10 -8 -4  1  6  9 10  8  5  1 -3 -5 -524 311B6 341 111650 10999999999999991040-102241 -599999999999999
 -4 -1  4  7  9 10  8  5  1 -3 -6 -7 -6 -3  1  6  9 10  9  6  1 -3 -7 -924 312B6 439 1017 5 109999999999999911 4 -72324 -999999999999999
 -8 -6 -2  2  6  8  8  7  4  1 -2 -3 -3 -1  2  5  9 10 10  8  3 -2 -7-1024 313B6 544  81720 10999999999999991124 -3999999999999999999999
-11-10 -7 -3  1  5  7  7  6  4  2  0  0  1  3  6  8 10 10  8  5  0 -5 -924 314B6 652  71737 1099999999999999 0 8-111140  099999999999999
-11-12-11 -7 -3  0  4  6  6  6  4  3  3  3  4  6  8  9 10  9  7  3 -1 -624 315B6 756  61750 1099999999999999 053-121148  399999999999999
 -9-11-11-10 -7 -3  0  3  5  6  5  5  5  5  6  7  8  9  9  9  8  6  3 -124 316B6 9 0  61737  999999999999999 141-111127  599999999999999
 -4 -7 -9 -9 -8 -6 -3 -1  2  4  5  5  5  6  6  7  8  9  9  9  9  8  6  324 317B61724  9999999999999999999999 237 -9999999999999999999999
  1 -2 -4 -6 -6 -6 -5 -4 -1  1  3  4  5  6  7  7  8  9  9  9  9  9  9  724 318B61739 10999999999999999999999 349 -6999999999999999999999
  6  3  1 -1 -3 -4 -5 -5 -4 -2  0  2  4  5  7  8  8  9 10  9  9  9 10 1024 319B618 3 102243 1099999999999999 643 -52020  999999999999999
  9  8  6  4  1 -1 -3 -5 -5 -4 -2  0  3  5  7  8  9  9 10 10  9  9 10 1124 320B61820 10999999999999999999999 758 -52048  999999999999999
 11 11 10  8  5  2 -1 -3 -5 -5 -4 -1  2  5  7  8  9 10 10 10  9  9  9 1024 321B6 018 111740 1099999999999999 845 -52115  999999999999999
 11 12 12 11  9  6  2 -1 -4 -5 -5 -3  1  4  7  9 10 10 10  9  8  8  8  824 322B6 124 121649 1099999999999999 918 -52137  799999999999999
 10 12 13 12 11  8  5  1 -2 -4 -4 -2  1  5  8 10 11 11 10  8  7  6  5  624 323B6 214 131620 1199999999999999 939 -42154  599999999999999
  8 10 12 12 12 10  7  3  0 -2 -2 -1  1  5  9 11 12 12 10  8  5  3  3  324 324B6 258 1216 7 1299999999999999 954 -22213  399999999999999
  5  7 10 11 12 11  8  5  2  0 -1  0  2  6  9 12 13 12 10  7  4  1  0 -124 325B6 342 1216 5 139999999999999910 7 -12233 -199999999999999
  1  4  7 10 11 11 10  7  4  2  1  2  3  6 10 12 13 12 10  6  2 -1 -3 -424 326B6 427 111558 13999999999999991017  12252 -499999999999999
 -3  0  4  8 10 11 10  9  6  4  3  3  4  6 10 12 13 12 10  6  2 -3 -5 -624 327B6 515 111551 13999999999999991019  323 8 -699999999999999
 -6 -4  0  5  8 10 11 10  8  6  5  5  5  7  9 12 13 12  9  6  2 -3 -7 -824 328B6 6 4 111558 13999999999999991026  42322 -899999999999999
 -8 -6 -3  2  6  9 10 10  9  7  6  5  6  7  8 10 12 11  9  6  2 -2 -6 -824 329B6 651 101618 12999999999999991047  52343 -999999999999999
 -9 -8 -6 -2  3  7  9 10 10  9  7  6  6  7  8  9 11 11 10  7  3  0 -4 -724 330B6 737 101645 11999999999999991118  6999999999999999999999
 -8 -8 -7 -4 -1  4  6  8  8  8  7  6  6  6  7  8  9 10 10  8  5  2 -1 -424 331B6 826  91721 1099999999999999 018 -81154  699999999999999
 -6 -7 -7 -6 -3  0  3  5  6  7  7  6  6  6  6  7  8  9 10  9  8  5  3  024 4 1B6 931  718 7 1099999999999999 114 -71229  599999999999999
 -2 -4 -5 -5 -5 -3 -1  1  3  4  5  6  6  5  6  7  8  9  9 10  9  8  6  424 4 2B619 9 10999999999999999999999 247 -5999999999999999999999
  2  0 -2 -4 -4 -5 -4 -3 -1  1  3  4  5  6  6  6  7  8  9  9 10 10  9  824 4 3B62031 10999999999999999999999 5 9 -5999999999999999999999
  6  4  2 -1 -3 -4 -6 -6 -5 -2  0  2  4  6  7  7  7  7  8  8  8  9 10  924 4 4B622 3 10999999999999999999999 643 -6999999999999999999999
  9  8  6  3  0 -2 -5 -7 -7 -5 -3  1  3  6  8  8  7  7  7  6  6  7  8  924 4 5B61436  8999999999999999999999 741 -71943  699999999999999
 10 10  9  7  4  1 -2 -5 -7 -7 -4 -1  3  6  9 10  9  7  6  4  3  3  4  624 4 6B6 053 101457 1099999999999999 826 -72034  399999999999999
  8 10 11 10  8  5  1 -2 -5 -6 -5 -2  2  6 10 11 11  8  5  2  0 -1 -1  124 4 7B6 2 9 111515 1199999999999999 9 4 -62115 -199999999999999
  5  8 10 11 11  9  5  2 -1 -3 -3 -2  2  6 10 12 12 10  6  2 -2 -5 -5 -424 4 8B6 311 111530 1299999999999999 937 -32152 -699999999999999
 -1  3  8 11 12 11  9  6  3  0 -1  0  3  6 10 13 13 12  8  2 -3 -7 -9 -924 4 9B6 411 121542 139999999999999910 6 -12226 -999999999999999
 -6 -2  3  8 11 12 11  9  6  4  3  3  4  7 10 13 14 13 10  4 -2 -7-10-1124 410B6 5 9 121556 14999999999999991030  223 1-1199999999999999
-10 -7 -2  4  8 11 12 11  9  7  5  5  6  7 10 12 14 13 11  7  1 -4 -9-1124 411B6 6 5 121613 14999999999999991049  52339-1299999999999999
-12-10 -6  0  5  8 11 11 10  9  7  7  7  8 10 12 13 13 12  9  5  0 -5 -924 412B6 656 111629 139999999999999911 1  7999999999999999999999
-10-10 -8 -4  1  5  8 10 10  9  8  8  8  8 10 11 13 13 12 11  8  4  0 -424 413B6 746 101643 1399999999999999 024-1011 2  899999999999999
 -7 -8 -7 -5 -2  1  4  7  8  9  8  8  8  9  9 11 12 13 12 12 11  8  5  124 414B6 840  91656 1399999999999999 119 -81053  899999999999999
 -1 -4 -5 -5 -3 -1  1  3  5  7  7  7  8  9  9 11 12 13 12 12 12 11  9  624 415B61714 13999999999999999999999 222 -5999999999999999999999
  4  2 -1 -2 -2 -2 -1  0  2  5  6  7  8  9 10 10 12 13 13 12 12 12 12 1024 416B61736 13999999999999999999999 337 -2999999999999999999999
  8  6  4  2  0 -1 -1 -1  0  3  5  7  8  9 10 11 12 12 13 12 12 12 12 1224 417B61753 132225 1299999999999999 614 -12015 1299999999999999
 11 10  8  6  3  1  0  0  0  1  4  7  9 10 11 12 12 12 12 12 11 11 11 1224 418B61722 122352 1399999999999999 719  02049 1199999999999999
 13 12 11  9  7  4  2  1  1  2  4  7  9 12 13 13 13 12 12 11 10  9 10 1124 419B61516 13999999999999999999999 753  12116  999999999999999
 12 13 12 11  9  7  5  3  3  3  4  7 10 13 14 14 14 13 11  9  8  7  7  824 420B6 111 131440 1599999999999999 816  32127  799999999999999
 10 12 13 13 12 10  8  6  5  5  6  8 11 14 16 16 15 13 10  8  6  4  4  624 421B6 217 131436 1699999999999999 835  52129  499999999999999
  8 10 13 14 13 12 11  9  7  7  8  9 12 14 16 17 15 13 10  6  3  1  1  224 422B6 314 141442 1799999999999999 856  72139  199999999999999
  5  8 12 14 15 14 13 11 10  9  9 10 12 15 17 17 16 13  9  5  1 -1 -2 -124 423B6 4 5 151446 1799999999999999 919  92154 -299999999999999
  2  6 10 14 15 16 15 13 11 10 10 11 12 15 16 17 16 13  9  4  0 -3 -4 -424 424B6 448 161447 1799999999999999 942 102210 -499999999999999
 -1  3  8 12 15 16 16 15 13 11 11 11 12 14 16 17 16 13  9  5  0 -4 -6 -624 425B6 524 161457 1799999999999999 958 112225 -699999999999999
 -4  0  5 10 14 16 16 16 14 12 11 11 12 13 14 16 16 13 10  6  1 -3 -6 -624 426B6 558 161519 16999999999999991013 112246 -699999999999999
 -5 -3  2  7 12 14 15 15 14 12 10 10 11 12 13 15 15 14 11  7  4 -1 -4 -624 427B6 633 151550 15999999999999991034 102318 -699999999999999
 -6 -4 -1  3  8 11 13 14 13 12 10 10 10 11 12 13 15 15 13 10  6  3 -1 -424 428B6 716 141627 15999999999999991059 10999999999999999999999
 -5 -4 -3  0  3  7 10 11 12 11 10  9  9 10 11 12 14 15 14 12  9  6  3  024 429B6 812 121710 1599999999999999 0 9 -51126  999999999999999
 -2 -3 -3 -2  0  3  6  8  9 10 10  9  9  9 11 12 13 14 15 14 12 10  7  424 430B6 930 1018 0 1599999999999999 139 -31153  999999999999999
  2 -1 -2 -2 -2 -1  2  4  6  8  9  9 10 10 10 11 12 13 14 14 14 12 10  824 5 1B619 3 14999999999999999999999 314 -2999999999999999999999
  6  3  1 -1 -2 -2 -1  1  4  6  8  9 10 11 10 11 11 12 12 13 13 13 12 1124 5 2B62025 13999999999999999999999 445 -2999999999999999999999
  9  7  4  2  0 -1 -1 -1  2  5  7 10 11 12 12 11 10 10 10 10 10 11 12 1224 5 3B61312 1222 8 1299999999999999 6 1 -11847 1099999999999999
 11 10  8  6  4  2  1  0  1  4  7 10 12 14 14 12 10  9  8  7  6  7  9 1024 5 4B61333 14999999999999999999999 658  01943  699999999999999
 11 12 12 10  8  6  4  3  3  4  7 10 13 15 15 14 12  8  6  4  2  2  4  724 5 5B6 117 121351 1599999999999999 746  32024  299999999999999
 10 12 13 14 12 10  9  7  6  6  8 11 14 16 17 16 13  9  5  2 -1 -2 -1  224 5 6B6 237 1414 6 1799999999999999 829  62059 -299999999999999
  6 10 13 15 16 15 13 11  9  9  9 11 14 17 18 18 16 11  6  1 -3 -5 -5 -324 5 7B6 343 161422 1899999999999999 9 9  92132 -599999999999999
  2  7 12 15 17 17 16 14 13 11 11 12 14 17 19 19 18 14  9  3 -2 -6 -7 -624 5 8B6 440 171441 1999999999999999 945 1122 6 -799999999999999
 -3  2  8 13 16 18 18 17 15 13 13 13 14 16 19 20 19 16 12  6  0 -4 -7 -724 5 9B6 527 1815 5 20999999999999991010 132242 -799999999999999
 -5 -1  4 10 14 17 18 17 16 14 14 14 14 16 18 20 20 18 15 11  5  0 -4 -624 510B6 6 8 181532 20999999999999991020 142325 -699999999999999
 -6 -3  1  6 11 14 16 17 16 14 14 14 14 15 17 19 20 19 17 14 10  5  0 -324 511B6 649 1716 0 20999999999999991020 14999999999999999999999
 -4 -3 -1  3  7 11 13 15 15 14 13 13 14 15 16 18 19 19 19 17 14 10  6  224 512B6 734 151626 2099999999999999 016 -41020 1399999999999999
  0 -1 -1  1  5  7 10 12 13 13 13 13 14 15 16 18 19 19 19 18 17 14 11  724 513B61647 19999999999999999999999 115 -1999999999999999999999
  4  2  1  1  3  5  7  9 12 13 13 13 14 15 16 17 18 19 19 18 18 17 14 1124 514B617 6 19999999999999999999999 214  1999999999999999999999
  9  6  4  3  3  5  6  8 10 12 14 14 15 16 16 17 17 18 18 18 17 17 16 1424 515B61722 18999999999999999999999 311  3999999999999999999999
 12 10  8  6  5  5  6  7  9 12 14 16 16 17 17 17 17 17 17 16 16 16 16 1524 516B61547 17999999999999999999999 4 3  5999999999999999999999
 14 12 11  9  8  7  8  9 10 12 15 17 18 18 18 17 17 16 15 15 14 14 14 1524 517B61259 182329 1599999999999999 450  72044 1499999999999999
 15 14 13 12 11 10 10 11 12 13 16 18 20 20 19 18 17 15 14 13 12 12 12 1424 518B61244 20999999999999999999999 533 102051 1299999999999999
 15 16 15 15 14 14 13 13 14 15 17 19 21 21 21 19 17 14 12 10  9  9 10 1224 519B6 116 161258 2199999999999999 618 132031  999999999999999
 14 16 17 17 17 17 16 16 16 17 18 20 21 22 22 20 17 14 11  8  6  6  7  924 520B6 246 171314 2299999999999999 711 162035  699999999999999
 12 16 18 19 20 19 19 18 18 18 19 20 21 22 22 20 17 13 10  6  4  3  5  724 521B6 349 201327 2299999999999999 8 5 182052  399999999999999
 11 15 18 21 22 22 21 20 19 19 19 20 21 22 22 21 18 14 10  6  3  1  2  424 522B6 418 221337 2299999999999999 856 192114  199999999999999
  8 13 18 21 23 23 22 21 20 19 19 19 20 21 22 21 19 15 11  6  3  0  0  224 523B6 443 231355 2299999999999999 937 192138  099999999999999
  5 10 16 20 22 23 23 21 20 19 18 18 19 21 22 21 20 17 13  8  4  1 -1  024 524B6 510 231425 2299999999999999 956 1822 7 -199999999999999
  2  7 12 17 21 22 22 21 19 18 17 17 18 19 21 22 21 18 15 11  6  2  0  024 525B6 541 2215 2 2299999999999999 958 172245  099999999999999
  1  3  8 13 17 20 21 20 19 17 16 16 17 18 20 22 22 20 17 14 10  5  2  024 526B6 621 211542 22999999999999991010 162339  099999999999999
  0  1  4  8 13 16 18 18 18 17 15 15 16 17 19 21 22 22 20 17 13  9  5  224 527B6 714 181623 22999999999999991032 15999999999999999999999
  1  0  1  4  8 12 14 16 17 16 16 15 16 17 18 19 21 22 21 19 17 13  9  524 528B6 817 1717 6 2299999999999999 052  011 0 1599999999999999
  3  1  1  2  4  8 11 13 15 16 16 16 15 16 17 18 19 21 21 20 18 16 13  924 529B6 927 161755 2199999999999999 159  11141 1599999999999999
  6  4  2  2  3  5  8 11 14 16 17 17 16 16 16 17 17 18 19 19 19 17 15 1324 530B61036 1719 1 1999999999999999 254  21321 1699999999999999
 10  7  5  4  4  5  7 10 13 16 17 18 18 17 16 15 15 15 15 16 17 17 16 1524 531B61120 182038 1799999999999999 341  41634 1599999999999999
 13 12  9  8  7  7  8 10 13 16 18 19 20 19 17 15 13 12 12 12 13 14 15 1524 6 1B61145 202336 1599999999999999 424  71833 1299999999999999
 15 15 14 13 12 11 11 12 14 17 19 21 21 21 19 16 13 10  9  8  8 10 12 1424 6 2B612 2 21999999999999999999999 521 111920  899999999999999
 16 17 18 17 16 16 16 16 16 18 20 22 23 22 21 18 14 10  7  5  4  5  8 1124 6 3B6 157 181219 2399999999999999 7 2 1620 0  499999999999999
 15 18 20 21 20 20 20 19 19 19 20 22 24 24 23 20 16 12  7  4  2  2  4  724 6 4B6 319 211245 2499999999999999 810 192037  299999999999999
 12 16 20 22 23 23 22 22 21 21 21 22 24 25 25 23 20 15 10  5  2  0  1  424 6 5B6 420 231320 2599999999999999 9 5 212115  099999999999999
  8 14 18 22 24 25 24 23 22 22 22 22 24 25 26 25 23 19 14  8  4  1  0  124 6 6B6 5 2 2514 1 2699999999999999 944 222156  099999999999999
  5 10 16 20 23 25 25 24 23 22 22 22 23 25 27 27 26 23 19 13  8  4  1  124 6 7B6 535 251442 2799999999999999 954 222241  199999999999999
  3  7 12 17 21 23 24 23 22 21 21 22 23 24 26 28 27 26 23 18 13  8  4  324 6 8B6 6 8 241521 2899999999999999 939 212330  299999999999999
  3  5  9 14 17 20 22 22 22 21 21 21 22 24 26 28 28 27 26 23 18 13  9  624 6 9B6 645 221555 2899999999999999 938 21999999999999999999999
  4  4  7 11 14 17 20 21 21 20 20 21 22 23 25 27 28 28 27 25 22 17 13  924 610B6 728 211620 2899999999999999 020  4 946 2099999999999999
  7  6  6  9 12 15 17 20 21 21 20 21 21 22 24 26 27 27 27 26 24 20 16 1324 611B61636 27999999999999999999999 1 8  6999999999999999999999
 10  8  7  9 11 14 16 19 21 22 21 21 22 22 23 24 25 26 25 25 24 22 19 1624 612B61652 26999999999999999999999 150  7999999999999999999999
 13 11 10 10 12 14 16 18 21 23 23 23 23 23 22 22 23 24 23 23 22 22 20 1824 613B6 944 231711 2499999999999999 226 101428 2299999999999999
 16 14 13 12 13 15 18 19 22 24 25 25 24 23 22 21 21 21 21 21 20 20 20 1924 614B61016 25999999999999999999999 254 12999999999999999999999
 18 17 16 16 16 18 20 21 23 25 26 26 26 24 22 21 19 19 18 18 18 18 19 2024 615B61042 272324 2099999999999999 312 1620 5 1899999999999999
 20 19 19 19 19 20 22 23 25 26 27 27 27 25 23 20 18 17 16 16 16 17 18 2024 616B611 3 27999999999999999999999 232 191838 1699999999999999
 21 22 22 22 23 23 24 25 26 27 27 28 28 26 23 21 18 16 14 13 14 15 16 1924 617B61116 2899999999999999999999919 5 13999999999999999999999
 21 23 24 25 25 26 26 26 27 28 28 28 28 27 25 21 18 15 13 11 11 12 15 1724 618B610 0 289999999999999999999991936 11999999999999999999999
 21 24 26 27 27 28 28 27 27 28 28 28 27 27 26 23 19 16 13 11 10 10 12 1524 619B6 756 289999999999999999999992011  9999999999999999999999
 19 23 27 28 29 29 28 28 27 27 27 27 27 27 27 25 21 18 14 11  9  8 10 1324 620B6 4 2 291156 2799999999999999 854 272049  899999999999999
 17 21 25 28 29 29 28 27 26 26 26 26 27 28 28 26 24 20 16 12  9  8  8  924 621B6 421 291328 2899999999999999 925 262131  799999999999999
 13 18 22 26 28 29 28 27 25 25 25 25 26 28 29 28 27 24 20 15 11  8  7  724 622B6 453 291420 2999999999999999 928 252219  699999999999999
  9 13 18 23 26 27 27 26 24 23 23 24 25 27 29 30 29 27 23 19 14  9  7  624 623B6 533 2715 3 3099999999999999 929 232312  699999999999999
  6  9 13 18 22 25 26 25 24 23 22 23 24 26 28 30 30 29 26 22 17 12  8  624 624B6 621 261542 3199999999999999 946 22999999999999999999999
  5  6  9 14 18 22 24 24 24 23 22 22 23 24 26 29 30 30 28 25 21 16 11  824 625B6 712 251622 3099999999999999 0 6  51017 2299999999999999
  6  5  6 10 14 18 21 23 24 23 22 22 22 23 24 26 28 29 28 26 23 19 15 1124 626B6 8 0 2417 6 2999999999999999 054  511 5 2299999999999999
  8  7  7  8 12 16 20 22 24 24 23 22 21 21 22 23 24 26 26 26 24 21 18 1524 627B6 841 2418 2 2699999999999999 134  71237 2199999999999999
 12 10  9 10 12 15 19 22 24 25 25 24 22 20 20 20 20 21 22 23 23 22 20 1824 628B6 912 251931 2399999999999999 2 6  91438 2099999999999999
 16 14 13 13 14 16 19 22 25 26 26 25 23 21 19 17 17 17 18 19 20 21 21 2124 629B6 933 272121 2199999999999999 229 131613 1799999999999999
 20 19 18 18 18 19 21 23 25 27 28 27 25 22 19 16 15 14 14 15 16 19 20 2124 630B6 951 28999999999999999999999 245 171744 1499999999999999
 22 22 22 22 22 23 24 25 26 28 29 29 27 25 21 18 15 13 11 11 12 15 18 2124 7 1B61013 299999999999999999999991843 11999999999999999999999
 23 24 25 26 26 27 27 27 27 28 30 30 29 27 24 21 17 13 11 10 10 11 15 1824 7 2B61045 309999999999999999999991934  9999999999999999999999
 22 25 27 28 29 29 29 29 29 29 30 30 31 30 28 25 21 17 13 10  9  9 11 1524 7 3B61136 319999999999999999999992024  9999999999999999999999
 19 23 27 29 30 30 30 30 30 29 30 30 31 32 31 29 26 21 17 13 10  9  9 1224 7 4B6 553 301249 3299999999999999 918 292114  999999999999999
 16 21 25 28 30 31 31 30 30 30 29 30 31 33 33 32 30 27 22 17 13 10  9 1024 7 5B6 532 311355 3399999999999999 939 2922 5  999999999999999
 13 17 22 26 28 30 30 30 29 29 29 30 31 33 34 35 34 31 27 22 17 13 10  924 7 6B6 550 301446 3599999999999999 916 292252  999999999999999
 11 14 19 23 26 28 29 29 28 28 28 29 30 32 35 36 36 34 31 27 21 16 13 1024 7 7B6 615 291525 3699999999999999 9 0 282335 1099999999999999
 10 12 16 21 24 27 28 29 28 28 28 28 29 31 34 35 36 35 33 30 25 20 15 1324 7 8B6 643 291554 3699999999999999 917 27999999999999999999999
 11 12 15 19 22 25 28 29 28 28 27 28 28 30 32 34 35 35 34 31 27 23 18 1524 7 9B6 712 291612 3599999999999999 011 11 949 2799999999999999
 13 13 15 18 22 25 27 29 29 28 28 27 28 28 29 32 33 33 32 31 29 25 21 1824 710B6 741 301627 3399999999999999 042 131042 2799999999999999
 16 15 16 19 22 25 27 29 31 30 29 28 27 27 27 28 30 30 30 29 28 26 23 2024 711B6 8 9 311650 3099999999999999 1 8 151318 2799999999999999
 19 18 18 20 23 26 28 30 32 32 30 28 27 26 25 25 27 28 28 27 27 26 25 2324 712B6 834 321726 2899999999999999 127 181424 2599999999999999
 21 21 21 22 25 28 30 31 32 33 32 29 27 25 24 23 23 24 25 25 25 26 26 2524 713B6 854 332127 2699999999999999 124 211519 2399999999999999
 24 24 24 25 27 29 31 32 33 33 32 31 28 25 23 22 21 21 22 23 24 25 26 2724 714B6 852 33999999999999999999999 040 2416 8 2199999999999999
 26 26 27 28 29 30 32 34 34 33 33 31 29 26 23 21 20 19 20 21 23 24 26 2724 715B6 744 349999999999999999999991655 19999999999999999999999
 28 29 29 30 31 32 33 34 34 34 33 31 30 27 24 22 20 19 18 19 21 23 25 2724 716B6 756 349999999999999999999991748 18999999999999999999999
 29 31 31 32 32 33 33 34 34 34 33 32 31 29 26 23 21 19 18 18 18 21 23 2624 717B6 821 349999999999999999999991848 17999999999999999999999
 28 31 32 33 33 33 33 33 33 33 33 32 31 31 29 26 23 21 19 17 17 18 20 2324 718B6 732 339999999999999999999991948 17999999999999999999999
 26 30 32 33 33 33 33 32 32 32 33 33 33 32 32 30 27 23 20 18 16 15 17 1924 719B6 328 3311 1 3399999999999999 825 322047 1599999999999999
 23 27 30 32 33 33 32 32 31 31 31 32 33 34 34 33 31 27 23 19 16 14 13 1524 720B6 4 4 331337 3499999999999999 843 312141 1399999999999999
 18 23 27 30 32 32 32 31 30 30 30 31 33 35 36 36 34 31 27 22 17 14 12 1224 721B6 446 321426 3699999999999999 853 302231 1199999999999999
 14 18 23 27 30 32 32 30 29 28 29 30 31 34 36 37 36 34 30 25 19 15 12 1024 722B6 528 3215 5 3799999999999999 912 282315 1099999999999999
 11 14 19 24 28 30 31 31 29 28 27 28 29 31 34 36 37 35 33 28 23 17 13 1124 723B6 6 7 311544 3799999999999999 947 272352 1099999999999999
 10 11 15 21 25 29 31 31 30 28 26 26 27 28 30 33 35 35 33 30 26 21 16 1324 724B6 642 311627 35999999999999991038 26999999999999999999999
 12 12 14 18 23 28 30 31 31 29 26 25 24 25 26 29 31 33 32 31 28 24 20 1724 725B6 711 311721 3399999999999999 024 111154 2499999999999999
 15 14 15 18 22 27 30 32 32 30 27 25 23 22 22 24 26 28 30 30 29 26 24 2124 726B6 735 321840 3099999999999999 050 141318 2299999999999999
 19 18 19 20 23 27 30 32 33 31 29 26 23 21 19 20 21 23 25 27 28 27 26 2524 727B6 755 332016 2899999999999999 110 181422 1999999999999999
 23 23 23 24 25 28 30 32 33 33 31 28 24 21 18 17 18 19 21 23 25 27 27 2724 728B6 816 3322 8 2799999999999999 125 231520 1799999999999999
 27 27 27 27 29 30 31 32 34 34 32 30 27 23 20 17 16 16 17 19 22 25 27 2824 729B6 841 34999999999999999999999 131 271626 1699999999999999
 29 30 30 30 31 32 33 33 34 34 34 32 30 27 23 20 18 16 16 17 18 21 25 2724 730B6 911 3499999999999999999999918 1 16999999999999999999999
 29 31 32 32 33 34 34 34 34 34 35 34 33 31 28 25 21 19 17 16 16 18 21 2524 731B6 8 2 359999999999999999999991923 16999999999999999999999
 28 30 32 33 34 35 35 35 35 34 35 35 35 34 33 30 27 23 20 18 16 16 18 2124 8 1B6 620 351120 3599999999999999 843 342029 1699999999999999
 25 28 31 33 34 35 35 35 35 35 35 36 37 37 37 35 32 29 25 21 18 16 16 1824 8 2B6 639 3513 3 3799999999999999 910 352127 1699999999999999
 22 26 29 32 33 34 35 35 35 34 35 36 37 39 39 39 37 34 29 25 20 17 16 1624 8 3B614 7 399999999999999999999992214 16999999999999999999999
 19 23 27 30 33 34 34 34 34 34 34 35 37 39 40 41 40 37 33 28 23 19 16 1624 8 4B6 6 8 341451 4199999999999999 9 2 342251 1699999999999999
 17 21 25 29 32 34 34 34 34 33 33 34 35 37 40 41 41 39 36 32 26 22 18 1724 8 5B6 6 7 341525 4199999999999999 920 332319 1699999999999999
 17 20 24 28 31 34 35 35 33 32 32 32 33 35 38 40 40 39 37 33 29 24 20 1824 8 6B6 614 351552 409999999999999910 6 322341 1899999999999999
 18 20 24 28 31 34 36 35 34 32 31 31 31 32 35 37 38 38 37 34 30 26 23 2124 8 7B6 627 361616 389999999999999911 9 312358 2099999999999999
 20 21 24 29 32 34 36 36 35 32 30 29 29 29 31 34 35 35 35 34 31 28 25 2324 8 8B6 642 361643 36999999999999991211 29999999999999999999999
 23 23 26 29 33 35 36 37 36 33 30 28 27 27 27 30 32 33 33 33 32 30 27 2624 8 9B6 655 371727 3399999999999999 0 8 2313 2 272347 259999999
 25 26 27 30 34 36 37 37 36 34 31 28 26 25 25 26 28 30 31 31 32 31 30 2824 810B6 637 371959 32999999999999991344 242340 2899999999999999
 28 28 29 31 34 37 38 37 36 35 31 28 25 24 23 23 25 28 29 30 31 32 31 3124 811B6 559 382115 32999999999999991421 232358 3099999999999999
 30 31 31 33 35 37 38 38 36 35 32 29 26 23 22 22 23 25 27 29 30 32 32 3224 812B6 611 389999999999999999999991454 22999999999999999999999
 32 32 33 34 35 37 38 38 37 35 33 30 27 25 23 22 22 23 25 27 29 31 32 3324 813B6 634 389999999999999999999991532 22999999999999999999999
 33 33 34 34 35 36 37 37 37 35 34 32 30 27 25 23 23 22 23 25 27 29 31 3224 814B6 7 5 379999999999999999999991636 22999999999999999999999
 34 34 34 34 35 36 36 37 37 36 35 33 32 30 28 26 24 23 23 23 24 26 28 3024 815B6 750 379999999999999999999991824 22999999999999999999999
 32 34 35 35 35 35 36 36 36 36 36 35 34 34 32 30 27 25 23 21 21 22 24 2724 816B6 910 369999999999999999999991947 21999999999999999999999
 29 32 34 35 35 35 35 35 35 35 36 36 36 36 36 34 31 28 24 21 19 19 20 2224 817B61142 369999999999999999999992049 19999999999999999999999
 26 29 32 34 35 35 34 34 34 34 35 36 37 38 38 37 35 31 27 23 19 17 16 1824 818B6 357 351343 3999999999999999 810 342137 1699999999999999
 22 26 30 33 35 35 34 33 32 32 33 34 36 38 40 40 38 34 30 25 20 16 15 1524 819B6 431 351428 4099999999999999 847 322217 1599999999999999
 18 23 28 32 35 35 35 33 31 30 30 31 33 36 39 40 39 37 33 28 22 18 15 1424 820B6 5 0 351510 4099999999999999 929 302251 1499999999999999
 16 20 25 30 34 36 35 34 31 28 27 28 29 32 35 38 39 38 35 31 26 21 17 1624 821B6 524 361556 39999999999999991017 272319 1699999999999999
 16 19 24 29 33 36 36 34 31 28 25 24 25 27 30 34 36 37 36 33 29 24 21 1924 822B6 544 361650 379999999999999911 9 242343 1999999999999999
 19 20 23 28 33 35 36 35 32 28 24 22 21 22 24 28 32 34 35 34 32 28 25 2324 823B6 6 2 3618 0 359999999999999912 3 21999999999999999999999
 22 23 25 28 32 35 36 36 34 30 25 22 19 19 20 22 26 29 32 33 33 31 29 2724 824B6 619 361920 3399999999999999 0 1 221255 1999999999999999
 26 26 27 30 32 35 36 36 35 32 27 23 20 18 17 19 21 25 28 30 32 32 31 3024 825B6 639 362036 3299999999999999 018 261345 1799999999999999
 30 30 30 31 33 35 36 36 36 34 30 26 22 19 18 17 19 21 24 27 29 31 32 3224 826B6 7 4 36999999999999999999999 029 291436 1799999999999999
 32 32 32 33 34 35 36 36 36 35 33 30 26 23 21 19 19 20 21 23 26 29 31 3224 827B6 736 369999999999999999999991537 19999999999999999999999
 32 33 34 34 35 36 36 36 36 36 35 33 31 28 25 23 21 20 20 21 23 25 28 3024 828B6 7 8 369999999999999999999991743 20999999999999999999999
 32 33 34 35 36 37 37 37 36 36 37 36 35 33 31 28 26 23 22 21 21 22 25 2724 829B6 755 379999999999999999999991933 20999999999999999999999
 30 32 34 35 36 37 37 37 37 37 37 38 38 38 36 34 31 28 25 22 20 20 22 2424 830B61145 389999999999999999999992037 20999999999999999999999
 28 30 33 35 36 37 37 37 37 37 37 38 39 40 40 38 36 32 28 25 21 20 20 2224 831B61314 409999999999999999999992126 20999999999999999999999
 25 29 32 34 36 37 37 37 36 36 36 37 39 41 42 41 39 36 32 27 23 21 20 2124 9 1B6 6 5 3714 8 4299999999999999 915 3622 1 2099999999999999
 24 28 32 34 36 37 37 36 36 35 35 36 38 40 41 42 41 39 35 30 26 23 21 2124 9 2B6 525 371450 4299999999999999 939 352226 2199999999999999
 23 27 31 35 37 38 38 36 35 34 33 34 35 37 40 41 41 39 37 33 28 25 23 2224 9 3B6 513 381528 41999999999999991010 332243 2299999999999999
 24 27 32 35 38 39 38 36 34 32 31 31 32 34 37 39 40 39 37 34 30 27 25 2424 9 4B6 510 3916 7 40999999999999991043 312256 2499999999999999
 25 28 32 36 38 39 39 37 34 31 29 28 28 30 33 36 38 38 37 35 32 29 27 2724 9 5B6 511 391651 38999999999999991116 2823 2 2799999999999999
 27 29 33 37 39 40 39 37 33 30 27 26 25 26 29 33 35 36 36 36 34 31 29 2924 9 6B6 5 2 401749 36999999999999991146 252251 2999999999999999
 29 31 34 37 39 40 39 37 34 29 26 24 23 23 26 29 33 35 35 36 35 33 31 3124 9 7B6 440 401854 36999999999999991212 232251 3199999999999999
 31 32 34 37 39 40 38 36 34 30 25 23 22 21 23 26 30 33 34 35 35 35 33 3224 9 8B6 442 401951 35999999999999991235 212312 3299999999999999
 32 33 34 36 38 39 38 36 34 30 26 23 21 21 21 23 27 30 33 34 35 35 34 3324 9 9B6 459 392045 35999999999999991256 212344 3399999999999999
 33 34 34 36 37 39 38 36 34 31 28 25 22 21 21 22 24 28 31 33 34 34 35 3424 910B6 524 392143 35999999999999991328 21999999999999999999999
 33 33 34 35 36 37 38 37 35 32 30 27 25 23 22 22 23 25 28 30 32 33 33 3424 911B6 558 38999999999999999999999 025 331422 2299999999999999
 34 33 34 34 35 36 37 37 36 34 32 30 28 26 25 24 24 24 25 27 28 30 31 3224 912B6 643 3799999999999999999999916 6 24999999999999999999999
 33 33 33 34 35 35 36 36 37 36 35 33 32 30 28 26 25 24 23 23 24 26 28 3024 913B6 749 379999999999999999999991823 23999999999999999999999
 32 33 33 34 34 35 35 36 36 37 36 36 35 34 32 30 27 25 23 21 21 22 24 2724 914B6 917 379999999999999999999991939 21999999999999999999999
 29 32 34 34 34 34 34 34 35 35 36 37 37 37 36 33 30 27 24 21 19 19 21 2424 915B612 2 379999999999999999999992031 19999999999999999999999
 27 31 33 35 35 34 34 33 32 33 34 36 37 38 38 37 34 30 26 22 19 17 18 2124 916B6 323 351339 3899999999999999 812 322112 1799999999999999
 25 29 33 35 36 35 33 31 30 29 30 32 34 37 38 38 37 33 29 25 21 18 18 1924 917B6 346 361434 3899999999999999 9 0 292146 1899999999999999
 23 28 32 36 37 36 34 30 28 26 26 27 30 33 36 38 38 36 32 28 24 21 19 2024 918B6 4 6 371527 3899999999999999 942 262216 1999999999999999
 22 27 32 35 37 37 35 31 26 23 22 22 24 28 32 36 37 37 35 32 27 24 22 2224 919B6 421 371623 37999999999999991022 222242 2299999999999999
 23 26 31 35 37 38 36 32 26 22 19 18 19 22 26 31 35 36 36 34 31 28 25 2524 920B6 434 381725 369999999999999911 0 1823 3 2599999999999999
 25 27 31 34 37 38 36 33 28 22 18 16 15 17 21 26 30 34 35 35 34 31 29 2824 921B6 448 381829 35999999999999991140 152322 2899999999999999
 28 29 31 34 36 37 37 34 30 24 19 16 14 14 17 21 26 30 33 34 34 33 31 3024 922B6 5 5 371930 34999999999999991223 142338 3099999999999999
 30 30 32 34 35 37 36 35 32 28 23 19 16 15 15 18 21 25 29 31 33 33 32 3124 923B6 522 372030 33999999999999991311 152341 3199999999999999
 31 32 32 34 35 36 36 35 34 31 27 23 20 18 17 17 19 22 25 28 30 32 32 3224 924B6 535 3699999999999999999999914 9 17999999999999999999999
 32 32 33 34 35 36 36 35 35 34 31 28 25 23 21 19 20 21 22 24 26 29 30 3124 925B6 527 369999999999999999999991520 19999999999999999999999
 31 32 33 34 35 36 36 35 35 35 35 33 31 28 26 23 22 21 21 21 23 25 28 2924 926B6 7 5 3699999999999999999999918 0 21999999999999999999999
 31 32 33 34 35 35 36 35 35 36 36 36 35 33 31 28 26 23 22 21 21 22 25 2724 927B610 7 369999999999999999999991929 21999999999999999999999
 30 31 33 34 35 35 36 36 35 35 36 37 37 37 35 33 30 27 24 22 21 21 23 2624 928B61143 379999999999999999999992020 20999999999999999999999
 29 31 33 35 35 36 36 35 35 34 35 36 37 38 38 36 33 30 27 24 22 21 22 2524 929B6 531 3613 4 3899999999999999 853 342057 2199999999999999
 28 32 34 36 36 36 35 34 33 33 33 34 36 38 38 38 36 33 30 27 24 23 23 2524 930B6 418 3614 3 3899999999999999 925 332123 2299999999999999
 28 32 35 37 37 37 35 33 32 31 30 31 33 35 37 38 37 35 33 29 27 25 25 262410 1B6 355 371455 3899999999999999 949 302141 2499999999999999
 29 33 36 38 38 37 35 32 30 28 27 28 30 32 35 37 37 36 34 32 29 27 27 282410 2B6 345 381545 379999999999999910 7 272155 2799999999999999
 30 33 36 39 39 38 35 32 28 25 24 24 26 29 33 35 37 37 36 34 31 29 29 292410 3B6 342 391635 37999999999999991025 2422 6 2999999999999999
 31 34 37 39 39 38 35 31 27 23 21 21 22 26 30 33 36 37 36 35 33 31 30 312410 4B6 338 391722 37999999999999991043 212211 3099999999999999
 32 34 37 39 39 37 35 31 26 22 19 18 19 22 27 31 34 36 37 36 34 32 31 312410 5B6 332 3918 5 37999999999999991059 182214 3199999999999999
 32 34 36 38 38 37 34 30 26 21 18 17 17 19 23 28 32 35 36 36 35 33 32 322410 6B6 337 391845 36999999999999991112 172231 3199999999999999
 32 33 35 37 38 36 34 30 27 22 18 17 17 18 20 25 30 33 34 35 35 34 32 312410 7B6 356 381926 35999999999999991128 162258 3199999999999999
 32 32 33 35 36 36 34 31 28 24 20 18 17 17 19 22 26 30 32 33 34 33 32 312410 8B6 423 372010 34999999999999991157 172330 3199999999999999
 31 31 32 33 35 36 35 32 29 26 23 20 18 18 19 20 23 26 29 30 31 32 31 312410 9B6 459 3621 8 32999999999999991246 18999999999999999999999
 30 30 31 32 33 35 35 34 31 29 26 24 21 20 19 20 20 22 25 27 28 29 30 30241010B6 542 35999999999999999999999 0 4 301419 1999999999999999
 30 30 30 31 32 33 34 34 33 31 29 27 25 23 21 20 20 20 21 23 25 26 28 29241011B6 635 349999999999999999999991620 20999999999999999999999
 30 30 30 31 32 32 33 34 34 33 32 30 29 27 24 22 20 19 19 19 21 24 26 28241012B6 745 3499999999999999999999918 2 19999999999999999999999
 29 30 31 30 31 31 32 32 32 33 33 32 31 30 28 25 22 20 19 18 18 21 23 26241013B6 911 3399999999999999999999919 6 18999999999999999999999
 29 31 32 31 31 30 30 29 30 30 31 32 32 32 31 28 25 23 20 18 18 19 22 25241014B6 2 4 3212 2 3299999999999999 723 291954 1899999999999999
 28 31 33 33 31 29 28 27 26 26 28 29 31 32 33 31 29 26 23 21 19 19 21 24241015B6 227 331349 3399999999999999 815 262035 1999999999999999
 28 31 33 34 32 30 27 24 22 21 22 25 28 31 33 33 32 30 27 24 22 20 21 24241016B6 246 341454 3399999999999999 856 212112 2099999999999999
 27 31 34 35 34 31 26 22 19 17 17 19 22 27 31 33 34 33 30 27 25 23 23 24241017B6 3 1 351555 3499999999999999 931 162145 2399999999999999
 27 31 34 35 35 32 27 22 17 14 12 13 17 22 27 31 34 34 33 31 28 26 25 25241018B6 315 351652 349999999999999910 4 122214 2599999999999999
 27 30 33 35 35 33 29 23 17 13 10 10 12 16 22 27 31 34 34 33 30 28 27 27241019B6 330 351745 34999999999999991038 102236 2799999999999999
 28 30 32 35 35 34 31 26 20 14 10  9  9 12 17 23 28 31 33 33 32 30 28 28241020B6 350 351834 33999999999999991115  92252 2899999999999999
 28 29 31 33 35 34 32 29 24 18 13 10  9 10 14 18 23 27 30 31 31 30 29 28241021B6 413 351923 329999999999999912 1  923 0 2899999999999999
 28 29 31 32 34 34 33 31 27 23 18 14 12 12 13 15 19 23 26 28 29 29 28 28241022B6 438 342015 29999999999999991257 122257 2899999999999999
 28 29 30 31 33 33 33 32 30 27 23 20 17 15 14 15 17 19 22 24 26 27 27 27241023B6 5 1 3399999999999999999999914 2 14999999999999999999999
 28 29 29 31 32 33 33 32 32 31 28 25 22 19 17 16 16 17 19 21 23 25 26 27241024B6 518 339999999999999999999991515 16999999999999999999999
 28 29 29 30 31 32 32 32 32 32 31 29 27 24 22 19 18 17 18 18 20 23 25 27241025B6 7 2 3299999999999999999999917 8 17999999999999999999999
 28 29 30 30 31 31 32 31 31 32 32 31 30 28 26 23 21 19 18 18 19 21 24 27241026B6 951 329999999999999999999991846 18999999999999999999999
 28 30 30 31 31 31 31 30 30 30 31 31 31 30 29 26 24 22 20 20 20 21 24 27241027B6 418 311117 3199999999999999 820 301928 2099999999999999
 29 31 32 32 31 30 29 29 28 27 28 29 30 31 30 29 27 25 23 22 22 22 24 27241028B6 234 321254 3199999999999999 853 271957 2299999999999999
 30 32 33 33 32 30 28 27 25 25 25 26 28 30 31 31 30 28 26 25 24 24 26 28241029B6 213 331414 3199999999999999 915 252020 2499999999999999
 31 33 34 34 32 30 27 25 22 21 22 23 25 28 31 31 31 31 29 28 27 26 27 29241030B6 211 341522 3299999999999999 924 212043 2699999999999999
 31 33 35 34 33 30 26 23 20 18 18 20 22 26 29 32 32 32 31 30 29 28 29 30241031B6 219 351616 3399999999999999 932 1821 9 2899999999999999
 31 33 35 35 33 30 26 21 18 16 15 16 19 24 28 31 33 33 33 31 30 29 29 302411 1B6 225 351654 3399999999999999 946 152135 2999999999999999
 31 33 34 34 32 29 25 21 16 14 13 14 16 21 26 30 33 34 34 32 31 30 29 302411 2B6 228 341723 349999999999999910 1 132154 2999999999999999
 30 32 33 34 32 29 25 21 16 13 11 12 14 18 23 28 31 33 33 32 31 29 29 292411 3B6 237 341752 33999999999999991018 1122 2 2999999999999999
 29 30 32 33 32 29 26 22 17 13 11 11 12 15 20 25 29 31 32 32 30 28 27 272411 4B6 259 331823 32999999999999991037 112216 2799999999999999
 28 29 30 32 32 30 27 23 19 15 12 11 11 13 16 21 25 28 29 30 29 28 26 262411 5B6 330 3219 3 309999999999999911 6 112238 2699999999999999
 27 28 29 30 31 31 28 25 22 18 14 12 11 12 13 17 21 24 26 27 27 27 26 252411 6B6 4 8 311955 27999999999999991153 1123 4 2599999999999999
 25 26 27 29 30 31 29 27 24 21 17 14 13 12 12 14 16 20 22 24 25 25 25 242411 7B6 449 3121 5 25999999999999991317 122333 2499999999999999
 24 25 26 27 29 30 30 29 26 24 21 18 15 13 12 12 13 15 18 21 22 24 24 242411 8B6 534 309999999999999999999991443 12999999999999999999999
 24 24 25 26 27 28 29 29 28 26 23 21 18 16 14 13 12 13 15 17 20 22 24 252411 9B6 627 299999999999999999999991555 12999999999999999999999
 25 25 25 25 25 26 27 27 27 26 25 23 21 19 16 14 13 13 13 15 18 21 23 25241110B6 737 2799999999999999999999917 6 13999999999999999999999
 26 26 25 24 24 24 23 24 24 25 25 24 23 22 20 17 16 15 14 15 17 20 23 25241111B6 034 26 914 2599999999999999 612 231811 1499999999999999
 26 27 26 24 23 21 20 19 20 21 22 23 24 24 23 21 19 18 17 17 17 19 22 25241112B6 058 271246 2499999999999999 716 1919 7 1799999999999999
 27 28 28 25 22 19 17 15 15 16 18 20 22 24 25 25 23 22 21 20 19 20 22 25241113B6 117 281416 2599999999999999 759 151958 1999999999999999
 27 29 29 27 23 19 15 12 10 10 12 16 19 23 26 27 27 26 24 23 22 21 22 25241114B6 134 291523 2799999999999999 835 102046 2199999999999999
 27 29 30 28 25 21 15 11  8  6  7 10 15 20 24 27 29 28 27 25 24 23 23 24241115B6 151 301620 2999999999999999 910  62128 2399999999999999
 27 29 30 29 27 23 17 12  7  4  4  6 10 15 21 25 28 29 29 27 25 24 24 24241116B6 215 3017 7 2999999999999999 944  422 0 2499999999999999
 26 28 30 30 29 25 21 15  9  5  3  3  6 11 17 22 26 28 29 28 26 24 24 24241117B6 244 301748 29999999999999991022  32213 2499999999999999
 25 27 29 30 30 28 24 19 13  8  5  3  4  7 12 18 22 25 27 27 25 24 23 23241118B6 317 301829 279999999999999911 7  32214 2399999999999999
 24 25 28 29 30 29 27 23 18 13  8  6  5  6  9 13 18 21 24 25 24 23 22 23241119B6 353 301914 259999999999999912 0  52217 2299999999999999
 23 24 26 28 29 29 28 26 23 18 13 10  7  6  7 10 14 17 20 22 23 22 22 22241120B6 427 2920 7 23999999999999991259  62219 2299999999999999
 23 24 25 27 28 29 28 28 26 22 18 14 11  9  8  9 11 14 16 19 21 22 22 22241121B6 456 299999999999999999999991357  8999999999999999999999
 22 23 24 25 27 28 27 27 27 25 22 18 15 12 10 10 11 12 14 16 19 21 22 22241122B6 5 9 289999999999999999999991451 10999999999999999999999
 23 23 24 24 25 26 26 26 26 25 23 21 18 16 14 12 12 13 14 15 18 21 23 24241123B6 637 269999999999999999999991538 12999999999999999999999
 24 24 24 24 24 24 24 23 23 23 23 22 21 19 17 15 14 14 15 16 18 21 23 25241124B6 315 249999999999999999999991618 14999999999999999999999
 25 25 25 24 23 22 22 21 20 21 21 22 21 21 20 18 17 17 18 18 20 21 24 26241125B6 0 9 2511 0 2299999999999999 812 201653 1799999999999999
 27 26 25 24 22 20 19 18 18 18 19 20 21 22 22 21 21 20 20 21 22 23 25 26241126B6 010 271314 2299999999999999 828 171730 2099999999999999
 28 28 26 24 22 19 17 15 15 15 16 18 20 22 23 23 24 23 23 23 24 24 25 27241127B6 027 28999999999999999999999 827 15999999999999999999999
 28 28 27 24 21 18 15 13 12 12 13 15 18 22 24 25 26 26 26 25 25 25 26 27241128B6 045 281654 2699999999999999 827 121946 2599999999999999
 27 28 27 25 22 18 14 11  9  9 10 13 16 20 24 26 27 27 27 26 26 25 26 26241129B6 1 1 281649 2799999999999999 843  92050 2599999999999999
 27 27 27 25 22 18 14 11  8  7  8 10 14 19 23 26 28 28 27 26 25 25 25 25241130B6 113 271648 2899999999999999 9 5  72136 2599999999999999
 26 26 26 25 23 19 15 11  8  6  6  8 11 16 21 25 27 28 27 26 25 24 24 242412 1B6 133 2717 5 2899999999999999 931  62154 2499999999999999
 24 25 26 26 23 20 16 12  8  6  5  5  8 12 17 22 25 26 26 25 23 22 22 222412 2B6 2 6 261732 269999999999999910 1  52146 2299999999999999
 23 24 25 26 25 22 18 14 10  6  4  4  5  8 13 18 22 23 24 24 22 21 20 212412 3B6 245 2618 9 24999999999999991039  42153 2099999999999999
 21 22 24 26 26 23 20 17 13  8  5  4  4  5  8 13 17 20 21 22 21 20 19 192412 4B6 324 261859 22999999999999991131  42213 1999999999999999
 20 21 23 25 26 25 22 19 15 11  7  4  3  3  5  8 12 16 18 19 20 19 18 182412 5B6 4 4 261956 20999999999999991234  32243 1899999999999999
 19 20 21 23 24 25 23 21 18 14 10  6  4  3  3  5  8 12 15 17 18 19 18 182412 6B6 444 252055 19999999999999991333  32327 1799999999999999
 18 18 19 20 22 23 23 22 19 16 13  9  6  4  3  4  5  8 12 15 17 18 19 182412 7B6 528 232150 19999999999999991421  3999999999999999999999
 18 17 17 18 19 20 21 21 19 17 15 12  9  7  5  5  5  7 10 13 16 18 19 192412 8B6 624 212230 1999999999999999 058 171458  599999999999999
 18 17 16 16 16 16 16 17 18 17 16 14 12 10  8  8  8  8 10 13 16 18 20 202412 9B6 753 182254 2099999999999999 336 151526  899999999999999
 19 18 16 14 13 12 12 12 14 15 15 15 14 14 12 11 11 11 12 13 16 18 20 21241210B6 957 1523 9 2199999999999999 547 121548 1199999999999999
 20 19 16 13 11  9  8  7  9 11 13 14 15 16 16 15 15 15 15 15 16 18 20 21241211B61328 162326 2299999999999999 645  71617 1599999999999999
 21 20 18 14 10  7  5  4  4  6  9 12 15 17 18 19 18 18 18 18 18 19 20 22241212B61453 192358 2299999999999999 730  31939 1899999999999999
 22 22 20 17 12  8  4  2  0  1  4  8 12 16 19 21 21 21 20 20 19 19 20 21241213B61557 21999999999999999999999 811  02044 1999999999999999
 22 23 22 19 15 10  6  2 -1 -2  0  3  8 13 17 20 22 22 21 21 20 19 19 20241214B6 044 231641 2299999999999999 853 -22128 1999999999999999
 22 23 23 22 19 15  9  4  0 -2 -2  0  4  9 14 18 21 22 21 21 20 19 19 19241215B6 137 231716 2299999999999999 938 -22145 1999999999999999
 21 23 24 24 22 19 14  9  3  0 -2 -2  0  5 10 15 18 20 20 20 19 18 18 18241216B6 227 241751 20999999999999991026 -22132 1899999999999999
 20 21 24 25 24 22 19 14  8  3  0 -2 -1  1  6 11 14 17 19 19 18 17 17 17241217B6 312 251829 19999999999999991117 -22132 1799999999999999
 18 20 23 24 25 24 22 18 13  7  3  0 -1  0  3  7 11 14 16 17 17 16 16 16241218B6 352 251911 179999999999999912 8 -12145 1699999999999999
 17 19 21 23 24 24 23 21 17 11  7  3  1  0  1  4  8 11 14 16 16 16 16 16241219B6 425 241956 17999999999999991253  022 7 1699999999999999
 16 17 19 21 23 23 22 21 19 15 10  6  3  1  1  3  6  9 12 15 17 17 16 16241220B6 445 232038 17999999999999991333  12248 1699999999999999
 16 16 17 19 20 21 20 20 19 16 13  9  6  4  3  4  6  9 11 14 17 18 18 17241221B6 455 212114 189999999999999914 7  3999999999999999999999
 16 16 16 16 17 18 17 17 17 16 14 11  9  8  6  6  8 10 12 14 17 19 19 18241222B6 5 7 182144 1999999999999999 212 161434  699999999999999
 17 16 15 14 14 14 14 14 14 14 14 13 11 10 10  9 10 12 14 16 17 19 20 20241223B6 912 1422 9 2099999999999999 332 141451  999999999999999
 18 16 15 13 11 11 11 11 11 12 13 13 13 13 13 13 13 14 16 18 19 20 21 21241224B61059 132230 2199999999999999 615 111349 1399999999999999
 19 17 15 12 10  9  8  8  8  9 11 13 14 15 15 15 16 17 18 19 20 20 21 21241225B62239 21999999999999999999999 616  8999999999999999999999
 20 18 15 12  9  7  6  6  6  7  9 12 14 16 17 18 18 19 19 20 20 21 20 20241226B62050 21999999999999999999999 647  6999999999999999999999
 20 18 16 12 10  7  5  4  4  5  7 10 13 16 18 19 20 20 20 20 20 20 20 20241227B61930 20999999999999999999999 721  4999999999999999999999
 19 18 17 14 10  7  5  3  2  3  5  8 12 15 18 20 20 20 20 20 19 19 19 19241228B61712 20999999999999999999999 758  2999999999999999999999
 19 18 17 15 12  9  6  3  1  1  3  5  9 13 17 19 20 20 19 19 18 18 18 18241229B61622 20999999999999999999999 840  12120 1899999999999999
 18 19 18 17 15 11  8  4  1  0  0  2  5 10 14 17 19 19 18 17 16 16 16 17241230B6 1 8 191645 1999999999999999 924  02120 1699999999999999
 18 19 19 19 17 14 10  6  2 -1 -2 -1  1  5 10 14 16 17 17 16 15 14 14 15241231B6 2 8 191721 17999999999999991014 -22114 1499999999999999
