286257207149 95 57 44 6611718124429331831428223719015112913215819723526524 1 1CF1221320999999999999999999999 553 44182412799999999999999
278268235187137 95 70 7210215321026129530729125621317314212913816520023224 1 2CF 0 6278125530799999999999999 627 6719 512999999999999999
255263249218177137107 9310413718222826729029026923519716213813014016419424 1 3CF 052263133129399999999999999 7 5 93195513099999999999999
22224324823621117914912712113416219923626427827325122018615513412613515524 1 4CF 149249141327899999999999999 751121205712699999999999999
18321123224023421619316915214615517620523425726625924021117914812511612124 1 5CF 3 324015 626699999999999999 85414622 911599999999999999
140169201227242244233214192173163164179203229249258254235206172138110 9624 1 6CF 43724516112599999999999999910221622317 9699999999999999
101123158197232256265257237211186167162173197224247259256236202162121 8824 1 7CF 6 12651719260999999999999991148162999999999999999999999
 71 78107152202248280291281256221186160152165193225253268264238196147 9824 1 8CF 7 1291181826999999999999999 014 70125315299999999999999
 59 43 56 9615421727230831730126522017714613915819423526828427524018712624 1 9CF 750318191028499999999999999 1 4 42134513899999999999999
 70 28 15 39 9316523930033533831026420916012812815720425228830128423717224 110CF 834341195730199999999999999 152 15143212499999999999999
103 41 -1 -7 3010018426532735834930925219113911212116422127330931628822924 111CF 917359204431899999999999999 239 -9151511099999999999999
154 78 14-24-19 34117209291350371349297233168118 9812117624029332632628624 112CF 958371213033099999999999999 324-271558 9899999999999999
216135 57 -6-36-16 51143236315366373338277208144 98 9112819125630833632724 113CF1039376221733799999999999999 4 8-361640 8899999999999999
277200118 42-15-32  3 80174262333371363316251182121 84 9013820426731533624 114CF112037323 433699999999999999 451-331722 8199999999999999
318261184106 37 -8-11 36117205284342364341288222157102 77 9514721127031224 115CF1159364235332799999999999999 534-1618 6 7799999999999999
326301244173104 46 15 26 79155231297339345312257195136 91 7710115221026324 116CF1238348999999999999999999999 616 131852 7699999999999999
300308281230170114 70 52 72123187249299325318281230174123 87 8010515020224 117CF 044309131732699999999999999 659 521942 7999999999999999
249280286263223178136105 97118159208255289302288254209161117 88 8410414224 118CF 141287135930299999999999999 747 972041 8299999999999999
186228258266254228197167145140153182216248270277264236198157118 91 83 9624 119CF 252266145027799999999999999 8471392152 8399999999999999
127167207239255255243223200180170173188210233250257250229197159121 90 7624 120CF 43125716 02579999999999999910171702311 7699999999999999
 83109149191230257269265250227203184176181197218237249248232201161119 8324 121CF 61526917282509999999999999912 5176999999999999999999999
 63 66 9313618623427028928827024120818016516718420923425325624020615911024 122CF 725291184225799999999999999 022 61132316499999999999999
 68 45 50 8213419425029231130427723919816414715417921224526727024720414924 123CF 813311193727199999999999999 121 43141314799999999999999
 93 48 27 39 8314621527531632630826922117514113114818522826428528124719224 124CF 850327202128799999999999999 210 26145113099999999999999
129 70 26 13 39 9817224530333433129724719414711912315620425128730128323524 125CF 923337205930199999999999999 251 13152411799999999999999
170103 45  9 11 5512720727832734332127321616212010612717522927630630827424 126CF 954343213331199999999999999 327  4155410699999999999999
213142 75 23  2 25 8616724530834233829824018113010010414320025629831730224 127CF102334522 631799999999999999 4 1  21623 9799999999999999
252183112 51 12 11 55129210281330344318265204147104 9111516722727731031424 128CF1051344223831799999999999999 431  61652 9199999999999999
283223152 87 36 16 38 99176251309338330287227167117 89 9513519224829131124 129CF1117340231031299999999999999 5 0 161721 8699999999999999
300255192126 71 37 38 80148220282323331303250190136 97 8510815721226129424 130CF1143333234430299999999999999 528 321751 8599999999999999
301276226166111 70 54 75127192254300321309267212158113 88 9212617522526524 131CF12 9321999999999999999999999 557 541823 8699999999999999
287282250202152110 84 86118170226273301304277231180135102 8910414018522824 2 1CF 021289123530699999999999999 627 811858 8999999999999999
259272261230190152123111123157201244275288277245202159123100 9611414818624 2 2CF 1 327213 428899999999999999 7 21111940 9599999999999999
22124625524522119316714914415718421624526426625122118515012110410211614424 2 3CF 157255133926799999999999999 747143203710099999999999999
176207231242240228210192178172178194215234245245233210181152125106 9910724 2 4CF 318243143124799999999999999 9 11722158 9999999999999999
128158190219240249248237221203189183188201216229235230214190160128101 8624 2 5CF 52025016 52359999999999999911 11832329 8499999999999999
 86104135175216250271277266244216190173171182202223239243232205167125 8724 2 6CF 6492771747243999999999999991241170999999999999999999999
 61 56 7511617022627330230829025621517615114716519723225826825622016911324 2 7CF 744309185926899999999999999 044 55134114699999999999999
 63 29 23 5010617724730433533330125219815112212515720525328729827922916224 2 8CF 827338195429999999999999999 142 21142611999999999999999
 93 33 -5 -5 37112198277337362345297234170117 9311016122428131932629322824 2 9CF 9 6362204232899999999999999 231-1015 6 9399999999999999
148 70  4-31-19 43134229311366376341277205135 83 7110717524931034634429624 210CF 943378212735199999999999999 316-331545 6999999999999999
216129 47-18-43-11 69168264342383373320245168 97 54 6011619527233236334724 211CF1019386221136499999999999999 357-431623 4999999999999999
285199111 31-25-31 20111209298362383353286207129 64 36 6213121428934436424 212CF1054384225536499999999999999 437-3617 2 3699999999999999
334265181 99 28-11  3 68158247322367365317244167 95 42 33 7514922829634224 213CF1128373233935299999999999999 516-131741 3099999999999999
349310242167 97 42 24 55123203276331353331274204134 73 37 44 9416323329224 214CF12 0353999999999999999999999 553 231820 3499999999999999
326321281223163109 74 73111172235288321323289233172113 66 46 6411017022824 215CF 024329123232799999999999999 631 6919 3 4699999999999999
275298289256214171135117127161206249282296284249202153108 76 66 8312116824 216CF 11329913 329699999999999999 7111171951 6599999999999999
214250267262243217191171162171193220244260262248221188152118 94 86 9612124 217CF 216267133826399999999999999 8 01622057 8699999999999999
156192222241247243233219206198197203213224231232225211190164137113 98 9824 218CF 4 5247143723399999999999999 9361962233 9699999999999999
111137168200228248258257247232215201193192198207215220218206183153123 9924 219CF 6252591717221999999999999991235192999999999999999999999
 87 9311615219323226328028026524121218616916717719621723423922719816012024 220CF 729282185023999999999999999 011 87134116699999999999999
 86 68 7310314920225128830429526823119115814214717120323525926324220215324 221CF 8 7304194126499999999999999 117 67141414199999999999999
103 63 46 6010416322628131531829425320515912612014218222626528728124519124 222CF 837321201928899999999999999 2 4 46144211999999999999999
132 76 37 31 6312319426131233331827722416912210011315520825929630828523324 223CF 9 4333205130999999999999999 241 2915 810099999999999999
168102 47 18 31 84158234298337337301245184128 91 8812418124229232131627324 224CF 930342212232499999999999999 313 171534 8499999999999999
207136 71 24 15 53124204277330347323268204141 91 71 9314821527631933330624 225CF 955348215133399999999999999 342 131559 7199999999999999
246174103 45 16 33 93173251314347339292226159100 64 6811318124930433432724 226CF1018349222033799999999999999 4 9 161625 6099999999999999
281213141 77 33 29 72145224292337345311249179116 68 53 8214421427732133424 227CF1041347225033599999999999999 435 251651 5399999999999999
307249179114 63 40 62122198267319341323269201136 82 52 6010817624229532524 228CF11 4341232132799999999999999 5 2 401718 5099999999999999
319277216154100 66 67108174241295326324285223158102 62 52 8113820326130124 229CF1126330235431599999999999999 529 611746 5199999999999999
315294247191141102 87107156216269304314291241181125 82 59 6710716322026624 3 1CF1149314999999999999999999999 558 871816 5899999999999999
294294267224180143121121149195241277294286252203151108 79 70 8812817722324 3 2CF 031298121329499999999999999 6291171851 7099999999999999
258276271247215185162150157183217247267270254220179140109 89 8710413717524 3 3CF 117277124127199999999999999 7 91501937 8599999999999999
21123925425324122320519018218620021823524424322920517614712210510010812924 3 4CF 227255132324599999999999999 813182205310099999999999999
157188216237249251246235220206198197202211219224221210192168142118101 9724 3 5CF 44825215 92249999999999999910361972251 9699999999999999
105127160197233261277278264241214191176174184202221234235222195159120 8924 3 6CF 6342791737236999999999999991239173999999999999999999999
 70 71 9513819224528731030928424520316514214216520023726327225721816511124 3 7CF 726313185427299999999999999 028 68133013999999999999999
 64 35 36 7113220427232234332928723117412610311615921526730331228622916024 3 8CF 8 6343194731399999999999999 129 31141010399999999999999
 91 33  1 12 66146232307357366332270200132 82 6910316824130334334430122824 3 9CF 841368203234999999999999999 217 -11447 6899999999999999
146 68  5-20  9 84178269343382369314237157 85 41 4810618927133837336030024 310CF 916384211537599999999999999 259-201523 3799999999999999
215128 47-11-19 32121219308371388352278194110 41 13 4412221429936338735724 311CF 949389215738799999999999999 339-231559 1399999999999999
285198111 36 -7  7 76169261338381373316233147 67 11  5 5814623831937338124 312CF1021385223938599999999999999 417-101636  099999999999999
338263180102 40 19 54130217295352371339269187106 37  0 17 8217025632636624 313CF1053371232136999999999999999 453 191713 -199999999999999
358309239169105 63 64110182253312346340293222148 78 26 10 4311118926331924 314CF1122349999999999999999999999 529 571750 1099999999999999
342325278222167121100116163221272309320297246184123 69 36 37 7513520025824 315CF 0 4342115032199999999999999 6 51001828 3299999999999999
298309290254214177150144165201240271288282254210162117 80 62 7110314919824 316CF 050309121728899999999999999 6431431911 6299999999999999
241268275263243219197184184198218238252255244221192160129105 9410012115124 317CF 149275124425599999999999999 72918220 9 9499999999999999
18521623824925124523522321420921021321822222121620719317415313412011612324 318CF 340251132622299999999999999 923209215411699999999999999
14016519221824025526025624523121520119218919320020721321120018015613311624 319CF 6 42601720213999999999999991252189235211199999999999999
11112114517821424827228127525623020117516116217519621923623922519816312924 320CF 7 42811843240999999999999991327160999999999999999999999
102 9110313518022727029630028224921017114113314717621224626726624120115524 321CF 739301192827099999999999999 1 0 91135213299999999999999
110 78 71 9514219925529931830627222617613210911614919624328129728224218824 322CF 8 731820 229799999999999999 144 70141610899999999999999
132 83 55 63105167233290326327296245188133 94 8811817022828131431628222624 323CF 832331203331999999999999999 218 541440 8699999999999999
163102 57 44 74135206274323341318267205142 90 67 8513720326731633731826624 324CF 85634121 233799999999999999 248 4315 5 6699999999999999
200132 73 41 53105179252312345337291226157 95 56 5610117024230434334330324 325CF 919347213034899999999999999 315 401529 5099999999999999
238168102 54 45 82151227294339347312248177109 56 38 6613120928033335433224 326CF 941349215935499999999999999 342 421554 3799999999999999
275206138 80 51 69127202272325347328271199128 68 32 40 9316924631034934824 327CF10 3347222935499999999999999 4 9 511621 2999999999999999
307243176115 73 69109177247304337334291223151 88 41 28 6112920727632834824 328CF102634123 034899999999999999 436 651648 2799999999999999
328276214155106 84102156222279318329303245176112 61 33 43 9316523629433024 329CF1049330233333699999999999999 5 5 841716 3199999999999999
332300247193146113110143197252294314304262202140 88 52 43 6912619225229724 330CF1113314999999999999999999999 5361071746 4299999999999999
318308273228186152135145180226265289293270224170121 82 60 64 9714920425124 331CF 011318113829499999999999999 6101351822 5899999999999999
284296284256224194172164176204235259270264239200158121 93 80 8811615619824 4 1CF 058296121027099999999999999 65416419 9 8099999999999999
23526227326825323421419819119520922623924423922219616713911510210311914524 4 2CF 21127313 224499999999999999 8 5190202610099999999999999
17721023925926826725724022020419519520121122122722421319316714011710410524 4 3CF 4232691515227999999999999991035194222710399999999999999
120148186225260284292283260230199175164168186211234247247229197157120 9124 4 4CF 5592921729249999999999999991215163999999999999999999999
 79 8912317322827731132130426722017413812313617221725828528926521916411124 4 5CF 652321183929199999999999999 0 5 7913 212399999999999999
 69 49 64111178247307342343310254192133 92 8411617423829332732829022815924 4 6CF 732348193133299999999999999 1 6 491342 8299999999999999
 94 44 27 55120201279340367350296224150 84 46 5611119026833236535430122624 4 7CF 8 7367201636799999999999999 154 261419 4499999999999999
148 76 26 21 68148236314367376336264181101 36 12 4612321530136538936329624 4 8CF 841379205938999999999999999 236 171456 1299999999999999
215134 63 23 37101188274343379365304221134 54  0 -2 5414624332838539535424 4 9CF 914381214139899999999999999 316 211532 -999999999999999
281201123 61 39 73146230305359373336261175 91 20-17  5 7817326734538938224 410CF 947374222339299999999999999 354 3916 9-1799999999999999
332261187119 73 72119192265324357347294217135 60  4-11 3010819928434837524 411CF101835923 437599999999999999 431 661646-1299999999999999
356305242179125 98115166229285325337309250178108 46  9 15 6413921928933724 412CF1049337234734999999999999999 5 8 981723  699999999999999
348324278227178141133157202250289310304268213153 96 52 33 5110016422928324 413CF1118311999999999999999999999 54513218 1 3399999999999999
314316294259221186165167190222254276282267233190144102 74 67 8812817822724 414CF 034319114828299999999999999 6261631844 6799999999999999
26628728727325022420219119320722524125125023621318315112310410211614417924 415CF 132289122325299999999999999 718190193910199999999999999
21524426226826425223522020920520621121822322321920919217115013412713114624 416CF 3 3268134022499999999999999 917205211012799999999999999
17019822624826326826224923221519918918619120021122022221419717515413813024 417CF 457268164422299999999999999114918623 513099999999999999
13615618521824827128127625823220417816115917119221623724624022019116013324 418CF 6 828118 8246999999999999991239158999999999999999999999
11812214618322526329029728325421717814513013816420023726527526223219215124 419CF 650297185727599999999999999 019117131013099999999999999
11710211214719524528731030627823518614011010613117522526929829927423018024 420CF 722312193430299999999999999 1 7102133810499999999999999
132 97 90115164222275313324302256201145 99 79 9514120125930532531227121624 421CF 74932420 632699999999999999 144 8914 4 7999999999999999
158109 82 91135196257307332322280221157 99 63 6310316723629733734130925524 422CF 814333203734499999999999999 215 811429 5899999999999999
193133 89 79110168234293332337303244176110 58 40 6612720327533235734229424 423CF 83833921 735799999999999999 245 771456 4099999999999999
231167110 80 93143209273322342322269199129 67 30 36 8616324231135636232724 424CF 9 2342213836599999999999999 314 791523 2699999999999999
269205143 97 87121183249304337334292225153 87 36 20 5111920127733736535124 425CF 927340221036699999999999999 343 851552 1999999999999999
304243181127 97109159222280321335310253182114 56 21 28 7915623530435035924 426CF 953335224436199999999999999 414 961622 1899999999999999
330278220165123112141195253298323317276212145 86 41 25 5111218826031734724 427CF1020325232134999999999999999 4471111654 2499999999999999
342306256205160132137173224270302310290241180122 72 42 42 7914121027131524 428CF1050311999999999999999999999 5231301730 3799999999999999
333320285242200166151163198239272291288261215162114 75 56 6610416021826824 429CF 0 4333112429399999999999999 6 41511812 5699999999999999
302313301274240207181172183209238261271265241204161122 92 78 8811916421224 430CF 058313121127299999999999999 65717219 6 7899999999999999
254284297292274248221197185188203222240250250236210177143115 9910212215524 5 1CF 212297132825299999999999999 8181852023 9899999999999999
19623626929029528426323420618517618119621623624824723220417113811410411324 5 2CF 34929515272499999999999999910 917622 310499999999999999
139178223265295308301275239200167148148167199234261273265237197155119 9824 5 3CF 5 930817 72739999999999999911301452331 9499999999999999
 9712216722127331132631527923017813410811214419324528730830126721616311624 5 4CF 6 53271816309999999999999991224106999999999999999999999
 86 83114169233291332343319268205142 91 67 8213320126731934433128622616424 5 5CF 649344191034499999999999999 035 8013 8 6699999999999999
109 74 77120186256315352350309243169 99 47 32 6613621929535237234929422624 5 6CF 728356195837299999999999999 126 701348 3199999999999999
158100 70 85140212283338362343285207128 56 11 13 6715224332337738735229024 5 7CF 8 5362204338999999999999999 211 691428  599999999999999
219151 96 77107170243307352359321251169 89 22-10 12 8317626834538938734224 5 8CF 840362212639499999999999999 253 7715 7-1099999999999999
278209144 99 96138204270324353342290214133 58  2-11 2910820228935738837324 5 9CF 91535522 938899999999999999 334 921546-1399999999999999
324262198142112124171233289330342315255181106 41  1  6 5813822630435837324 510CF 950342225237499999999999999 4131111624 -399999999999999
350302245189145131154201253297323320283224156 91 38 16 35 9116724430934724 511CF1025326233635499999999999999 45313117 4 1699999999999999
351324280230185156154180221262293306292254200141 88 51 43 7012419025430424 512CF11 0306999999999999999999999 5331511744 4199999999999999
329326300262221187170174198230260279283266231186138 98 74 7510315020525624 513CF 022331114028499999999999999 6181691827 7199999999999999
29330930428225121919418318720422724726026024621918314711710110612916721124 514CF 115310123126199999999999999 712183191810199999999999999
25027929228927224722220219019019921422924024323621819216414012712914517424 515CF 218292135024399999999999999 832189202412699999999999999
20924226728228227024922520418818018319521122723723922920918416214614215124 516CF 3322841538240999999999999991013180215114199999999999999
17320423626428128427325122419617316016117619922424425324822920317615414424 517CF 44428517 8253999999999999991126159231414399999999999999
14817020223826928829127624721217614813414016419923526327627024721418015224 518CF 5402921811276999999999999991212133999999999999999999999
13714317020824928230129727223318814611610812616521225729030128825621517424 519CF 621302185730199999999999999 014137124810799999999999999
142129143178224268300311296257207154109 84 8912517923728831932229725520624 520CF 656311193632499999999999999 1 01291320 8299999999999999
160129125151197248291317314283231172115 73 60 8513820527032034333329624524 521CF 726319201134499999999999999 1381221351 6099999999999999
190143119129169223274312326306258196132 77 44 50 9516323830434835833228424 522CF 755326204535999999999999999 2131181422 4199999999999999
227171129118144195251299327323286225158 94 45 28 5411719527133336636032124 523CF 825330212036899999999999999 2471171454 2899999999999999
266207154122127168224278317331310258190123 63 25 26 7214622730035337135124 524CF 855331215737199999999999999 3221191529 2099999999999999
304247189143125145194250297325324288227159 94 42 18 38 9617525432136236624 525CF 928329223636999999999999999 35812416 5 1899999999999999
335285229176140136167218269307324309263200134 75 34 25 5712320127433136024 526CF10 4324231936199999999999999 4371331644 2399999999999999
353318268216171145151187235279307313290242181120 69 38 40 8114621928433124 527CF1044315999999999999999999999 5191431726 3499999999999999
350338302257210171154165200242278299299274227171117 74 51 6110316422828524 528CF 0 6350113130299999999999999 6 71531814 5199999999999999
324338325292250208175161172202237268286286264223174126 89 71 8212017323024 529CF 059338123128999999999999999 7 416119 9 7199999999999999
280315327316287248209177162168191223252274279263230188145111 9310013117624 530CF 2 0327134627999999999999999 8121612014 9399999999999999
22727330732131228524820717215215217120223726527927324721016913411311313624 531CF 3 6321151228099999999999999 929149213011099999999999999
17522327030532031328624519915713112614518222626528929227223719415512812024 6 1CF 4113211637294999999999999991041125225012099999999999999
137174223271307324316283235182133101 9512016722327330731729926121517113724 6 2CF 5113251750317999999999999991141 94999999999999999999999
123137176228277315330316275218157103 68 6610116122828933034232228022917924 6 3CF 6 2330185134299999999999999 0 11231233 6299999999999999
139124141184238289325335311260194127 70 38 46 9416524230935336233628923324 6 4CF 649335194436399999999999999 0591241319 3699999999999999
179138126149198253302333334299238167 98 42 17 37 9817926133037137334028824 6 5CF 732338203237799999999999999 15012514 4 1799999999999999
230174136132163215270315338327281214141 72 21  8 4211319928234838037333324 6 6CF 813339211838299999999999999 2371291447  799999999999999
278219167136142181234285323336314260190117 53 12 13 5913622330235938036224 6 7CF 85333622 138099999999999999 3211341529  699999999999999
318262206160140156200251297326328296237168 99 43 15 29 8516424631736237124 6 8CF 933331224437299999999999999 4 31401611 1499999999999999
345298243192155148173217265303322314275216149 88 42 29 5511619326732635724 6 9CF1013323232536099999999999999 4441471651 2899999999999999
355323275225181156159188231273302312296254197137 85 52 51 8714921928232824 610CF1055312999999999999999999999 5241531731 4799999999999999
347335300254209174159170201239274295298278236183131 90 70 8112017823929124 611CF 0 6347113830099999999999999 6 61591811 7099999999999999
324332314279237199172165179207240268284283261223177135104 9511215120225324 612CF 047333122628699999999999999 6501641852 9599999999999999
29331631629526222519217216818120623425827126924921718014612512214017521724 613CF 130319132327299999999999999 742167193912099999999999999
25929130630228125021618816916617619722324626126124722119116414714616119024 614CF 217307143226399999999999999 844165203514499999999999999
22526028629729127124220918116215616418521223925726325423420818316716317324 615CF 3 9297155326399999999999999 955156214816299999999999999
19722825928229228626523520016914613914817220623826327427025222619917917024 616CF 4 7292171327599999999999999105813923 517099999999999999
17719922926028329228426022418514912411713216520724827929429026923920718124 617CF 5 32921816295999999999999991149117999999999999999999999
169176200233265288295283251209164124 98 9712216621826730331730828124420524 618CF 55229619 631799999999999999 0 91691233 9499999999999999
175163174204242276298300279238187136 94 73 8212017723829332933832028423924 619CF 635302194933899999999999999 1 11631313 7299999999999999
195164157177214256291309303270219161107 66 53 7512819526432035235232427924 620CF 715310202935699999999999999 1451561353 5399999999999999
227181153154184229274307319301256196134 78 42 40 7814321929134536935731824 621CF 75431921 936999999999999999 2271491433 3699999999999999
266211166144157198248293322324294239173107 53 25 37 8816424531636437735424 622CF 834327215037799999999999999 3 81441514 2499999999999999
307250194153141166214267309331324283220150 85 35 17 4210618826933637537724 623CF 916333223238199999999999999 3491411556 1799999999999999
344291233179144143177231282321336319270203132 69 26 19 5712921229035037924 624CF10 0336231538099999999999999 4321381640 1799999999999999
369329273216165138147189243292325334310257188120 63 28 33 8015423530635724 625CF1048335235937599999999999999 5161371724 2499999999999999
375356311256200155135152197249294324328300245180117 67 41 5610818025331524 626CF1139330999999999999999999999 6 21351810 4199999999999999
357365340293238186146134155198247290317319290239180125 82 66 8613620126624 627CF 044366123432299999999999999 6521331858 6699999999999999
319350350321275223174139130151192238280307310284240190142107 9711716221724 628CF 130354133531299999999999999 7461291951 9699999999999999
27231633933430426021016313112314117922426729730328525020816813812914518024 629CF 219340144530499999999999999 847122205312999999999999999
22727330932631929024819915312011012616220925528930329426823319716915616424 630CF 31232616 630399999999999999 95411022 815699999999999999
191229269300315308281239190142107 9310714419524628831031029125922419217324 7 1CF 41231517303139999999999999911 0 93232917199999999999999
174194228264293309303276232180129 90 74 8913018624529432433031228024120424 7 2CF 51630918433319999999999999912 2 74999999999999999999999
179174192225262292309303273225168114 72 56 7512218625230834234832829124724 7 3CF 616310194234999999999999999 0421731258 5699999999999999
205176170190226265298314305270216154 96 54 42 6812419626732635936033329024 7 4CF 711314203136499999999999999 1421691350 4299999999999999
240195166165191232275308321306263203138 79 39 35 7013621428834537236332724 7 5CF 8 0321211537399999999999999 2321621437 3299999999999999
277225180156163198245289320327303252186119 62 30 37 8515924031136137635524 7 6CF 846328215437699999999999999 3161551521 2799999999999999
311256204163149168212262304329328294235166101 50 29 5011018926833237037124 7 7CF 928333223137599999999999999 35514916 1 2999999999999999
338286231182150149180230279316334322277214146 86 45 39 7614422329534837124 7 8CF10 833423 637199999999999999 4321451639 3699999999999999
356313258205162142156196247293323331307256191128 77 51 6211218325631835624 7 9CF1046332233936499999999999999 5 71421714 5099999999999999
361333284230182149143168213261300323320287233172118 79 69 9615222028433224 710CF1124325999999999999999999999 5411411747 6899999999999999
354343305255205164142149181226269301315303265213161117 93 9813519125130324 711CF 01035412 431599999999999999 6171411820 9199999999999999
33634231927722918515314215719123226929530228424720216012811713317322327224 712CF 042343124630299999999999999 654142185511799999999999999
31032932229325120817114814516319523126428528726923820217014914716720224324 713CF 114329133628999999999999999 737143193514699999999999999
28130731430027023219416314514616419222525527427726424121419017517619222024 714CF 149314143927899999999999999 828143202817399999999999999
25127929629728125322018615814214215718421624726827627025423321219819520524 715CF 23229916 227699999999999999 930140214319599999999999999
22525027228528427024521318015113313114517320824327028528627425423121220224 716CF 3282861733287999999999999991039130231420299999999999999
20622124326427828026824320917314011811312916220424728330430829527124121424 717CF 4392811842309999999999999991144113999999999999999999999
198198213237262280285273244205162122 96 9211315420726030432933131227924024 718CF 548285193533399999999999999 0301961240 9199999999999999
206186186206238269292297281245197145 99 71 7010015421928233035434932027624 719CF 646298202035699999999999999 1281831332 6799999999999999
229189169175206247285310313290243183123 73 45 52 9516323930835737535931724 720CF 73731521 137599999999999999 2161681420 4399999999999999
264210168152170213264307331329294235165 99 47 23 4210018126533638038835824 721CF 825334214139099999999999999 25915215 5 2399999999999999
305243186146139171227284328350339292221145 76 26 11 4511920829336139739024 722CF 912351222039999999999999999 3401371549 1099999999999999
346284218160126133179243303347363342283205127 59 14 14 6414823932138140224 723CF 958363225940299999999999999 4211231631  899999999999999
379324257190135112133191259318358367335269190115 52 18 34 9718327034339024 724CF1045369233639999999999999999 5 21121713 1799999999999999
395357295227163115105139202268325360361321254180112 59 40 7013821929635624 725CF1132366999999999999999999999 5441031754 4099999999999999
387375328264199140102105147209271323353346304243179121 82 7711517924931224 726CF 014388122135599999999999999 627 981836 7499999999999999
357370346296236176125 9910915220926631233632729023918814311812315921326824 727CF 051370131433799999999999999 713 98192111599999999999999
31534434431526821416212010111415220225329531531028324620817615916619423324 728CF 130348141631699999999999999 8 5101201415999999999999999
27330632231628924920315712210611514618923527429730028726323621219719721324 729CF 214323153930199999999999999 9 8106212819599999999999999
23826628829929427424120216112710811013317221625728730230128726524122221224 730CF 3122991725303999999999999991024106231421299999999999999
216230250269282284271245208166129104 9911715420124928931432131028725722924 731CF 4382851851321999999999999991142 98999999999999999999999
210205215235258278287279254214168124 92 8310114319725430333434132629525724 8 1CF 6 6287194834299999999999999 0492041251 8399999999999999
221194187201228259286300293263215161111 76 67 9114220727232535535533028824 8 2CF 712301203035999999999999999 1501871347 6699999999999999
242200173171195233273305318305264207146 92 58 56 9315623029834937135731824 8 3CF 8 231821 637199999999999999 2331691433 5299999999999999
268217174153165203251295326333307254189125 71 44 5711018426232837037534524 8 4CF 844334213837899999999999999 3 91531512 4399999999999999
294238186148141170221275319344339297234164101 54 41 7414222229735538036624 8 5CF 92134622 838199999999999999 3411391547 4099999999999999
320262204155130142188246300339353331276207138 80 47 5510818526433037337724 8 6CF 955353223738099999999999999 4111291619 4499999999999999
343286225170131124156212272321351349311248179116 69 56 8715323130235537724 8 7CF102835523 337799999999999999 4411221649 5599999999999999
359309248189141117130177237292334351333283219156103 74 8313220227333136524 8 8CF11 1351232936999999999999999 5101171717 7299999999999999
364328271210158122116147200257306336339308255196143105 9512318024530434524 8 9CF1135342235435999999999999999 5391141746 9499999999999999
35833829023317913611512616621927030932931928223318414312213016822327732024 810CF1211329999999999999999999999 610115181512199999999999999
34333730325320115612612014218423127330431329626222218515815116920725229224 811CF 019344125131399999999999999 643119184815099999999999999
31932530726922418114612713015519323326829129527925322519918318420223326524 812CF 046326134029699999999999999 722125192918199999999999999
29130530027824420617314613413916119222625627628127425824022321221122324224 813CF 117305145328199999999999999 812133203221099999999999999
26227828427825923220317515213914115618121124126427828227626424923422622724 814CF 2 1284165128299999999999999 924138222422599999999999999
23524826026826625623621118215613713013916119322926328930330329026824422524 815CF 3232681830304999999999999991056130999999999999999999999
21621823024726327126825222418815212310811213717822727531233133030927623924 816CF 515271192533399999999999999 018215121710799999999999999
209194196216245273290291272235187138 99 78 8311817423929934336135031526824 817CF 63429320 736199999999999999 1221921319 7699999999999999
220183166178212257296320320291239176116 68 45 5911118526333137538535830624 818CF 731323204538699999999999999 2 616614 9 4599999999999999
247190150140168222280326352345301233158 89 38 21 5112121029636540239534924 819CF 819353212040499999999999999 2451391453 2099999999999999
283215154117122171241307357379359299219137 65 16 12 6315024533139441538724 820CF 9 4379215541599999999999999 3231131535  799999999999999
324250176116 91117184263333382395360287201118 48 10 26 9519028436341141124 821CF 948396223041799999999999999 4 1 911614  899999999999999
363289211137 84 77123202283352395395347269185107 46 26 6214123431838341024 822CF103140123 441099999999999999 439 731653 2599999999999999
388326249172104 66 78138219297360393381326251176109 63 6311319127234138624 823CF1115395233739599999999999999 517 631731 5799999999999999
391351284210140 84 63 90155231301355376355302239177125 9811416623429734724 824CF12 1376999999999999999999999 557 631810 9899999999999999
371357309246181122 80 7410916823429433734932728423619015514416621026130524 825CF 0 9371125034999999999999999 639 72185014499999999999999
335341317272219166120 92 9412617522827731031830427624521519419020723726924 826CF 042342135031999999999999999 726 89193918999999999999999
29530930528324820816713211211313617221325328129429228126424523022523024324 827CF 118310152229599999999999999 82611021 022599999999999999
25827127827526224121318215213112513515919222825928329529728927325624023124 828CF 214279173929899999999999999 954125234123099999999999999
23023524425426126125123120217014212412314017121125228731131931129026323624 829CF 4312621858319999999999999991135121999999999999999999999
21420521022524526427527225221717713911210412115920826130633433932229025124 830CF 619276194234099999999999999 1 9205125010499999999999999
214186179193221254284300295266221170123 91 8511116222428533335634931727324 831CF 717301201535799999999999999 1501791341 8499999999999999
224181157161191234278312326309266209151 99 69 7511818325431735936834329624 9 1CF 758326204437099999999999999 2211551421 6799999999999999
241188147135159207261309341343309251186123 74 57 8314421929235037736532024 9 2CF 833346211137899999999999999 2501351455 5799999999999999
261201149120129174235294340361344293225156 96 58 6211118526433137437934324 9 3CF 9 5361213638299999999999999 3171181525 5499999999999999
284219159115106140201268325363366329265194127 76 58 8815523430736238336224 9 4CF 93537022 038399999999999999 3431041553 5899999999999999
307239175121 94110164234300350373355302232164105 71 7913120628134237737224 9 5CF10 5373222338099999999999999 4 9 941620 6899999999999999
327262194135 94 91130196266325363366331269202142 97 8511818325631936237224 9 6CF1036370224637399999999999999 435 871647 8499999999999999
342283216153105 8410415922829134036134729923918013210611816623229434036124 9 7CF11 736223 836299999999999999 5 2 84171310599999999999999
348301237175124 91 9112919025330634134731927021717113813216021226931534224 9 8CF1140349233134699999999999999 530 86174213099999999999999
342310257198147109 9411115721426730933032329124920917615916720124628831724 9 9CF1216331235432799999999999999 6 0 94181315899999999999999
32631027122117313411010913417822626929931029927324221519518820223126328924 910CF1259310999999999999999999999 633106185018899999999999999
30330027724120016513712312815118722425728028928326825123422121822624326124 911CF 02030414 428999999999999999 716122194921899999999999999
27427927225422719917315113914015517920723525927528128027326124723723323624 912CF 058279161928299999999999999 82513822 023399999999999999
24325025625624923521519216814913914115618021224627529630530128526223922224 913CF 2322571812306999999999999991018138999999999999999999999
21321622724325726425924221317914612311412415319724729232433732729926122324 914CF 5 726419 433799999999999999 01721312 011499999999999999
193180188214247277295294271229178130 94 79 9313719926532235936534129424024 915CF 628298194236799999999999999 1 818013 3 7999999999999999
190154145169216268311335330292232166106 61 47 7513921929735939038133527124 916CF 721337201639299999999999999 1461441351 4799999999999999
205146111117164232299351374357301224147 79 33 30 7916125333439240937731124 917CF 8 6374205040999999999999999 2221081434 2599999999999999
234159 99 75104175258333386402368295209127 57 19 3610520029337041440735224 918CF 849402212341899999999999999 258 751513 1899999999999999
272188111 58 54108195286363411412362280192111 48 27 6614924433039341638424 919CF 932418215641699999999999999 334 481552 2799999999999999
312226142 70 32 52124219309381418404342261179106 57 5811419928535639939724 920CF1014420222840599999999999999 411 311629 5099999999999999
345266182104 44 27 67148240323385407380317244174115 8610616824431336438424 921CF1057407225938499999999999999 449 2617 7 8599999999999999
361299223147 81 38 41 9317225332537238134829323417913812815821427432335324 922CF1141383233035799999999999999 527 33174512699999999999999
353316257191129 78 53 6912118925731334634631827723419517117420324428431424 923CF1229350999999999999999999999 6 7 53182516999999999999999
326312276227176129 93 8210114319624829031331329627124422020821223025427524 924CF 0 0326132931699999999999999 652 82191520799999999999999
28929027524821517914512111412615419123026228329128827826324823723323624424 925CF 034291151229199999999999999 752114205823399999999999999
25225725825223922119717215113913915217720723726428429429428426825023422324 926CF 135258172729599999999999999 928137999999999999999999999
21922122923924724924222419817214913713915718822526229331131329927524521624 927CF 447249183531499999999999999 0 4219112213699999999999999
19518819621523926127326924721417714312212014218122927731433232630126322124 928CF 616274191433399999999999999 057188123411899999999999999
18416216218521925728930229226021516712510110513919225030434034732628523524 929CF 7 5303194434899999999999999 1281591321 9999999999999999
185146133151192241288321327303256200145101 8410415522028433536034830825324 930CF 742329201136099999999999999 1551331358 8499999999999999
194142112119158216275324349339297238174117 80 811221882593213613653312732410 1CF 814350203536899999999999999 2211101429 7599999999999999
209148103 92123183251312355365334277210145 93 73 981592323013533733512962410 2CF 844366205937399999999999999 246 911457 7399999999999999
228161105 76 90145218289346375363314248179118 81 851342052783373713643182410 3CF 913376212137399999999999999 311 751525 7799999999999999
250179115 71 67108179256324369378345284216152103 871171812533173603693362410 4CF 943380214337099999999999999 337 631551 8699999999999999
273200133 79 56 781402182913493773653162521891341021111602292933413633462410 5CF101237822 636399999999999999 4 2 56161810099999999999999
294224155 97 60 611051772523173603693392852251701301191482062683183483462410 6CF1043370222835199999999999999 429 54164711899999999999999
309247180121 76 59 821402122783303563483092572071651411491892432923253352410 7CF1116357225233699999999999999 457 59171713999999999999999
315266206148102 74 761131732362903283393212832402021731641832232662993152410 8CF1152339231731699999999999999 527 70175016499999999999999
310279230178133100 871011411942452873133152972682372111931932122422702882410 9CF1237317234629399999999999999 6 2 87183119099999999999999
293279248208169136113108124157199239271291294285268248230217216226242257241010CF1344295999999999999999999999 646107193721599999999999999
266267255234206178152134127136157187219248271285288282269252235224221224241011CF 033268155028899999999999999 756127215822199999999999999
231240247247240224202177153137132141162193229264291306307292268239213196241012CF 235248173230899999999999999 950132234919299999999999999
192201220242259265257234200164133115114134173223272312334332307267223183241013CF 4582651825336999999999999991133112999999999999999999999
157154176214255288303295263214163118 88 85113168233296342362348305248188241014CF 61130419 536299999999999999 0371521237 8299999999999999
138112121163223282327346329282217152 96 62 65110181260328373381346284211241015CF 7 3346194038399999999999999 1161111326 5899999999999999
141 88 70100167246317367381351287211137 76 45 64127211294361395382325246241016CF 749382201439799999999999999 153 7014 9 4599999999999999
164 90 42 42 97184275352400403356280199122 63 46 84161250329385400363288241017CF 833408204840199999999999999 230 351450 4599999999999999
200115 44 10 34110208303379418405346267186113 65 66121204287354393385328241018CF 916420212139699999999999999 3 7  91529 5999999999999999
243155 73 13 -1 45134234325392417390326251177114 83103166244314365382353241019CF 958417215438399999999999999 345 -316 8 8399999999999999
284200118 46  2  9 70161255336390399364303237174126114147208273326358355241020CF1042402222636299999999999999 423 -2164611399999999999999
312243167 95 38 13 37102185267334372370334283229180149151187238286322336241021CF1127376225933699999999999999 5 2 13172614599999999999999
319272211148 90 50 41 72132202269320344337308269228194177186215251283302241022CF1215345233330699999999999999 543 40181017799999999999999
303282242194145102 76 77106154209260297314310290263235213203209226247265241023CF1315315999999999999999999999 629 7319 620399999999999999
274270253226192157127109111131165205244273289292284267248230219216220229241024CF 016274144329399999999999999 726107205321699999999999999
238244245240226205180156139134143164194226254276288288277260240221206200241025CF 142246162929099999999999999 853134231419999999999999999
202211223235242240227206181159144142155180214248278296299288265236206182241026CF 4182431742300999999999999991039141999999999999999999999
170175192217242260264252226195164140131143173214256292312311290256216176241027CF 545265182731499999999999999 013170115513199999999999999
148141156188227263287290271236195155126118138178228277313327314279232182241028CF 63829219 132799999999999999 049141124611899999999999999
138114120153201252294316310278232182137109112146198255304334333302252194241029CF 717317192933899999999999999 119113132510799999999999999
139 99 89115167229286327339317272216160116100119169230288331345324274212241030CF 751339195534599999999999999 146 88135810099999999999999
148 95 67 80128196265322354349310254192137101103142203267319348341298234241031CF 822356201935099999999999999 212 671428 9799999999999999
165102 58 52 89156233303352368343291229167117 991221772423013413493192582411 1CF 852368204335199999999999999 239 491457 9999999999999999
187119 63 37 561151932713353703653252652021441091121542172793263483332832411 2CF 92337321 734999999999999999 3 6 37152610599999999999999
213142 79 37 35 771512313043563733492982381781311141381922533053383393032411 3CF 954373213334399999999999999 334 30155611499999999999999
240170105 53 30 501101882643273633613252712141631311331702262803183333152411 4CF1027367215933399999999999999 4 4 30162812799999999999999
266200135 79 43 39 781452202873363553402982481991601431592022522933173152411 5CF11 3355222832099999999999999 435 3617 214399999999999999
284230169113 69 48 611081742402963313383162782351951671621852242632913022411 6CF114333923 030299999999999999 5 9 47174116199999999999999
290254203151106 74 65 861331922482923173182982662322021821822022322602782411 7CF1232321234228299999999999999 549 64183018099999999999999
281266234192149113 89 861071481962422793003032902672402141971942052242432411 8CF1339304999999999999999999999 638 85194219399999999999999
2572602512281971621311101051191491882282632882982932762522252021901902012411 9CF 04926115 929999999999999999 747104212818899999999999999
218236248251240217187155129116119139172213254286305306290261226192168160241110CF 242251163430899999999999999 920115225916099999999999999
169192222250266266248216177142117109123157205255296321323300260212166132241111CF 4302691734325999999999999991053109235612099999999999999
120136174221265295302282242193146110 95109151209268315341335300244182126241112CF 54530218203439999999999999912 3 95999999999999999999999
 87 80110168233292330337311260200143 99 83104158225289338357337284214142241113CF 64333919 135799999999999999 041 781257 8399999999999999
 79 42 48 98175255323364366328267199136 90 80113177250314357362325256175241114CF 732370193836599999999999999 123 391345 7899999999999999
 97 34  7 32101192281352389381332264193128 87 89135205277335366354299220241115CF 819392201536799999999999999 2 3  71428 8299999999999999
135 57  1-11 33117215305373401380324254184124 93109164235300348362333266241116CF 9 4401205236399999999999999 243-141511 9399999999999999
183100 27-17-10 49140238324382397366308241176125109137195260315348346304241117CF 948398212835299999999999999 323-21155210899999999999999
232152 75 12-16  7 76166257333378380344288227171133131166221276318336321241118CF103238422 533699999999999999 4 4-16163312799999999999999
272203130 62 14  2 37107190270332363356319269216171147155190237280309315241119CF1118364224431699999999999999 446  1171614699999999999999
292244182119 64 30 32 71136209275322341329296252210176163175206242273291241120CF12 5341232629399999999999999 528 2618 216399999999999999
290265222170119 78 57 66104160220272307318306277242209184176187210236257241121CF1257318999999999999999999999 613 56185617699999999999999
269265245210170130100 88 99131176224264291299289266238211191183187202220241122CF 017269135629999999999999999 7 3 8820 818399999999999999
237247247234210179149126116124148183221254278287281263239214192179177185241123CF 13124815 528799999999999999 8 4116214317699999999999999
199217232239235220196171150138139156183216248272283280264239210183164156241124CF 311239161728499999999999999 92413723 315699999999999999
162180204228244248237216191166149144155181214248274287283263232197163138241125CF 4462481717288999999999999991049144235513099999999999999
130141168203236260268258234203172149141152182220257284295285257216172132241126CF 55626818 2295999999999999991155140999999999999999999999
107105128169215257285292276244205167140134153190233272298302280239188137241127CF 646292183930399999999999999 034103124513499999999999999
 96 77 89129183239286312311284243196154130132162207254292310300264211152241128CF 726315191131099999999999999 1 7 77132512799999999999999
 98 62 57 87143209271317334320281231179138122138179230277309314288237175241129CF 8 2334194031699999999999999 138 5414 012299999999999999
112 61 36 50100169241304342345316268212159125123154204257299320308265203241130CF 836348201032099999999999999 2 9 36143411999999999999999
136 74 32 24 591242012753323563443032481901411191331772322823153202912352412 1CF 9 9357204032299999999999999 241 2215 711999999999999999
167100 44 15 27 791552353043493583322822251701301231522032573003213102662412 2CF 943360211132199999999999999 314 14154112199999999999999
202133 70 24 11 421071872643253563503132602041551281351752282763093162912412 3CF1020358214531799999999999999 348 11161812699999999999999
238172106 50 17 21 651372152853343523342922401891491341521962462863083042412 4CF1059352222231099999999999999 425 13165713499999999999999
269213148 88 42 21 39 911632362963343413172742261801491431682102532852982412 5CF114234223 429999999999999999 5 4 21174114299999999999999
287249194135 82 45 36 611161832482993273273012612171781531521762132502762412 6CF1230331235728599999999999999 548 35183214999999999999999
285271235185133 88 59 56 841351952512953183152902532131771551531742052372412 7CF1324320999999999999999999999 636 54193315199999999999999
261271261231188143104 80 791031471992492883093062842492101741501441591862412 8CF 1 3271142431199999999999999 734 76204514499999999999999
218246263261239204164128104 991161521982442823033032822472061651351241342412 9CF 224264152830699999999999999 843 9822 212499999999999999
162199236262270257228191154125113123152195242280303304282243195147110 93241210CF 35327016323069999999999999910 511323 9 9399999999999999
103137184233271289284257217176141121124151195243283308307281234177122 78241211CF 5162901730311999999999999991124119999999999999999999999
 59 73117178239288314312283239192149122122151199249292315310275218153 90241212CF 624317182131799999999999999 0 5 59123011999999999999999
 43 27 51108181252310340335301252198149120122156208261303323309263197125241213CF 72234219 832399999999999999 055 27132611799999999999999
 59 12  3 39109192271332360350309253195144117126167222275314327303247173241214CF 813361195232799999999999999 142  1141611599999999999999
 98 31-10 -8 41121210292350371352305245185136116134182238289322325290226241215CF 9 0371203532899999999999999 227-1515 211699999999999999
149 73 11-21 -6 55141232310361371343291230172129120148199255301325317273241216CF 944373211732699999999999999 312-22154511999999999999999
204127 55  0-19 10 79167254324363361325270211158126128164217268306320302241217CF1027367215832099999999999999 355-19162712299999999999999
252182109 44  1 -4 37110195273331356342301246192148127140180231275304309241218CF11 9356224031099999999999999 437 -717 812799999999999999
282229162 96 42 13 22 71144221287330341319274223176142133153194239275295241219CF1149342232329799999999999999 517 11174813299999999999999
291260207147 91 50 35 56109176241294323321293250204165141141164201239267241220CF1228326999999999999999999999 556 35183113799999999999999
280271239191140 96 68 66 94144202254293309300269229190159142147169201231241221CF 0 828013 731099999999999999 635 63191714299999999999999
254263252223183143110 94 99128171218259286293279250215181155143148166192241222CF 058263134929499999999999999 716 93201314399999999999999
218239247238216186156132122130154189226257276278263237206175151139141155241223CF 2 0247143627999999999999999 8 5122212213899999999999999
178204226237235221199176157148152169196226251266267253229199168142127126241224CF 320238153326899999999999999 912147223512499999999999999
139164194221239244236219197177164162174196222246260262249224191156126107241225CF 4532441636263999999999999991038161233510499999999999999
106123154191226251262257239214188168162171193221246261263247217179138103241226CF 6102621735264999999999999991155162999999999999999999999
 83 86111152199242273285277253220187162155166193224253269267245207160112241227CF 7 4285182427199999999999999 024 82125315499999999999999
 75 59 71107160217267299307290257216176150146165199236266280270238189134241228CF 74830719 728099999999999999 1 6 59133914599999999999999
 83 47 39 63114178243295323321294250201159136141171212254283290269225166241229CF 826326194629099999999999999 145 38141913499999999999999
105 52 22 26 66131205273322340325286234181140125143184232274298295262206241230CF 9 2340202430199999999999999 224 19145712599999999999999
140 75 25  4 23 79155234301342348319269212158123120152203255295311296249241231CF 93935021 331199999999999999 3 2  4153411799999999999999
