 21 17 24 41 63 85105116120116107 97 90 87 90 98108117121119108 92 72 5224 1 1D2 75612018 812199999999999999 051 171258 8799999999999999
 37 29 30 41 58 78 98112119118111101 91 85 83 87 94102109111107 97 83 6824 1 2D2 822119185211199999999999999 122 281346 8399999999999999
 53 44 41 46 58 75 93108117119115106 95 86 80 79 81 87 94 99100 97 90 8024 1 3D2 848119195010099999999999999 152 411449 7899999999999999
 69 60 55 56 63 74 89104115120118111101 90 80 74 71 73 77 83 88 91 90 8724 1 4D2 9161202125 9199999999999999 224 5516 7 7199999999999999
 82 76 71 69 71 78 89101112119120116108 96 84 73 65 61 61 65 72 78 84 8824 1 5D2 948121999999999999999999999 3 1 691727 6199999999999999
 90 89 87 85 84 86 91 99109117121121115105 92 77 64 54 48 48 53 61 72 8324 1 6D2 0 8 90102512299999999999999 354 841832 4799999999999999
 91 97100100 98 96 97100106114120123122114102 86 69 52 39 33 33 41 54 6924 1 7D2 219100111112399999999999999 518 961925 3299999999999999
 85 98108112111108105104106111118124126124115100 80 58 38 24 17 20 31 4924 1 8D2 32111212 512699999999999999 6521042013 1799999999999999
 70 90107118122120115110107109114121128131128116 97 72 46 23  8  3  9 2524 1 9D2 4 512213 113199999999999999 8 91072058  399999999999999
 48 74 98116126128124117110107109116126134137132116 92 63 34  9 -5 -8  224 110D2 445128135513799999999999999 9 61072143 -999999999999999
 23 50 80105123131131124114107105109119131140143134115 87 54 23 -2-15-1424 111D2 524132144514399999999999999 9511052226-1699999999999999
  1 26 57 87112128132128119108102101109121135145146134111 80 45 14 -8-1824 112D2 6 0132153314799999999999999103110023 8-1899999999999999
-13  6 34 66 96118129130122111100 94 97107123137146144130105 73 39 10 -924 113D2 6341311622147999999999999991111 942349-1499999999999999
-13 -4 18 48 79105122128124113100 89 86 91104121135143139123 97 66 36 1124 114D2 7 51281710143999999999999991153 86999999999999999999999
 -2 -1 13 36 65 92114125125116102 88 79 77 85 99115129134129113 89 62 3724 115D2 73212618 113499999999999999 027 -31238 7799999999999999
 20 13 19 35 58 84106120125120107 91 77 69 69 77 91106117121116102 83 6224 116D2 756125185612199999999999999 1 2 131328 6899999999999999
 44 34 33 42 59 80101117125123113 98 81 67 60 61 68 80 93103107103 94 8024 117D2 81912520 110799999999999999 134 321425 5999999999999999
 67 57 53 56 67 83100115124126119107 90 73 60 52 52 58 68 79 88 93 93 8924 118D2 8411262129 9399999999999999 2 2 531534 5199999999999999
 82 76 72 73 78 89101114123127125116102 85 68 54 46 43 47 55 65 75 82 8724 119D2 9 6127999999999999999999999 224 721653 4399999999999999
 89 89 88 89 91 96104113121126127123113 99 83 65 50 39 34 35 42 53 65 7724 120D2 031 89 93912899999999999999 224 881815 3499999999999999
 86 94 98101102104108113118123126126122113 99 82 63 45 31 24 25 32 45 6024 121D210291269999999999999999999991926 24999999999999999999999
 76 91102108111112111112114117121124126123114100 81 59 38 23 15 16 26 4224 122D211501269999999999999999999992022 15999999999999999999999
 61 81 98110116117115112110110114119124127125117100 78 53 30 14  7 11 2424 123D2 442118131212799999999999999 82111021 9  799999999999999
 44 68 90107118121118113107104105110118126131129117 98 72 45 21  6  2 1024 124D2 5 0121141413199999999999999 9171042150  299999999999999
 28 52 77100115122121114106 99 96100109120130134130115 92 63 35 12  0  124 125D2 52112215 213499999999999999 955 962226 -199999999999999
 14 37 64 89109120122116106 96 90 90 98110124134136128109 82 52 25  6 -124 126D2 5421221544136999999999999991027 892259 -199999999999999
  6 25 50 78101117122118108 96 86 82 86 98113127135134121 99 70 41 18  424 127D2 6 21221622136999999999999991058 822330  399999999999999
  4 17 40 67 93112121120110 97 84 76 76 85 99116128133127111 86 59 33 1524 128D2 6221211658133999999999999991129 752358  999999999999999
  9 16 34 59 85106119121114100 85 74 69 74 85101116126126117 98 74 50 3024 129D2 64112117341279999999999999912 1 69999999999999999999999
 19 21 34 55 79101117122117105 89 75 66 65 73 86101114120117105 87 65 4624 130D2 7 0122181212099999999999999 024 181235 6499999999999999
 33 30 38 54 76 97114122120110 94 78 66 60 62 72 85 99108111106 94 78 6224 131D2 718122185211199999999999999 048 301312 6099999999999999
 49 43 46 58 75 94111121122114100 84 69 59 56 60 70 82 93100101 96 87 7524 2 1D2 737123194110299999999999999 110 431353 5699999999999999
 64 58 58 65 77 93108119123118107 91 75 62 55 53 57 66 76 85 91 92 90 8424 2 2D2 7571232049 9299999999999999 132 571444 5399999999999999
 78 73 71 75 82 94106116122121113100 84 70 58 51 49 52 58 67 75 82 86 8724 2 3D2 8191222311 8799999999999999 150 711552 4999999999999999
 87 86 85 87 90 97105114120121117108 95 81 66 54 46 42 43 48 56 65 74 8324 2 4D2 847121999999999999999999999 152 851719 4199999999999999
 89 94 97 99100103107112116119119115107 95 80 65 50 39 32 30 34 43 56 7024 2 5D2 9281209999999999999999999991845 30999999999999999999999
 84 96104109111110110111113116118119117110 98 82 64 45 29 19 16 20 32 5024 2 6D210501199999999999999999999991953 16999999999999999999999
 69 89104115119118115111109110113118122122116104 84 61 37 17  5  2  9 2524 2 7D2 418119123312399999999999999 8131092048  199999999999999
 48 73 96114123124120113106103105112120128130124109 85 56 28  6 -8 -9  324 2 8D2 441125134913099999999999999 9 71032135-1099999999999999
 24 52 81106121127124115104 96 94100111124135138130111 83 50 20 -4-15-1224 2 9D2 5 7127144913899999999999999 947 942218-1699999999999999
  4 31 63 92115126127118104 91 83 84 94111128141143132110 78 44 13 -8-1424 210D2 5311281542144999999999999991023 832257-1499999999999999
 -6 16 46 78105122127121106 89 75 69 75 90110130143143130105 72 39 12 -424 211D2 55412716321449999999999999911 0 692332 -699999999999999
 -4 10 35 66 95117126123110 91 71 59 57 67 86108128139137122 97 67 38 1724 212D2 6151271721140999999999999991139 56999999999999999999999
  9 15 33 60 88111125126115 96 74 55 45 47 61 81104122130126111 89 64 4224 213D2 635127181113099999999999999 0 5  91219 4599999999999999
 29 29 40 61 85108124128121104 82 59 43 36 41 56 76 97111117113100 82 6524 214D2 65312819 411799999999999999 033 2813 3 3699999999999999
 52 47 53 67 87107123130126113 93 70 49 36 32 38 52 70 87 99103100 91 8024 215D2 71113020 310399999999999999 056 471351 3299999999999999
 70 65 68 77 91107122130130120104 83 62 45 34 32 37 48 62 76 85 90 89 8624 216D2 7291312124 9099999999999999 113 651447 3199999999999999
 82 80 81 87 97108120127129125113 97 79 61 46 36 33 36 43 54 64 73 80 8424 217D2 748130999999999999999999999 112 8016 0 3399999999999999
 86 88 91 95102109117123126124118108 94 79 64 50 39 34 33 37 45 55 65 7524 218D2 8111269999999999999999999991736 33999999999999999999999
 84 91 97102106110113117119119117113106 96 84 69 54 41 32 28 30 37 48 6224 219D2 84211999999999999999999999919 8 28999999999999999999999
 76 89 99106110111110110110111112112112109101 89 73 55 38 26 21 23 32 4724 220D2 514111111811299999999999999 7391102013 2199999999999999
 65 82 97108112112109105101100102107112115114107 93 73 52 32 19 14 19 3224 221D2 428113132111699999999999999 85210021 0 1499999999999999
 51 73 92107114115110102 94 90 91 97106115121120110 92 69 44 24 11 10 2024 222D2 433115142312299999999999999 921 902137  999999999999999
 38 61 85103114117111101 90 82 80 85 96109121127123109 87 60 34 15  7 1124 223D2 44611715 812799999999999999 948 8022 9  799999999999999
 27 50 76 98113118114103 89 76 70 72 83 98115127130122103 77 50 25 11  924 224D2 5 11181547130999999999999991015 702239  899999999999999
 20 41 67 92111119117106 90 74 63 61 69 84103120130129116 93 66 40 20 1224 225D2 5161191624131999999999999991043 6023 5 1299999999999999
 18 35 60 86107119119110 93 74 59 52 56 69 88108123129123106 82 56 34 2224 226D2 5321211659129999999999999991110 522330 2099999999999999
 22 34 56 81104118122114 98 77 59 47 45 55 72 93111123124114 95 72 50 3524 227D2 5481221735125999999999999991139 452353 3099999999999999
 30 37 55 78100117124119104 83 62 46 39 43 57 76 96112119116103 85 65 4924 228D2 6 312418121199999999999999912 8 39999999999999999999999
 41 44 57 76 98115124122110 90 68 49 37 36 44 60 79 97109112106 94 78 6424 229D2 619125185111299999999999999 015 411238 3599999999999999
 55 54 62 77 96113123124115 97 76 55 40 33 36 47 63 80 94102103 97 87 7624 3 1D2 636125193610499999999999999 035 531312 3399999999999999
 68 66 70 81 95110121125119105 85 65 47 36 33 38 49 63 77 88 94 95 91 8524 3 2D2 6531252037 9599999999999999 053 661353 3399999999999999
 80 78 80 86 97108118123121111 95 77 59 45 36 34 38 47 58 69 78 85 88 8924 3 3D2 712123999999999999999999999 1 5 781449 3499999999999999
 88 88 90 94100108115120120115104 90 74 59 46 38 34 35 40 48 58 68 77 8524 3 4D2 7341219999999999999999999991616 34999999999999999999999
 91 96 99102105109112115117115110102 91 77 63 50 39 31 28 29 36 46 59 7324 3 5D2 8 211799999999999999999999918 9 28999999999999999999999
 86 97105110111111110110110111111109105 97 85 70 53 37 24 17 17 24 37 5524 3 6D2 415111 93811199999999999999 6561101933 1699999999999999
 74 92106114116114109104101102105109113113107 95 76 54 33 16  6  6 15 3424 3 7D2 354117123111499999999999999 8251012031  499999999999999
 57 81102115120117109 99 92 89 92100111120123118103 80 53 27  7 -2  1 1524 3 8D2 4 6120135512399999999999999 859 892117 -399999999999999
 39 66 92112122121111 97 83 74 74 83 98115128133126107 80 50 22  3 -3  524 3 9D2 424123145513399999999999999 932 732157 -399999999999999
 24 52 81106121123114 98 78 62 56 60 75 97119134138129107 78 47 21  6  524 310D2 44212415481399999999999999910 6 562233  499999999999999
 18 43 72 99119126119102 79 56 42 39 50 71 97121136138126103 74 46 25 1724 311D2 5 01261639139999999999999991042 3823 6 1699999999999999
 22 40 67 94116127124109 85 58 36 24 27 43 68 96120133133119 97 71 49 3524 312D2 5181281728134999999999999991119 232335 3399999999999999
 34 46 67 92114128129117 95 66 39 20 13 21 41 67 94115125122110 90 71 5624 313D2 5361311818125999999999999991157 132359 5099999999999999
 50 56 71 92113128133125106 80 51 26 12 10 21 42 67 90107113110100 86 7324 314D2 55413319 9113999999999999991237  9999999999999999999999
 66 68 78 94112127134131116 94 67 41 21 12 13 25 44 65 84 96101 98 92 8424 315D2 61213420 710199999999999999 019 661321 1199999999999999
 79 79 85 97111124132132123106 83 60 39 24 18 21 31 46 62 76 85 89 90 8824 316D2 6311332132 9099999999999999 030 781411 1899999999999999
 86 87 91 99109119126128124112 96 78 59 43 32 27 28 35 45 57 68 76 82 8624 317D2 650128999999999999999999999 017 861517 2799999999999999
 89 92 96101107113118120119113104 92 78 64 52 41 35 33 36 42 51 61 70 7924 318D2 7 81209999999999999999999991653 33999999999999999999999
 87 94 99103106108110110110108104 99 92 83 72 60 48 39 34 33 38 46 57 7024 319D2 7 91109999999999999999999991836 33999999999999999999999
 82 93101105106105102100 99 98 99100100 97 91 80 66 51 38 30 29 34 45 5924 320D2 352106113110099999999999999 844 981945 2899999999999999
 75 90101107108104 98 91 87 86 89 95101105105 98 85 67 49 34 25 25 33 4824 321D2 335108132610699999999999999 844 862031 2499999999999999
 67 86100109111105 96 86 77 74 76 84 96106113112102 85 64 43 28 22 25 3924 322D2 342111142311399999999999999 9 5 7421 8 2199999999999999
 58 79 98110114109 97 83 70 63 63 71 85100113119115102 81 57 37 24 22 3224 323D2 35311415 711999999999999999 929 622139 2299999999999999
 50 73 94110116113100 83 66 54 50 56 70 89108120123115 97 74 50 33 25 3024 324D2 4 7116154512399999999999999 954 5022 8 2599999999999999
 45 67 90109118117105 86 66 48 39 41 54 74 96115124123110 90 66 45 33 3224 325D2 4221191623125999999999999991020 392234 3199999999999999
 43 63 86107120121111 92 68 47 33 29 38 57 80103119125119103 82 60 45 3924 326D2 4361221659125999999999999991046 292259 3999999999999999
 45 61 83105120124116 98 74 49 30 22 25 40 63 88109121122112 95 75 58 4924 327D2 4521241735123999999999999991113 212323 4999999999999999
 51 62 81102119126122106 82 56 33 19 17 27 46 70 94111118116104 88 72 6124 328D2 5 81261813119999999999999991141 162345 5899999999999999
 59 66 81100116126125113 91 65 40 22 14 18 32 53 76 96109113108 97 84 7324 329D2 5261271854113999999999999991210 14999999999999999999999
 68 72 82 98114125127119101 76 51 30 17 14 22 38 59 79 95104105100 92 8424 330D2 544127194210599999999999999 0 6 681243 1499999999999999
 79 79 86 97111121126122109 88 65 42 26 17 18 28 43 60 76 89 96 97 95 9124 331D2 6 31262050 9899999999999999 025 781324 1799999999999999
 88 88 91 99108117123122114 99 79 59 41 28 22 23 31 43 56 69 80 88 92 9424 4 1D2 624123999999999999999999999 037 871419 2299999999999999
 94 95 97101107113118119115106 93 76 60 45 34 27 26 30 38 49 61 72 82 9124 4 2D2 6471199999999999999999999991543 26999999999999999999999
 97101103105107109111112111108101 92 80 67 53 41 31 26 26 31 40 53 67 8224 4 3D2 7141129999999999999999999991734 25999999999999999999999
 94103108109108105103101101102102101 97 89 78 63 47 33 23 20 23 34 50 6824 4 4D2 252110 95410399999999999999 73010119 0 2099999999999999
 87102111113110103 95 89 87 88 94100106106101 89 71 51 33 20 16 21 34 5424 4 5D2 255113124010799999999999999 8 4 8620 0 1699999999999999
 76 97111117114104 90 77 70 69 76 88102113117112 98 77 54 33 20 17 25 4224 4 6D2 3 9117135911799999999999999 835 682046 1699999999999999
 66 90109119118107 89 70 55 48 52 65 85105121126121104 80 55 35 24 24 3724 4 7D2 32512015 012699999999999999 9 9 482126 2299999999999999
 58 83106120123113 94 69 46 31 28 38 59 85109127132124106 81 58 40 33 3924 4 8D2 343124155413299999999999999 944 2822 2 3399999999999999
 56 79103121128121102 75 47 23 11 14 30 56 86112129132123104 81 61 49 4824 4 9D2 4 11281645132999999999999991020 102234 4799999999999999
 59 78101121131129113 87 56 26  5 -2  6 28 57 88113126127117100 82 67 6124 410D2 4211321735128999999999999991057 -223 2 6199999999999999
 66 81100120133135124101 71 38 11 -5 -6  7 31 60 88110120119110 96 83 7524 411D2 4411361825121999999999999991136 -82327 7499999999999999
 75 84100117131137132114 88 57 27  4 -6 -3 13 37 63 87104111110102 93 8524 412D2 5 31371917111999999999999991215 -72348 8399999999999999
 83 88100114127135134123102 76 47 23  6  0  6 22 43 65 84 97102101 96 9124 413D2 5251362017102999999999999991258  0999999999999999999999
 89 91 99110121129132126112 91 68 44 25 14 11 18 31 48 65 80 89 94 95 9424 414D2 5491322147 9599999999999999 0 3 891346 1199999999999999
 93 94 98105113120124122114101 84 65 48 33 25 23 28 38 50 64 75 84 89 9324 415D2 614124999999999999999999999 0 3 931445 2399999999999999
 94 96 98102106110113114110104 93 81 68 55 44 36 33 35 41 51 62 73 82 8924 416D2 63811499999999999999999999916 7 33999999999999999999999
 95 98100100101101102102101 99 96 90 83 74 63 53 44 38 38 42 50 62 74 8524 417D2 6431029999999999999999999991738 37999999999999999999999
 94100102102 99 95 91 89 89 90 91 93 92 89 82 71 59 48 40 38 42 52 65 7924 418D2 2151031122 9399999999999999 749 891850 3899999999999999
 92101106105100 92 84 77 75 76 81 88 95 98 96 89 76 62 49 40 39 45 57 7324 419D2 2211061312 9899999999999999 8 9 751942 3899999999999999
 89101109109103 92 80 68 62 61 67 78 90100105103 93 78 62 48 40 41 51 6624 420D2 234110141210599999999999999 834 612023 4099999999999999
 84100111114108 96 79 63 51 47 51 63 79 96108112108 95 78 60 47 43 48 6224 421D2 249114145911299999999999999 9 0 472058 4399999999999999
 80 98112118114101 82 61 44 35 36 46 64 85104116117109 94 75 59 50 50 5924 422D2 3 5118154111899999999999999 926 342130 4899999999999999
 76 96112121119107 87 63 41 26 22 29 47 70 94112121119108 91 73 60 55 6024 423D2 322122162012299999999999999 952 222159 5599999999999999
 74 93111123124115 95 69 43 23 13 15 29 52 78102118123118104 88 72 63 6424 424D2 3401251659123999999999999991020 122227 6299999999999999
 74 90109123128122104 78 50 25  9  5 14 34 60 87108120122114100 85 74 7024 425D2 3581281738122999999999999991048  52254 7099999999999999
 76 89106121129127113 90 61 33 12  1  4 19 42 68 93111119117108 96 84 7824 426D2 4191301819120999999999999991118  12321 7899999999999999
 79 88103118129130121101 75 46 21  5  0  8 26 50 75 96110115112103 94 8624 427D2 44113119 5115999999999999991152  02346 8599999999999999
 85 90101114125131126112 89 62 35 15  4  4 14 33 55 77 94105109106100 9424 428D2 5 513120 1109999999999999991229  2999999999999999999999
 91 93100110120127127119101 78 53 31 15  8 10 21 38 57 76 9010010310310024 429D2 531128211910399999999999999 011 911314  799999999999999
 97 97100106114121124120110 93 72 51 33 20 15 17 26 40 56 72 86 9510110324 430D2 6 0124232110399999999999999 038 971411 1599999999999999
102102102104108112116116112102 88 72 55 40 28 22 23 29 40 54 69 83 9410124 5 1D2 637116999999999999999999999 1241011527 2299999999999999
105106105103102102103105106104 98 89 77 63 50 38 30 27 31 40 54 69 84 9724 5 2D2 044106 74610699999999999999 4171021655 2799999999999999
106109108104 98 92 89 89 91 95 98 98 94 86 75 61 47 37 32 34 43 57 74 9124 5 3D2 1141101036 9899999999999999 633 891813 3299999999999999
104112113107 97 85 75 70 71 76 86 95102103 98 86 71 56 43 37 40 50 66 8424 5 4D2 136113124310399999999999999 724 701914 3799999999999999
101113117112100 83 66 53 48 52 64 79 96108112108 97 80 63 50 45 49 61 7924 5 5D2 15711714 311299999999999999 8 4 4820 4 4599999999999999
 98114122120107 87 64 43 30 28 36 54 77 99115121117104 87 70 59 56 63 7724 5 6D2 21812215 612199999999999999 842 272047 5699999999999999
 96113125127117 97 70 43 20  9 11 26 50 78103120126121108 91 76 68 69 7824 5 7D2 24012816 212699999999999999 921  82126 6799999999999999
 94112127133128110 83 52 22  2 -5  2 22 51 81107123127121109 94 82 78 8224 5 8D2 3 4133165412799999999999999 959 -522 1 7899999999999999
 94111126137136124100 68 35  7-10-12  0 24 55 85108122125118107 95 87 8724 5 9D2 3291381745125999999999999991039-132233 8699999999999999
 95108123136140134115 87 54 23 -2-13-11  5 31 60 88108118119113104 95 9224 510D2 3571401835120999999999999991119-1423 3 9299999999999999
 95105118131139138127104 75 44 16 -3-10 -3 15 40 66 89105113113107101 9624 511D2 42614019271149999999999999912 0-102332 9599999999999999
 96101112123133137131116 94 66 39 16  2  0  8 26 48 71 90102107107103 9824 512D2 4571372021107999999999999991243 -1999999999999999999999
 96 98105114124129129121106 84 61 38 21 11 12 21 37 56 74 89 9910310210024 513D2 529130212310399999999999999 0 3 961328 1099999999999999
 97 97100105112119121119110 96 78 59 42 29 22 24 32 46 62 77 90 9810110124 514D2 6 5121223110199999999999999 041 971419 2299999999999999
 99 97 97 98102106109110107100 89 76 62 48 38 33 35 42 53 67 80 91 9910224 515D2 646110233210299999999999999 147 971519 3399999999999999
102100 97 95 94 94 96 98 98 97 93 87 78 67 56 48 43 43 49 59 72 85 9510224 516D2 758 98999999999999999999999 411 941626 4299999999999999
105104100 95 89 85 83 83 85 88 90 90 88 82 74 65 56 51 50 56 66 79 9110124 517D2 0141051040 9199999999999999 623 831732 5099999999999999
108109105 98 88 79 72 69 69 74 81 87 92 93 90 82 72 63 57 57 63 74 8710024 518D2 0451091244 9399999999999999 717 681832 5699999999999999
109113111103 91 77 65 56 54 58 67 78 90 98101 97 89 78 68 63 63 71 83 9724 519D2 111113135710199999999999999 752 541923 6299999999999999
109116117110 96 79 61 47 40 41 50 64 81 96106109104 94 82 73 68 71 80 9424 520D2 134118145210999999999999999 823 3920 8 6899999999999999
108118122117104 84 63 43 30 26 32 47 67 88105115116109 98 85 77 74 80 9124 521D2 157122153811699999999999999 853 262048 7499999999999999
106118126124113 93 68 44 25 15 16 28 49 73 96113121120111 99 87 81 81 9024 522D2 221126162112299999999999999 924 142125 8099999999999999
103117127130122104 79 51 26 10  4 12 30 55 81104119125121111 99 89 85 8924 523D2 24513017 212599999999999999 955  42159 8599999999999999
100114127133130116 92 63 34 12 -1 -1 12 35 62 89110122125119109 98 91 9124 524D2 3121341745125999999999999991029 -22233 9099999999999999
 98110124134136127107 79 49 21  2 -6  0 17 42 69 94113122122116107 98 9424 525D2 34113618311239999999999999911 5 -623 5 9499999999999999
 97106119131137134120 96 67 37 13 -2 -5  4 23 49 75 97113120119113105 9924 526D2 4121371921120999999999999991144 -62340 9799999999999999
 98103113125134136128111 86 58 31 10 -1 -1 11 31 55 79 9811111611511010424 527D2 4451362016117999999999999991227 -2999999999999999999999
100101107116126132131121102 78 52 29 12  5  7 19 38 60 81 9810911411210824 528D2 523132211411499999999999999 0191001313  499999999999999
103100102107115122126123112 95 74 52 33 19 14 17 29 46 65 8410010911311124 529D2 6 7126221011399999999999999 11010014 6 1499999999999999
107101 98 98102108113116113105 92 75 57 41 30 25 29 39 54 72 8910211111324 530D2 7 5116225711399999999999999 227 9815 4 2599999999999999
111105 98 92 90 91 95100104104100 91 79 65 52 43 39 41 50 64 80 9610811424 531D2 838104233411599999999999999 411 9016 8 3999999999999999
115110101 90 81 75 74 78 85 92 97 99 95 88 77 66 57 52 54 62 75 9010411524 6 1D21048 99999999999999999999999 539 741713 5299999999999999
119116107 93 78 65 57 55 60 70 83 93100102 98 90 79 70 66 67 75 8710211424 6 2D2 0 7119124610299999999999999 642 551815 6699999999999999
122123116102 82 62 46 36 36 44 59 77 93105110108101 91 82 78 80 8810011324 6 3D2 037124141411099999999999999 732 351913 7899999999999999
124129126113 93 69 45 26 18 20 32 52 75 96111118117110100 92 88 91 9911124 6 4D2 1 8129152111999999999999999 818 1720 6 8899999999999999
124133134126108 83 54 28 10  3  9 26 50 77100117124123115106 98 9610010924 6 5D2 141135161912499999999999999 9 1  32054 9699999999999999
121133139137124101 71 40 14 -2 -6  5 26 53 8110512112712411710810210110724 6 6D2 216139171012799999999999999 944 -6213710199999999999999
117129139142136118 92 60 29  5 -8 -8  6 30 59 8710912212612311510710310424 6 7D2 2531431757126999999999999991027-10221710299999999999999
111123134142142132111 82 50 21  0 -9 -4 13 39 67 9311212212311811110410224 6 8D2 33014418411239999999999999911 8 -9225510299999999999999
105114126137142139125102 73 43 17  1 -4  5 24 49 75 9811311911911310610124 6 9D2 4 91421921120999999999999991149 -4233310099999999999999
100106116127136138132116 92 65 39 17  6  6 17 37 61 8410211311711410710124 610D2 4481381959117999999999999991230  4999999999999999999999
 97 99105115125131131122106 84 60 37 21 14 18 31 50 72 9210611311410910324 611D2 528132203511499999999999999 014 9713 9 1499999999999999
 97 94 97103112119123121112 96 77 57 40 28 25 32 45 63 82 9910911311210624 612D2 61112321 911399999999999999 1 2 941349 2599999999999999
 99 94 91 93 98105111113110102 89 74 58 46 38 38 46 59 76 9210511211411024 613D2 659113214411499999999999999 2 2 911430 3799999999999999
103 96 90 87 87 91 96100102100 95 86 74 63 55 50 52 60 72 8710111111511424 614D2 8 6102221911699999999999999 322 871514 5099999999999999
109101 92 85 80 78 80 84 89 93 94 92 87 80 72 66 63 65 73 84 9710811511824 615D2 952 94225511899999999999999 454 7816 5 6399999999999999
115107 97 86 76 69 66 68 73 80 86 91 93 92 88 82 77 75 77 84 9410511412024 616D212 6 93233112099999999999999 6 7 6617 4 7599999999999999
120114104 91 77 64 56 53 56 63 74 85 94100101 98 93 88 85 87 9310211212024 617D21347101999999999999999999999 659 5318 8 8599999999999999
124121113 99 82 64 50 41 40 46 57 72 88101108111108102 96 93 9410111011924 618D2 0 7124145211199999999999999 741 391911 9399999999999999
126127122109 91 70 49 34 27 28 39 55 75 94109118119115108101 9810010711624 619D2 044127154311999999999999999 820 2620 8 9899999999999999
126131130121103 80 56 34 19 14 20 35 57 8110211812512511911110410210511324 620D2 121132162712699999999999999 858 14205710299999999999999
123132136132118 95 68 41 20  7  5 16 36 61 8711012413012812011210610410924 621D2 2 0136171013099999999999999 937  5214110499999999999999
119130139140131113 86 56 29  8 -2  1 15 39 67 9411612813112711911010510624 622D2 2391401753132999999999999991017 -3222210599999999999999
113125136143141129106 77 46 18  0 -6  1 19 45 7410012013013012511610810424 623D2 3201441836131999999999999991059 -623 110499999999999999
107117129140145140124 98 68 37 12 -3 -5  5 26 54 8210612212912712011110424 624D2 4 21451917129999999999999991141 -6234210299999999999999
102108119131141143136117 91 61 33 11  0  1 15 37 64 9011112412712311410524 625D2 4461441955127999999999999991223 -1999999999999999999999
 99 99106117129137138128110 85 57 33 15  9 13 29 51 76 9911612412411810824 626D2 534139203012599999999999999 028 9813 5  999999999999999
 98 93 94101112122129129120103 81 58 38 26 23 30 46 67 8910812012512111224 627D2 62713021 212599999999999999 121 921346 2299999999999999
100 90 85 86 92102111118118111 98 81 63 49 41 41 49 64 8310211612412411824 628D2 732119213112599999999999999 223 851428 4099999999999999
106 93 82 75 75 80 88 98105108104 96 85 73 63 59 61 69 83 9911312312712424 629D2 85610822 012799999999999999 336 741511 5999999999999999
114100 85 72 63 61 65 73 84 93 99101 98 92 85 80 77 80 88 9911212212912924 630D21051101223313099999999999999 451 611559 7799999999999999
123111 94 77 61 50 46 49 58 71 84 94101104103 99 95 94 9610211112112913324 7 1D213 8104231213399999999999999 6 2 461657 9499999999999999
131123108 89 68 50 37 32 35 46 61 78 9410511211311110810610711211912713424 7 2D21452114999999999999999999999 7 5 32181010699999999999999
136133123106 83 60 39 24 19 24 37 56 77 9711212012212011611311311712313124 7 3D2 0 0136155712299999999999999 8 0 19193211399999999999999
137139135123102 77 51 28 14 10 17 34 56 8110211812712812511911511511812524 7 4D2 054139164312899999999999999 850 10204111499999999999999
133140142136121 98 70 42 20  6  5 15 36 61 8710912413013012411711311211724 7 5D2 148142172113199999999999999 937  4213411299999999999999
126136143144136118 92 63 34 13  2  4 19 42 70 9611612813112712011210810924 7 6D2 2391451754131999999999999991019  2221710799999999999999
116127138145144133113 85 55 28  9  2  9 27 53 8010512112912812211310510224 7 7D2 3261461823130999999999999991059  2225510299999999999999
106116128140145142128105 76 47 23  9  8 19 40 66 92113125128123114104 9824 7 8D2 4 91451850128999999999999991136  72332 9799999999999999
 97104116129139142135119 95 67 41 22 14 18 33 56 82104120127125117106 9624 7 9D2 4501421915127999999999999991210 13999999999999999999999
 91 94103115127135135126108 85 60 39 26 24 33 51 74 97115125126120109 9824 710D2 531136193812799999999999999 010 911242 2399999999999999
 89 87 91101113123128126115 98 77 57 42 35 38 50 69 9111012312712311410224 711D2 61212820 112799999999999999 051 871312 3599999999999999
 90 83 83 88 97108116119115105 90 74 59 50 48 55 69 8810612012712711910724 712D2 658119202412899999999999999 137 821341 4899999999999999
 95 84 78 78 84 92101107109106 98 87 75 66 62 65 73 8710311712712912411424 713D2 754109204812999999999999999 230 781410 6299999999999999
101 88 79 73 73 77 84 92 98101100 95 89 82 78 77 81 9010211512512912812024 714D2 913101211513099999999999999 333 721441 7799999999999999
109 95 83 72 66 65 69 75 83 90 95 98 98 96 93 91 92 9610311312212813012624 715D21126 98214713099999999999999 445 651519 9199999999999999
117105 90 77 65 58 55 58 65 75 85 9410110510610510410410711311912613013024 716D214 3106222913199999999999999 555 55162510499999999999999
125115101 85 69 56 47 44 48 56 69 83 9710711411711611411311411812312813224 717D21516117232513299999999999999 656 4418 711399999999999999
131126115 99 80 61 45 34 32 37 49 66 8510211612412612412111811712012513124 718D21558126999999999999999999999 750 32194211799999999999999
135135128115 96 73 50 32 21 20 28 45 66 8911012513213312912311811712012624 719D2 030135163513399999999999999 839 19204811799999999999999
134140140132115 91 65 39 20 10 11 23 44 70 9611813213713512812011511411924 720D2 13014117 913899999999999999 924  9213611499999999999999
129139146145134113 86 56 29  9  1  6 22 48 7710512613713913312411410911124 721D2 22514617431399999999999999910 8  1221710999999999999999
119132144151148134110 79 48 20  3 -2  7 28 57 8711413213913712711510510224 722D2 3161511814139999999999999991050 -2225610299999999999999
107118134147153148131105 73 41 16  2  2 16 40 70 99123136138131118104 9524 723D2 4 51531842138999999999999991130  02336 9399999999999999
 94102117133147151144125 98 67 39 18  9 14 32 58 87113130137133122106 9224 724D2 45515119 81379999999999999912 7  9999999999999999999999
 84 86 97113130142145136118 92 65 41 27 24 34 53 79104125136136126110 9324 725D2 546145193113799999999999999 019 841242 2399999999999999
 80 74 78 90106122133135127110 89 67 50 42 45 58 78100120134138131117 9924 726D2 641135195213899999999999999 1 5 741314 4299999999999999
 82 69 65 70 82 97111121123117104 88 74 64 62 69 8310111913213913612610924 727D2 743123201313999999999999999 157 651343 6299999999999999
 90 73 61 58 62 72 86 99108111108101 93 85 82 84 9210511913113914013312024 728D2 9 1111203614199999999999999 257 5814 8 8299999999999999
102 84 67 56 51 54 62 74 86 96102104103101 99 9910311112113013814113813024 729D211 810421 314199999999999999 4 7 511422 9999999999999999
116 99 81 64 52 45 45 52 62 75 87 9710410911111311411812312913513914013624 730D22143140999999999999999999999 527 44999999999999999999999
128116 99 81 62 48 39 37 42 53 67 82 9710911712212312412512713013413713824 731D22256138999999999999999999999 645 37999999999999999999999
136129118101 81 60 43 32 29 35 47 64 8310111612512912912712512512613013424 8 1D21629130999999999999999999999 751 29195012599999999999999
137138133121102 80 57 37 25 23 30 46 66 8910912413213313012512011812012624 8 2D2 036138164413399999999999999 845 22205911899999999999999
133139142136123101 76 50 30 19 19 30 50 74 9811813113513212511711111011524 8 3D2 15014217 313599999999999999 930 17214011099999999999999
124135143145138121 97 69 43 24 15 20 36 59 8611012713513412711610610110324 8 4D2 24514617231369999999999999910 9 15221410199999999999999
112125138147147136116 89 60 35 20 17 27 47 74100121133135129117105 95 9324 8 5D2 3311481743136999999999999991043 162246 9399999999999999
 99112127141148145130107 79 52 31 21 24 40 64 91115130136132120106 92 8624 8 6D2 41214818 2136999999999999991114 202318 8599999999999999
 87 98113130142146138121 97 70 46 31 28 38 58 84108127136135124109 93 8224 8 7D2 4511461820137999999999999991143 282351 7899999999999999
 78 84 98115130140139129110 87 63 46 38 42 57 80103124136137129114 96 8224 8 8D2 52914118381389999999999999912 9 38999999999999999999999
 73 74 84 99115128134130118100 80 62 51 51 61 79100121134139133120102 8524 8 9D2 6 9134185613999999999999999 025 731233 5099999999999999
 73 68 72 84 99113123126121109 93 78 67 63 68 81 99118133139137126109 9124 810D2 651126191414099999999999999 1 0 681255 6399999999999999
 76 67 66 72 83 97108116117112102 91 82 77 79 87101116130139139131117 9924 811D2 740117193214099999999999999 140 651316 7799999999999999
 83 70 64 64 70 81 92102108109106101 95 91 91 9510411612813613913512410824 812D2 846109195313999999999999999 226 631333 9099999999999999
 92 77 67 61 62 67 76 85 9410110410510410310310511011812613313713612911824 813D21052105201813899999999999999 326 61133010399999999999999
104 89 75 65 58 57 61 68 77 86 9510210811211411611812112613013413513312624 814D22052136999999999999999999999 445 57999999999999999999999
116103 88 74 62 53 49 51 57 67 80 9310511512212512612612712813013213313224 815D222 1133999999999999999999999 613 49999999999999999999999
127118106 90 73 57 45 38 39 46 59 76 9411112413113413212912612512713013324 816D216 2134235813599999999999999 726 38195712599999999999999
135132124110 91 69 49 34 26 27 37 55 7710012013313913813312612111912212824 817D21621139999999999999999999999 823 25205111999999999999999
136141140131114 90 64 40 23 15 19 33 56 8310912914114313712711711111111824 818D2 124141164314399999999999999 911 15212911099999999999999
129141149148137116 88 58 31 14  9 17 37 64 94120138144140129115104 9910224 819D2 22715017 614499999999999999 953  922 5 9999999999999999
114131146155153139114 83 51 26 11 10 24 49 79109132143143133116 99 88 8624 820D2 3211561728145999999999999991032  92241 8599999999999999
 94111132149158154137110 78 48 26 16 22 40 68 98124141145137120 99 81 7224 821D2 41215817491459999999999999911 8 162318 7199999999999999
 74 88109131149156150131105 75 49 33 31 42 63 91118137146141126104 81 6424 822D2 5 215618 8146999999999999991141 302358 5999999999999999
 59 65 82105128144149142124100 75 56 48 52 67 90114135146145133112 88 6624 823D2 5541491827147999999999999991211 48999999999999999999999
 52 50 60 78101121135138131116 97 80 69 68 77 94114133146149141123 99 7524 824D2 647138184514999999999999999 040 491236 6799999999999999
 55 45 46 57 74 94112123125120110 98 89 86 90101117133145150146133112 8924 825D2 74712619 315099999999999999 126 441256 8699999999999999
 68 51 44 45 55 70 8610111011311210710310110311012113314314914814012510624 826D2 9 6114192315099999999999999 219 4313 310199999999999999
 85 67 53 46 47 54 65 78 90 9910510810911111311812413214014514614213312024 827D21944146999999999999999999999 326 46999999999999999999999
104 87 71 58 50 48 51 58 69 80 9110110911512012412713113513813913913512924 828D22012140999999999999999999999 455 47999999999999999999999
119107 93 77 63 52 46 46 52 62 75 8910311412312813013013013013013113113124 829D22216131999999999999999999999 630 45999999999999999999999
129123113 99 82 65 51 42 41 46 59 75 9310912213013313112712312012012212724 830D216 2133999999999999999999999 742 40203312099999999999999
131133129119103 83 63 46 37 36 45 60 8110111913013513212611811110811011724 831D2 05513316 713599999999999999 834 3521 410899999999999999
126135139135123103 80 57 40 32 35 48 68 92113129136135127115104 98 9710424 9 1D2 2 4139162013799999999999999 914 322131 9799999999999999
116130141144138122 99 73 50 35 31 39 58 82106126137138130116101 90 86 9024 9 2D2 253144163513899999999999999 948 312159 8699999999999999
102119135146147136116 90 64 44 33 36 51 73 99122136140133119101 86 76 7724 9 3D2 3341481651140999999999999991018 332227 7599999999999999
 87105124140148145130107 81 57 42 39 48 68 93117135142137123104 85 71 6624 9 4D2 41314917 6142999999999999991045 382255 6699999999999999
 73 88109129143147139121 98 74 55 47 51 66 89113132143141129109 88 70 6024 9 5D2 4501471722143999999999999991111 472324 5999999999999999
 61 73 92114132142141130111 90 70 59 58 68 87110130143144134116 93 72 5824 9 6D2 5271431738145999999999999991134 572353 5399999999999999
 53 60 76 97117132138134121103 86 73 68 74 89108128141146139123101 78 6024 9 7D2 6 41381754146999999999999991156 68999999999999999999999
 51 52 63 81101118129131125113 98 86 80 82 92108125139146143129109 87 6724 9 8D2 645131181014699999999999999 023 501217 8099999999999999
 53 49 54 67 85102116123123117108 98 92 92 98110124137144144135118 97 7624 9 9D2 730124182814599999999999999 056 491234 9199999999999999
 60 52 51 58 71 85100110115116112107103102105113123134141143138125108 8924 910D2 831116184614399999999999999 134 50124410299999999999999
 72 59 53 54 60 70 82 9310210811011111111111411812413213814013813011810224 911D219 5140999999999999999999999 225 53999999999999999999999
 86 72 62 56 55 58 65 74 84 9410310911511912212412713013413613513212511524 912D21927136999999999999999999999 344 54999999999999999999999
103 90 77 65 56 52 51 56 64 75 8810111312212813113113113012912912912812524 913D21547131999999999999999999999 534 51999999999999999999999
119109 97 82 67 54 45 42 45 54 69 8710512013113613613212712212012112412824 914D21527137999999999999999999999 7 2 42201312099999999999999
129127119105 87 67 49 36 31 36 49 69 9111313013914013512511610910811312124 915D2 0 0129153914199999999999999 8 2 31204110899999999999999
131138138129112 89 64 43 28 25 33 51 76102124139143138126111 98 93 9510624 916D2 131139155514399999999999999 849 252112 9299999999999999
121137147147137116 89 61 38 25 26 39 62 90116136145142128109 91 78 75 8424 917D2 233149161314599999999999999 929 242144 7599999999999999
101123143155154140116 87 59 38 30 35 53 80108132145146133112 88 68 57 6024 918D2 32715616311479999999999999910 6 302219 5799999999999999
 75 99125147158155139114 85 60 45 42 54 76102128145149140119 92 66 47 4124 919D2 4181581649149999999999999991040 422255 4199999999999999
 49 70 98126147156151134110 86 66 58 62 78101125144152147129102 73 47 3224 920D2 5 815617 7152999999999999991110 582333 2999999999999999
 31 44 69 97124142148142127107 89 77 76 85103124143154153139115 86 57 3524 921D2 5591481726155999999999999991137 75999999999999999999999
 25 28 45 69 96119134138132120106 95 91 95108125141153156147128102 74 4824 922D2 653138174515699999999999999 013 241159 9199999999999999
 31 25 32 48 70 93111123126122115108104105113126139150155151138117 92 6824 923D2 75412618 515599999999999999 057 25121410399999999999999
 48 35 32 39 53 70 88103112115115113112113118126136145150149141127109 8924 924D2 923116182415099999999999999 147 3212 811299999999999999
 70 54 44 42 46 56 69 82 9410310811211511812112613213714114213913112010624 925D21843142999999999999999999999 250 42999999999999999999999
 91 77 64 55 51 51 57 66 76 88 9810711412012412612813013113113012812311724 926D21840131999999999999999999999 421 50999999999999999999999
109 98 86 74 63 55 52 55 62 73 86 9911112012512812712412211911811811912024 927D2151112823 512099999999999999 6 3 52202311899999999999999
119115107 95 81 66 56 51 52 60 73 8910511812713012812211510810510510911624 928D215 2130999999999999999999999 716 50202310599999999999999
122125123114100 82 65 53 48 51 63 79 98115128133130122111100 93 91 9610524 929D2 1 9125151113399999999999999 8 5 482045 9199999999999999
117128132129118100 80 61 50 47 55 71 91111127135134125111 95 83 78 80 9124 930D2 2 9133152413699999999999999 844 472110 7799999999999999
107123135139133118 97 75 57 49 51 64 84106125137138130114 95 77 67 66 752410 1D2 254139153813999999999999999 916 482136 6599999999999999
 92112130141142132113 91 70 56 53 61 79101122137141135119 97 76 60 54 592410 2D2 334143155314299999999999999 946 5222 2 5499999999999999
 75 97119137145141128107 85 68 59 63 77 97119136144140125102 78 57 45 462410 3D2 41214516 9144999999999999991013 592228 4499999999999999
 58 79104127141145137121100 82 70 68 77 95116135145144131109 83 59 42 372410 4D2 4491451625146999999999999991039 672255 3799999999999999
 44 62 87112132142141131114 96 82 76 81 95114132145147137117 91 65 44 332410 5D2 52514316421489999999999999911 3 762323 3299999999999999
 35 48 70 95118133139135123108 94 86 87 96112129143148142125101 74 51 352410 6D2 6 31391659148999999999999991126 852351 3199999999999999
 31 38 56 78101120131133127116105 96 94100112127140147145132111 86 61 432410 7D2 6431331717147999999999999991147 94999999999999999999999
 33 34 45 63 84104118126126120113106102105113124136144145137120 98 75 542410 8D2 730127173714699999999999999 023 3212 610299999999999999
 41 36 40 52 69 86102113119119116113110111116123132140142138127110 90 702410 9D2 836119175614299999999999999 1 1 36121811099999999999999
 54 44 42 46 56 69 83 96106112115116117117120124129134137136130119104 87241010D21816137999999999999999999999 151 42999999999999999999999
 71 59 50 47 49 56 65 77 89100109115120123125126127129130130128122114103241011D21829130999999999999999999999 3 6 47999999999999999999999
 91 78 66 57 50 49 51 59 70 83 97110120127129129126123121119119119118115241012D21419130999999999999999999999 454 49999999999999999999999
109100 88 75 62 51 45 46 53 66 83100116128133133127119111106105108113118241013D21424134999999999999999999999 625 45194810599999999999999
121120112 99 82 65 50 42 43 52 68 88109126135136130117104 92 87 89 97110241014D2 012121143813799999999999999 728 412015 8799999999999999
122131132124108 87 66 50 42 45 57 77100121136140134119100 81 69 66 74 90241015D2 137132145514099999999999999 816 422046 6699999999999999
110129141142133114 91 68 53 47 54 70 93117135144140125102 77 56 46 48 63241016D2 238143151214499999999999999 858 472120 4599999999999999
 86112135148149137117 93 72 60 59 69 89112134146146133110 80 52 33 26 35241017D2 333150153114899999999999999 935 582155 2699999999999999
 56 86116139152151138117 95 78 71 75 90110132148152143122 91 59 31 15 14241018D2 42515315511529999999999999910 9 712233 1299999999999999
 29 55 87118140150147134116 98 87 85 94111130147156152135107 73 41 16  6241019D2 5161501613156999999999999991039 852311  599999999999999
 10 30 58 90118137144140129114102 97101112129145156157145123 92 59 30 11241020D2 6 714416351589999999999999911 7 972352  699999999999999
  6 15 36 63 91115130135131123113107107114127141152157151135110 81 52 28241021D2 7 21351659157999999999999991130106999999999999999999999
 15 14 24 44 68 91110121125123118113112116124135145151150141123100 75 51241022D2 8 4125172415299999999999999 035 13115011299999999999999
 34 25 26 36 52 71 90104113117117116115116121128136142143139129113 94 74241023D2 932118175014399999999999999 123 2412 011599999999999999
 57 44 38 39 46 59 73 88100108113115116117119122126130132131126118107 93241024D21815132999999999999999999999 221 37999999999999999999999
 79 66 56 50 49 54 62 74 86 97107113117119119119119118119118117115111105241025D21346119999999999999999999999 338 49999999999999999999999
 97 87 76 66 59 56 58 65 75 87 99110117121121119114109106104104105107109241026D21334122231210999999999999999 5 8 56192910499999999999999
108104 96 85 74 65 59 60 67 78 92106117123125121114104 96 90 88 91 97105241027D21346125999999999999999999999 622 591951 8899999999999999
111114112103 91 78 67 61 63 72 85101115125129126116103 89 79 73 75 83 95241028D2 1 411414 212999999999999999 716 612016 7399999999999999
108118122119109 94 79 68 64 68 79 96112126133131121106 87 71 61 59 66 80241029D2 2 5122141913399999999999999 8 0 642042 5999999999999999
 97114126129124111 94 79 69 68 76 91109125135136127111 89 68 52 45 49 63241030D2 252129143713799999999999999 837 6821 9 4599999999999999
 83105123134134125110 93 79 73 76 88105123136140134118 94 69 48 36 34 45241031D2 334135145514099999999999999 910 732135 3399999999999999
 65 90114131139136124108 92 81 80 87102120135143140125102 75 49 31 24 302411 1D2 413139151414399999999999999 941 7922 3 2499999999999999
 48 73 99122137141134121105 92 86 89101117133144144133112 84 56 32 19 192411 2D2 4501411534145999999999999991010 862231 1899999999999999
 32 55 82109129139139130116103 94 93100114130143147140122 96 66 39 21 142411 3D2 5281401555147999999999999991037 9223 0 1499999999999999
 21 39 64 91115131137134124112102 98102112126139147144131108 79 51 29 162411 4D2 6 713716171479999999999999911 4 982332 1499999999999999
 16 27 48 73 98118129132128119110104104111122135144145137119 94 66 41 242411 5D2 6501321641146999999999999991130103999999999999999999999
 17 21 36 56 80101117125126122116111108112119130139143140127107 82 58 382411 6D2 74112717 614399999999999999 0 7 17115610899999999999999
 25 22 29 43 62 82100113120122119116113114118124132137137131117 98 76 562411 7D2 850122173313899999999999999 048 22122511399999999999999
 40 31 30 36 49 65 82 97109116119119118117117120124128130128121109 93 762411 8D2102912018 513099999999999999 138 29131511799999999999999
 60 47 39 38 42 52 66 81 95107116120122121119117116117119119118113105 942411 9D21158122185711999999999999999 244 37155211699999999999999
 81 68 57 48 45 47 54 66 81 96109119124125121116110105103104106108109106241110D21238125214510999999999999999 4 8 45181710399999999999999
100 91 80 68 57 51 51 57 69 85101115125128125117106 95 87 84 86 93101108241111D213 3128999999999999999999999 531 5119 5 8499999999999999
112111104 92 78 66 58 57 63 76 93110124131131122107 90 74 65 63 69 82 97241112D2 015112132513299999999999999 639 571942 6399999999999999
112121122116103 88 74 66 65 73 88105122134137129113 91 68 50 41 43 55 75241113D2 142123134713799999999999999 733 642019 4099999999999999
 98117130133126112 96 82 75 76 86102120135142138123 99 71 44 26 20 27 46241114D2 247133141114299999999999999 821 742057 2099999999999999
 73100124137140132118102 90 85 89101118135146147136113 82 50 23  7  5 18241115D2 344140143614899999999999999 9 2 852136  499999999999999
 43 74104128141143134121107 97 96103117133147153147128100 65 32  7 -5 -1241116D2 43714315 315399999999999999 940 952216 -699999999999999
 17 45 78108130141141132120109103106115130144154154142118 86 51 20 -1 -8241117D2 52814215321559999999999999910151032257 -899999999999999
  0 22 51 83110129137136128118110108114125138150155150133107 75 42 15 -1241118D2 61913816 31559999999999999910471082339 -499999999999999
 -3  8 31 59 87111125131129122115111112119130142150151142123 96 66 38 17241119D2 7101311636152999999999999991119110999999999999999999999
  6  7 20 42 67 91110121124122117112110114121131140144142131112 88 62 40241120D2 8 3124171014599999999999999 022  5115311099999999999999
 23 17 21 34 53 74 94108117119117113110110113120127133134130119102 82 62241121D2 858119174713499999999999999 1 7 17123610999999999999999
 45 34 30 35 47 63 81 97108114116114111108108110114118121121117108 95 81241122D2 955116183012299999999999999 155 30134310899999999999999
 66 53 45 43 48 58 72 87100109115116114110106104103104106108108106101 93241123D21048116193910899999999999999 249 43155310399999999999999
 83 73 63 57 55 59 67 79 93104113117117114108102 96 92 91 91 94 97 98 98241124D211321182223 9899999999999999 351 5518 5 9199999999999999
 95 89 82 73 67 65 68 76 87 99110118121119113104 93 84 78 75 77 82 89 96241125D212 8121999999999999999999999 458 6519 2 7599999999999999
100101 97 91 83 76 73 76 83 95107117124124119109 95 81 68 61 60 65 75 87241126D2 041101123812599999999999999 6 2 731939 6099999999999999
 99107109106 99 90 83 80 83 91103115125129126116100 82 64 51 45 48 58 74241127D2 15910913 612999999999999999 659 802011 4599999999999999
 91106115118114105 95 88 86 90100112124131132123108 87 64 46 34 32 40 57241128D2 253118133213399999999999999 749 862041 3299999999999999
 77 98115124125119109 98 92 92 98109122132136131117 95 70 46 28 20 24 38241129D2 337126135813699999999999999 833 912111 2099999999999999
 60 85108124131130121110100 95 98106119131139138127106 80 52 29 14 12 22241130D2 417132142514099999999999999 912 952142 1199999999999999
 42 68 94117131135130120109101 99104115128139142136118 93 63 35 15  5  92412 1D2 456135145314299999999999999 947 992215  599999999999999
 24 49 77103123134135128117108102103111124136144142130107 78 48 22  6  22412 2D2 53513515221449999999999999910201022249  199999999999999
 11 30 57 85110126133132124114106104108118131141145138121 95 65 36 14  22412 3D2 61613415531459999999999999910521042325  199999999999999
  3 16 39 66 92113126130127119111106106113124136143142131110 83 54 28 112412 4D2 7 01301626144999999999999991126105999999999999999999999
  4  9 25 48 73 97115125127123116109106109117127136140136122100 74 48 262412 5D2 74712717 114099999999999999 0 4  412 310699999999999999
 13 10 18 34 56 80100115123123119113108106110117125131133126112 92 69 472412 6D2 837124174113399999999999999 045 10124910699999999999999
 29 20 20 29 45 65 85103116121121117110106104106111118122122116104 87 682412 7D2 927122183212399999999999999 130 18135510499999999999999
 51 37 31 32 41 55 73 92107117121120114107101 97 97100105110111108 99 872412 8D21012121194911199999999999999 221 301529 9799999999999999
 74 60 50 45 46 54 67 83 99112120122119111101 92 85 83 84 89 95100101 992412 9D21052122215410199999999999999 318 4417 5 8399999999999999
 92 83 73 65 60 61 67 79 93107118124124117106 92 78 68 64 65 72 81 91 99241210D21127125999999999999999999999 423 601815 6399999999999999
102101 96 88 80 75 75 80 91103116125129125115 98 79 61 48 43 46 56 71 87241211D2 01410312 112999999999999999 531 7419 8 4399999999999999
100109112109102 94 88 88 93102114125132133126110 88 64 42 27 23 29 44 64241212D2 156112123613499999999999999 638 871956 2399999999999999
 86105117122120113105 99 98103112123134139136124103 76 47 24  9  7 17 37241213D2 3 9122131213999999999999999 740 982041  699999999999999
 62 89111125130127120111106105111121132141144138121 94 63 33  9 -4 -3 11241214D2 4 7130135114499999999999999 8341052125 -599999999999999
 36 65 93116130134130122114109110116127139147147136115 85 52 21 -2-11 -6241215D2 457134143114899999999999999 92210822 9-1199999999999999
 12 40 70 99120132134128120112109112120132144150147132107 75 42 13 -6-12241216D2 54313415131509999999999999910 41092251-1299999999999999
 -2 19 48 78104122130130123115108107112123135145149142125 98 66 35  9 -5241217D2 62513115541499999999999999910431072333 -799999999999999
 -6  7 30 58 86109123127124116108103104112123135143144135115 88 59 31 10241218D2 7 21271635145999999999999991121103999999999999999999999
  1  5 20 44 70 95112122122117109102 99102110121132138135124104 79 53 30241219D2 736123171613899999999999999 012  112 1 9999999999999999
 15 11 19 36 59 82102115120118111102 96 94 99107117125128124112 94 72 51241220D2 8 8120175812899999999999999 050 111246 9499999999999999
 34 25 26 36 53 74 94109117118113105 97 91 90 94101109115116111101 86 69241221D2 837119184411699999999999999 126 241341 9099999999999999
 53 42 38 42 53 69 87103114118116109101 92 87 85 88 93 98103104100 92 82241222D2 9 7118194210499999999999999 2 1 381451 8599999999999999
 70 60 53 52 58 69 84 99111118119114106 97 87 81 78 78 81 86 90 93 92 88241223D2 9391192118 9399999999999999 238 521621 7799999999999999
 83 76 70 67 67 73 83 96108116120119113103 92 81 73 67 66 69 74 80 86 89241224D210131202357 9099999999999999 320 661746 6699999999999999
 90 89 86 82 80 81 86 94104114120122118111 99 86 72 61 55 53 57 64 74 83241225D21051122999999999999999999999 416 801847 5399999999999999
 92 97 99 97 94 92 92 95102110118123123118108 93 77 61 48 41 40 46 58 72241226D2 2 2 99113312499999999999999 530 911933 4099999999999999
 86 98106109108104100 99102107115122126125117104 86 65 47 33 27 29 40 56241227D2 3 6109121812699999999999999 650 992013 2799999999999999
 75 93108116118115110105103105111119126129126116 98 75 52 32 19 15 22 37241228D2 35011813 312999999999999999 7581032051 1599999999999999
 58 81102117124124119112106104108115124131133127112 89 63 38 17  6  7 18241229D2 428125134613399999999999999 8521042129  599999999999999
 39 64 90111124129126119111105105110120130137136126106 79 50 24  5 -3  2241230D2 5 5129142713899999999999999 93510422 7 -399999999999999
 19 44 72 98118128130124115107102104113125136141138123 99 69 38 12 -4 -7241231D2 54013015 91429999999999999910121022245 -799999999999999
