 43 25 20 28 47 73100123137141135123109 97 92 94102114126133133125108 8624 1 1D6 851141193213499999999999999 155 201415 9299999999999999
 63 44 34 35 46 66 91113130138137128115101 92 88 91 99109118124122114 9924 1 2D6 920139201812499999999999999 227 3315 3 8899999999999999
 81 64 52 47 52 65 84105123134137132121108 96 87 84 86 9210110911311210624 1 3D6 950137212111399999999999999 3 1 4716 6 8499999999999999
 95 83 72 64 63 69 82 99115129135135128116103 90 81 77 77 82 90 9810310524 1 4D6102513623 010599999999999999 340 631722 7699999999999999
103 98 91 84 79 79 85 96109122131135132124112 97 83 72 66 65 70 78 88 9724 1 5D611 5135999999999999999999999 428 781837 6599999999999999
104107106102 98 94 93 97105116125132134131122107 91 74 60 51 50 56 67 8224 1 6D6 116107115313599999999999999 538 931939 5099999999999999
 96109116118116111106103105111119128134136131120103 82 61 44 34 34 43 5924 1 7D6 257118124813699999999999999 7 81032031 3399999999999999
 80100117128132128121113108108113121131138139133118 96 70 45 25 16 19 3324 1 8D6 358132134414099999999999999 8331082117 1699999999999999
 55 82108129141143137127116109108114124136144145136116 88 57 28  7  0  624 1 9D6 445143143614599999999999999 93810822 2  099999999999999
 26 56 88118140151151141127115107107115129142151150137112 79 43 12 -9-1324 110D6 52715215261529999999999999910281062246-1399999999999999
 -1 25 61 97129150158153140123109103106118134150158155137107 69 30 -2-1924 111D6 6 715816141599999999999999911111022330-2299999999999999
-19 -1 30 69108138156160151134115102 98105121140156163156134100 59 20 -924 112D6 64516017 1163999999999999991152 97999999999999999999999
-23-17  6 41 81119146159157143123105 93 93104123143159163153128 92 51 1524 113D6 722160174916399999999999999 013-231232 9199999999999999
-10-17 -7 20 57 96129151157150132111 93 85 88102122143157158146120 85 4824 114D6 757157183815999999999999999 055-181314 8499999999999999
 17 -1 -3 12 41 76111138152152140119 98 82 77 83 98119137149149136111 8024 115D6 830154192915099999999999999 136 -51359 7799999999999999
 49 26 15 19 37 64 96124144150144128106 86 73 70 77 9211112713713612410424 116D6 9 0150202613899999999999999 215 141449 6999999999999999
 80 57 42 37 45 63 88114134146146135117 96 77 65 63 69 82 9911312212211524 117D6 929147213312399999999999999 252 371547 6299999999999999
101 85 70 62 62 72 88108127140144140126108 88 70 59 55 60 71 85 9810811124 118D6 95914423 711199999999999999 329 611655 5599999999999999
109103 94 87 84 86 94107121133141141134120103 83 65 53 47 49 58 70 84 9624 119D61033142999999999999999999999 4 7 841814 4799999999999999
105109110107105103105110118127134138137131118100 80 61 46 38 37 45 58 7424 120D6 137110111913999999999999999 5 01031932 3699999999999999
 91105115120121119117116118121127132136136130118100 78 56 38 27 26 34 5024 121D6 348121122913699999999999999 6581162038 2599999999999999
 70 91110124131132129124119117119123130135137132119 99 74 49 28 17 16 2724 122D6 442133134913799999999999999 9 71172132 1599999999999999
 47 72 98119134140139132123115112114120130138141135120 96 67 39 17  7 1024 123D6 51614114541419999999999999910111122217  699999999999999
 26 51 81109130143145139128116107105109120133143145137117 89 57 27  7  124 124D6 54414515451469999999999999910501042256  199999999999999
  9 31 61 93121140148144133118105 98 99109124139149148135111 78 44 16  024 125D6 6101481628150999999999999991121 972331 -299999999999999
  0 16 43 76108133146147138122105 93 90 97112130146153147129100 65 32  824 126D6 63414817 6153999999999999991149 90999999999999999999999
 -1  7 29 61 94123142148142126107 92 84 86 99117137150152141118 86 52 2324 127D6 657148174215399999999999999 0 3 -11216 8399999999999999
  6  5 20 48 81113136147144131112 93 80 77 86103123141150147131104 72 4124 128D6 719147181715099999999999999 033  31244 7799999999999999
 19 11 18 40 70102128144146136117 97 80 72 75 88107127141145137118 91 6124 129D6 739147185214599999999999999 1 1 111313 7299999999999999
 37 23 24 38 63 93120139146140124103 83 70 67 75 91110127137136125105 8024 130D6 8 0146192913899999999999999 128 211346 6799999999999999
 56 40 35 42 61 87113134144142129110 89 73 64 65 76 92109122129125113 9524 131D6 82114520 912999999999999999 154 351422 6399999999999999
 75 59 50 52 64 84107127140142134118 98 79 66 61 64 75 9010411511811510424 2 1D6 842143205911899999999999999 221 4915 4 6199999999999999
 91 77 68 66 71 85103121134140136124107 88 72 61 58 62 71 84 9610510910724 2 2D6 9 5140221010999999999999999 248 651557 5899999999999999
101 93 86 82 83 90102116128135135128115 99 82 67 57 54 56 64 75 86 9510224 2 3D6 931136999999999999999999999 318 8217 6 5399999999999999
105104102 99 98100105113122129132130123111 95 79 64 53 46 46 52 62 75 8824 2 4D6 02310510 713299999999999999 359 981831 4599999999999999
 99108113115114113112114117122126128127121111 96 78 60 45 35 32 37 48 6524 2 5D6 3 811511 912999999999999999 5491121952 3299999999999999
 84102116125129127123118115116119123127129126116 99 78 55 34 20 15 21 3724 2 6D6 4 8129125312999999999999999 8271152057 1599999999999999
 59 85109128139141136127117111110114122131136134123103 76 47 21  4 -1  824 2 7D6 445141141813699999999999999 9431102151 -199999999999999
 29 59 91120140150148137123110102102111124138146145131105 72 37  7-11-1324 2 8D6 51815015221479999999999999910271012238-1499999999999999
  1 30 66103133151156148131112 97 90 95110129147157153135104 65 27 -4-2024 2 9D6 55015616161579999999999999911 5 902321-2199999999999999
-17  4 39 79117145159156141119 96 81 79 90111135155164158136100 59 19 -924 210D6 62116017 7164999999999999991141 78999999999999999999999
-19-10 17 56 97132154160150127101 78 66 69 86112139160167157131 94 53 1724 211D6 650160175616799999999999999 0 2-191218 6699999999999999
 -5 -8  8 39 78116145158155136109 81 60 54 63 84113140158162150123 87 5124 212D6 718159184416399999999999999 040 -91256 5499999999999999
 23  9 13 34 67102134153156144119 89 63 47 45 59 83111136151151138113 8324 213D6 743157193415399999999999999 116  91336 4499999999999999
 54 36 31 42 65 94124146154148129101 73 50 39 41 57 8010612713813712510524 214D6 8 6154202613999999999999999 148 311418 3899999999999999
 82 64 55 58 72 93118138150149136114 87 62 43 36 41 55 76 9711412212211424 215D6 827151212612399999999999999 217 5515 6 3699999999999999
101 88 79 77 84 98115132144147140124102 78 57 43 38 42 53 69 86 9910710924 216D6 848147225610999999999999999 241 7716 4 3899999999999999
107102 98 96 99106116128137141139130115 96 77 59 46 40 42 49 60 74 86 9624 217D6 9 9141999999999999999999999 255 961720 4099999999999999
103107109110112115119125130133133130122111 96 80 64 51 42 39 42 50 63 7624 218D6 9341339999999999999999999991858 39999999999999999999999
 90103113119122124124123123123124124123120113101 86 69 52 39 33 33 41 5624 219D6 528124105712499999999999999 8 01232025 3299999999999999
 73 92109122129131129124118114113115119122123119108 91 70 49 33 24 25 3624 220D6 451131134512499999999999999 9561132124 2399999999999999
 55 78101120132137134126116107102103109119127131126112 91 65 41 23 16 2024 221D6 5 4137145913199999999999999102210222 7 1599999999999999
 37 61 88113132140139130116103 93 91 97110124136139131112 86 56 30 14 1124 222D6 5221411549139999999999999991045 912243 1099999999999999
 22 45 74104127141143135119101 87 81 85 98116133144144131107 75 44 20  824 223D6 54114416291469999999999999911 8 812314  899999999999999
 12 31 60 92121140146140124103 84 73 72 84103125143150145125 96 63 33 1424 224D6 55914617 5151999999999999991131 712343  999999999999999
 10 23 48 81112136147144129107 84 67 62 69 88112135149152139115 83 50 2624 225D6 6171471739152999999999999991155 62999999999999999999999
 15 20 41 71104131146147135113 87 66 54 57 72 95121141151147129102 70 4224 226D6 635148181315299999999999999 010 141220 5499999999999999
 26 24 38 64 96124144149140119 93 68 51 47 57 77103127144148138117 89 6124 227D6 652149184714899999999999999 035 231247 4799999999999999
 41 34 41 62 90118140149144126101 74 52 42 45 61 84110130141140126104 8024 228D6 710149192314299999999999999 1 0 341315 4199999999999999
 59 48 49 63 86112134147146132109 82 58 42 39 48 66 90112128134129115 9524 229D6 72714820 113499999999999999 124 471346 3899999999999999
 77 64 61 68 85107128142145136117 92 67 48 38 40 52 71 9211112212411810624 3 1D6 745146204612599999999999999 147 601421 3799999999999999
 92 80 75 78 89105123136142138123102 79 58 44 38 42 55 72 8910411211411024 3 2D6 8 4142214711499999999999999 211 7515 3 3899999999999999
103 95 90 90 95106118130137136127112 92 72 55 44 40 43 53 67 81 9310210724 3 3D6 825137235210899999999999999 234 8916 2 4099999999999999
108107105104105110116124129131127118105 89 73 58 47 41 40 46 56 69 82 9424 3 4D6 849131999999999999999999999 2551041731 4099999999999999
104111116117118118118120122123123121115106 94 79 63 48 37 32 34 42 55 7224 3 5D6 9331249999999999999999999991918 32999999999999999999999
 90107120128130128123118115113114117120119115104 88 68 47 30 20 19 27 4524 3 6D6 357130123012099999999999999 8591132038 1899999999999999
 68 93116132140139132120110103101106115124130128117 97 70 43 20  6  5 1824 3 7D6 423141141813099999999999999 9421012135  499999999999999
 42 72103129145149142126109 94 86 89101118134144142128103 70 37 10 -4 -124 3 8D6 4491491524145999999999999991015 862222 -599999999999999
 17 48 84118143154151135112 89 73 69 79 99124145157154135104 67 31  4 -624 3 9D6 5161551619157999999999999991048 6923 3 -699999999999999
  2 27 63102135154158145120 91 66 52 55 72101131155166160137102 63 28  624 310D6 54115817 9166999999999999991121 512342  199999999999999
  2 17 48 86122149160153130 98 66 43 35 45 70104136160168158133 98 61 3124 311D6 6 61601758168999999999999991156 35999999999999999999999
 17 21 42 75111141158158140110 74 43 25 24 41 71106138158163151125 93 6224 312D6 630160184616399999999999999 017 161232 2299999999999999
 41 36 47 71102132153159148123 88 53 26 14 20 42 74107135151152139116 9024 313D6 651159193415399999999999999 050 351310 1499999999999999
 68 57 60 75 99126147157152133103 69 38 18 13 23 46 7610512713813712610924 314D6 712157202513999999999999999 119 571349 1399999999999999
 91 79 77 85101121140152152140117 87 57 33 19 19 31 51 76 9911612412311624 315D6 731153212412499999999999999 144 771432 1799999999999999
106 97 93 96106120134144147141125103 78 54 36 27 28 38 55 73 9010311011224 316D6 749147225611299999999999999 2 3 931523 2699999999999999
110107106107112120128135138136127113 95 76 59 45 38 38 44 54 68 81 9210124 317D6 8 4138999999999999999999999 2 61061633 3799999999999999
107111113115118121124127128127123116107 95 82 68 56 47 43 45 50 60 72 8524 318D6 8 21289999999999999999999991816 43999999999999999999999
 98108116121124124122120117115114113111108101 91 78 64 52 44 41 44 54 6824 319D6 4271249999999999999999999991956 41999999999999999999999
 85102116125129127122115108103101104108113114110100 85 67 50 39 35 39 5224 320D6 413129134811499999999999999 9521012059 3599999999999999
 71 92112126133132125114102 92 89 92100111121124119106 86 64 44 32 29 3824 321D6 42413414581249999999999999910 3 892142 2999999999999999
 57 81105124136137130115 99 84 77 78 88104120131134125107 82 56 36 26 2924 322D6 4391381544134999999999999991022 762217 2699999999999999
 45 69 96120137142135119 99 80 67 64 73 91112131141140126102 74 48 30 2624 323D6 4551421623142999999999999991043 642247 2699999999999999
 36 58 87115135144141125102 78 60 52 58 75 99124142148141121 93 64 41 2924 324D6 51214516591489999999999999911 5 522315 2999999999999999
 33 51 78108132146145132108 80 56 43 43 58 82110135149150137113 83 56 3924 325D6 5291471733152999999999999991128 412342 3599999999999999
 36 48 72101128145149138115 86 57 37 31 41 63 93122143152147129102 75 5324 326D6 54514918 8152999999999999991153 31999999999999999999999
 44 50 68 95122143151144123 94 63 37 25 28 45 73104130147150139118 93 7024 327D6 6 3151184215099999999999999 0 7 441219 2499999999999999
 56 56 68 91117138150148131104 72 43 24 19 30 54 83112135145143129108 8724 328D6 620151191814699999999999999 032 541247 1999999999999999
 71 65 72 89111133147149137114 83 53 29 18 21 38 63 9211713313913311910124 329D6 639150195713999999999999999 057 651317 1799999999999999
 86 77 79 90108127141147140122 96 66 40 23 19 27 46 71 9611612713012311224 330D6 658147204313099999999999999 122 771350 1999999999999999
100 91 89 94106121135142140128107 81 56 36 25 24 34 52 73 9310911812011724 331D6 718143214912099999999999999 147 881432 2399999999999999
110104100102108117128135136130116 96 75 54 39 30 30 38 52 69 8610010911424 4 1D6 740137235211599999999999999 2141001529 2999999999999999
115114112111113116121126128127120108 93 76 60 46 37 34 38 47 60 75 9010324 4 2D6 8 6129999999999999999999999 2531111657 3499999999999999
113120122122121119117117118118117114108 98 86 71 55 43 35 33 38 49 66 8524 4 3D6 228123 85911899999999999999 6481171846 3399999999999999
103118129132130124116109105104106111115115111 99 83 64 45 31 25 28 41 6224 4 4D6 3 8132123811699999999999999 8431042010 2599999999999999
 86110129139140133119105 93 87 88 97110122128126114 94 70 45 27 19 23 4024 4 5D6 336141141812999999999999999 916 8621 9 1899999999999999
 66 96123141148142126105 84 70 66 75 92113132143141127102 72 44 24 17 2624 4 6D6 4 2148152314499999999999999 948 662156 1799999999999999
 49 79111137152151136111 83 59 46 48 65 91120144156153135106 73 44 26 2424 4 7D6 4271531618157999999999999991022 452238 2399999999999999
 38 66 99130151157146122 89 56 33 25 35 61 94128153164158137107 74 48 3524 4 8D6 45215717 9164999999999999991056 252316 3499999999999999
 39 59 88121146159155134101 63 30 11 11 29 61 99134158166157135105 76 5624 4 9D6 5161601758166999999999999991131  92351 5099999999999999
 50 60 83112140157160146116 78 39 11 -2  6 30 66104137157161150129103 8024 410D6 53916118461619999999999999912 8 -2999999999999999999999
 68 70 84107133153161153130 96 57 22  0 -5  9 37 7210713515015114012210224 411D6 6 2161193515299999999999999 024 671245 -599999999999999
 87 83 90106126146157155140113 78 43 15  0  2 18 46 7810712913913912911624 412D6 625158202614099999999999999 053 831324 -199999999999999
103 96 98107122138149152144125 97 66 37 17  9 14 30 55 8110412012812712124 413D6 647152212512899999999999999 120 9614 6  899999999999999
113107105110119130139144141130111 87 62 40 26 22 28 42 61 81 9811111711924 414D6 7 9144224811999999999999999 1441051454 2299999999999999
117114112113117123129133133127117101 83 64 49 39 35 39 49 63 79 9310411124 415D6 729134999999999999999999999 2 71121556 3599999999999999
116117117117118119120121121119115108 98 86 73 60 51 46 47 53 63 75 8910124 416D6 7321219999999999999999999991723 46999999999999999999999
111118121122120117113110108107107107105101 93 83 71 60 52 49 53 61 74 8924 417D6 2411229999999999999999999991858 49999999999999999999999
104116124127124118110102 96 93 95100105109109103 92 78 64 53 49 51 61 7724 418D6 3 1127132711099999999999999 9 6 9320 8 4999999999999999
 95112125131130122110 97 86 80 80 87 98110118119112 98 81 64 51 47 52 6624 419D6 321131143911999999999999999 924 792058 4799999999999999
 86106124134136128113 95 79 68 65 72 86104119128128118101 80 61 50 48 5824 420D6 340136152912999999999999999 946 652137 4799999999999999
 76 99120135140135119 98 76 58 51 55 70 91113131138135120 99 76 58 50 5424 421D6 35814016111399999999999999910 9 512211 5099999999999999
 69 92115134144141126103 76 53 39 39 51 74101125142146137118 95 72 58 5524 422D6 4171441649146999999999999991033 372242 5599999999999999
 65 85110132145146134111 81 53 32 25 33 54 83113137150149135114 89 70 6124 423D6 4351481726151999999999999991058 252311 6199999999999999
 65 81104127145150142120 90 58 31 16 18 35 63 95125145153147130107 85 7124 424D6 45415018 2153999999999999991125 152340 6999999999999999
 69 80 99122142151148130101 67 36 14  8 18 42 74107134149151141122101 8424 425D6 5151521839152999999999999991153  8999999999999999999999
 77 81 96116136150151139114 81 47 20  5  7 24 52 85116138148146133115 9824 426D6 536152191814999999999999999 0 8 771223  499999999999999
 87 86 95111130145151144125 96 62 32 11  4 12 33 63 9412013714313812611124 427D6 55915120 114399999999999999 037 851257  499999999999999
 98 93 96108123138147146133110 80 50 24 10  9 21 43 70 9711913213513112124 428D6 624148205313599999999999999 1 6 931335  899999999999999
110103101107117130140143137121 97 70 44 25 15 17 29 49 73 9611412512912624 429D6 65114322 112999999999999999 1401011421 1499999999999999
120113109109114122130135134126111 91 68 47 31 24 25 35 52 72 9210812012524 430D6 724135233412699999999999999 2261081521 2399999999999999
126122118115113115119123125124118107 91 73 56 42 33 32 38 51 68 8710411824 5 1D6 814125999999999999999999999 3571131640 3199999999999999
126129127122116111108108110113115114109 99 85 69 53 42 37 39 50 66 8610524 5 2D6 1 4129101511599999999999999 6331081811 3799999999999999
122132135132123111100 93 91 94102110116117111 99 82 64 49 40 40 50 68 9024 5 3D6 157135124011799999999999999 752 911929 3999999999999999
112130140140132116 98 82 72 71 79 93109123129126114 95 74 55 44 44 55 7524 5 4D6 233141141212999999999999999 837 702031 4399999999999999
100123140147142125102 77 58 48 51 66 89113132142140126105 81 61 50 52 6624 5 5D6 3 3147151914399999999999999 915 482123 4999999999999999
 89115137150151137112 81 52 32 26 36 59 89119142153150135111 87 68 59 6424 5 6D6 331152161715499999999999999 953 2622 8 5999999999999999
 81106131150157149126 94 58 27 10 10 27 57 93126150160155138115 91 75 7124 5 7D6 3591571710160999999999999991030  72249 7199999999999999
 80 99124146158157141111 73 35  7 -5  2 26 61 99132154162155137115 95 8424 5 8D6 42616018 01629999999999999911 8 -52327 8399999999999999
 85 97117139156161152128 93 53 18 -5-11  2 31 68105135154158150133114 9924 5 9D6 4541611849158999999999999991147-11999999999999999999999
 93 98112131149159158142113 76 38  8 -9 -8 10 40 7611013514915114212711224 510D6 522160193815299999999999999 0 3 931226-1099999999999999
103102110124140153157149129 98 63 30  6 -3  3 22 51 8311213214214213312224 511D6 552157202614399999999999999 03710113 7 -399999999999999
111107109118130143150149137115 87 56 29 12  8 17 36 62 8911212813413312624 512D6 622151211813599999999999999 1101061349  899999999999999
118111110113121131139142137124104 79 54 34 23 22 31 49 71 9311112312812724 513D6 655142221512899999999999999 1481101435 2199999999999999
121116112111114120126130130125113 97 77 58 43 35 36 44 59 77 9511012012424 514D6 732131232112499999999999999 2381111527 3499999999999999
124120116112110111114117119119115106 94 80 65 54 47 47 54 67 82 9811112024 515D6 826119999999999999999999999 4121101629 4699999999999999
124124121115110105103103104107109108105 97 86 75 64 57 56 62 72 8610111424 516D6 027125102410999999999999999 6351031740 5699999999999999
123127126121113104 96 90 89 92 97103107108104 95 84 73 65 63 67 77 9110724 517D6 118127123810899999999999999 749 891851 6399999999999999
120129131128118106 92 81 75 75 81 92103112115113104 92 79 70 68 72 84 9924 518D6 15513114 611699999999999999 828 741953 6899999999999999
115128135134126111 93 76 63 59 63 75 92108120125122112 98 84 74 72 79 9224 519D6 22413615 712599999999999999 9 0 592044 7299999999999999
109126137140134119 97 75 56 45 46 56 75 97117131135130117101 86 77 78 8724 520D6 250140155613599999999999999 929 442127 7699999999999999
103121136144141128105 79 54 36 30 37 55 80107129142143135119101 87 81 8524 521D6 315144163914499999999999999 958 3022 6 8199999999999999
 98116133145147137116 88 58 33 19 19 34 59 90118140150148136118100 89 8724 522D6 3401481719150999999999999991028 172242 8699999999999999
 95110129144151146128100 67 37 15  7 15 37 68101129148154148133115 99 9124 523D6 4 61511759154999999999999991059  72316 9199999999999999
 94105123140152152140115 83 48 19  2  2 17 44 78111137152154145129111 9924 524D6 4341531839154999999999999991133  02351 9599999999999999
 96102116134148155149130101 66 32  7 -3  2 23 53 8811914115215013912310924 525D6 5 315519221529999999999999912 9 -3999999999999999999999
101101110125141152153142118 87 52 22  2 -2  8 31 62 9512314114814513311924 526D6 53515420 814899999999999999 0261001249 -399999999999999
108103107117132144151147132107 76 44 18  4  3 17 40 7010012413914413912924 527D6 611151205914499999999999999 1 51031332  299999999999999
117109106111121133143146139123 99 70 42 21 11 13 26 49 7610312413614013524 528D6 651146215414099999999999999 1501061421 1099999999999999
126116109107111119129136137131116 95 70 47 30 22 24 37 57 8110512413513824 529D6 742138225213899999999999999 2501071517 2199999999999999
134125115108104106111119125128124113 96 76 57 42 35 36 47 65 8710812513524 530D6 855128234813899999999999999 4131041620 3499999999999999
138133124112102 95 94 98105114119120114103 87 71 57 49 49 58 74 9411312924 531D61038120999999999999999999999 544 941729 4899999999999999
139140133120105 90 80 77 80 90102114120120113101 86 72 63 61 69 8310212124 6 1D6 037140123012199999999999999 658 771839 6199999999999999
136143141131113 93 73 60 56 62 76 94112124129126115100 85 75 73 80 9411224 6 2D6 11914414 512999999999999999 754 561946 7399999999999999
130143148142126102 76 53 39 36 46 66 90114131140138127112 97 87 84 9110524 6 3D6 157148151914099999999999999 842 362046 8499999999999999
123140151151140118 88 58 33 19 20 35 60 90118139149147137121105 95 9410224 6 4D6 233152162215099999999999999 927 172139 9399999999999999
116134149156152135107 72 39 15  4  9 30 60 9412514615515314112511010210224 6 5D6 3 91561717156999999999999991010  3222810099999999999999
111127143156159149126 94 57 24  1 -5  6 31 6510113115115815414112511210524 6 6D6 34515918 6158999999999999991052 -5231210599999999999999
108119135150160158143116 81 44 13 -5 -6  9 38 7310813615215715013712211124 6 7D6 4221601852157999999999999991134 -8235310899999999999999
108113126141154160153135105 69 34  8 -5 -1 19 49 8311513915115214313011724 6 8D6 5 01601935153999999999999991215 -5999999999999999999999
109109117130144154156146124 94 60 29  8  1 10 32 62 9412114014714513512224 6 9D6 538157201414899999999999999 0311081256  199999999999999
112107110119132144151149136113 84 53 28 13 12 24 47 7510312613914313712724 610D6 617151205214399999999999999 1 81071336 1199999999999999
116108106110120131141144139125103 77 51 32 23 26 40 62 8811212913813713024 611D6 658144212813999999999999999 1491051415 2299999999999999
120110104104108117127134135129115 96 73 53 39 35 41 56 77 9911913113613324 612D6 74313522 513699999999999999 2361031456 3599999999999999
125115106101100104112119124125120108 92 75 59 50 49 56 71 9010912413313524 613D6 837125224513599999999999999 3361001539 4899999999999999
130121111102 96 94 97103109115116113105 93 80 69 63 63 70 8410011612813424 614D6 952116232613599999999999999 451 941628 6299999999999999
134128118107 96 88 85 87 92 99106111111107 99 89 80 75 76 83 9510912213224 615D61135111999999999999999999999 611 851725 7599999999999999
136134126114100 87 77 73 74 81 91101110114113108100 92 87 87 9310311612724 616D6 0 9136132211499999999999999 715 731830 8699999999999999
136138134123108 90 74 63 58 62 72 86101114122123119111102 96 9510011012224 617D6 052138144412399999999999999 8 4 581938 9599999999999999
133140140132118 98 77 58 47 44 51 66 8610612213213412811910910210110611624 618D6 132141154413499999999999999 845 44204010099999999999999
128139144141129110 85 60 41 30 32 44 65 9011413214214313512411210510511124 619D6 211144163314399999999999999 924 29213310499999999999999
123135145148141124 99 70 43 23 16 23 41 68 9812414215114813812511310610824 620D6 24914817161519999999999999910 2 16222010699999999999999
116130143151151139116 86 53 26  9  6 18 43 7410713415115615113812311110724 621D6 3271521758156999999999999991041  523 210799999999999999
111122137150156152134106 72 38 12 -2  1 19 48 8311614115615814913411910924 622D6 4 61561840158999999999999991121 -3234310699999999999999
107114128144156159150128 96 60 26  3 -7  1 23 56 9212414715815614512911424 623D6 44715919211599999999999999912 3 -7999999999999999999999
106107117133149159159146121 87 50 19 -1 -5  7 32 6610113115015715213812224 624D6 53016020 215799999999999999 0231051246 -699999999999999
109103107119135150158155140113 79 45 17  2  2 17 45 7811113615115414613124 625D6 616159204315599999999999999 1 61031330  099999999999999
115103100105118134148154149133106 75 45 22 12 15 33 60 9112014115115013924 626D6 7 6154212215299999999999999 1531001415 1199999999999999
123108 97 95101113128140146141126103 76 51 33 27 33 51 7610412814415014524 627D6 8 314622 015099999999999999 247 9515 1 2799999999999999
132115100 90 87 93104118130136133121103 81 62 49 46 54 70 9311613514614824 628D6 910136223814899999999999999 348 871548 4699999999999999
140125108 91 80 77 81 92105118126126120107 92 78 69 67 74 8910712614014724 629D61035127231714899999999999999 457 771641 6799999999999999
145135119100 82 69 63 66 77 91106118123122115105 95 88 87 9210411913414424 630D61220124999999999999999999999 6 8 631741 8699999999999999
148144132114 92 71 56 49 51 62 79 9711312412812612011110510310611512713924 7 1D6 0 014814 912899999999999999 715 48185310399999999999999
147149143129108 84 60 42 34 37 49 69 9211312913713813212411711311512113224 7 2D6 048149153513899999999999999 815 33201411399999999999999
142150151144127103 75 48 29 21 25 41 65 9211713614614714113212311811812424 7 3D6 140151163914899999999999999 9 9 20212711799999999999999
134145153153144124 96 65 37 17 11 18 38 66 9612414315315314513412311711824 7 4D6 233154172815499999999999999 959 11222511799999999999999
125137149156155143120 89 56 27  9  5 16 40 7210413215015715414313011911424 7 5D6 32415718 9157999999999999991044  4231111499999999999999
116126140153159156140114 80 46 19  4  5 21 49 8211514015415715013712211224 7 6D6 4121591845157999999999999991127  2234910999999999999999
109115128143156161154134105 70 37 13  4 10 31 62 9612514615515314212711324 7 7D6 45616119171569999999999999912 6  4999999999999999999999
105106116131147158159148126 94 60 31 13  9 22 46 7811013515015314613111524 7 8D6 537160194515499999999999999 0231041242  999999999999999
104100105117134148156154139115 84 53 29 17 21 38 65 9612414315114813612024 7 9D6 617157201215199999999999999 0571001317 1799999999999999
105 96 96104119135147152145128103 75 49 32 28 37 58 8511313514814914012524 710D6 657152203715099999999999999 131 951349 2799999999999999
109 96 91 94104119133142143135117 94 70 51 41 43 56 7810412714314914413224 711D6 73814421 214999999999999999 2 9 911420 4099999999999999
115100 90 87 92102116128134134124109 89 71 58 55 61 77 9811913714614613724 712D6 824135212814799999999999999 252 871452 5599999999999999
123107 93 85 83 88 98110120125124117104 90 78 71 71 80 9511413014214614124 713D6 920126215714699999999999999 343 831527 7099999999999999
130115100 87 79 78 82 91102111117118113106 97 89 86 88 9711012413614314324 714D61038118222914499999999999999 444 7816 6 8699999999999999
136124109 94 81 73 70 74 82 9310311111611611310710310110311012013013914224 715D61232116231014299999999999999 552 7017 110199999999999999
140133120104 88 73 64 60 63 72 85 9811011912312312011611311311812513313924 716D61429123999999999999999999999 7 0 60182111399999999999999
142139131117 99 80 63 52 47 51 62 78 9611312613313413112612111912112713424 717D6 0 3142154313599999999999999 8 1 47195811999999999999999
140143140131115 94 71 51 38 33 39 54 76 9912013614414513913112412012112724 718D6 1 6143163314599999999999999 854 33211712099999999999999
135143147144133113 87 60 37 22 20 29 50 7710513014715415214313112211711924 719D6 2 8147171415499999999999999 943 19221211799999999999999
127139149154149134109 78 47 22  8  9 23 50 8211414015616115414112711611224 720D6 3 41541752161999999999999991029  7225611299999999999999
117129144156161154134104 69 35 10 -2  3 23 55 9112515016316315213511910824 721D6 3551611828165999999999999991113 -2233610699999999999999
107116132150164166156132 98 60 25  1 -6  4 30 6610413715916616114512510824 722D6 44516719 3166999999999999991155 -6999999999999999999999
 99102116136155168169155127 91 52 19  0 -2 14 43 8111814716416515313311224 723D6 533170193616699999999999999 015 991237 -399999999999999
 96 91 98115137157168167150121 85 48 21  7 11 31 63 9913215616515914211924 724D6 62316920 716599999999999999 055 911317  699999999999999
 98 84 83 93113135154164160142114 81 51 29 23 32 54 8611814516016215012924 725D6 714164203616399999999999999 138 821356 2399999999999999
105 85 74 76 88108130147155150134109 82 59 46 45 57 8010813415316015513824 726D6 8 815521 316099999999999999 224 731433 4499999999999999
116 92 75 66 69 82101120136142139126108 89 74 67 71 8410412714615715714624 727D6 910143213115899999999999999 315 6615 9 6799999999999999
128105 83 67 60 63 74 91108122130129122111100 92 90 9510712313915115515124 728D6102713122 115599999999999999 414 601546 9099999999999999
139120 98 78 63 55 56 65 79 9510911912412311911411011011512413414415115124 729D61222124223815299999999999999 523 54163111099999999999999
146134116 96 76 59 50 48 54 67 83 9911312312913012812612512713113714314724 730D61451130233714899999999999999 642 48175312599999999999999
148143133117 96 75 56 43 39 44 56 74 9411312813714114013713313113113413924 731D61615141999999999999999999999 758 39202113099999999999999
144147144135119 97 73 51 36 30 35 49 71 9511813614715014614013212712512924 8 1D6 1 6147165615099999999999999 9 3 30214812599999999999999
136144149149139121 96 68 44 27 22 29 48 7410212714515415414713612511811824 8 2D6 225150172815599999999999999 955 22223411799999999999999
124135147154154142120 91 61 35 19 17 29 53 8311313815415815314012611410924 8 3D6 3261551755158999999999999991039 1623 810999999999999999
112123138152160157142116 83 51 26 14 18 36 65 9712714915915714612911310224 8 4D6 4151601820160999999999999991117 14233710099999999999999
101110126144159164157136106 72 41 21 15 26 50 82115141157159150133114 9924 8 5D6 4571641843160999999999999991151 15999999999999999999999
 93 97111131150163164151127 95 61 34 21 23 41 69102132152160154139118 9924 8 6D6 53516519 416099999999999999 0 6 931222 2099999999999999
 87 86 97116137155163159142115 83 53 33 28 38 62 9212314715915714412410224 8 7D6 612163192416099999999999999 034 851250 2899999999999999
 86 79 84 99120141155159150130102 74 51 39 42 59 8511514015615914913110824 8 8D6 648159194316099999999999999 1 3 791317 3999999999999999
 88 76 75 85103123141151150138118 93 70 55 52 62 8310913415215915313811624 8 9D6 72615220 315999999999999999 135 741343 5299999999999999
 94 77 70 74 87105124138144140127109 89 73 67 70 8410512814715615514312424 810D6 8 6144202315799999999999999 2 9 7014 9 6699999999999999
102 83 71 68 74 88105121131135130119105 91 83 82 9010512314115215414713224 811D6 854135204415599999999999999 249 681435 8299999999999999
112 93 77 68 67 74 86101114123125122115107100 9710010812113514615114813824 812D6 95712521 815199999999999999 335 6615 2 9799999999999999
122104 87 74 66 65 71 81 9410511411912011811511211211512213114014614614124 813D61148120213714799999999999999 436 65153511299999999999999
131116100 85 72 63 61 64 73 84 9610711712312612612612512613013413914214124 814D61445126222514299999999999999 555 61165212599999999999999
137129116101 84 69 57 52 53 60 73 8910512013113713913713413113013213513824 815D61555139999999999999999999999 720 51195113099999999999999
140138132120103 83 64 48 39 39 47 64 8510712814214914914413612912512613024 816D6 0 8140162915099999999999999 832 38212412599999999999999
137143145140126106 81 56 35 24 25 37 59 8711513915415915514413112111611924 817D6 14914517 015999999999999999 928 2322 911699999999999999
128140151155149133107 75 45 22 11 14 32 61 9512715216516515413712010810624 818D6 2581551730166999999999999991016 10224610599999999999999
113129147161166158137105 68 35 11  2 11 36 71109142163171164146124104 9424 819D6 3551661759171999999999999991059  22321 9399999999999999
 96110132154170174163137100 61 27  6  3 18 49 88126156171170155131105 8624 820D6 4461751827173999999999999991140  22357 7999999999999999
 79 87108135160176178163133 95 56 26 10 14 36 70109144167173163140111 8524 821D6 5351791854173999999999999991218 10999999999999999999999
 69 68 82108137163177175157127 90 56 32 25 35 61 96131158172169150122 9124 822D6 625178191917399999999999999 034 661254 2599999999999999
 67 55 60 79107136160171167148120 89 62 47 48 63 9012114916717015813410324 823D6 714171194217199999999999999 113 551328 4599999999999999
 74 54 48 56 77105132152160155138115 92 74 68 75 9311714216116816314411824 824D6 8 716020 516899999999999999 155 481359 6899999999999999
 88 63 48 45 56 76100123139145141130114100 92 9210211813715416416315113124 825D6 9 6145202716599999999999999 241 451427 9199999999999999
106 80 59 48 47 56 73 9311112513113112511811211011412313514815715915414124 826D61026132204915999999999999999 334 46144911099999999999999
122100 79 62 52 50 56 68 83 9911112012512612612612713013614314815115014424 827D62116151999999999999999999999 443 50999999999999999999999
134119102 84 68 57 52 53 61 73 8710211512513213613813813813914014114214124 828D62215142999999999999999999999 615 51999999999999999999999
139133122108 91 74 59 50 48 53 64 80 9911613114114514514213713313013013324 829D61626146999999999999999999999 748 48212713099999999999999
136139137129115 96 76 57 45 40 46 60 8010312414115015114613812812111812124 830D6 1 9139164215299999999999999 857 4022 011899999999999999
128137144145137121 98 73 51 37 34 43 62 8711413615115615214112711410710724 831D6 23714517 115699999999999999 946 33222610699999999999999
116129143152153142121 93 65 42 30 32 46 71101128149158157145128111 98 9524 9 1D6 3321541720159999999999999991024 292251 9599999999999999
101117135152160157141115 84 55 35 28 36 58 88119144159161151132111 93 8524 9 2D6 4151611739161999999999999991057 282316 8499999999999999
 87101123145161166157136106 73 46 32 33 49 77109137157163156138114 92 7724 9 3D6 4531661757163999999999999991127 302340 7499999999999999
 75 86107131153166166151125 94 63 42 36 46 69100130153164161144120 94 7424 9 4D6 5281681815165999999999999991154 36999999999999999999999
 66 71 89114140159167161141113 83 58 46 48 66 93123149163164151127 99 7524 9 5D6 6 3167183216599999999999999 0 6 661220 4599999999999999
 61 60 73 96123146161163151129102 77 60 56 67 89117143161165156135107 8024 9 6D6 638164184916699999999999999 033 591244 5699999999999999
 61 53 60 79104129149158154140118 95 77 69 73 89113137156164159142116 8924 9 7D6 71415819 716599999999999999 1 1 5313 8 6899999999999999
 66 53 52 64 85110132146150144129110 93 83 83 93111132151161160147125 9924 9 8D6 752150192516299999999999999 131 511331 8299999999999999
 75 57 51 56 70 91112130140140133121108 98 9510011212914515615815013311024 9 9D6 835141194315999999999999999 2 4 511354 9599999999999999
 87 67 55 53 60 74 9311012313013112611911110810911612714015015415013812124 910D6 93313120 215499999999999999 244 53141510899999999999999
101 81 66 57 56 63 74 8910311412112412412212012012312913614314714614012924 911D61125124202414799999999999999 337 56143112099999999999999
114 98 82 69 60 58 61 69 80 9210411512312813113213313313513713914013813424 912D62053140999999999999999999999 459 58999999999999999999999
126115102 87 73 62 54 53 58 67 81 9811412713714314314113713313113013113324 913D61541144234113399999999999999 644 53204413099999999999999
133131123111 95 76 59 46 41 44 56 74 9711913815015415014213212311911912524 914D616 2154999999999999999999999 8 9 41212311899999999999999
133139141136122101 77 53 36 28 33 49 7410313015116116015013511910710410924 915D6 149141162616299999999999999 9 8 28215410499999999999999
122137150155149132105 74 45 25 19 28 50 82116145164168160141119 99 88 8924 916D6 259155165116999999999999999 956 192225 8699999999999999
102123146163169160137105 69 39 20 17 33 62 98134160173169151124 96 75 6824 917D6 3551691716173999999999999991038 162258 6899999999999999
 76 98127155174178166139103 66 37 22 27 48 82120152172175161133100 71 5324 918D6 4461791740176999999999999991116 222333 5099999999999999
 52 69 98132162180182166136100 65 42 35 46 72107142167177169145111 75 4824 919D6 53518318 4177999999999999991153 35999999999999999999999
 36 42 66100136165180178160131 98 70 54 55 72100132160175174156125 88 5424 920D6 624181182717799999999999999 0 9 361227 5399999999999999
 32 26 40 67102136161172168151125 99 80 73 81100127152170175164139105 6924 921D6 713173184917599999999999999 046 261258 7399999999999999
 40 25 26 42 70103132152160155141122104 94 95106125146163171167150122 9024 922D6 8 6160191017299999999999999 126 231326 9399999999999999
 59 36 27 32 49 7410112414014614213312111311011612714215616416415413510924 923D6 9 6146193016699999999999999 210 27134911099999999999999
 82 58 42 36 41 55 75 9611412613213212912512312513113914815515715214112424 924D61033133194915799999999999999 3 1 3614 312399999999999999
104 83 65 52 47 50 59 73 8810311512312813113213313513814214514614413913124 925D61958146999999999999999999999 4 8 47999999999999999999999
120105 90 76 64 57 55 60 69 81 9510812013013614014013913713513313213113024 926D61550140999999999999999999999 545 55999999999999999999999
127122113101 87 73 62 56 56 63 76 9210912513714414514213512812211811812224 927D61546145999999999999999999999 726 55212611899999999999999
127130130123110 94 76 61 52 52 60 76 9611713514615014613712411310510410924 928D6 123131155915099999999999999 834 51214210499999999999999
119130138139132116 95 74 57 48 49 62 83107130146154152141124108 95 90 9424 929D6 239140161515499999999999999 920 4722 3 9099999999999999
106123139148148137116 91 68 51 45 52 71 96123144156157146128106 88 78 7924 930D6 328149163215899999999999999 957 452225 7799999999999999
 91110132150157153136112 84 61 48 48 62 87115140157161152133109 85 69 642410 1D6 4 91571649161999999999999991028 462248 6499999999999999
 74 94119143159163153131103 76 57 50 58 79107135155164158140114 86 64 532410 2D6 44616317 6164999999999999991056 502312 5399999999999999
 58 76102131154165163148123 95 71 58 60 75101129152165163147121 91 63 472410 3D6 5211661723166999999999999991123 572337 4399999999999999
 45 58 83114142161167159139113 88 70 66 76 96123148164166154130 99 68 452410 4D6 5551671741167999999999999991149 66999999999999999999999
 36 43 64 94124149163163150129105 85 76 79 95118142160167159138109 76 492410 5D6 630165175816799999999999999 0 3 361214 7599999999999999
 34 34 49 74105133152160155140120100 88 86 96115137155165162146119 88 592410 6D6 7 6160181716599999999999999 030 321238 8699999999999999
 38 31 38 58 85113136150153145130114101 96100114132149160161150129101 722410 7D6 744153183516299999999999999 059 3113 2 9699999999999999
 48 35 34 46 67 93117134143143136124113107107115128143154158152136113 872410 8D6 828144185515899999999999999 132 33132510699999999999999
 63 45 38 41 54 74 951141281351351301231181161191271371471521501401231022410 9D6 929135191515299999999999999 211 38135011699999999999999
 81 62 49 44 48 59 75 92108119127130129127126126129134139143144139130116241010D61120130193714499999999999999 3 3 44142012699999999999999
 99 82 67 56 51 52 58 70 84 99112123130135136135134133133133133133130125241011D614 813620 013399999999999999 422 50175413399999999999999
116105 91 77 64 55 51 53 62 75 92109125137144145142136129123120120123125241012D61445145235312799999999999999 6 8 51202812099999999999999
127124116103 87 70 55 46 45 53 69 90113133148153151141128115106103107116241013D61511154999999999999999999999 736 45205610399999999999999
127135137131117 96 73 53 41 39 50 70 97124146159160150132111 93 83 84 95241014D6 148137153616199999999999999 838 382126 8299999999999999
114133148153146128102 74 51 38 39 54 80111139160167160140114 87 67 60 68241015D6 25715316 016799999999999999 927 362158 6099999999999999
 89116143161167158136106 75 51 41 46 67 97129156170169151122 89 59 41 41241016D6 3531671625172999999999999991010 412232 3999999999999999
 57 87121152172176164139107 77 57 51 62 87119149169175163135 99 61 33 20241017D6 4451761649175999999999999991049 5123 7 2099999999999999
 28 53 89127159177179164138107 81 67 68 84111140165176172150115 74 37 13241018D6 5351801713177999999999999991126 652344  899999999999999
  8 23 54 93132161176175159134108 89 82 89108133158174176162132 93 53 21241019D6 62517717381779999999999999912 0 82999999999999999999999
  4  6 26 60 98133158169166151130111 99 99110129150167175168147114 76 40241020D6 71516918 217599999999999999 023  21232 9899999999999999
 15  5 13 35 67101131150158154142127115111115127143159168167155131 99 66241021D6 8 8158182716999999999999999 1 3  513 211199999999999999
 37 19 15 25 46 74102125140145143135126121121127137149158161155140117 90241022D6 9 9145185116199999999999999 147 14132912099999999999999
 64 42 30 29 38 56 78100117129135135132128127129133140146149148140127109241023D61030135191414999999999999999 236 28135812799999999999999
 89 69 53 44 43 50 63 79 96111122129132132132131132133134136135133128119241024D61246132192913699999999999999 337 43151413199999999999999
107 93 79 66 58 55 58 67 79 93107120129134136135132129125122121120121120241025D614 8136999999999999999999999 459 55999999999999999999999
117111102 90 78 68 62 62 68 79 93109123134139140136128119111106105108113241026D61435140999999999999999999999 632 61204510599999999999999
119121119112100 86 73 65 63 69 81 98116131142145141131117104 93 89 92101241027D6 1 8121145614599999999999999 744 6321 7 8999999999999999
112123130129121106 89 74 65 64 72 88108127142149147136119100 84 75 75 84241028D6 225130151615099999999999999 836 632130 7499999999999999
100118132140138126108 89 73 65 67 80100122141152153143125101 79 64 59 66241029D6 317140153615499999999999999 917 642154 5999999999999999
 83106128144149144128107 86 72 68 75 92115137153158150132106 79 57 46 49241030D6 4 0149155515899999999999999 952 682218 4599999999999999
 64 89116140154156145126103 84 73 75 88109132151160157140114 83 55 37 34241031D6 4381561614161999999999999991023 722244 3399999999999999
 46 69 99129151161158143121 99 83 79 86104127148161162148123 91 59 34 242411 1D6 5151611633163999999999999991053 782310 2499999999999999
 29 49 79112140158163155137115 96 86 88101121143159164156134102 68 38 202411 2D6 5511631654164999999999999991122 852337 1799999999999999
 18 32 59 92124148161160148129110 96 92100116137155164160143115 81 48 232411 3D6 6271621715164999999999999991149 92999999999999999999999
 13 20 40 71104132152159154140122107 99102113131148161162151127 96 62 342411 4D6 7 4159173816399999999999999 0 7 131217 9999999999999999
 17 14 27 51 82112136150153145132118108106112125141154160154137111 80 502411 5D6 74415318 216099999999999999 039 13124510599999999999999
 28 17 21 37 62 90116135145145138127117112114122134146154153143123 97 692411 6D6 832146182815599999999999999 114 17131611299999999999999
 45 29 23 30 46 69 93115131138139134126121118121128137144147143131112 902411 7D6 933139185714799999999999999 156 23135611899999999999999
 67 47 35 32 38 53 72 931121261341361341291251241241281321361371321221072411 8D61056136193713799999999999999 249 32151212499999999999999
 90 71 55 45 41 45 56 72 901081231331381381341291241211201211231251241192411 9D6122713821 912599999999999999 359 41175312099999999999999
110 97 82 67 55 49 49 57 71 89108125137143143137128117109104104108114120241110D61326144235412299999999999999 527 48192910499999999999999
122118109 96 80 65 55 52 58 72 91113132145150146135119102 89 83 85 94108241111D614 4150999999999999999999999 650 522015 8399999999999999
121130131124110 92 74 60 56 62 77 99122142154155145125102 79 64 59 67 84241112D6 141132143515699999999999999 757 562053 5999999999999999
106127142146139123102 81 66 62 70 88112136154162156137109 78 52 37 37 52241113D6 25414615 416299999999999999 852 622130 3599999999999999
 78108135154159151133109 88 73 71 82103128151164165150123 87 52 26 15 21241114D6 354159153216799999999999999 940 7122 8 1499999999999999
 44 78114144163168158138114 94 82 84 98120144163171163140104 64 28  5 -1241115D6 44816816 1171999999999999991023 812247 -199999999999999
 13 43 81120151168171159139117 99 92 98114136158171171155125 85 44 10 -8241116D6 53917116301739999999999999911 4 922326-1099999999999999
 -7 13 47 87125153168168156137118105103112129149166173165143109 68 29  1241117D6 63017017 1173999999999999991142102999999999999999999999
-11 -3 20 56 94128152163161149132118110112123140157168168155129 94 56 22241118D6 719164173216999999999999999 0 7-11121711099999999999999
  1 -5  7 32 66100129147155151141128118115120131145157163158142116 83 50241119D6 8 915518 416399999999999999 049 -5125311599999999999999
 23  8  8 21 46 75104127141146142133124118118124134144152153145129104 77241120D6 9 0146183915499999999999999 132  6133111899999999999999
 50 30 21 24 37 59 84107125135138135128122119119124131137141140132117 97241121D6 954138191614299999999999999 217 21142111999999999999999
 76 56 41 36 40 52 70 90109123132134131126121118117119122126128126120110241122D6105413420 712899999999999999 3 6 36154711799999999999999
 95 79 65 54 50 54 64 79 96111124131133131126120114111109110112114115113241123D61156133215111599999999999999 4 3 5018 810999999999999999
107 98 87 76 67 63 65 73 86101115126133135132125116107 99 95 95 98103108241124D61249135999999999999999999999 510 631934 9599999999999999
111110105 97 86 77 73 73 80 92107121132138138131120107 94 84 79 80 87 97241125D6 018111132913899999999999999 622 722017 7899999999999999
107115118115107 96 86 80 80 87 99114128139142139128111 93 76 65 63 68 81241126D6 15811814 114299999999999999 728 792050 6299999999999999
 97113124128125115102 91 84 85 93107123137145145136119 97 74 56 48 49 62241127D6 3 3128143014799999999999999 824 842119 4799999999999999
 81103122135138133121106 94 88 91102117134146150144128104 77 53 37 33 42241128D6 352138145615099999999999999 911 882148 3399999999999999
 61 87113134145146138123107 96 92 98112129144153151138115 85 55 32 21 24241129D6 435147152215499999999999999 952 922217 2099999999999999
 40 67 97125145153150138121106 97 97107123140153156148127 97 64 34 15 10241130D6 5131541549157999999999999991028 962248 1099999999999999
 21 45 77109136153157150135118104 99104117134150158155140112 78 44 17  42412 1D6 55015716161599999999999999911 2 992320  399999999999999
  7 25 54 88121144157156146129113103103112127144157160150127 95 60 27  62412 2D6 62815816451609999999999999911341022354 -199999999999999
 -1  9 33 65100129149156152139123110104108120136151159156141114 80 45 172412 3D6 7 615617161609999999999999912 7104999999999999999999999
  1  1 16 43 76109134149152146132118109107114127142153157149129100 67 352412 4D6 747153174915799999999999999 030 -1124310799999999999999
 13  3  8 26 54 86115136147147139127116109110118130143151150139118 89 592412 5D6 832149182715299999999999999 1 9  3132310999999999999999
 32 15 10 18 38 64 93118136144143135124114110111118129138143141129109 842412 6D6 921145191114399999999999999 153 10141510999999999999999
 58 36 23 21 30 49 74 991211361421401321221131081081131211291331301211042412 7D61013142201013399999999999999 241 20152710899999999999999
 84 63 46 36 35 43 60 82104124136141138130119109102 991021081151211221162412 8D611 7141214012299999999999999 336 3417 0 9999999999999999
106 90 74 60 51 49 56 71 90110127139142138128115101 90 84 85 911001101162412 9D61158142234111899999999999999 440 491824 8499999999999999
117112102 89 76 67 64 69 81 99117133143145138125106 88 72 64 64 73 87102241210D61244145999999999999999999999 552 641928 6399999999999999
115123123117105 92 82 77 81 92108125140148147137118 94 70 51 41 43 56 76241211D6 133124132614999999999999999 7 6 772019 4199999999999999
 99119132136131120106 95 89 91101117134148154149133108 78 49 28 20 25 44241212D6 25713614 515499999999999999 814 8921 6 2099999999999999
 71100125142148144132117104 98100111127143155158148127 95 60 29  8  3 13241213D6 4 4148144415899999999999999 914 972150  299999999999999
 38 70104133151157151138122109104107119136152161160145118 81 43 12 -7 -8241214D6 5 015715241629999999999999910 71042234 -999999999999999
  8 38 75111139157161154139123111107113126143158165159139107 68 29  0-14241215D6 55016116 31659999999999999910541072317-1599999999999999
-10 11 44 82118145159160151135120110109118133149162164154130 95 56 19 -6241216D6 63516116431659999999999999911361092359-1499999999999999
-14 -5 20 54 92124147157155143128115108111121137152162160146119 84 46 14241217D6 7171581723163999999999999991214108999999999999999999999
 -5 -7  6 33 68102130147152146134119109106111124139152157152135107 73 40241218D6 75615218 315799999999999999 040 -8125210699999999999999
 15  2  5 23 50 82112134145145137124112104104111124137147149141122 96 66241219D6 832147184314999999999999999 119  2133110399999999999999
 39 21 14 22 41 68 96120136142138128115105100102110121132138137128110 87241220D6 9 5142192513999999999999999 156 14141410099999999999999
 63 43 31 30 41 60 84108126137138131121109100 97 99105114122127125116101241221D6 938138201412799999999999999 233 2915 8 9799999999999999
 83 65 51 45 48 60 78 99117131136134126115104 96 92 93 98104111114114107241222D61012136211911599999999999999 311 451619 9299999999999999
 97 84 72 63 61 65 77 93110124133135131122111100 90 85 84 87 92 99104106241223D6105013523 210699999999999999 352 611744 8499999999999999
104 99 91 83 77 76 81 91104117128134134129119107 93 82 74 71 74 80 89 97241224D61133135999999999999999999999 443 7619 1 7199999999999999
104107106102 96 91 90 93100111122131135134127116100 84 70 60 57 61 70 83241225D6 115107122013599999999999999 551 901957 5799999999999999
 96108115117114108102 99101107116125133137135126110 91 71 54 44 43 50 64241226D6 25211713 913799999999999999 712 992040 4299999999999999
 82101116126128125117110105105110119129137140135122102 78 55 37 28 30 43241227D6 352128135414099999999999999 8281042119 2899999999999999
 63 87110127137138132122112107107113123134142143134116 91 63 37 20 14 22241228D6 437139143614399999999999999 9271062156 1499999999999999
 41 67 96121138146144134122111106108117129141148145131108 77 46 20  5  5241229D6 51514615151489999999999999910141062232  399999999999999
 18 44 75106132148152145132118108105110122136148152145126 96 62 29  5 -6241230D6 55115215541529999999999999910531052310 -699999999999999
  0 20 51 86118141153152142126111103103112128144155155143118 84 47 15 -6241231D6 62615416341579999999999999911291022348-1199999999999999
