 15 15 26 46 69 92109118118111100 90 83 83 89100112121124119105 86 64 4424 1 1E6 728119175312499999999999999 032 131233 8299999999999999
 30 25 30 43 63 85103115119114105 93 84 79 80 86 96105111112106 94 78 6124 1 2E6 754119183711399999999999999 1 3 251320 7899999999999999
 47 39 39 46 61 80 98112119118110 99 88 79 74 75 80 88 95100100 96 86 7524 1 3E6 822119193310199999999999999 133 381420 7499999999999999
 64 55 52 55 64 78 94108118121116107 95 83 74 69 68 72 78 84 89 91 89 8424 1 4E6 8521212059 9199999999999999 2 5 521536 6899999999999999
 78 72 67 67 71 79 92105116122121114103 90 77 66 60 57 60 65 73 80 85 8824 1 5E6 9241222333 8899999999999999 240 661658 5799999999999999
 88 86 83 81 81 85 92102113121124121113100 85 70 57 48 44 46 53 63 74 8424 1 6E610 2124999999999999999999999 330 8118 6 4499999999999999
 92 96 97 96 94 93 96102110118124126122112 97 79 60 44 33 29 32 42 57 7324 1 7E6 155 97104812699999999999999 446 9319 1 2999999999999999
 88100107109107104102103108115123128129124112 94 71 48 29 17 13 20 34 5424 1 8E6 3 0109114213099999999999999 6141021950 1399999999999999
 75 94109117118115110107107111118127134135128112 89 62 35 13  1  0 10 2924 1 9E6 344119123913599999999999999 7311062036 -199999999999999
 54 80102118125124118111107107112122132140141131111 83 51 22 -1-12-10  524 110E6 422125133414299999999999999 8311062121-1399999999999999
 29 59 87110124129125117108104105113125138147146133109 76 41 10-12-20-1424 111E6 459129142514899999999999999 92010322 5-2099999999999999
  5 34 66 95117128129121111102 98101113128143151148132104 69 33  2-17-2224 112E6 53412915151529999999999999910 3 982248-2299999999999999
-11 13 44 76103121128124114102 92 90 97112130145152146127 97 61 27 -1-1524 113E6 6 712816 4152999999999999991045 902328-1799999999999999
-15  0 27 58 88112124125117104 90 82 82 92109128143148139119 89 56 25  324 114E6 6361261653148999999999999991127 81999999999999999999999
 -6  0 19 46 75101119125120108 92 78 71 74 86104122135138128108 81 53 2824 115E6 7 3125174413899999999999999 0 6 -61212 7199999999999999
 13 11 21 42 68 93114124124114 98 80 67 62 66 79 96112123124115 98 76 5424 116E6 727125183812599999999999999 040 1013 2 6299999999999999
 37 30 33 46 67 90110123127120106 88 71 58 54 58 70 85 99108109102 89 7424 117E6 750127193910999999999999999 112 291359 5499999999999999
 60 51 50 57 72 90108123130127117100 81 64 52 47 50 59 71 83 92 95 92 8624 118E6 8151302058 9599999999999999 139 5015 6 4799999999999999
 78 71 69 71 80 93108121130132126113 96 77 60 47 40 41 47 58 69 78 84 8724 119E6 8431322330 8799999999999999 2 2 691625 4099999999999999
 87 86 85 86 90 98108119128133131124111 95 76 57 42 33 31 35 45 57 69 8024 120E6 918133999999999999999999999 211 851748 3199999999999999
 88 93 97 98100103108115123129132130123112 95 75 55 37 25 21 25 35 50 6624 121E6101013299999999999999999999919 1 21999999999999999999999
 81 94103107109109110112116121127130130125114 96 74 51 30 17 12 17 30 4824 122E611291319999999999999999999991959 12999999999999999999999
 68 87102112116115112110110112118124130132128115 96 70 44 22  8  5 12 2924 123E6 415116125213299999999999999 7331092047  499999999999999
 52 76 97111119119115109104103107115124133136130115 92 63 35 13  1  1 1324 124E6 433120135513699999999999999 8451032129 -199999999999999
 35 61 86107119122118110101 96 96103114127136139130112 84 54 25  5 -4  224 125E6 454122144413999999999999999 928 9522 6 -499999999999999
 20 46 74 98115122120112101 91 87 91101116131140139127104 74 42 16  0 -224 126E6 51512215271419999999999999910 3 872239 -399999999999999
  9 32 61 88109120121114102 89 81 80 88103120134140135118 92 61 32 10  024 127E6 53512216 5140999999999999991035 792310  099999999999999
  5 23 49 78102117122117104 90 78 72 76 88106123135137127106 79 50 25 1024 128E6 55512216411379999999999999911 6 722338  799999999999999
  8 20 42 69 95114122120108 93 78 68 66 74 90108123131129115 93 67 42 2424 129E6 6151231717131999999999999991139 66999999999999999999999
 16 22 39 63 89110122123113 98 81 67 60 63 74 91107119123117102 81 59 4024 130E6 635124175412399999999999999 0 4 161213 6099999999999999
 29 30 41 61 84106121125119105 87 70 59 56 62 74 90104112113105 90 73 5624 131E6 655125183411499999999999999 028 281249 5699999999999999
 45 42 48 62 82103118126123112 95 77 62 54 54 61 73 86 97103102 94 83 7024 2 1E6 715126192110399999999999999 051 411331 5399999999999999
 60 56 58 68 83100116125126118103 85 69 56 50 51 58 68 79 88 93 92 88 8124 2 2E6 7361272024 9399999999999999 111 561422 5099999999999999
 74 70 71 76 86 99113123127123112 96 79 63 52 47 47 52 60 69 78 83 86 8624 2 3E6 8 01272230 8699999999999999 127 701529 4699999999999999
 85 84 84 87 92101111120125125119107 92 76 61 49 41 39 42 49 58 68 77 8424 2 4E6 829126999999999999999999999 123 841655 3999999999999999
 89 93 96 98100104110116122125123117106 92 75 59 44 33 28 29 35 46 60 7424 2 5E6 9121259999999999999999999991821 28999999999999999999999
 87 97104108109110111113117121124124119110 95 76 56 37 22 14 14 22 37 5524 2 6E610281249999999999999999999991930 13999999999999999999999
 75 93107115117116112110111114119125128125116100 77 52 28  9  0  1 12 3124 2 7E6 35911712 912899999999999999 7251102026 -199999999999999
 56 81102116122121115109104104109118128135134124104 77 46 18 -3-12 -8  824 2 8E6 418123132713599999999999999 8321032113-1299999999999999
 33 62 90111123125119109 99 93 95104118133143142130106 73 39  9-11-18 -924 2 9E6 441126142914499999999999999 917 932156-1899999999999999
 12 42 74101120127122110 96 84 80 85100120138148147131103 68 32  3-14-1524 210E6 5 4127152314999999999999999 957 802235-1699999999999999
 -1 26 58 89113126125114 96 79 67 66 77 97120140150146127 97 62 28  4 -724 211E6 5271271613150999999999999991036 652311 -799999999999999
 -2 18 47 79106123128119101 79 61 52 55 70 94118138145138118 89 57 29 1124 212E6 54812817 2145999999999999991115 512342  899999999999999
  8 20 43 72101121130125109 86 62 45 39 46 65 90114130135126107 81 55 3524 213E6 6 81301751135999999999999991157 39999999999999999999999
 26 31 47 72 98120132131118 96 71 48 34 32 42 61 84105118121112 95 75 5824 214E6 627133184112199999999999999 010 261240 3199999999999999
 47 47 57 75 98119133136128109 85 60 40 29 29 40 57 77 94104105 98 87 7524 215E6 647136193710699999999999999 033 451328 2799999999999999
 66 63 69 82 99117132138134121100 77 54 37 29 29 38 52 68 81 89 91 88 8324 216E6 7 91382049 9199999999999999 050 631425 2899999999999999
 79 77 80 89101116128136136128113 94 74 55 40 32 31 37 47 58 69 77 82 8424 217E6 733137999999999999999999999 053 771537 3099999999999999
 85 87 90 96104113122129132130121108 93 76 59 45 35 31 33 39 49 60 70 7824 218E6 8 31329999999999999999999991711 31999999999999999999999
 86 92 97102106111116121124125122117108 96 81 65 49 36 28 27 32 41 54 6824 219E6 8481259999999999999999999991843 27999999999999999999999
 81 93102107109110110111113115117118116111101 87 68 49 33 22 20 25 38 5424 220E610581189999999999999999999991949 20999999999999999999999
 72 89102110113111107104102103107112118120117107 89 67 44 26 15 14 22 3924 221E6 4 011313 012099999999999999 8111022037 1399999999999999
 60 82100111116113106 98 92 90 94102113122126122109 87 61 36 17  8 11 2524 222E6 4 611614 412699999999999999 853 902115  899999999999999
 47 72 94110117116108 96 86 80 81 89102117128132124106 80 51 26 10  6 1524 223E6 419118145013299999999999999 924 792148  699999999999999
 35 61 86107118119111 97 82 72 69 74 88106123134134121 98 69 41 18  7 1024 224E6 434120152913599999999999999 952 682218  799999999999999
 26 51 78102117121114100 82 67 59 61 73 92112129136131113 87 58 32 15 1124 225E6 45012116 5136999999999999991020 582245 1199999999999999
 22 44 71 97116123119104 85 66 53 49 57 75 97118131133123102 75 48 28 1924 226E6 5 71231641134999999999999991048 492310 1999999999999999
 23 41 66 92114125123111 90 69 51 42 44 58 79102120129126112 89 65 43 3124 227E6 5231261716129999999999999991117 412333 2999999999999999
 30 42 63 88111125127117 98 74 53 39 36 44 62 84105119123116100 79 59 4524 228E6 5401281752123999999999999991146 352355 4099999999999999
 40 47 64 86108124130123106 83 59 41 32 34 47 66 87104114114105 89 73 6024 229E6 5581301830115999999999999991218 32999999999999999999999
 53 56 67 86106122130128114 93 69 48 34 30 36 51 69 87100105103 95 83 7324 3 1E6 616131191310699999999999999 014 531252 3099999999999999
 66 66 74 87104119129130120103 80 58 41 32 31 39 52 68 82 92 96 94 89 8224 3 2E6 6351312010 9699999999999999 030 651333 3099999999999999
 78 77 82 91103116126130125111 93 72 53 39 32 33 39 50 62 73 82 86 88 8724 3 3E6 656130999999999999999999999 039 771428 3299999999999999
 87 88 91 96104114122126125118105 88 70 54 42 34 32 35 42 51 62 71 79 8624 3 4E6 7211279999999999999999999991553 32999999999999999999999
 91 96 99103107112117121122120113103 89 74 59 45 34 28 26 30 39 50 64 7724 3 5E6 7581229999999999999999999991744 26999999999999999999999
 89 99106109111111112113115116116113107 97 82 65 47 31 20 15 17 27 43 6124 3 6E6 93111799999999999999999999919 9 15999999999999999999999
 80 97109114115111107104103106111116118116107 92 70 47 25 10  3  7 21 4224 3 7E6 33211512 611999999999999999 74010320 8  399999999999999
 66 89107117119113104 95 89 90 96107119127128118 99 73 44 19  2 -3  4 2324 3 8E6 341119133412899999999999999 827 892055 -399999999999999
 49 77101117122116104 89 77 72 76 88107125136137126102 72 40 14 -1 -2 1124 3 9E6 357122143513899999999999999 9 5 712135 -499999999999999
 35 64 93114124121107 87 68 55 53 63 83108130143142127101 69 37 14  4  824 310E6 415124152914499999999999999 941 522211  399999999999999
 27 55 85111125126114 92 67 46 35 38 54 80109132144141124 96 65 38 20 1724 311E6 4331281618145999999999999991018 342243 1699999999999999
 29 52 81108126132123101 73 45 25 19 27 49 79108130139134115 89 63 42 3324 312E6 45213217 6139999999999999991056 192311 3399999999999999
 38 55 80106127137132113 85 54 27 11 10 23 48 78106124129122105 83 64 5224 313E6 5111371754129999999999999991135  82335 5099999999999999
 51 62 82105127139139126101 70 40 16  5  9 25 50 77100114116109 95 80 6924 314E6 5311411843117999999999999991216  52354 6599999999999999
 65 71 85105124139143135116 88 59 32 14  8 14 30 52 74 92101103 97 88 8124 315E6 55214319371039999999999999913 0  8999999999999999999999
 77 80 89104121134141138125104 79 54 32 19 16 22 35 52 69 82 90 91 89 8624 316E6 6151412051 9199999999999999 0 7 771350 1599999999999999
 85 87 93103115127134135128115 96 75 55 39 29 25 29 38 50 63 73 80 84 8724 317E6 639136999999999999999999999 0 2 851455 2599999999999999
 89 92 96103110118124126124117106 92 77 62 49 39 33 33 38 46 56 66 75 8324 318E6 7 61269999999999999999999991629 33999999999999999999999
 90 96100103107110112114114113108102 94 83 71 57 45 37 33 35 41 52 64 7624 319E6 7391149999999999999999999991811 33999999999999999999999
 88 97103106106104102101101102104105104100 91 78 63 47 35 29 30 38 51 6724 320E6 32610611 710599999999999999 7321011921 2999999999999999
 83 96105109107102 95 90 88 89 94100107110107 98 82 63 44 30 24 28 39 5724 321E6 3 710913 711099999999999999 810 8820 8 2499999999999999
 76 94106112110102 92 82 75 75 80 90103113118114101 80 58 38 25 22 30 4624 322E6 31411214 411899999999999999 838 742045 2199999999999999
 68 89106115114106 92 77 66 61 65 76 93109121124116 98 75 50 31 22 24 3824 323E6 327116144712499999999999999 9 4 612117 2199999999999999
 60 84104117119110 95 76 59 50 50 60 78 99117127127114 92 67 44 28 25 3424 324E6 341119152612999999999999999 930 482146 2499999999999999
 53 78101117123116100 78 57 42 37 43 60 83107124131125108 84 59 40 31 3424 325E6 35612316 213199999999999999 957 372213 3099999999999999
 50 73 98117126122107 84 59 38 27 29 43 65 91114127129119 99 76 55 41 4024 326E6 4131261638130999999999999991024 262238 3999999999999999
 50 70 94115128128115 92 65 40 23 19 27 47 73 99118127124110 90 70 55 4924 327E6 4301291713127999999999999991051 1823 2 4999999999999999
 54 70 92113128132122101 74 46 25 14 16 31 55 81104118122115101 83 68 6024 328E6 4471321750122999999999999991120 132323 5999999999999999
 61 72 90110127134128111 85 57 32 15 11 20 38 62 86105114114106 93 80 7124 329E6 5 51341829116999999999999991150 112343 6999999999999999
 69 76 90108124133132119 97 70 43 23 12 14 26 45 67 87101107105 98 89 8124 330E6 5251341915107999999999999991223 12999999999999999999999
 78 82 92106120130133125108 84 58 36 21 15 19 32 49 67 83 94 98 97 94 8924 331E6 5461332018 9899999999999999 0 0 7813 3 1599999999999999
 87 88 95104116125130127116 97 75 53 35 24 20 24 34 48 62 75 85 90 93 9324 4 1E6 610130999999999999999999999 010 871357 2099999999999999
 94 95 99104112119124125119108 92 73 56 41 30 26 27 33 42 54 66 77 86 9324 4 2E6 6381259999999999999999999991519 25999999999999999999999
 98101103106108112115117116112104 92 79 64 50 37 29 25 27 34 45 59 73 8624 4 3E6 7211179999999999999999999991710 25999999999999999999999
 97105108108106104103104105107108105 99 89 75 59 43 30 22 21 27 40 58 7624 4 4E6 230108 94010899999999999999 6131031838 2099999999999999
 93105112112106 99 92 88 88 93100107111110102 87 67 46 29 18 17 26 42 6424 4 5E6 229113121711299999999999999 725 871937 1699999999999999
 85103114116109 97 83 72 68 71 81 96111120122113 95 71 47 28 18 19 32 5324 4 6E6 242117133912299999999999999 8 5 682024 1799999999999999
 77100116121115100 80 61 49 46 55 73 96116129131121100 74 49 31 24 29 4624 4 7E6 258121143913299999999999999 842 4621 3 2499999999999999
 71 96116126123107 83 57 36 25 28 44 69 97121135136123100 74 51 38 36 4724 4 8E6 316126153213799999999999999 919 242138 3599999999999999
 68 93116130131118 94 63 34 13  6 15 38 68100124136134120 98 75 57 49 5324 4 9E6 335133162213799999999999999 957  622 9 4999999999999999
 69 92115133139131108 77 43 14 -3 -5 10 37 70101123133128114 94 76 65 6324 410E6 3561391710133999999999999991035 -62237 6299999999999999
 73 92114133144141124 95 60 27  1-11 -7 12 41 73101119125119106 91 79 7424 411E6 4181441758125999999999999991114-1123 1 7499999999999999
 79 93112131144146135112 81 47 17 -3 -9 -1 20 48 75 98111114109 99 90 8424 412E6 4421471848115999999999999991154 -92323 8399999999999999
 85 94108125139145141125100 70 40 15  1  0 10 30 53 76 93103104101 95 9024 413E6 5 81451944104999999999999991237 -12341 8999999999999999
 89 94104118130138139130113 89 63 39 21 12 12 22 38 57 74 87 94 96 95 9424 414E6 53514021 2 96999999999999991325 112350 9399999999999999
 93 95101110120127131128118102 82 62 44 31 24 25 32 44 58 72 82 89 93 9524 415E6 6 41319999999999999999999991424 24999999999999999999999
 96 97 99104109115118118115106 94 81 67 53 42 36 34 38 47 58 69 80 88 9424 416E6 6361199999999999999999999991544 34999999999999999999999
 97100100101102103104105105103 99 93 84 74 63 52 43 39 41 47 57 69 81 9124 417E6 7261059999999999999999999991715 39999999999999999999999
 99103103101 98 94 91 91 91 94 96 97 96 91 82 70 57 47 41 41 48 59 73 8724 418E6 14210411 3 9799999999999999 658 911827 4099999999999999
 99106108104 97 89 81 77 76 80 87 94100102 99 89 75 59 47 40 42 51 65 8224 419E6 151108125410299999999999999 737 761919 4099999999999999
 97108112109100 88 75 65 61 64 72 85 98107110105 93 75 58 46 41 46 58 7624 420E6 2 6112135311099999999999999 8 6 6120 0 4199999999999999
 94109117115106 90 72 57 48 47 56 71 89105115117109 93 74 57 46 45 54 7124 421E6 222117143911899999999999999 834 472036 4499999999999999
 90108120121113 96 74 53 38 33 38 53 74 96114123121109 91 71 56 49 53 6724 422E6 240122152012399999999999999 9 1 3321 8 4999999999999999
 87107121127120103 80 55 34 22 22 34 56 81105121127121106 87 69 58 57 6624 423E6 258127155812799999999999999 929 202138 5699999999999999
 84104121131128113 89 60 34 16 10 18 37 63 91113126127118101 84 70 64 6824 424E6 317131163612899999999999999 957 1022 5 6499999999999999
 82101120132134122100 70 41 17  4  5 20 44 73 99118127124112 97 82 73 7324 425E6 3371351714127999999999999991026  32232 7299999999999999
 82 98117132137131112 83 52 24  5 -1  7 26 53 81104119123118106 93 83 7924 426E6 3591371753123999999999999991057 -12257 7999999999999999
 84 96113129138136122 98 67 37 13  0  0 13 35 61 86105116117111101 92 8624 427E6 4221391837117999999999999991130 -12321 8699999999999999
 87 96109124135138130111 84 54 28  9  2  6 21 43 66 87102110110105 99 9324 428E6 44713819311119999999999999912 8  12345 9299999999999999
 92 96106118130136133121100 73 47 25 11  7 14 28 47 67 85 97103105102 9924 429E6 5151362045105999999999999991252  7999999999999999999999
 97 98104112121129131125111 91 68 46 29 18 15 21 33 48 65 80 92 9910210324 430E6 547131224310399999999999999 012 971348 1599999999999999
102101102106112118122122116104 88 70 52 37 27 23 26 35 48 62 77 89 9810424 5 1E6 630122999999999999999999999 05510115 3 2399999999999999
106105103102102104107110111108101 90 76 62 48 37 30 30 36 47 62 78 9210224 5 2E6 012106 74611199999999999999 3191021632 3099999999999999
108109106100 95 91 90 92 96101104103 97 87 74 59 46 37 34 39 50 66 84 9924 5 3E6 044109101410499999999999999 547 901751 3499999999999999
109114111103 91 80 72 70 74 83 94103108107 99 86 69 53 43 40 45 59 76 9524 5 4E6 1 7114122110999999999999999 650 701851 4099999999999999
110118118109 93 75 59 49 48 57 72 90106116117110 95 77 61 50 49 56 72 9124 5 5E6 129119134111899999999999999 735 481940 4899999999999999
110122126119102 78 54 35 26 29 43 65 89110123126118102 83 68 59 61 71 8924 5 6E6 151126144312699999999999999 816 262022 5999999999999999
109125134130115 89 59 32 13  6 14 35 63 92115129130121105 88 75 70 75 8924 5 7E6 214134153713199999999999999 856  621 0 7099999999999999
108126139140129106 74 40 12 -5 -6  7 33 65 96119131131121106 91 82 81 9024 5 8E6 239141162813299999999999999 936 -82134 8099999999999999
106124140147142123 94 58 24 -2-14-11  8 37 69 99120129127117104 93 89 9224 5 9E6 3 61471718129999999999999991017-1522 6 8999999999999999
104120137148149137113 81 45 13 -8-15 -7 15 44 75101118124121112102 95 9424 510E6 33615018 6124999999999999991057-152237 9499999999999999
101114130143150145129102 69 36  9 -7 -9  3 25 53 80101114117114107100 9624 511E6 4 71501855117999999999999991139-1023 8 9699999999999999
 99108121134144145136117 91 61 33 12  1  3 16 37 61 84100109111108103 9824 512E6 4411461947111999999999999991221  02341 9799999999999999
 98102111122132138136125106 82 57 35 19 12 16 29 48 68 86 9910510610410024 513E6 51613820441069999999999999913 7 12999999999999999999999
 98 98103111119126128124113 96 77 57 40 29 25 29 41 56 73 88 9810310410324 514E6 554128214810499999999999999 022 981357 2599999999999999
100 98 98101106111115115112103 90 76 61 48 39 37 40 50 63 77 90 9910410524 515E6 640116225010599999999999999 127 981456 3799999999999999
103100 97 95 95 97100102103102 97 89 79 68 57 49 46 49 57 68 82 9410310724 516E6 756103233710899999999999999 328 9516 4 4699999999999999
108105100 93 88 85 84 86 90 93 95 95 92 85 76 66 57 53 55 63 75 8810010924 517E61023 96999999999999999999999 541 841712 5399999999999999
112111105 96 86 77 71 70 73 80 88 94 98 98 93 83 73 64 59 61 70 83 9710924 518E6 0121131224 9999999999999999 644 701811 5999999999999999
116117112101 87 73 61 55 56 63 74 87 98105106100 90 78 69 65 68 79 9310724 519E6 041118133710699999999999999 724 5519 1 6599999999999999
118123120109 93 74 56 44 40 45 57 74 91106114114106 94 82 73 71 77 8910424 520E6 1 8123143011599999999999999 757 401945 7199999999999999
118127127118101 79 56 38 27 28 38 56 78 99115122119110 97 85 78 79 8710124 521E6 133128151512299999999999999 829 262025 7799999999999999
117129133128112 88 61 37 20 14 20 37 60 86108123127122111 98 87 83 87 9824 522E6 158133155712799999999999999 9 0 1421 1 8399999999999999
114128137136123101 72 43 20  6  6 18 40 68 95116128129122110 98 90 89 9724 523E6 224138163713099999999999999 933  42135 8999999999999999
110126138142134115 87 56 27  6 -2  3 21 47 76102121129127119108 98 93 9624 524E6 25214217191299999999999999910 7 -222 7 9399999999999999
107121136144143129104 73 41 14 -2 -5  6 27 55 84107122127124115105 98 9724 525E6 32114518 3127999999999999991043 -52240 9799999999999999
103116130142146139120 92 60 30  7 -4 -2 12 35 63 89109120123119111104 9924 526E6 3531461851123999999999999991122 -52313 9999999999999999
101110122135144144132111 82 52 25  6 -1  4 20 43 68 9110811711911510810324 527E6 42814519441199999999999999912 4 -1235210199999999999999
101104113125136141137124102 75 48 25 10  7 13 29 50 73 9310711411611210624 528E6 5 81412041116999999999999991251  6999999999999999999999
102101105113123131133128115 95 72 49 30 19 17 24 38 57 77 9510711311411024 529E6 554133213611499999999999999 0421011343 1799999999999999
105100 98101107114121123119108 92 74 55 40 31 29 36 48 65 83 9911011511424 530E6 654123222311599999999999999 154 981441 2999999999999999
109102 95 91 91 94101107111111104 94 80 65 52 44 43 48 59 75 9110511511824 531E6 82211223 211899999999999999 331 901545 4299999999999999
115107 97 86 78 75 77 84 93101105104 99 89 77 66 58 56 61 71 8610211412224 6 1E61024105233612399999999999999 5 4 751649 5699999999999999
122116104 88 73 61 56 58 67 80 93103108107100 90 80 72 70 74 85 9911312524 6 2E61221108999999999999999999999 611 561749 7099999999999999
129126115 97 76 56 41 36 40 52 70 88104114116111102 91 84 82 87 9811212624 6 3E6 0 8129134811699999999999999 7 5 361845 8299999999999999
135136129112 88 61 38 22 18 25 42 65 88108120124119110100 93 93 9911012424 6 4E6 041137145512499999999999999 752 171936 9299999999999999
137143141128105 76 46 21  6  4 16 37 64 9111312612912411510610010110812124 6 5E6 116144155112999999999999999 838  3202310099999999999999
135146149143125 97 64 32  8 -5 -3 13 38 68 9711812913112611610810410711624 6 6E6 154149164213299999999999999 922 -621 810499999999999999
129142152152141118 87 53 22  0 -9 -3 17 45 7510212113013012311510810611024 6 7E6 23215317281319999999999999910 5 -9214910699999999999999
121135147154150135110 77 44 15 -3 -7  3 25 54 8310712212812611911110510524 6 8E6 3121541810128999999999999991047 -7222910499999999999999
112124138149152145127100 69 38 13  0  1 14 37 65 9111112212412011310610224 6 9E6 3521521849125999999999999991128 -123 910299999999999999
104113125138146147137117 91 62 35 16  7 12 28 51 76 9811312112011510710124 610E6 43314819261219999999999999912 8  72351 9999999999999999
 99103112124135140138126107 82 57 36 22 18 26 42 64 8610411511911611010224 611E6 51414020 1119999999999999991248 18999999999999999999999
 97 96101110120128131127115 97 77 56 40 31 31 41 57 76 9511011711811310624 612E6 558131203611899999999999999 038 961328 3099999999999999
 98 93 93 97104112118120115105 91 74 59 47 42 45 55 71 8810411511911711124 613E6 647120211111999999999999999 135 9314 9 4299999999999999
103 95 90 88 91 96102107109106 99 88 76 65 57 55 59 69 83 9811111912111724 614E6 753109214812199999999999999 250 881454 5599999999999999
109100 91 84 81 81 85 91 96100100 96 90 82 75 69 68 72 81 9410711812312324 615E6 933100222612499999999999999 419 801546 6799999999999999
117107 96 84 75 70 69 73 80 88 94 98 99 97 91 85 80 79 83 9210411512412724 616E61143 9923 412799999999999999 536 691645 7999999999999999
125116104 89 74 63 56 56 62 71 83 94102106106101 95 90 89 9310111212212924 617E61323106234313199999999999999 632 551747 8999999999999999
131126114 97 79 61 48 42 44 53 67 83 98109115115110104 98 9710110912012924 618E61428116999999999999999999999 716 411846 9799999999999999
135134125109 88 65 46 32 28 34 47 66 8710511812412311710910410310711712724 619E6 022135151812499999999999999 756 28194010399999999999999
137140136123102 76 51 30 18 17 27 46 70 9411412613112812011210710711312324 620E6 1 014016 213199999999999999 835 16202910699999999999999
135144145137118 92 63 36 16  7 10 25 48 7510112113213412912011210811011824 621E6 140145164413499999999999999 915  6211310899999999999999
130143150148135112 82 50 23  5 -1  7 26 53 8210812613513412711811110811224 622E6 220150172513599999999999999 955 -1215310899999999999999
123137149154148131104 72 39 13 -2 -3  9 32 61 9011312913413112311410810724 623E6 3 115418 7134999999999999991037 -4223410699999999999999
114127142153155146125 96 63 32  8 -3  0 15 40 69 9711813013212711810910324 624E6 3441551847132999999999999991119 -3231510399999999999999
105115129143152152140118 88 56 28  9  2  8 26 52 7910412112912912111110224 625E6 42915419241309999999999999912 1  2999999999999999999999
 99102113127141148146133110 82 54 30 15 12 22 41 65 9011112412912511510424 626E6 518148195912999999999999999 0 1 991243 1299999999999999
 95 93 97108121133139136124103 79 55 37 27 28 39 58 8010211912712812010924 627E6 612139203012999999999999999 052 921324 2699999999999999
 96 87 85 89 99111122128125115 99 80 62 49 44 47 59 77 9611412613012611624 628E6 71512821 013099999999999999 153 8514 6 4399999999999999
102 89 79 75 78 86 97108115115109 98 85 73 65 62 68 79 9511112513313312524 629E6 833116213013499999999999999 3 4 751448 6299999999999999
113 97 81 69 63 64 71 82 94103107107102 94 87 82 81 87 9711012413413813524 630E6102010822 413899999999999999 421 621534 8199999999999999
125110 91 73 58 49 49 56 68 82 94103108108105101 98 9810211112213314014224 7 1E61235109224614299999999999999 534 481628 9799999999999999
137125107 86 64 46 36 34 42 56 73 9010411311711711311011011312113013914524 7 2E61420117233614699999999999999 639 34173611099999999999999
145139125105 80 55 35 23 22 31 48 69 9010812012612512211811711912513414324 7 3E61526126999999999999999999999 736 22185311799999999999999
149149141125101 73 46 25 13 14 26 46 71 9511412713213112612011812012613624 7 4E6 033150161313299999999999999 827 1220 511899999999999999
145152152142123 96 66 37 16  7 10 25 49 7610212113213513112411811611812624 7 5E6 129153165113599999999999999 915  621 311699999999999999
137148155153142119 90 58 30 11  4 11 30 57 8511012713513412811911311111524 7 6E6 222155172413599999999999999 958  4214911199999999999999
125138150156153138113 82 50 24  8  6 18 41 69 9611813113413012111210510524 7 7E6 3 91571753134999999999999991038  5223010499999999999999
113126140152155148130104 73 43 21 10 14 30 55 82107125132131123112103 9824 7 8E6 3531551820133999999999999991115 1023 7 9899999999999999
101112126141150151141120 93 64 39 22 17 26 46 71 97117129132126115103 9524 7 9E6 4351521845132999999999999991150 172345 9399999999999999
 93 99111126139145143130109 83 58 38 28 29 42 64 88110126132129119107 9524 710E6 51514619 9132999999999999991222 27999999999999999999999
 88 89 97110123134137132118 98 76 56 43 39 45 61 83104122132132125112 9924 711E6 556137193313399999999999999 026 881252 3899999999999999
 88 83 86 94106118125127121108 91 74 60 52 54 64 8010011813013413011910524 712E6 642127195813499999999999999 110 831322 5299999999999999
 92 83 79 82 90100110116116111101 88 77 68 66 71 82 9811412813513412611424 713E6 735117202413699999999999999 2 2 791351 6699999999999999
 99 87 78 75 77 83 92100106107104 98 91 85 81 82 88 9911212513413713312224 714E6 850107205313799999999999999 3 5 751421 8199999999999999
109 94 81 72 68 69 74 82 91 98102103102 99 96 95 9710211212213213713713124 715E61054103212713899999999999999 418 681459 9599999999999999
119105 89 75 65 59 59 64 73 83 9310110710911010810810911312012813513913724 716E61337110221013999999999999999 531 5816 110899999999999999
130117101 84 68 55 48 47 53 64 78 9210511411912011911711712012513213814124 717E6145312023 614199999999999999 634 47173511799999999999999
138130117 98 78 58 43 35 35 44 58 76 9511112312912912612312112212713414124 718E61535130999999999999999999999 728 3419 412199999999999999
144142133116 94 69 47 30 22 24 36 55 7810111913113613412912312112212813724 719E6 010144161013699999999999999 817 22201212099999999999999
145150147136115 88 60 35 17 11 16 32 56 8410912713814013512712011712012824 720E6 112150164314099999999999999 9 3 1121 411799999999999999
140151156152137113 82 50 24  7  3 13 34 62 9211713414113913112111311111624 721E6 2 7156171514299999999999999 947  3214711199999999999999
129144156161155136108 74 41 15  1  2 16 41 7210212513914113512311110410424 722E6 2581611745142999999999999991029  0222810399999999999999
113129147160163154133102 67 35 12  3  8 27 55 86113132141138127112 99 9324 723E6 34816418131419999999999999911 9  22310 9399999999999999
 97109128147159161149126 95 62 34 16 12 22 44 73102125138140131116 99 8724 724E6 4371621838141999999999999991146 112353 8399999999999999
 83 89105125143154153140117 89 60 38 27 29 43 67 94118135141136122104 8724 725E6 52815519 2141999999999999991221 26999999999999999999999
 75 74 82 99118135144142130109 85 64 49 44 52 68 91114133143142131113 9324 726E6 621145192414499999999999999 039 731252 4499999999999999
 76 66 66 75 91108123131129119103 86 72 65 66 77 9411313214414713912410524 727E6 720131194714799999999999999 130 651321 6499999999999999
 84 68 59 59 67 81 96109117117111102 92 85 83 8910011513114314914713611924 728E6 831118201314999999999999999 230 581345 8399999999999999
 99 80 64 54 53 59 70 83 9610410810710510210010210811813014114915014513324 729E61022108204515199999999999999 340 5314 210099999999999999
117 97 78 61 50 47 50 59 71 84 9510410911211311411712212913714414914914324 730E62129149999999999999999999999 5 1 47999999999999999999999
132117 99 78 60 46 40 41 49 62 77 9210511512112412512612813213714214614724 731E62242147999999999999999999999 621 39999999999999999999999
143134120101 79 57 41 32 33 41 56 75 9411012313013113012812712913313814424 8 1E61558131999999999999999999999 728 31185412799999999999999
147146138123102 77 53 34 25 26 37 56 7910111913113613412912412112212713524 8 2E6 018147161413699999999999999 823 24202212199999999999999
144150150142124100 72 46 27 19 24 39 62 8711112813713713212311611211412224 8 3E6 133151163413899999999999999 9 9 19211011299999999999999
134146154154143122 94 64 38 21 17 26 46 7310012213513913412411310510310824 8 4E6 229155165513999999999999999 948 17214810399999999999999
120136150157154139115 85 55 31 19 20 35 60 88113131139137127113101 94 9524 8 5E6 3141571715139999999999999991023 182221 9499999999999999
106122139153157150132105 74 47 28 22 30 51 77105126138139130116101 89 8524 8 6E6 3551581734140999999999999991054 222254 8599999999999999
 91106124142153154142121 93 65 42 30 32 46 70 97121137141135121103 88 7924 8 7E6 4331551753141999999999999991123 292326 7899999999999999
 80 90107126142149145131108 83 59 43 39 48 67 92116134143139127109 91 7724 8 8E6 5111491813143999999999999991149 39999999999999999999999
 72 77 91109126138141134119 98 76 60 52 55 68 89112132143143133116 97 8024 8 9E6 549142183214599999999999999 0 0 721214 5199999999999999
 70 69 77 92108123131131123108 91 76 66 65 74 90110129142146139125105 8624 810E6 630133185214699999999999999 036 681236 6599999999999999
 72 66 68 77 91106117122121113102 90 81 78 83 94110126140146144132115 9624 811E6 717123191314799999999999999 116 651255 7899999999999999
 79 68 64 67 76 88100109113112107100 95 92 9310011112513714514513812410724 812E6 818113193614699999999999999 2 2 641310 9299999999999999
 90 75 66 62 65 72 82 9210010510710610510410510911512413414214514213311924 813E6101110720 314599999999999999 3 3 6213 410499999999999999
103 87 73 64 59 60 65 73 82 9210010611011311511812112513113714214213813024 814E62041143999999999999999999999 424 59999999999999999999999
117102 87 72 60 53 50 54 62 73 86 9810911812412612712813013313613914013824 815E62150140999999999999999999999 553 50999999999999999999999
131120105 88 69 54 43 38 41 51 66 8410111712713313413213012812913313714124 816E61543134233914299999999999999 7 5 3819 512899999999999999
142137126109 88 65 44 31 25 30 43 63 8610812613614013713012512112312913724 817E61557140999999999999999999999 8 2 25201412199999999999999
145149145133112 85 58 34 19 15 23 41 67 9411813514214113312211411111512524 818E6 1 5149161714399999999999999 850 15205811199999999999999
139151157153138112 81 50 25 10 10 23 47 77106129142144136123109100 9910724 819E6 2 8158163914599999999999999 933  82137 9899999999999999
123142158164158139109 75 43 19  9 14 32 61 92120139146140125107 91 83 8624 820E6 3 216417 1146999999999999991011  92215 8399999999999999
101122145161167158135104 70 40 21 16 27 51 81111135146144131110 89 73 6824 821E6 3531671722147999999999999991047 162253 6899999999999999
 76 95121145160163152128 98 67 43 30 33 50 76105130146149138118 93 71 5724 822E6 4421641741150999999999999991119 302334 5599999999999999
 57 69 91118141154155142119 93 68 52 48 57 77103128146153147129104 77 5724 823E6 53215618 1153999999999999991148 47999999999999999999999
 46 50 65 88112133143142130111 91 74 67 70 84104127146156154140117 91 6624 824E6 623144182115799999999999999 016 461213 6699999999999999
 48 41 47 62 83105121129128118106 93 85 85 94109127144156158150132108 8324 825E6 719130184315999999999999999 1 2 411232 8499999999999999
 61 46 42 47 61 78 95108115115111105100 9910411412814215315815514312410224 826E6 82911619 715899999999999999 156 421241 9999999999999999
 81 62 50 45 48 58 71 85 9610310710810811011311912813814715315314813612024 827E61937154999999999999999999999 3 3 45999999999999999999999
102 84 68 55 49 48 54 63 75 86 9610411011612012412813313914314614514113224 828E62020146999999999999999999999 432 48999999999999999999999
121107 91 74 60 50 46 48 56 68 81 9510711712412812913013113213413613813724 829E62215138999999999999999999999 6 8 46999999999999999999999
133126114 97 78 61 47 41 42 51 65 8210011512613113212912512212112312813424 830E61534132999999999999999999999 720 40194612199999999999999
138138133120101 78 57 42 35 38 50 68 9011012513413513012211410910911512424 831E6 036139154013599999999999999 812 35203210999999999999999
134143145138122 99 73 50 35 31 38 55 78102122134138133122110100 9610011024 9 1E6 146145155313899999999999999 853 3121 4 9699999999999999
124139149149139119 92 65 43 30 31 44 66 92116133140136125110 95 86 85 9424 9 2E6 23515016 914099999999999999 927 292134 8499999999999999
110129145153151136111 83 56 37 31 39 58 84110131141140129112 94 79 74 7924 9 3E6 316154162514299999999999999 957 3122 3 7499999999999999
 93114135150155147127101 73 50 37 39 53 77104127142144135117 96 77 66 6524 9 4E6 3531551642145999999999999991025 362232 6499999999999999
 76 96119139151151138116 90 66 49 45 53 73 99123141147140123101 79 62 5624 9 5E6 4291531659147999999999999991051 4423 1 5699999999999999
 62 79101124141148143127105 82 64 55 58 73 96120139149146131109 84 64 5224 9 6E6 5 51481716149999999999999991114 552331 5099999999999999
 52 63 83106126139141133116 97 79 68 67 77 95117137149150138118 93 70 5324 9 7E6 5421421734151999999999999991136 66999999999999999999999
 47 53 68 88109125133132122107 93 82 78 84 97116134147151144127103 79 6024 9 8E6 620134175215199999999999999 0 2 471155 7899999999999999
 48 48 57 73 91109120125122113103 94 90 92101116131144151147134114 91 7024 9 9E6 7 3125181015199999999999999 035 471210 8999999999999999
 55 48 51 61 75 91104113116113108103100101107117129141148148140124104 8424 910E6 8 0116183114999999999999999 114 48121710099999999999999
 66 55 51 54 62 73 86 96104107108108108110114120128137143145142131116 9924 911E61854145999999999999999999999 2 5 51999999999999999999999
 82 68 58 53 54 59 67 77 87 9510310811311712112412813313714014013512711524 912E61926140999999999999999999999 324 53999999999999999999999
101 86 72 61 53 49 50 56 66 78 9010311312112712913013013113213313313212724 913E62046133999999999999999999999 514 49999999999999999999999
119108 93 77 61 49 41 39 45 57 73 9110812213113413212812412212212512913324 914E615 8134233613399999999999999 642 39192612199999999999999
133128117101 80 59 41 31 29 37 53 74 9711713113813612811911110711011712824 915E61515138999999999999999999999 741 2920 810799999999999999
138143139127106 80 55 34 23 23 36 57 83109129140140131117102 92 90 9811224 916E6 110143153014199999999999999 828 222043 9099999999999999
130145153149133108 78 50 29 21 26 44 70 99124140144135118 98 80 71 74 8824 917E6 212153154814499999999999999 9 8 212118 7199999999999999
110133152160154135107 75 48 31 27 38 61 90118139147142124100 75 57 52 6024 918E6 3 616016 614799999999999999 944 272155 5299999999999999
 81109136156162154132103 74 51 39 43 59 85114138151149134108 78 53 37 3724 919E6 3561621624152999999999999991017 392232 3599999999999999
 51 78109137155158147126 99 75 59 55 65 86112137153156145121 90 58 35 2424 920E6 4451591643157999999999999991046 552311 2399999999999999
 29 48 77108133148149137118 97 80 72 75 90112136154161155135106 73 44 2424 921E6 53415017 4161999999999999991112 722352 1899999999999999
 19 28 49 77105126137136126111 97 88 88 97114134152162161148123 93 63 3824 922E6 6241381725163999999999999991133 87999999999999999999999
 23 21 33 53 77100117124123116108101 99104116132147159162154137112 85 5924 923E6 721125174916299999999999999 036 201147 9999999999999999
 39 29 30 40 57 76 93106112113110108107110117129141151156154144126105 8324 924E6 838113181515699999999999999 126 28114610799999999999999
 63 48 40 40 47 58 72 86 9610310710911111411912613314014514614213311910424 925E61843146999999999999999999999 230 39999999999999999999999
 87 72 59 50 48 50 57 68 79 90 9910611311712112412713013213413313012511724 926E61920134999999999999999999999 4 1 48999999999999999999999
107 95 82 69 58 51 50 54 63 76 8910111211912412512312112011911912112212224 927E61450125223912399999999999999 542 5019 611999999999999999
120115104 90 74 60 50 47 52 62 77 9310812012712712311611010510410711212024 928E61437128999999999999999999999 654 47194810499999999999999
125127122111 93 74 57 47 44 51 66 85104119129131126116104 94 89 91 9811024 929E6 048127144613199999999999999 743 442018 8999999999999999
122132134128113 92 70 52 43 45 56 75 97117130135130118102 87 77 75 81 9524 930E6 149134145913599999999999999 822 432045 7599999999999999
113129139140129110 86 64 48 44 51 68 90113131139136123104 85 69 61 65 782410 1E6 233141151413999999999999999 854 442112 6199999999999999
 98119136145141126104 80 59 48 50 63 84109129141141129109 86 65 52 50 602410 2E6 313145153014399999999999999 924 472139 4999999999999999
 80104127142147138120 96 74 59 54 62 81104127142146136117 91 66 47 39 442410 3E6 349147154714699999999999999 951 5422 7 3999999999999999
 61 86112134145144132112 90 72 63 65 79101124141149143125 99 71 48 34 332410 4E6 42514616 5149999999999999991017 622234 3199999999999999
 45 68 94119137143138123104 86 74 72 81 99121140150148134109 80 53 34 272410 5E6 5 11431622151999999999999991041 7223 3 2799999999999999
 33 51 76102123136137129114 98 86 81 86 99118137149151141120 92 63 40 272410 6E6 53813816411529999999999999911 2 812332 2599999999999999
 27 39 59 84107123131129120108 97 91 92101116133146152146129104 76 51 342410 7E6 61713117 0152999999999999991121 90999999999999999999999
 27 32 47 67 89107119123120113105 99 99104115129142149148136116 90 66 452410 8E6 7 1123172115099999999999999 0 4 271137 9899999999999999
 33 31 39 53 71 89103112115113109106105108116126137144146139125104 82 612410 9E6 8 3115174314699999999999999 042 31114510599999999999999
 46 38 38 44 56 70 85 96104108110111111113118124131137140138130116 99 80241010E618 9140999999999999999999999 131 37999999999999999999999
 64 51 44 43 46 54 65 77 89 98106112116118121123126129131131129122112 99241011E61842132999999999999999999999 246 42999999999999999999999
 85 71 59 50 45 44 49 58 70 84 97108117123124124122120119119120121119114241012E614 8125204312199999999999999 434 44181111999999999999999
106 95 81 67 53 44 40 43 52 67 84101116125129126120112106103105109116121241013E614 3129234612299999999999999 6 5 40191010399999999999999
122118107 91 72 55 41 36 40 52 71 92111126132130121107 94 85 83 89101114241014E61415133999999999999999999999 7 6 361945 8399999999999999
126132130118 99 76 55 41 37 43 60 82105125136136125107 87 70 62 63 76 95241015E6 114132143013799999999999999 754 362020 6199999999999999
116134142140125103 78 57 44 43 55 75100123138142133113 87 62 45 39 46 66241016E6 216143144814399999999999999 834 422056 3999999999999999
 93120141150145128105 80 61 53 57 73 96121140149143124 96 64 37 21 20 35241017E6 3 915015 714999999999999999 910 532133 1999999999999999
 62 94124144152145127104 83 69 67 76 96119141154153138110 76 42 16  5 10241018E6 4 0152152815599999999999999 943 662211  599999999999999
 31 62 96125144148140123104 88 80 84 97118140156161151128 94 58 25  4 -2241019E6 4491481551161999999999999991012 802251 -299999999999999
  8 33 65 98124138140132118103 93 92101117137154163160143115 80 45 17  1241020E6 5391411616164999999999999991038 922332 -299999999999999
  0 14 39 69 98119129130123113104100104116132148160162152131102 69 39 17241021E6 63113116431629999999999999911 1100999999999999999999999
  6  9 25 48 73 96112120120115110106107114126139151157154141119 92 65 41241022E6 730120171215799999999999999 016  6112110699999999999999
 24 18 23 36 55 75 93105111112111109109112119129139145146141128109 88 67241023E6 851112174314799999999999999 1 4 18113410999999999999999
 49 36 32 36 46 60 75 89 99106109110111112115120126131133132127116103 88241024E61816134999999999999999999999 2 2 32999999999999999999999
 73 59 49 44 45 52 62 75 87 97105110113114114114115116118118118115110102241025E619 9118999999999999999999999 318 44999999999999999999999
 93 81 70 59 53 51 55 64 76 89100109115117116113108104102102103106108108241026E613 8117224110899999999999999 447 51183910299999999999999
106100 90 78 66 57 54 57 66 80 94107117121121115106 97 89 86 86 91 99106241027E61321122999999999999999999999 6 0 541920 8599999999999999
112112107 97 83 69 59 55 60 72 87104117125126120108 94 81 72 69 74 84 97241028E6 040113133812799999999999999 654 551951 6999999999999999
110118120114100 84 69 59 58 66 81 99116128132127114 95 77 62 55 56 67 83241029E6 142120135613299999999999999 736 582019 5499999999999999
102117126126117101 83 68 62 64 76 94113129136133121101 77 57 43 40 48 65241030E6 229128141513799999999999999 813 612047 4099999999999999
 88109126133130117 99 82 70 67 74 90110128139140129108 82 57 37 28 31 46241031E6 310133143414199999999999999 846 672114 2899999999999999
 70 96119133137129114 96 81 74 76 88106125140145137118 91 62 37 21 18 292411 1E6 348137145414599999999999999 917 732142 1899999999999999
 51 78105126137136126110 94 83 80 88103122139147144128102 72 42 21 11 162411 2E6 425138151514899999999999999 946 802211 1199999999999999
 33 59 88114131137132120106 93 87 90101119136148149138115 84 53 27 11  82411 3E6 5 31371537150999999999999991012 872241  899999999999999
 20 42 69 97118131132126114102 94 94101115131145150144126 99 67 38 17  82411 4E6 54113316 0150999999999999991037 932313  899999999999999
 12 27 51 78102119127126119109102 98102112126140148147135112 84 54 30 142411 5E6 62312716241499999999999999911 1 982348 1099999999999999
 11 19 37 60 83103116121119114107103104110121133143146140123100 72 47 272411 6E6 7131211651146999999999999991124103999999999999999999999
 17 17 27 44 65 84101111115114111108107110116126135140139129112 90 67 462411 7E6 820115172114099999999999999 029 16115010799999999999999
 31 24 25 34 49 66 83 97106111113112111111113118124130132129119104 86 672411 8E610 3113175813299999999999999 118 23123211199999999999999
 50 38 32 33 40 51 66 81 95105111115115114112112113116119120118112101 882411 9E61136115185912099999999999999 224 31143911299999999999999
 74 60 48 41 39 43 53 66 81 96107115118117113108103101101103107109108104241110E61214119211810999999999999999 347 39172610099999999999999
 96 84 71 58 49 45 47 56 70 86102114121122117107 96 87 81 81 86 94103109241111E61239123234711199999999999999 510 451831 8199999999999999
111106 97 83 68 57 51 53 63 78 96112124128124112 95 78 64 58 60 70 85101241112E613 1128999999999999999999999 615 511915 5899999999999999
114120118108 93 77 65 59 62 74 91110126134133121101 77 54 39 34 41 58 80241113E6 116120132313599999999999999 7 8 591955 3499999999999999
103120129128117101 85 73 70 75 89108126139142133113 85 55 30 15 14 27 50241114E6 222130134714299999999999999 753 692034 1399999999999999
 79107127136134123106 91 82 81 90106125142150146129101 67 34  8 -3  1 19241115E6 318137141315099999999999999 833 802115 -499999999999999
 49 81111131139136124109 96 91 94106123141154156145121 87 50 16 -6-13 -4241116E6 410139144115799999999999999 9 9 912156-1399999999999999
 19 52 85114132138133122109100 99105119137152160156139109 73 36  6-13-15241117E6 5 1138151216099999999999999 943 982238-1699999999999999
 -1 25 58 90115129132127118108103105114129145157160151129 97 62 28  2-10241118E6 55113315461609999999999999910161032320-1199999999999999
 -8  9 35 65 93113124126121113107105109120135148155154141117 87 55 26  6241119E6 6401261621156999999999999991049105999999999999999999999
 -2  4 22 46 72 95111118119114109105105112122134144148143128106 79 52 29241120E6 731119165814899999999999999 0 3 -2112410499999999999999
 15 11 19 35 57 78 97109114113110106103105111120129135136129115 96 74 53241121E6 824114173713699999999999999 048 1112 810399999999999999
 36 27 26 33 48 66 84 98108111111108104102103107113119122122116105 90 74241122E6 920112182312399999999999999 135 25131310299999999999999
 58 46 39 39 46 58 74 89101109112111108103100 98 99102105108108104 98 88241123E61014112193210899999999999999 229 3815 3 9899999999999999
 77 66 56 51 51 57 67 81 94106112114113108101 95 90 88 88 90 94 96 97 96241124E611 01142152 9799999999999999 331 501721 8799999999999999
 91 84 75 66 61 60 65 75 88101112117118114106 96 85 77 72 72 76 83 90 96241125E61139119999999999999999999999 437 601831 7299999999999999
 99 97 92 84 75 69 68 73 83 96109119123121113101 86 71 61 56 58 66 77 89241126E6 013 99121212399999999999999 540 681913 5699999999999999
 99105106100 91 82 75 75 81 92106118126128122109 91 71 54 43 41 47 60 77241127E6 133106124212899999999999999 635 741947 4199999999999999
 94107114114107 97 87 81 82 89102116127133130118 99 76 53 36 27 29 41 60241128E6 228115131113399999999999999 723 802019 2799999999999999
 82102116122120111100 90 86 89 99112126136137128110 85 58 34 19 15 23 41241129E6 313123133813899999999999999 8 6 862050 1599999999999999
 65 90111124128123112101 93 91 97109123136142137122 97 68 39 17  6  8 22241130E6 35312814 614299999999999999 845 912122  599999999999999
 46 73 99119130130122111101 95 96105119134143144133111 82 50 23  4 -1  72412 1E6 431131143514599999999999999 920 952155 -199999999999999
 27 54 83108124131128119108100 97102114129142148143126 99 66 35 10 -3 -32412 2E6 51013115 514899999999999999 952 972229 -599999999999999
 11 34 63 91113126129124115106100101109122136146147137115 85 52 23  3 -52412 3E6 5501291536148999999999999991024 9923 6 -599999999999999
  0 18 44 72 97115124125119110103100104114128141147143128103 73 42 17  12412 4E6 63312516101479999999999999910571002344 -299999999999999
 -2  8 27 52 78100115121120114107102101107118131140143135117 92 63 36 162412 5E6 7201221646143999999999999991134101999999999999999999999
  5  6 17 37 61 84102114118116111104101102108118128135134125107 84 59 362412 6E6 8 8118172813599999999999999 026  4121910099999999999999
 20 13 16 29 47 68 89104114117114108102 98 99104112120124123115 99 80 602412 7E6 857117182012599999999999999 111 131321 9899999999999999
 42 29 25 29 41 58 77 94108115116112105 98 93 92 94100107111112106 95 812412 8E6 942116193411299999999999999 2 0 251448 9299999999999999
 66 52 42 39 43 54 69 86101113118117111102 92 83 79 79 83 90 97101101 962412 9E61022118212510299999999999999 256 391627 7899999999999999
 87 76 65 58 55 58 67 81 96110119122119109 96 81 69 61 59 64 73 84 94 99241210E61058122234110199999999999999 359 551743 5999999999999999
100 97 89 80 73 70 72 81 93108120127127120106 87 67 50 40 38 45 58 75 90241211E61133128999999999999999999999 5 4 701841 3899999999999999
102108108102 94 87 83 86 94106119130135132120100 76 51 30 19 19 29 47 70241212E6 12710912 913599999999999999 6 6 831932 1799999999999999
 91107117118113105 97 94 97105117130139142135118 93 63 34 12  1  4 18 42241213E6 241118124814299999999999999 7 4 942019  199999999999999
 69 94114124126120111104101105114126139147147136114 83 49 19 -3-11 -5 14241214E6 340126132914899999999999999 75810121 4-1199999999999999
 42 72100119129129122114107105110120134146153149134107 73 38  7-12-17 -7241215E6 430130141215399999999999999 8471052148-1799999999999999
 17 47 79105123130128121112106106113125139151155148128 99 63 28  0-15-16241216E6 516130145415599999999999999 9321052232-1799999999999999
 -1 25 56 86110124128124115107103105113127142152153142120 89 55 22 -2-12241217E6 55612815371549999999999999910141032313-1399999999999999
 -8 10 37 67 94113123123117108101 98103113128141148146133109 79 48 20  1241218E6 6331241619149999999999999991054 982352 -499999999999999
 -4  5 25 51 78101115120118110101 95 94100112125137141136121 98 70 43 21241219E6 7 712017 1141999999999999991136 93999999999999999999999
  9  9 21 41 66 89107116117112103 94 89 90 97109120128130123108 87 64 42241220E6 737118174413099999999999999 030  71222 8999999999999999
 27 20 24 38 58 80 99112117115107 98 89 85 87 93102111117117110 97 80 62241221E6 8 7117183011899999999999999 1 6 201314 8599999999999999
 46 36 34 41 56 74 93108116117112103 93 85 81 81 86 93100104104 98 89 76241222E6 838118192710599999999999999 141 341421 8099999999999999
 64 54 49 50 58 72 88103114119117110100 89 80 75 74 76 81 87 91 93 91 85241223E6 9111192054 9399999999999999 219 481546 7499999999999999
 78 71 65 63 65 73 85 99111119121117108 97 85 74 66 63 64 69 75 81 86 88241224E6 9471212321 8999999999999999 3 1 631714 6399999999999999
 88 85 82 78 76 79 86 96107117122122116106 93 78 65 55 50 51 57 65 76 85241225E61028123999999999999999999999 356 761820 5099999999999999
 92 95 96 93 90 88 90 95104114122125123116103 86 68 52 41 36 39 47 60 75241226E6 133 96111112599999999999999 5 6 881910 3699999999999999
 89 99105106103 99 96 97102110119126128125114 98 77 56 38 26 23 29 42 60241227E6 242106115712899999999999999 620 961951 2399999999999999
 79 96109115115110105101101106115124131132126112 90 66 42 23 12 12 22 41241228E6 327115124313299999999999999 7251012030 1199999999999999
 64 86105118122120113107103104110119129136135126107 81 52 27  8  1  5 21241229E6 4 5122132613799999999999999 81910221 8  199999999999999
 44 71 95114124126121113105102105113125136141138123 99 69 38 13 -3 -7  3241230E6 44112614 914199999999999999 9 41022146 -799999999999999
 23 51 79104120127125117108101100105117131142145138119 90 57 26  2-11 -9241231E6 515127145114599999999999999 9441002224-1299999999999999
