 19 20 20 19 19 19 19 19 17 14 10  6  3  2  2  3  5  8 11 14 16 17 17 1724 1 1F3 515 192136 1799999999999999 4 1 191332  299999999999999
 16 16 16 16 16 16 16 16 15 13 10  7  5  3  3  3  4  6  9 11 13 14 15 1424 1 2F32149 159999999999999999999991354  3999999999999999999999
 14 14 13 13 13 12 12 13 12 12 10  8  6  5  4  5  6  7  9 11 12 13 14 1324 1 3F32151 1499999999999999999999914 3  4999999999999999999999
 13 12 11 11 10  9  9  9 10 10 10  9  8  7  7  7  8  9 10 12 13 14 14 1424 1 4F3 912 102147 1499999999999999 6 7  91356  799999999999999
 13 12 10  9  8  7  6  6  7  8  9 10 10 10 10 10 11 12 13 14 15 15 15 1524 1 5F32146 15999999999999999999999 641  6999999999999999999999
 14 12 11  9  8  6  5  4  4  6  8 10 11 12 13 14 15 16 16 17 17 17 18 1724 1 6F32143 18999999999999999999999 714  4999999999999999999999
 16 14 12 10  8  6  4  3  2  3  6  9 12 14 16 17 18 19 20 20 20 20 20 2024 1 7F31936 20999999999999999999999 749  2999999999999999999999
 19 17 15 12  9  7  4  2  1  1  3  6 10 14 18 20 21 22 23 23 23 23 22 2224 1 8F31925 23999999999999999999999 826  1999999999999999999999
 21 20 18 16 12  9  5  2  0 -1  0  3  7 13 17 21 23 24 25 25 26 25 25 2424 1 9F31936 26999999999999999999999 9 6 -1999999999999999999999
 23 23 22 19 16 12  8  4  0 -2 -2 -1  3  8 14 20 23 25 26 27 26 26 26 2524 110F31919 27999999999999999999999 951 -2999999999999999999999
 25 24 24 23 20 16 11  6  2 -2 -4 -4 -2  3  9 16 21 25 26 26 26 26 26 2524 111F31842 269999999999999999999991038 -4999999999999999999999
 25 25 25 24 23 20 15 10  4  0 -4 -6 -5 -3  2  9 16 21 24 25 24 24 24 2424 112F31858 259999999999999999999991128 -62328 2399999999999999
 24 23 24 24 24 23 19 14  8  2 -2 -5 -7 -6 -3  2  9 16 20 22 22 21 21 2124 113F3 338 241923 22999999999999991220 -72352 2199999999999999
 21 21 21 22 23 23 22 18 13  7  1 -3 -5 -7 -6 -3  3 10 15 19 19 19 17 1724 114F3 446 231951 19999999999999991311 -7999999999999999999999
 17 17 17 18 19 20 21 19 16 11  5  1 -2 -4 -5 -4  0  5 10 15 17 16 15 1324 115F3 551 212019 1799999999999999 025 1714 0 -599999999999999
 13 13 13 13 14 15 17 18 17 14  9  5  2  0 -1 -1  0  3  7 11 14 15 14 1124 116F3 658 182046 1599999999999999 117 131447 -199999999999999
 10  9  9  9  9 10 11 13 14 14 12  9  6  5  4  4  4  5  7 10 13 14 14 1224 117F3 814 142112 1499999999999999 338  91531  499999999999999
  9  7  6  6  5  5  6  7  9 11 11 11 10  9  9  9  9  9 10 11 13 15 15 1324 118F3 954 112134 1599999999999999 446  51332  999999999999999
 11  8  6  4  3  2  2  3  4  7  9 10 11 12 13 14 15 15 15 15 15 16 16 1524 119F32149 16999999999999999999999 555  2999999999999999999999
 14 11  8  5  3  2  1  0  1  2  5  8 11 13 15 17 19 20 20 20 19 19 18 1824 120F31750 20999999999999999999999 7 1  0999999999999999999999
 17 14 11  8  5  3  1  0 -1  0  2  5  9 13 16 18 21 23 23 23 23 22 21 2024 121F31828 24999999999999999999999 758 -1999999999999999999999
 19 18 16 12  9  6  3  1 -1 -1  0  3  7 11 15 19 22 24 25 25 25 24 23 2224 122F319 3 25999999999999999999999 848 -1999999999999999999999
 21 21 19 17 13  9  6  3  0 -1 -1  1  4  9 14 18 21 24 25 26 26 25 24 2324 123F31934 26999999999999999999999 931 -1999999999999999999999
 22 22 22 20 17 14  9  5  2  0 -1  0  2  6 11 16 20 23 24 25 25 24 24 2324 124F31936 2599999999999999999999910 9 -1999999999999999999999
 22 22 22 22 20 17 13  8  4  1 -1 -1  0  3  7 13 17 21 22 23 23 22 22 2224 125F31854 239999999999999999999991043 -1999999999999999999999
 21 21 21 22 22 20 16 11  6  2 -1 -2 -2  0  4  9 14 18 20 21 20 20 19 1924 126F3 312 221857 2199999999999999 047 211117 -299999999999999
 19 19 20 20 21 20 18 14  8  3  0 -2 -3 -2  1  5 10 14 17 18 18 17 16 1624 127F3 4 3 211914 1899999999999999 046 191149 -32241 169999999
 16 16 17 18 19 19 18 15 10  5  1 -2 -3 -3 -1  2  6 11 14 16 16 15 14 1324 128F3 446 191933 16999999999999991218 -32314 1399999999999999
 13 13 14 14 16 17 16 15 11  7  2 -1 -2 -3 -2  0  4  8 11 13 14 13 11 1124 129F3 527 171949 14999999999999991243 -3999999999999999999999
 10 10 10 11 12 13 14 13 11  8  4  1 -1 -1 -1  1  3  6  9 11 12 11 10  924 130F3 6 8 141959 1299999999999999 0 0 101259 -199999999999999
  8  8  8  8  9 10 11 12 11  9  6  3  1  1  1  2  4  7  9 11 12 11 10  824 131F3 655 1220 1 1299999999999999 2 5  813 1  199999999999999
  7  6  6  6  6  7  8  9 10  9  7  5  4  4  4  5  7  8 10 12 12 12 10  824 2 1F3 754 101959 1299999999999999 311  61250  499999999999999
  7  5  5  4  4  4  5  7  8  9  8  8  7  7  8  9 10 11 13 14 14 14 12 1024 2 2F3 917  91956 1499999999999999 4 9  41232  799999999999999
  8  6  5  4  3  3  3  4  6  8  9  9 10 10 11 12 14 15 16 16 16 16 14 1224 2 3F31941 16999999999999999999999 5 6  3999999999999999999999
 10  8  6  4  3  2  2  2  4  6  8 10 12 13 14 16 17 18 19 19 19 18 17 1524 2 4F31841 19999999999999999999999 6 5  2999999999999999999999
 13 10  8  6  4  2  1  1  1  3  6  9 12 15 17 18 20 21 22 22 21 20 19 1824 2 5F31826 22999999999999999999999 7 2  1999999999999999999999
 16 14 11  8  5  3  1  0 -1  0  2  6 10 14 17 20 21 23 23 24 23 22 21 2024 2 6F31838 24999999999999999999999 758 -1999999999999999999999
 18 17 14 11  8  5  2 -1 -2 -3 -2  1  6 11 16 19 22 23 24 24 24 23 22 2124 2 7F31852 24999999999999999999999 852 -3999999999999999999999
 20 19 18 15 12  8  4  0 -3 -5 -5 -4  0  6 12 17 20 22 23 23 22 22 21 2024 2 8F31823 23999999999999999999999 944 -6999999999999999999999
 20 20 20 19 16 12  7  2 -2 -6 -8 -8 -6 -1  6 12 17 20 21 20 20 19 19 1924 2 9F318 3 219999999999999999999991037 -8999999999999999999999
 18 19 20 20 19 17 12  6  0 -4 -8 -9 -9 -6 -1  6 12 17 18 18 17 16 15 1524 210F3 3 0 201814 1899999999999999 0 4 181127-102259 159999999
 15 16 17 19 20 19 16 11  5 -1 -5 -8-10 -9 -6  0  7 13 16 16 14 12 11 1124 211F3 410 201834 16999999999999991217-102233 1199999999999999
 11 11 12 15 17 19 18 15 10  4 -1 -5 -7 -8 -7 -3  3  9 13 14 13 10  8  724 212F3 514 191856 149999999999999913 4 -82327  799999999999999
  7  7  7  9 12 15 17 16 13  9  4  0 -2 -3 -4 -2  1  6 11 13 12 10  6  424 213F3 616 171919 13999999999999991349 -4999999999999999999999
  3  3  3  4  6  9 13 14 14 12  8  5  3  2  2  2  3  6 10 12 13 11  7  424 214F3 721 141941 1399999999999999 117  31431  299999999999999
  2  1  0  0  1  3  7 10 12 12 11  9  8  8  8  8  8  9 11 13 14 13 10  624 215F3 838 121959 1499999999999999 236  01354  899999999999999
  3  1  0 -1 -1  0  2  4  7  9 11 11 11 12 13 14 14 14 15 15 15 15 13 1024 216F320 0 15999999999999999999999 345 -1999999999999999999999
  6  3  1  0 -1 -2 -1  0  3  6  8 10 12 14 16 18 19 19 19 18 18 17 16 1324 217F31643 19999999999999999999999 459 -2999999999999999999999
 10  7  4  2  1 -1 -1 -1  0  2  5  8 12 14 17 20 22 23 22 21 20 19 18 1624 218F31718 23999999999999999999999 622 -1999999999999999999999
 14 12  9  6  4  2  0 -1 -1  0  2  6 10 13 17 20 22 24 24 23 22 20 19 1824 219F31751 24999999999999999999999 738 -1999999999999999999999
 17 15 13 10  7  5  2  1  0 -1  1  3  7 11 15 18 21 23 23 23 22 21 19 1824 220F31818 23999999999999999999999 839 -1999999999999999999999
 18 17 16 14 11  8  5  2  0 -1 -1  1  4  8 13 16 19 21 22 21 21 20 19 1824 221F31826 22999999999999999999999 926 -1999999999999999999999
 18 18 17 16 14 11  7  4  1 -1 -1 -1  1  5 10 14 17 19 19 19 18 18 17 1624 222F318 1 1999999999999999999999910 4 -12346 1699999999999999
 16 17 17 17 16 13  9  5  1 -1 -2 -2 -1  2  6 11 14 16 17 16 15 15 14 1424 223F3 233 171754 17999999999999991037 -22338 1499999999999999
 14 14 16 17 17 15 12  7  3 -1 -3 -4 -3 -1  3  7 11 14 15 14 13 11 11 1124 224F3 328 1718 2 159999999999999911 7 -42319 1199999999999999
 11 11 13 15 16 15 13  9  4  0 -3 -4 -4 -3  0  4  8 11 13 12 11  9  8  824 225F3 414 161815 13999999999999991134 -423 9  899999999999999
  8  8 10 12 14 14 13 10  6  2 -1 -3 -4 -3 -1  2  6  9 11 11  9  7  5  524 226F3 457 141827 11999999999999991158 -42338  599999999999999
  5  5  6  8 11 13 13 11  8  4  1 -1 -2 -2  0  2  5  8 10 10  9  6  4  324 227F3 539 131833 10999999999999991216 -2999999999999999999999
  3  3  3  5  8 10 12 11 10  6  3  2  1  1  2  4  6  9 10 10  9  7  4  224 228F3 622 121834 1199999999999999 018  21217  199999999999999
  1  1  1  2  5  8 10 11 11  9  6  5  4  4  5  6  8 10 12 12 10  8  5  224 229F3 710 111834 1299999999999999 1 3  112 1  499999999999999
  1  0  0  1  2  5  8 10 11 10  9  8  8  8  9 10 11 13 14 14 12 10  7  424 3 1F3 8 7 111833 1499999999999999 148  01148  799999999999999
  2  1  0  0  1  3  5  8 10 11 11 11 11 11 13 14 15 15 16 16 15 12  9  624 3 2F31821 16999999999999999999999 236  0999999999999999999999
  4  2  1  0  0  1  3  6  8 10 12 13 13 14 16 17 18 18 18 18 17 15 12  924 3 3F31729 18999999999999999999999 332  0999999999999999999999
  6  4  2  1  1  1  1  3  5  8 11 13 15 16 17 19 20 21 21 20 18 17 15 1224 3 4F31711 21999999999999999999999 445  1999999999999999999999
  9  7  4  3  1  0  0  0  2  4  7 11 14 16 18 20 21 22 22 21 20 18 16 1524 3 5F31726 22999999999999999999999 612  0999999999999999999999
 12 10  7  5  3  1 -1 -2 -2  0  3  7 11 14 17 19 21 21 22 21 20 19 17 1624 3 6F31746 22999999999999999999999 732 -2999999999999999999999
 15 13 11  8  5  2  0 -3 -4 -4 -3  1  6 11 15 17 19 20 20 19 19 18 16 1624 3 7F31740 20999999999999999999999 838 -4999999999999999999999
 16 15 14 12  9  5  1 -2 -5 -7 -7 -5 -1  5 10 14 17 17 17 16 16 15 14 1424 3 8F317 0 17999999999999999999999 936 -723 4 1499999999999999
 14 15 16 16 13 10  5  0 -4 -7 -8 -8 -6 -1  5 11 14 15 14 13 11 11 10 1024 3 9F3 212 1617 0 15999999999999991029 -82249 1099999999999999
 11 13 15 17 17 14 10  5  0 -4 -7 -8 -8 -5  1  7 11 13 13 10  8  6  6  624 310F3 325 171714 13999999999999991119 -82213  699999999999999
  6  8 11 15 17 17 14 10  4  0 -3 -5 -6 -6 -2  3  9 12 12 10  6  3  1  124 311F3 430 171735 129999999999999912 7 -72249  199999999999999
  2  3  6 10 14 17 17 14 10  5  2  0 -2 -3 -1  3  7 11 12 11  7  2 -1 -224 312F3 532 171757 12999999999999991253 -32347 -299999999999999
 -2 -2  0  4  8 13 16 16 14 10  7  5  4  3  3  5  8 11 13 13  9  4  0 -324 313F3 635 161818 13999999999999991339  3999999999999999999999
 -4 -4 -4 -1  3  7 12 14 15 14 12 10 10 10  9  9 11 13 14 14 12  8  3 -124 314F3 742 151835 1599999999999999 052 -41427  999999999999999
 -3 -4 -5 -4 -2  2  7 11 13 14 14 14 14 15 15 15 15 16 16 16 15 12  8  324 315F31837 16999999999999999999999 152 -5999999999999999999999
  0 -2 -3 -4 -3 -1  2  6  9 12 14 15 16 18 19 20 20 19 19 18 17 15 12  824 316F315 8 20999999999999999999999 251 -4999999999999999999999
  4  1  0 -1 -2 -1  0  3  6  9 12 14 16 19 21 22 23 22 21 20 18 17 15 1224 317F31555 23999999999999999999999 357 -2999999999999999999999
  9  6  4  2  1  0  0  1  3  6  9 12 15 18 20 22 23 23 22 21 19 17 16 1424 318F31632 23999999999999999999999 522  0999999999999999999999
 12 10  7  5  4  3  2  1  2  3  6  9 12 15 18 20 22 22 22 21 19 17 16 1524 319F317 1 22999999999999999999999 7 2  1999999999999999999999
 14 13 11  9  6  5  3  2  1  2  3  6  9 13 16 18 19 20 20 19 17 16 15 1424 320F31714 20999999999999999999999 816  1999999999999999999999
 14 14 13 11  9  6  4  2  1  1  1  3  6  9 13 15 17 17 17 16 15 14 13 1224 321F31659 17999999999999999999999 9 7  12253 1299999999999999
 13 14 14 13 11  8  5  3  1  0  0  1  3  6 10 13 14 15 14 13 12 11 10 1024 322F3 143 141645 1599999999999999 945  02243 1099999999999999
 11 12 13 14 12 10  7  4  1  0 -1 -1  1  4  7 10 12 13 12 10  8  7  7  724 323F3 244 141648 13999999999999991016 -12234  799999999999999
  8  9 12 13 13 12  9  5  2  0 -1 -1  0  2  5  8 10 11 10  8  6  5  4  424 324F3 335 131656 11999999999999991043 -12237  499999999999999
  5  6  9 12 13 13 11  7  4  1  0 -1  0  1  4  7  9 10 10  7  5  2  1  124 325F3 421 1317 3 109999999999999911 9 -12255  199999999999999
  2  3  6 10 12 13 12 10  7  4  2  1  1  2  4  7  9 10 10  8  5  2  0 -124 326F3 5 5 1317 7 10999999999999991132  12322 -199999999999999
 -1  0  3  7 11 13 14 12 10  7  5  4  4  5  6  8 11 12 11  9  6  2  0 -224 327F3 548 141710 12999999999999991146  42353 -299999999999999
 -2 -1  1  4  8 12 14 14 13 10  9  8  8  8  9 11 12 13 13 11  7  4  0 -124 328F3 632 141713 13999999999999991124  8999999999999999999999
 -2 -2 -1  2  6 10 14 15 15 13 12 11 12 12 13 13 15 15 15 13 10  6  2  024 329F3 721 151717 1599999999999999 025 -211 6 1199999999999999
 -2 -2 -1  0  4  8 12 15 16 16 15 14 15 16 16 17 17 17 17 16 13  9  5  224 330F3 818 161711 1799999999999999 059 -211 1 1499999999999999
  0 -1 -1  0  2  5  9 13 15 16 17 17 17 18 19 19 20 19 19 17 15 12  8  424 331F31557 20999999999999999999999 138 -1999999999999999999999
  2  0  0  0  1  3  6  9 12 15 17 17 18 19 21 21 21 21 20 19 17 14 11  824 4 1F31544 21999999999999999999999 231  0999999999999999999999
  5  2  1  1  0  1  2  5  8 11 14 16 18 19 21 22 22 22 21 19 17 15 13 1124 4 2F316 8 22999999999999999999999 348  0999999999999999999999
  8  5  3  2  1  0  0  1  3  6 10 13 16 18 19 20 21 21 20 19 17 16 14 1324 4 3F31634 21999999999999999999999 531  0999999999999999999999
 11  9  6  4  2  0 -1 -1 -1  1  4  8 12 15 17 18 19 19 18 17 16 15 14 1324 4 4F31640 19999999999999999999999 7 7 -1999999999999999999999
 13 12 10  7  5  2  0 -2 -3 -3 -1  3  7 12 14 16 16 15 15 14 13 12 12 1224 4 5F31542 16999999999999999999999 821 -322 5 1299999999999999
 13 14 13 11  9  5  2 -1 -3 -4 -4 -1  3  8 11 13 14 12 11 10  9  8  8  924 4 6F3 112 141535 1499999999999999 921 -42151  899999999999999
 11 13 15 15 13 10  6  3  0 -2 -3 -3  0  4  9 12 13 11  9  6  4  4  3  424 4 7F3 234 151549 13999999999999991016 -32144  399999999999999
  6 10 13 16 16 15 11  7  4  2  0 -1  0  3  7 11 13 12  9  5  1  0 -1 -124 4 8F3 343 1716 9 139999999999999911 7 -122 4 -199999999999999
  1  4  9 14 17 18 16 13  9  7  5  4  3  4  7 11 13 14 11  6  1 -2 -4 -424 4 9F3 448 181632 14999999999999991156  32246 -499999999999999
 -3 -1  3  9 15 18 19 17 15 12 11  9  8  8  9 12 15 16 14 10  4 -1 -4 -624 410F3 551 191655 16999999999999991246  82336 -699999999999999
 -6 -5 -1  4 10 15 19 20 19 17 16 15 14 14 14 15 16 18 17 14  9  3 -2 -524 411F3 655 201715 18999999999999991340 13999999999999999999999
 -6 -6 -4  0  5 11 15 19 20 19 19 19 19 19 19 18 19 20 19 17 14  8  3 -124 412F3 8 8 201724 2099999999999999 027 -61447 1899999999999999
 -3 -4 -4 -2  1  6 11 15 18 20 20 21 22 23 23 22 22 21 21 20 17 13  8  424 413F31325 23999999999999999999999 118 -4999999999999999999999
  1 -1 -2 -1  0  3  7 11 15 18 19 21 22 24 25 25 24 23 22 20 19 16 12  924 414F31423 25999999999999999999999 2 7 -2999999999999999999999
  5  3  2  1  2  3  5  8 11 14 17 19 21 23 24 25 25 23 22 20 19 17 15 1224 415F315 8 25999999999999999999999 3 0  1999999999999999999999
  9  7  5  4  3  4  4  6  8 11 14 16 19 21 22 23 23 23 21 19 18 16 15 1424 416F31542 23999999999999999999999 4 5  3999999999999999999999
 12 10  8  6  5  5  5  5  6  8 10 13 15 18 19 20 21 20 19 18 16 15 14 1424 417F316 0 21999999999999999999999 544  5999999999999999999999
 13 12 10  8  7  6  5  5  5  5  7 10 12 15 17 17 18 17 16 15 14 12 12 1224 418F31550 18999999999999999999999 721  5999999999999999999999
 13 12 12 10  8  7  5  4  4  4  5  7 10 12 14 15 15 14 13 12 11 10  9 1024 419F31530 15999999999999999999999 820  42150  999999999999999
 11 12 12 11 10  8  6  5  4  4  4  5  8 10 12 13 13 12 10  9  7  7  6  724 420F3 145 121526 1399999999999999 9 1  42143  699999999999999
  9 11 12 13 12 10  8  6  5  4  4  5  7  9 11 12 12 11  9  6  5  4  3  424 421F3 247 131528 1299999999999999 934  42148  399999999999999
  6  9 11 13 13 12 10  8  7  6  5  6  7  9 11 12 12 11  8  5  3  1  1  124 422F3 341 131531 129999999999999910 5  522 5  199999999999999
  3  6 10 13 15 15 13 11  9  8  8  8  9 10 12 13 13 12  9  6  3  0 -1 -124 423F3 429 151534 13999999999999991035  82229 -199999999999999
  1  4  8 12 15 17 16 15 13 12 11 11 11 12 14 15 15 14 11  7  4  1 -1 -224 424F3 514 171540 159999999999999911 5 112258 -299999999999999
 -1  2  6 11 15 18 19 18 16 15 15 14 14 15 16 17 18 17 14 10  6  2 -1 -224 425F3 557 191549 18999999999999991135 142328 -299999999999999
 -2  0  4  9 14 18 20 21 20 18 18 18 18 18 18 19 20 19 17 13  9  4  1 -124 426F3 641 2116 0 20999999999999991024 18999999999999999999999
 -1 -1  2  6 11 16 20 22 22 21 21 21 21 21 21 21 22 21 19 16 12  7  3  124 427F3 730 221432 2299999999999999 0 2 -11021 2199999999999999
  0  0  1  3  8 13 18 21 23 23 22 22 23 23 23 23 23 23 21 19 15 11  6  324 428F31334 23999999999999999999999 040  0999999999999999999999
  1  0  1  2  5  9 14 18 21 22 23 23 23 24 25 25 24 23 22 20 17 14 10  624 429F31412 25999999999999999999999 125  0999999999999999999999
  3  2  1  1  3  5  9 13 17 20 21 22 23 24 24 25 24 23 22 20 18 16 13  924 430F31450 25999999999999999999999 222  1999999999999999999999
  6  4  2  2  2  3  5  8 11 15 18 20 21 22 22 23 23 22 21 19 18 16 15 1224 5 1F31524 23999999999999999999999 335  2999999999999999999999
  9  7  5  3  2  2  2  4  6 10 13 16 18 19 20 20 20 20 19 17 16 15 15 1424 5 2F31540 20999999999999999999999 5 8  2999999999999999999999
 12 10  8  6  4  3  2  2  3  5  9 12 15 17 17 17 17 16 15 14 13 13 13 1424 5 3F314 3 172352 1499999999999999 641  221 1 1399999999999999
 14 13 12 10  7  5  4  3  2  3  5  9 12 15 16 15 14 12 11 10  9  9 10 1124 5 4F314 0 16999999999999999999999 757  22052  999999999999999
 14 15 15 14 12  9  7  6  5  4  5  7 10 14 15 15 13 10  8  6  5  5  5  724 5 5F3 134 151416 1599999999999999 9 2  42058  599999999999999
 11 14 17 17 16 14 12 10  9  8  7  8 10 13 16 16 14 10  7  3  2  1  1  324 5 6F3 255 171438 169999999999999910 1  72119  199999999999999
  6 11 15 19 20 19 17 16 14 13 12 11 12 14 17 18 17 13  9  4  0 -2 -2 -124 5 7F3 4 7 2015 3 18999999999999991058 112154 -299999999999999
  1  6 12 17 21 23 22 21 19 18 17 16 16 17 19 20 20 18 13  7  2 -2 -3 -324 5 8F3 513 231529 21999999999999991154 162237 -399999999999999
 -2  2  7 13 19 23 25 24 23 23 22 22 21 20 21 22 23 22 18 12  6  1 -2 -324 5 9F3 617 251554 23999999999999991252 202323 -399999999999999
 -3 -1  3  9 15 21 25 26 26 26 26 26 25 24 24 24 25 25 22 18 12  6  2 -124 510F3 9 5 261612 25999999999999991357 24999999999999999999999
 -2 -1  1  6 11 17 22 25 27 27 27 28 28 28 27 26 26 26 25 22 17 12  7  324 511F312 0 28999999999999999999999 0 9 -2999999999999999999999
  1  1  2  4  8 13 18 22 25 26 27 28 28 29 28 28 27 26 25 24 21 16 12  724 512F31259 29999999999999999999999 054  1999999999999999999999
  5  3  3  4  6 10 14 18 21 24 25 26 27 28 28 28 27 26 25 23 22 19 15 1124 513F31350 28999999999999999999999 139  3999999999999999999999
  8  6  5  5  6  8 11 14 17 20 22 24 25 26 26 26 26 24 23 22 21 19 17 1424 514F31429 26999999999999999999999 223  5999999999999999999999
 11  9  7  7  7  8  9 11 14 16 19 21 22 23 23 24 23 22 21 20 19 18 17 1524 515F31453 24999999999999999999999 310  7999999999999999999999
 13 11  9  8  8  8  9 10 11 13 15 17 19 20 20 21 20 19 18 17 16 15 15 1524 516F31443 21999999999999999999999 4 3  8999999999999999999999
 14 12 11 10  9  9  9  9 10 11 13 15 17 18 18 18 17 16 15 14 13 12 13 1324 517F314 7 18999999999999999999999 5 6  92057 1299999999999999
 14 13 12 11 10 10 10 10 10 11 12 14 15 16 17 16 15 14 12 11 10  9 10 1124 518F3 0 6 141354 1799999999999999 618  92048  999999999999999
 13 14 14 13 12 12 11 11 11 11 12 13 15 16 16 16 14 12 10  8  7  7  7  924 519F3 142 141349 1699999999999999 720 112054  799999999999999
 11 14 15 15 15 14 14 13 13 13 14 15 16 17 17 16 14 12  9  7  5  4  5  724 520F3 258 151346 1799999999999999 811 132111  499999999999999
 10 13 16 17 18 18 17 16 16 16 16 17 18 18 19 18 16 13 10  7  5  3  3  524 521F3 4 1 181348 1999999999999999 9 1 162135  399999999999999
  8 12 16 19 21 21 21 20 19 19 19 19 20 21 21 21 19 16 12  8  5  3  2  324 522F3 450 211359 2199999999999999 959 1922 4  299999999999999
  6 10 15 19 23 24 24 23 23 23 23 22 23 23 24 23 22 19 15 11  7  4  2  224 523F3 532 241417 249999999999999911 4 222237  299999999999999
  4  7 13 18 23 26 27 27 26 26 26 25 25 25 26 26 25 22 19 14  9  6  3  224 524F3 612 271437 26999999999999991052 252314  299999999999999
  3  5 10 16 21 26 28 29 28 28 28 28 28 28 28 28 27 25 22 18 13  8  5  324 525F3 654 299999999999999999999992355  2999999999999999999999
  2  3  7 12 18 23 27 29 29 29 29 29 29 29 29 29 28 27 25 21 16 11  7  524 526F3 952 299999999999999999999999999999999999999999999999999
  3  3  4  8 13 19 24 27 29 29 29 29 29 30 29 29 28 28 26 23 20 15 10  724 527F31257 30999999999999999999999 042  3999999999999999999999
  4  3  3  5  8 13 18 23 26 27 27 27 28 28 29 28 27 27 26 24 22 18 14 1024 528F31344 29999999999999999999999 133  3999999999999999999999
  7  5  4  4  5  8 12 17 21 24 25 25 25 26 26 26 26 25 24 23 22 20 17 1324 529F31424 26999999999999999999999 231  4999999999999999999999
 10  7  6  5  5  6  8 12 16 20 22 23 23 23 23 23 23 22 21 21 20 20 18 1624 530F31449 23999999999999999999999 336  5999999999999999999999
 13 11  9  7  6  6  7  9 12 16 19 20 21 20 20 20 19 19 18 17 17 17 18 1824 531F31157 212210 1899999999999999 450  61932 1799999999999999
 16 14 12 11 10  9  9  9 10 13 16 18 20 19 18 17 16 15 14 13 13 14 15 1724 6 1F31215 20999999999999999999999 610  91941 1399999999999999
 18 18 17 15 14 13 13 12 12 13 15 18 20 20 18 16 14 12 10  9  9  9 11 1424 6 2F3 018 181237 2099999999999999 730 1220 3  999999999999999
 17 19 20 20 19 18 18 17 16 16 17 19 20 21 20 18 14 11  8  7  6  6  7 1024 6 3F3 2 9 2013 2 2199999999999999 848 162032  699999999999999
 14 18 21 23 23 23 23 22 22 21 21 21 22 24 24 22 18 13  9  6  4  3  4  624 6 4F3 351 231329 249999999999999910 0 2121 8  399999999999999
 10 16 21 24 26 27 27 27 26 26 25 25 25 26 27 26 23 18 13  8  5  3  3  424 6 5F3 518 271358 279999999999999911 7 252148  399999999999999
  7 12 18 23 27 29 30 30 30 30 30 29 28 29 29 29 27 24 18 12  8  4  3  324 6 6F3 627 301429 29999999999999991210 282231  399999999999999
  5  8 14 20 26 30 32 32 32 32 32 32 31 31 31 31 31 28 24 18 12  8  5  424 6 7F3 836 329999999999999999999992315  4999999999999999999999
  4  6 11 16 22 28 31 33 33 33 33 34 33 32 32 32 32 31 28 24 18 12  8  624 6 8F31050 349999999999999999999992359  5999999999999999999999
  5  6  9 13 18 24 28 31 32 33 33 33 33 33 32 32 32 32 30 27 22 17 12  924 6 9F31152 339999999999999999999999999999999999999999999999999
  7  7  8 11 15 20 24 28 30 31 31 31 32 32 32 31 31 30 30 28 25 21 16 1224 610F31248 32999999999999999999999 041  7999999999999999999999
  9  8  8 10 12 16 20 24 27 28 29 29 30 30 30 29 29 28 28 27 25 22 18 1424 611F31332 30999999999999999999999 121  8999999999999999999999
 11 10  9 10 11 14 17 20 23 25 26 26 27 27 27 27 26 26 25 24 24 22 19 1624 612F314 1 27999999999999999999999 157  9999999999999999999999
 13 11 10 10 11 13 15 17 20 22 23 24 24 24 24 24 23 23 22 21 21 20 19 1724 613F31355 24999999999999999999999 229 10999999999999999999999
 15 13 12 12 12 13 14 16 18 20 21 22 22 22 22 21 21 20 19 18 18 18 18 1724 614F31210 22999999999999999999999 256 12999999999999999999999
 16 15 14 13 14 14 15 16 17 19 20 21 21 21 20 19 18 17 16 15 15 16 16 1724 615F31157 212347 1799999999999999 313 131938 1599999999999999
 17 17 16 16 16 16 17 18 19 20 20 21 21 21 20 18 17 15 14 13 12 13 14 1624 616F31146 21999999999999999999999 318 161949 1299999999999999
 18 18 19 19 19 19 20 20 21 22 22 23 23 22 21 19 17 15 13 11 10 11 12 1524 617F31136 239999999999999999999992010 10999999999999999999999
 18 20 21 22 22 23 23 24 24 24 25 25 25 24 23 21 18 16 13 11  9  9 11 1324 618F31138 259999999999999999999992037  9999999999999999999999
 17 20 23 25 26 26 27 27 27 27 27 28 28 27 26 24 21 17 14 11  9  8  9 1124 619F31151 2899999999999999999999921 9  8999999999999999999999
 15 20 24 27 29 30 30 30 30 30 30 30 30 30 29 27 24 20 17 13 10  8  8  924 620F31018 309999999999999999999992145  8999999999999999999999
 13 18 23 27 31 32 33 33 33 33 33 32 32 32 32 31 28 24 20 15 12  9  7  824 621F3 842 339999999999999999999992226  7999999999999999999999
 10 14 20 26 30 33 34 34 34 34 34 34 34 34 34 33 31 28 24 19 14 10  8  724 622F3 811 349999999999999999999992310  7999999999999999999999
  7 10 15 22 28 32 34 35 35 35 35 35 35 34 34 34 33 31 27 23 17 12  9  724 623F3 859 359999999999999999999992358  6999999999999999999999
  6  7 10 16 22 28 32 34 34 34 34 34 34 34 34 34 34 33 30 26 21 16 11  824 624F3 738 341522 34999999999999991431 34999999999999999999999
  6  6  7 11 16 23 28 31 32 32 32 32 32 32 32 32 32 32 31 29 25 19 14 1024 625F31442 32999999999999999999999 049  6999999999999999999999
  8  6  6  7 11 17 22 27 29 30 29 29 29 30 30 29 29 30 30 29 27 23 18 1424 626F3 851 301541 3099999999999999 141  611 1 2999999999999999
 10  8  7  7  9 12 17 22 25 27 27 26 26 26 26 26 26 26 26 27 26 24 21 1824 627F3 925 2719 9 2799999999999999 235  71418 2699999999999999
 14 12 11 10 10 11 14 18 22 25 25 25 24 23 23 22 22 22 22 23 23 24 23 2124 628F3 957 252046 2499999999999999 329 101715 2299999999999999
 18 16 15 14 14 14 15 17 20 23 24 24 23 21 20 19 19 18 17 18 19 21 22 2224 629F31025 252244 2299999999999999 427 1418 2 1799999999999999
 22 20 20 19 19 19 19 19 21 23 25 25 24 22 20 18 16 15 14 14 15 17 19 2124 630F31052 25999999999999999999999 538 191849 1499999999999999
 23 23 24 24 24 24 24 24 24 25 26 27 27 25 22 19 16 14 12 11 11 13 15 1924 7 1F31118 279999999999999999999991936 11999999999999999999999
 22 25 26 28 28 29 30 29 29 29 29 29 29 28 26 22 19 15 13 11 10 10 12 1524 7 2F3 6 8 301145 3099999999999999 910 292021 1099999999999999
 20 24 27 30 32 33 34 34 34 33 32 32 32 32 30 27 23 19 15 12 10  9 10 1224 7 3F3 658 3499999999999999999999921 6  9999999999999999999999
 16 21 26 30 33 35 36 37 37 36 35 35 35 35 34 32 29 24 19 15 12 10  9 1124 7 4F3 745 379999999999999999999992149  9999999999999999999999
 14 18 24 29 33 36 37 38 38 38 38 37 36 36 36 36 33 29 24 19 15 12 10 1024 7 5F3 834 389999999999999999999992232 10999999999999999999999
 12 15 21 26 31 35 37 38 38 38 38 38 37 37 37 37 36 34 29 24 18 14 12 1124 7 6F3 936 389999999999999999999992314 11999999999999999999999
 11 13 17 23 28 33 35 37 37 37 37 37 37 36 36 36 37 35 33 28 22 17 13 1124 7 7F3 912 379999999999999999999992353 11999999999999999999999
 11 12 14 19 24 29 33 34 35 35 34 35 35 35 34 35 35 35 34 31 26 20 16 1324 7 8F3 748 351630 359999999999999914 4 34999999999999999999999
 11 11 13 16 20 25 29 31 32 32 32 32 32 32 32 32 33 33 33 31 27 23 18 1424 7 9F3 814 321713 3399999999999999 030 111230 3299999999999999
 12 12 12 14 17 21 25 28 30 30 29 29 29 29 29 29 29 30 30 29 28 24 20 1624 710F3 842 301754 3099999999999999 1 2 121310 2999999999999999
 14 13 13 14 16 19 22 25 27 28 27 27 27 27 27 26 26 26 27 27 26 24 21 1824 711F3 9 8 281840 2799999999999999 127 1314 2 2699999999999999
 16 14 14 15 16 18 21 23 25 26 26 25 25 24 24 24 23 23 23 24 24 23 22 2024 712F3 925 261942 2499999999999999 144 141647 2399999999999999
 18 17 17 17 18 19 21 23 25 25 25 25 24 23 22 22 21 20 20 21 22 22 22 2124 713F3 929 252116 2299999999999999 147 171730 2099999999999999
 20 19 19 20 21 22 23 25 26 26 26 25 24 23 22 21 20 19 18 18 19 20 21 2224 714F3 920 26999999999999999999999 135 191810 1899999999999999
 22 22 23 23 24 25 26 27 28 28 28 27 26 24 22 21 19 18 17 16 17 19 21 2224 715F3 9 9 289999999999999999999991847 16999999999999999999999
 24 25 26 27 28 29 30 30 30 31 30 30 28 26 24 22 20 18 16 15 15 17 19 2224 716F3 858 319999999999999999999991926 15999999999999999999999
 25 27 28 30 31 32 33 33 33 33 33 32 31 29 27 24 22 19 17 15 14 15 17 2024 717F3 758 3399999999999999999999920 6 14999999999999999999999
 24 28 30 32 34 35 36 36 36 36 35 35 34 33 30 28 24 21 18 16 14 13 15 1824 718F3 723 369999999999999999999992048 13999999999999999999999
 22 27 31 34 36 37 38 38 38 38 37 37 36 35 34 31 28 24 20 17 14 12 12 1424 719F3 731 389999999999999999999992133 12999999999999999999999
 18 23 29 33 36 38 39 39 39 39 38 38 37 37 36 35 32 28 23 19 15 12 11 1124 720F3 743 399999999999999999999992220 11999999999999999999999
 14 18 24 30 35 37 38 38 38 38 38 38 37 37 37 37 35 32 27 22 17 13 10  924 721F3 644 3899999999999999999999923 9  9999999999999999999999
 10 13 18 25 31 35 37 37 37 36 36 37 36 36 37 37 37 35 31 26 20 15 11  924 722F3 644 371512 37999999999999991059 362359  899999999999999
  8  9 13 19 25 31 34 35 35 34 33 34 34 34 34 35 36 36 34 30 24 18 13 1024 723F3 7 3 351621 36999999999999991119 33999999999999999999999
  8  8  9 13 19 26 30 32 32 31 30 30 31 31 31 32 33 34 34 32 28 22 17 1324 724F3 727 331727 3599999999999999 049  81033 3099999999999999
 11  9  9 11 15 21 26 30 30 29 28 27 27 27 27 27 28 30 32 32 30 26 22 1824 725F3 753 301833 3299999999999999 138  91129 2699999999999999
 15 13 12 13 15 18 23 27 29 29 27 25 23 23 23 23 24 25 27 29 29 28 25 2224 726F3 819 291946 2999999999999999 226 121453 2399999999999999
 20 18 18 17 18 19 22 26 28 29 27 25 22 21 20 20 20 20 22 24 26 27 27 2624 727F3 845 292117 2799999999999999 313 171559 2099999999999999
 24 24 23 23 23 24 25 27 29 30 29 27 24 21 20 18 18 17 17 19 21 24 26 2724 728F3 9 8 30999999999999999999999 255 2317 6 1799999999999999
 27 27 28 29 29 29 29 30 31 31 31 30 27 24 21 19 17 16 15 16 17 20 23 2624 729F3 926 319999999999999999999991815 15999999999999999999999
 28 30 31 33 34 35 35 34 34 34 34 33 31 28 25 22 19 17 15 15 15 16 19 2324 730F3 515 359999999999999999999991920 14999999999999999999999
 27 30 33 35 37 39 39 38 38 37 36 36 35 33 30 26 23 20 17 15 14 15 17 2024 731F3 557 399999999999999999999992018 14999999999999999999999
 24 29 33 36 38 40 41 41 40 39 38 37 37 36 34 31 27 24 20 17 15 15 15 1724 8 1F3 637 4199999999999999999999921 9 15999999999999999999999
 21 26 31 35 38 40 41 41 41 40 39 38 38 38 37 35 32 28 24 20 17 15 15 1624 8 2F3 713 419999999999999999999992154 15999999999999999999999
 19 23 28 33 36 39 40 40 40 40 39 38 38 38 38 38 36 32 28 23 19 16 15 1524 8 3F3 737 409999999999999999999992234 15999999999999999999999
 16 20 24 30 34 37 38 38 38 38 37 37 37 37 38 38 38 35 31 26 21 17 15 1424 8 4F3 638 3815 4 38999999999999991215 372311 1499999999999999
 15 17 21 26 31 34 36 36 35 35 35 35 35 35 36 37 37 36 33 29 23 19 16 1424 8 5F3 636 361556 37999999999999991055 352343 1499999999999999
 14 15 18 22 27 31 33 34 33 32 32 32 32 32 33 34 35 35 34 31 26 21 17 1524 8 6F3 651 341642 359999999999999910 5 32999999999999999999999
 14 14 16 19 23 27 30 32 31 30 29 29 29 29 30 31 32 33 33 31 27 23 18 1624 8 7F3 711 321725 3399999999999999 011 141044 2999999999999999
 15 15 16 18 21 25 28 29 29 28 27 26 26 26 26 27 28 30 31 30 28 24 21 1824 8 8F3 729 3018 8 3199999999999999 033 141130 2699999999999999
 17 16 17 18 21 24 27 28 28 27 26 24 24 24 24 24 25 27 28 28 28 26 23 2024 8 9F3 741 281855 2899999999999999 046 161316 2499999999999999
 19 19 19 20 22 25 27 28 28 27 26 24 23 22 22 22 22 24 25 26 27 26 25 2324 810F3 742 281953 2799999999999999 044 191447 2299999999999999
 22 22 23 24 25 27 28 29 29 28 27 25 23 22 21 21 21 21 23 24 26 26 26 2524 811F3 734 292117 2699999999999999 030 221545 2199999999999999
 25 25 26 27 28 30 31 31 31 30 29 26 24 23 22 21 20 20 21 22 24 26 27 2724 812F3 725 31999999999999999999999 0 5 251642 2099999999999999
 28 28 30 31 32 33 34 34 34 33 31 29 27 25 23 22 20 19 19 20 22 24 26 2824 813F3 711 349999999999999999999991741 19999999999999999999999
 30 31 32 34 35 36 36 36 36 35 34 32 30 27 25 23 21 20 19 19 20 22 25 2824 814F3 628 369999999999999999999991841 19999999999999999999999
 30 32 34 36 37 38 39 39 38 37 36 35 33 30 28 25 23 21 19 18 17 19 21 2524 815F3 6 8 399999999999999999999991937 17999999999999999999999
 29 32 35 37 39 40 40 40 39 39 38 37 35 33 31 28 25 22 20 17 16 16 17 2124 816F3 617 409999999999999999999992031 16999999999999999999999
 25 30 34 37 39 40 40 40 40 39 38 37 37 36 34 31 28 25 21 17 15 13 14 1624 817F3 632 409999999999999999999992123 13999999999999999999999
 20 26 31 35 37 39 39 39 39 38 38 37 37 37 36 35 32 28 23 19 15 12 11 1224 818F3 615 399999999999999999999992213 11999999999999999999999
 14 20 26 31 35 37 37 37 36 36 36 35 35 36 37 37 35 32 27 22 17 13 10  924 819F3 547 371431 37999999999999991132 3523 3  999999999999999
 10 14 20 26 31 34 35 34 33 32 32 32 33 33 35 36 37 35 31 26 20 15 12  924 820F3 552 351542 3799999999999999 923 322352  999999999999999
  9 10 15 21 27 31 33 32 30 28 28 28 29 29 31 33 36 36 34 30 25 19 15 1224 821F3 6 9 331646 3699999999999999 959 28999999999999999999999
 11 10 13 17 23 28 31 31 29 26 24 24 24 25 26 28 32 34 35 33 29 24 20 1724 822F3 630 311749 3599999999999999 040 101048 2499999999999999
 15 14 14 17 21 26 29 31 29 26 23 21 21 21 21 23 26 29 32 33 32 29 25 2224 823F3 653 311855 3399999999999999 126 141158 2199999999999999
 21 20 19 20 22 26 29 31 30 27 23 20 19 18 18 18 20 23 27 30 31 31 29 2724 824F3 716 312010 3199999999999999 213 191356 1899999999999999
 26 26 26 26 26 28 30 32 32 30 26 22 20 18 17 17 17 19 22 25 28 30 30 3024 825F3 735 32999999999999999999999 3 2 2615 9 1799999999999999
 30 31 32 32 32 32 33 34 34 33 30 26 23 20 18 17 16 16 18 20 23 26 29 3124 826F3 745 349999999999999999999991622 16999999999999999999999
 32 34 36 37 37 37 37 36 36 35 34 31 27 24 21 19 18 17 17 17 20 22 26 2924 827F3 358 379999999999999999999991744 17999999999999999999999
 32 35 37 39 41 41 40 39 38 37 36 34 32 29 26 23 21 19 18 17 18 19 22 2624 828F3 442 4199999999999999999999919 6 17999999999999999999999
 30 33 37 39 41 42 42 41 39 38 37 36 35 33 30 27 25 22 20 18 17 18 20 2324 829F3 521 429999999999999999999992015 17999999999999999999999
 27 31 35 38 40 41 42 41 40 38 37 37 36 36 34 32 28 25 22 20 18 17 18 2024 830F3 553 4299999999999999999999921 9 17999999999999999999999
 24 28 32 35 38 39 39 39 38 37 36 36 36 36 36 34 32 28 24 21 19 17 17 1824 831F3 610 399999999999999999999992152 17999999999999999999999
 20 24 29 33 35 36 37 36 36 35 34 34 34 35 36 36 34 31 27 22 19 17 16 1624 9 1F3 543 371420 36999999999999991110 342227 1699999999999999
 18 21 25 30 33 34 34 33 32 32 32 31 32 33 34 35 35 33 29 24 20 17 16 1524 9 2F3 530 341514 359999999999999911 6 312257 1599999999999999
 16 18 22 26 30 32 32 31 29 29 28 28 29 30 32 33 34 33 30 26 22 18 16 1524 9 3F3 537 3216 1 349999999999999910 9 282322 1599999999999999
 15 17 20 24 27 30 30 29 27 26 25 25 25 26 28 30 32 33 31 28 24 20 17 1624 9 4F3 551 301645 33999999999999991021 252342 1699999999999999
 16 17 19 22 25 28 29 28 26 24 23 22 23 23 25 27 30 31 31 29 26 22 19 1824 9 5F3 6 5 291729 31999999999999991056 222354 1899999999999999
 18 18 19 22 25 27 28 28 26 23 21 21 20 21 22 24 27 29 30 30 28 25 22 2124 9 6F3 613 281813 30999999999999991141 202351 2099999999999999
 20 21 22 23 26 28 29 28 27 24 21 20 19 19 20 21 24 27 29 30 29 27 25 2424 9 7F3 613 2919 2 30999999999999991234 192337 2499999999999999
 24 24 25 26 28 30 30 30 28 25 22 20 19 19 19 20 22 24 27 29 29 29 28 2724 9 8F3 6 9 301959 29999999999999991330 192324 2799999999999999
 27 28 29 30 31 32 32 32 30 28 25 22 20 19 19 19 20 22 25 27 29 30 30 2924 9 9F3 6 4 329999999999999999999991424 19999999999999999999999
 30 31 32 33 34 34 35 34 32 30 27 24 22 20 20 19 19 20 22 25 27 29 30 3124 910F3 554 359999999999999999999991524 19999999999999999999999
 32 33 35 36 36 37 37 36 35 32 30 27 24 22 21 20 19 19 20 22 25 27 30 3124 911F3 514 379999999999999999999991634 19999999999999999999999
 33 34 36 37 38 38 38 37 36 34 32 30 27 25 23 21 20 19 19 19 21 24 27 3024 912F3 451 389999999999999999999991755 19999999999999999999999
 32 34 36 38 39 39 39 38 37 35 34 32 30 27 25 23 21 19 18 17 17 19 22 2624 913F3 5 4 399999999999999999999991911 17999999999999999999999
 30 33 35 37 38 39 38 38 37 35 34 33 32 30 28 25 22 20 17 15 14 15 17 2124 914F3 523 399999999999999999999992015 14999999999999999999999
 25 30 33 35 36 37 36 36 35 34 33 33 33 32 31 28 25 22 18 15 13 12 12 1524 915F3 524 379999999999999999999992110 12999999999999999999999
 20 25 29 32 34 34 33 33 32 32 31 31 32 33 33 32 29 25 21 16 13 11 10 1124 916F3 442 341339 33999999999999991033 3122 2 1099999999999999
 14 20 25 29 31 32 31 29 28 28 28 28 29 31 33 34 33 29 25 20 15 12 10 1024 917F3 436 321454 3499999999999999 959 282251 1099999999999999
 11 15 21 26 29 30 29 26 24 23 23 24 25 27 30 33 34 33 30 25 20 16 13 1224 918F3 449 301559 3499999999999999 929 232339 1199999999999999
 12 14 18 23 28 29 28 25 22 20 19 19 20 22 25 30 33 35 33 30 25 21 18 1724 919F3 5 8 2917 2 359999999999999910 7 19999999999999999999999
 15 16 18 22 27 29 29 26 22 18 16 15 16 17 19 24 29 33 34 33 30 27 24 2224 920F3 530 3018 6 3499999999999999 027 1511 2 1599999999999999
 21 21 21 23 27 30 31 29 25 20 16 14 13 13 15 18 23 28 32 33 33 31 29 2824 921F3 552 311914 3499999999999999 115 211211 1399999999999999
 28 27 27 27 29 31 32 32 28 24 19 15 13 13 13 14 17 22 27 30 32 33 32 3224 922F3 612 322038 3399999999999999 2 7 271323 122246 329999999
 32 33 33 32 32 33 34 34 32 28 23 19 16 14 13 13 15 18 22 26 29 31 33 3424 923F3 623 349999999999999999999991429 13999999999999999999999
 35 36 37 37 37 36 36 36 34 32 28 24 20 18 16 15 15 16 18 21 25 28 31 3324 924F3 228 379999999999999999999991540 15999999999999999999999
 35 37 39 40 40 39 38 37 35 34 32 29 25 22 20 18 17 17 17 18 21 24 27 3024 925F3 321 4099999999999999999999917 8 17999999999999999999999
 33 36 38 40 40 40 39 37 36 34 33 32 29 27 24 22 20 19 18 18 18 20 23 2724 926F3 4 3 409999999999999999999991845 18999999999999999999999
 30 33 36 38 39 39 38 37 35 34 33 32 31 30 28 25 23 21 19 18 17 18 20 2324 927F3 437 3999999999999999999999920 1 17999999999999999999999
 27 30 33 35 36 36 36 35 33 32 31 31 32 31 30 28 25 23 20 18 17 17 18 2024 928F3 457 369999999999999999999992055 17999999999999999999999
 23 27 30 32 33 33 33 32 31 30 29 29 30 31 31 29 27 24 21 19 17 16 16 1724 929F3 443 331327 31999999999999991015 292135 1699999999999999
 20 23 27 29 30 30 29 28 27 26 26 26 27 29 30 30 29 26 22 19 17 16 15 1624 930F3 422 301426 30999999999999991012 2622 5 1599999999999999
 18 21 24 27 28 28 27 25 24 23 23 23 24 26 29 30 29 27 24 21 18 16 16 162410 1F3 422 281517 309999999999999910 5 232230 1599999999999999
 17 19 22 25 27 27 25 23 21 20 20 20 21 23 26 28 29 29 26 23 20 18 17 162410 2F3 431 2716 5 299999999999999910 4 202250 1699999999999999
 17 19 21 24 26 26 25 22 20 18 17 17 18 20 23 26 29 29 28 25 22 20 19 182410 3F3 440 261650 29999999999999991023 1723 5 1899999999999999
 19 20 22 24 26 26 25 23 19 17 15 15 16 17 20 24 27 29 30 28 25 23 22 212410 4F3 445 261735 30999999999999991053 1523 8 2199999999999999
 21 22 24 26 27 28 26 24 20 17 15 14 14 15 18 21 26 29 30 30 28 26 25 252410 5F3 447 281820 30999999999999991128 142253 2599999999999999
 25 25 26 28 29 29 28 26 22 19 16 14 14 14 16 19 23 27 30 31 30 29 28 282410 6F3 448 2919 8 319999999999999912 5 142243 2899999999999999
 28 29 29 30 31 31 31 28 25 21 18 15 14 14 15 17 21 25 28 31 31 31 30 302410 7F3 450 3120 4 31999999999999991246 142238 3099999999999999
 31 31 32 33 33 33 33 31 27 24 20 17 16 15 15 16 18 22 26 29 31 32 32 322410 8F3 447 339999999999999999999991332 15999999999999999999999
 32 33 34 35 35 35 34 32 30 26 23 20 17 16 16 16 17 19 22 25 28 30 31 322410 9F3 4 7 359999999999999999999991428 16999999999999999999999
 33 34 35 36 36 35 35 33 31 28 25 22 19 18 17 16 16 17 18 21 24 27 29 31241010F3 332 369999999999999999999991541 16999999999999999999999
 32 34 35 36 36 36 35 33 31 29 27 25 22 20 18 17 16 15 15 17 19 22 25 28241011F3 351 369999999999999999999991713 15999999999999999999999
 30 32 33 34 35 35 34 32 31 29 28 26 24 22 20 18 16 15 14 13 14 17 20 24241012F3 416 359999999999999999999991843 13999999999999999999999
 27 29 31 32 32 32 32 31 29 28 28 27 26 25 23 20 18 15 13 12 11 12 15 19241013F3 428 329999999999999999999991953 11999999999999999999999
 23 26 28 29 29 29 28 27 26 26 26 26 27 27 26 24 21 17 15 12 11 10 11 14241014F3 330 291234 2799999999999999 940 262052 1099999999999999
 19 23 26 27 27 25 24 23 22 22 22 23 25 27 28 27 25 21 18 15 12 11 11 12241015F3 312 2714 0 2899999999999999 920 222146 1199999999999999
 15 20 24 26 25 24 21 19 18 17 18 19 21 25 28 30 29 26 23 19 16 14 13 13241016F3 322 261511 3099999999999999 9 8 172237 1399999999999999
 15 18 22 25 26 24 20 17 14 13 13 14 16 20 25 29 31 31 28 25 21 19 18 17241017F3 342 261617 3199999999999999 929 132328 1699999999999999
 17 19 22 26 27 26 22 17 13 10  9 10 11 15 20 26 30 32 32 30 27 25 23 22241018F3 4 4 271722 33999999999999991012  9999999999999999999999
 21 22 24 27 29 29 26 21 15 10  8  7  8 10 14 20 26 31 33 33 31 30 28 28241019F3 428 291826 3399999999999999 020 2111 4  799999999999999
 27 27 27 29 30 31 30 25 20 14 10  8  7  8 10 15 20 26 31 33 33 33 32 32241020F3 452 311938 3499999999999999 115 2712 1  799999999999999
 32 32 31 32 32 33 32 30 25 19 14 10  9  8  9 11 16 21 26 30 33 33 34 34241021F3 5 9 33999999999999999999999 219 311259  899999999999999
 35 36 35 35 34 34 34 32 29 25 19 15 12 11 10 11 13 17 21 26 29 31 33 34241022F3 058 369999999999999999999991358 10999999999999999999999
 35 37 37 37 36 35 34 33 31 28 24 20 17 14 13 13 13 15 17 21 24 28 30 32241023F3 157 3799999999999999999999915 1 13999999999999999999999
 34 35 37 37 36 35 34 32 31 30 27 24 21 18 16 15 15 15 16 18 20 23 26 29241024F3 245 379999999999999999999991618 15999999999999999999999
 31 33 34 35 35 34 32 31 30 29 28 26 24 21 19 18 16 16 15 16 17 19 22 25241025F3 324 359999999999999999999991758 15999999999999999999999
 27 29 31 32 32 31 30 28 27 26 26 26 25 23 21 19 18 17 16 15 15 17 19 21241026F3 348 329999999999999999999991922 15999999999999999999999
 24 26 27 28 28 28 27 25 24 23 23 24 24 24 23 21 19 18 16 15 15 15 16 18241027F3 342 2812 7 2499999999999999 926 232019 1599999999999999
 21 23 25 25 25 24 23 22 21 20 20 21 23 23 23 22 21 19 17 16 15 15 15 17241028F3 310 251327 2499999999999999 923 202059 1599999999999999
 19 21 23 23 23 22 20 19 18 17 17 18 20 22 23 23 22 20 18 17 16 16 16 16241029F3 3 2 231431 2399999999999999 923 172128 1599999999999999
 18 20 22 23 22 20 18 16 15 14 14 15 17 20 23 24 24 22 21 19 18 17 17 17241030F3 3 4 231526 2499999999999999 928 142151 1799999999999999
 18 20 22 23 22 20 18 15 13 11 11 12 14 18 21 24 25 25 23 21 20 19 19 19241031F3 3 8 231616 2599999999999999 944 112211 1999999999999999
 20 21 23 24 23 21 19 15 12 10  9 10 12 15 20 23 26 27 26 25 23 22 22 222411 1F3 311 2417 3 279999999999999910 8  92229 2299999999999999
 22 23 25 25 25 23 20 17 13 10  9  9 10 13 17 22 26 28 29 28 26 25 25 252411 2F3 316 251747 29999999999999991038  92223 2599999999999999
 25 26 27 28 27 26 23 19 15 11  9  8  9 11 15 20 25 28 30 30 29 28 28 282411 3F3 324 281830 30999999999999991112  822 6 2899999999999999
 28 28 29 29 30 28 26 22 17 13 11  9  9 10 13 17 22 27 30 31 31 30 30 302411 4F3 335 301915 31999999999999991149  922 6 3099999999999999
 30 30 31 31 31 30 28 25 20 16 13 10  9  9 11 14 19 24 28 30 31 31 31 312411 5F3 343 319999999999999999999991229  9999999999999999999999
 31 32 32 32 32 31 30 27 23 19 15 12 10 10 10 12 15 19 24 27 30 30 30 312411 6F3 312 329999999999999999999991314 10999999999999999999999
 31 32 32 32 32 31 30 28 25 21 17 14 12 10 10 10 12 15 19 23 26 28 29 292411 7F3 211 3299999999999999999999914 8 10999999999999999999999
 30 31 32 32 31 31 29 28 26 23 20 16 13 12 10 10 10 11 14 17 21 24 26 272411 8F3 242 329999999999999999999991515 10999999999999999999999
 28 29 30 30 30 29 28 27 25 24 21 19 16 13 12 10 10 10 10 12 15 19 22 242411 9F3 314 309999999999999999999991638  9999999999999999999999
 25 26 27 27 27 26 25 24 23 23 22 20 18 16 14 12 11 10  9 10 11 14 17 21241110F3 336 2799999999999999999999918 6  9999999999999999999999
 23 24 24 24 23 23 22 21 20 20 21 21 20 19 17 15 13 11 10  9 10 11 14 17241111F3 150 249999999999999999999991923  9999999999999999999999
 20 22 22 21 20 19 18 17 16 17 18 19 21 21 21 19 17 15 13 12 11 11 12 15241112F3 134 221255 2199999999999999 828 162030 1199999999999999
 18 21 21 20 18 16 14 13 12 12 13 16 19 22 23 23 21 19 18 16 15 14 14 15241113F3 149 211422 2399999999999999 832 122132 1499999999999999
 18 21 22 21 19 15 12  9  8  8  9 11 15 19 23 26 26 25 23 21 20 19 18 18241114F3 210 221538 2699999999999999 852  82231 1899999999999999
 19 22 24 24 22 18 13  9  6  5  5  6 10 15 21 25 28 29 28 26 25 24 23 22241115F3 235 241648 2999999999999999 928  52329 2299999999999999
 22 24 26 27 25 22 17 11  6  4  3  3  5 10 16 22 27 30 31 30 29 28 28 27241116F3 3 2 271753 31999999999999991013  3999999999999999999999
 26 27 28 29 29 27 22 16 10  5  3  2  3  6 11 17 24 29 32 32 32 31 31 31241117F3 331 291857 3299999999999999 027 2611 2  299999999999999
 31 30 30 31 31 30 27 22 16 10  6  4  3  4  7 12 19 25 29 32 33 32 33 33241118F3 359 312333 3399999999999999 128 301154  399999999999999
 33 32 32 32 32 32 30 27 21 15 10  7  5  5  6  9 14 19 25 29 31 32 32 33241119F399999999999999999999999999991245  5999999999999999999999
 33 33 33 32 32 32 31 29 25 20 15 11  8  7  7  8 11 15 20 24 27 29 30 31241120F3 037 339999999999999999999991335  7999999999999999999999
 32 32 32 32 31 30 30 29 27 23 19 15 12 10  9  9 10 12 15 19 22 25 27 28241121F3 132 329999999999999999999991426  9999999999999999999999
 29 30 30 30 29 28 27 26 25 24 21 18 15 12 11 10 10 11 13 15 18 21 23 24241122F3 215 309999999999999999999991516 10999999999999999999999
 25 26 27 27 26 25 24 23 23 22 21 19 16 14 12 11 11 11 12 13 15 17 19 21241123F3 244 2799999999999999999999916 8 11999999999999999999999
 22 23 23 23 23 22 21 20 19 19 19 18 17 16 14 13 12 12 12 13 13 15 17 18241124F3 244 2399999999999999999999917 4 12999999999999999999999
 20 20 20 20 20 19 17 16 15 15 16 17 17 16 15 14 14 13 13 13 13 14 15 17241125F3 144 211149 1799999999999999 833 1518 7 1399999999999999
 18 19 19 18 17 16 14 13 12 12 13 14 16 16 16 16 15 15 15 15 15 15 16 17241126F3 127 191332 1799999999999999 835 1219 6 1599999999999999
 18 18 18 17 16 14 12 10  9  9 10 12 14 16 18 18 18 17 17 17 17 17 17 18241127F3 124 1815 1 1899999999999999 842  91957 1799999999999999
 19 19 19 18 16 14 11  9  7  7  7  9 12 16 18 20 20 20 20 19 19 19 19 20241128F3 120 191610 2099999999999999 858  72051 1999999999999999
 20 21 21 20 17 15 11  8  6  5  5  7 10 14 18 21 23 23 23 22 22 22 22 22241129F3 119 2117 0 2399999999999999 922  52150 2299999999999999
 23 23 23 22 20 17 13 10  7  5  4  5  8 13 17 22 24 26 26 25 25 25 25 25241130F3 127 231739 2699999999999999 952  42247 2599999999999999
 25 25 25 25 23 20 16 12  8  5  4  4  6 10 15 21 25 27 28 28 27 27 27 272412 1F3 145 251813 28999999999999991026  4999999999999999999999
 27 27 27 27 26 23 19 14 10  7  4  4  4  7 12 18 23 27 29 29 29 28 28 282412 2F31848 2999999999999999999999911 3  4999999999999999999999
 28 28 28 28 28 25 22 18 13  9  6  4  4  5  9 14 20 25 28 29 29 29 29 292412 3F31926 299999999999999999999991144  4999999999999999999999
 29 29 29 29 28 27 24 20 16 11  7  5  3  4  5  9 15 20 25 27 28 28 28 282412 4F399999999999999999999999999991227  3999999999999999999999
 28 29 28 28 28 27 26 22 18 14  9  6  4  3  3  6 10 15 20 24 26 26 26 262412 5F3 052 299999999999999999999991315  3999999999999999999999
 27 27 27 27 26 26 25 23 20 16 12  8  5  4  3  3  6  9 14 18 22 23 24 242412 6F3 138 2799999999999999999999914 5  3999999999999999999999
 24 24 25 25 24 24 23 22 21 18 14 10  7  5  4  3  4  6  9 13 17 20 21 212412 7F3 217 2599999999999999999999915 0  3999999999999999999999
 21 21 22 22 21 21 20 20 19 18 16 13 10  7  6  5  5  5  6  9 13 16 18 192412 8F3 247 222314 199999999999999916 2  5999999999999999999999
 19 18 18 18 18 17 16 16 16 16 16 15 13 11  9  8  7  7  7  8 10 13 16 172412 9F32339 189999999999999999999991716  7999999999999999999999
 18 17 16 15 14 13 12 12 12 13 14 15 15 14 13 12 11 11 10 10 11 13 15 17241210F31126 15999999999999999999999 714 121845 1099999999999999
 18 17 15 13 11 10  9  8  8  9 11 13 16 17 17 16 16 15 15 15 14 14 16 17241211F3 0 3 181333 1799999999999999 737  82015 1499999999999999
 19 19 17 14 11  8  6  5  4  5  6 10 14 17 19 20 20 20 20 20 19 19 18 19241212F3 029 191547 2099999999999999 8 8  42138 1899999999999999
 20 21 20 17 13  9  6  3  2  1  2  5 10 15 19 22 24 24 25 24 24 23 23 22241213F3 057 211759 2599999999999999 847  12250 2299999999999999
 23 24 24 22 18 13  8  4  1  0  0  2  5 11 17 22 25 27 28 28 28 27 27 26241214F3 129 2419 7 2899999999999999 930  02353 2599999999999999
 25 26 26 26 23 19 13  7  3  0 -1 -1  2  6 13 19 24 28 29 30 30 30 29 29241215F3 2 5 2620 7 30999999999999991017 -1999999999999999999999
 28 28 28 28 27 24 19 13  7  3  0 -1  0  3  8 14 21 26 29 30 30 30 30 30241216F32056 3099999999999999999999911 4 -1999999999999999999999
 29 29 29 29 29 28 24 19 12  7  3  1  0  1  4 10 16 22 26 28 29 29 29 29241217F32147 299999999999999999999991152  0999999999999999999999
 29 29 28 28 28 28 27 23 17 11  6  3  1  1  3  6 11 17 22 25 26 27 27 27241218F399999999999999999999999999991237  1999999999999999999999
 27 27 27 26 26 27 26 24 20 15 10  6  3  2  3  4  8 12 17 20 23 24 24 24241219F3 024 279999999999999999999991318  2999999999999999999999
 24 25 24 24 24 24 24 23 21 17 13  8  5  4  3  4  6  9 12 16 19 20 21 21241220F3 114 259999999999999999999991353  3999999999999999999999
 21 21 21 21 20 20 20 20 19 17 14 10  7  5  5  5  6  7 10 13 15 17 18 18241221F3 149 219999999999999999999991417  5999999999999999999999
 18 18 18 18 17 17 16 16 16 15 14 11  9  7  6  6  7  8  9 11 13 15 16 16241222F3 017 182258 16999999999999991428  6999999999999999999999
 16 15 15 15 14 13 13 12 12 12 12 11 10  9  8  8  9  9 10 11 13 14 15 15241223F323 4 159999999999999999999991430  8999999999999999999999
 15 14 13 12 12 10  9  9  9 10 10 11 11 10 10 10 11 12 12 13 14 15 15 15241224F31128 112252 1599999999999999 722  91415 1099999999999999
 15 14 13 11 10  9  7  6  6  7  8 10 11 12 12 13 14 14 15 16 16 16 17 17241225F32218 17999999999999999999999 738  6999999999999999999999
 16 15 14 12 10  8  6  5  4  5  6  9 11 13 14 16 16 17 18 19 19 19 19 19241226F32127 19999999999999999999999 8 0  4999999999999999999999
 18 17 16 13 11  8  6  4  3  3  4  7 10 13 16 18 19 20 21 21 22 22 21 21241227F32015 22999999999999999999999 827  3999999999999999999999
 21 20 18 16 13 10  7  4  2  1  2  5  9 13 17 20 22 23 24 24 24 24 24 23241228F31957 24999999999999999999999 9 0  1999999999999999999999
 23 22 21 19 16 13  9  6  3  1  1  3  6 11 16 20 23 25 25 26 26 26 25 25241229F31946 26999999999999999999999 937  1999999999999999999999
 25 24 24 22 19 16 12  8  4  1  0  0  3  7 13 18 23 25 26 27 26 26 26 26241230F319 2 279999999999999999999991017  0999999999999999999999
 25 25 25 24 22 19 15 10  6  2  0 -1  0  3  9 15 20 24 26 26 26 26 26 25241231F319 0 2699999999999999999999911 1 -1999999999999999999999
