 76 50 30 21 26 44 71101128146152145130113100 92 9310211412613413713111524 1 1H1 954152205013799999999999999 3 9 211524 9299999999999999
 93 70 51 38 36 45 65 90115135146146135121106 95 90 92 9910911812512611924 1 2H11026148213912699999999999999 342 351614 9099999999999999
105 88 71 57 50 53 65 84105125139144139128114101 91 86 88 9310110811411624 1 3H111 0144224511699999999999999 415 501718 8699999999999999
111101 89 77 69 66 71 83 99116131140141134122109 96 86 80 79 83 90 9710524 1 4H11136141999999999999999999999 453 661836 7999999999999999
109108103 96 89 83 82 87 97110123134139138130117103 89 78 70 67 70 77 8824 1 5H1 021109121714099999999999999 541 821956 6799999999999999
 99108112112108103 98 96 99107117127135139136127113 97 80 66 56 52 56 6624 1 6H1 22011213 613999999999999999 655 962057 5299999999999999
 81 99113122124122116110105105111120129137141136125107 88 68 50 38 35 4324 1 7H1 355124135914199999999999999 8281052145 3599999999999999
 58 80104124136139135127116108106112121132141145139123102 77 53 31 19 1924 1 8H1 454139145414599999999999999 9441062229 1799999999999999
 31 54 83114138151152145132117106104112124137148151142122 95 65 35 11  024 1 9H1 53715315471519999999999999910391042311  099999999999999
  5 24 54 91127153164162149130111100101112128144157158145119 86 51 17 -724 110H1 6161651638159999999999999991125 992354-1599999999999999
-15 -4 22 59102141166173165146123102 93 98114134153166165147115 77 37  224 111H1 65317317291679999999999999912 8 93999999999999999999999
-21-24 -6 27 69115154175176161138112 92 86 97117139160172168145109 67 2624 112H1 731178181817399999999999999 037-261250 8699999999999999
 -9-28-24  0 37 83129164179172153126100 82 82 96119143164175167140101 5924 113H1 8 917919 717599999999999999 120-291333 8099999999999999
 19-12-24-14 14 53 98141170176163140113 88 75 78 95119143163171160131 9424 114H1 847176195717199999999999999 2 3-241418 7499999999999999
 55 19 -5-11  4 34 73114150170168151127101 79 69 75 9311513815616114812124 115H1 924171204816199999999999999 245-1115 6 6999999999999999
 88 55 27 11 12 30 59 93128155164157138114 90 71 65 71 8810712814314613524 116H110 1164214314799999999999999 326  91559 6599999999999999
112 87 62 43 34 40 58 83111137154156145125103 82 66 60 66 79 9611412713024 117H11038157224813199999999999999 4 6 341658 6099999999999999
123108 91 75 63 61 68 84104124141150147134116 95 76 61 55 58 68 82 9811124 118H11114150999999999999999999999 446 6018 9 5599999999999999
117115109100 92 86 87 93105118131140144138126109 91 72 57 49 48 55 67 8324 119H1 016117115414499999999999999 529 861932 4799999999999999
 98109114115113110107107110117124132137138133122106 88 68 51 40 36 42 5424 120H1 238115124313899999999999999 6351062052 3699999999999999
 72 91108120126127125122118117120124129134136132122106 85 64 43 29 24 3024 121H1 452127135513699999999999999 8451172155 2499999999999999
 45 67 92115130138139135128120116117121127133137135124105 82 56 32 16 1324 122H1 53913915121379999999999999910201162245 1299999999999999
 22 42 70100126143149146137125114108111118127136142139125103 75 46 20  424 123H1 6 614916151429999999999999911101082328  399999999999999
  5 20 46 79113140154155145131114102100106117130142149143124 96 64 32  724 124H1 63015617 5149999999999999991145 99999999999999999999999
 -4  3 25 57 94129153161153138118101 91 94105121137150154143118 86 51 1924 125H1 656161174815599999999999999 0 6 -41217 9099999999999999
 -3 -7  8 36 73112145162160145124103 87 83 92109128145157156138107 72 3624 126H1 723163182515899999999999999 041 -81247 8299999999999999
  8 -7 -2 21 54 93131156163152132108 88 76 79 94114135152160151126 93 5724 127H1 75016319 016099999999999999 114 -81318 7699999999999999
 25  3 -2 12 41 77114146161157139116 93 76 71 80 99121141155156140111 7824 128H1 816162193515799999999999999 145 -31349 7199999999999999
 45 19  6 11 33 64100133155159146124100 79 68 70 84104125143152146125 9624 129H1 84216020 915299999999999999 213  51422 6799999999999999
 66 39 21 18 32 58 89121146157150131108 86 70 64 71 8710712614014313311124 130H1 9 7157204614499999999999999 240 171457 6499999999999999
 84 60 40 31 37 56 83111136151151138117 95 76 64 63 73 8910612213213111924 131H1 931153212713399999999999999 3 7 311535 6299999999999999
 99 79 61 49 49 60 81104127143149141124103 84 69 61 63 73 8710211512212024 2 1H1 955149221712299999999999999 334 481618 6199999999999999
109 94 80 69 65 69 83101120135144142130112 93 76 65 59 62 70 82 9410511124 2 2H11020144232611299999999999999 4 2 651711 5999999999999999
111105 96 89 84 83 89101115128137139133120103 86 72 61 56 57 63 72 84 9524 2 3H11049139999999999999999999999 434 831821 5699999999999999
104108107105103101101105113122129133133126113 98 83 69 57 50 48 51 60 7224 2 4H1 121108112613499999999999999 5281001949 4799999999999999
 87101111117119119116113113116121126129129124113 99 83 66 50 39 33 36 4624 2 5H1 423119123113099999999999999 7341132111 3399999999999999
 62 83103120131135133127119113113116122128131128119103 83 61 40 23 15 1924 2 6H1 5 913514 613199999999999999 9371122212 1599999999999999
 33 56 84113135148149142129115106105110120130138138128109 82 53 25  4 -424 2 7H1 540150153313999999999999999104010423 2 -499999999999999
  4 24 55 92127152162158143123104 93 95106122138150152139113 79 43  9-1424 2 8H1 6 91621639153999999999999991123 922346-2099999999999999
-19 -5 24 63106145168171158136110 88 79 86104127149165165146113 72 31 -524 2 9H1 63917217331679999999999999912 2 79999999999999999999999
-27-26 -4 32 77125163179172150121 91 70 66 80105133160177173148108 64 2124 210H1 7 9179182217899999999999999 028-301241 6599999999999999
-15-30-21  8 49 98145175180164135102 71 53 56 77107139167182173143101 5724 211H1 74118119 918399999999999999 1 8-311321 5299999999999999
 16-14-21 -4 30 73120161180173149116 82 53 41 51 76108141169179165133 9324 212H1 813180195517999999999999999 146-2214 2 4199999999999999
 54 18 -2  0 23 58 99140169175159130 97 64 40 35 49 7610713816216715012124 213H1 844176204316899999999999999 224 -41445 3599999999999999
 88 56 30 21 31 56 87122152168162140111 80 52 34 34 50 7410213014814913424 214H1 914168213315199999999999999 259 211530 3299999999999999
111 87 65 51 50 64 87113137155159146123 96 69 46 34 36 50 71 9411613013024 215H1 942159223213199999999999999 332 481620 3399999999999999
120106 92 80 75 80 94111129143150145130108 86 64 47 38 39 49 65 8310011224 216H110 7150235511599999999999999 4 1 751721 3799999999999999
115112107102 99 99105115125134139139131118101 83 66 51 42 41 46 57 71 8524 217H11027140999999999999999999999 423 981843 4099999999999999
 98106111114115116118121124128130130128121112100 86 71 56 44 38 39 46 5924 218H110371319999999999999999999992024 38999999999999999999999
 75 91106117125128129127125123121121121120118113105 92 75 58 42 32 30 3724 219H1 5361299999999999999999999992143 30999999999999999999999
 51 71 93113129137138134127119113110112115119122121112 97 76 54 35 22 2124 220H1 54113815201229999999999999911 61102237 2099999999999999
 31 50 75102127142145140130117105 99100106114124131130118 97 72 46 23 1124 221H1 5521451625132999999999999991120 992318 1199999999999999
 14 31 56 87118142151148135119101 89 87 94106121135143138119 92 62 33 1124 222H1 6 915217 9143999999999999991141 862353  499999999999999
  4 15 38 69105137155155142123101 83 75 80 94112132148152139113 81 48 1924 223H1 63015717461539999999999999912 6 75999999999999999999999
  2  4 23 53 90126153161150130105 82 66 66 79100123145159155134102 67 3424 224H1 652161181916099999999999999 024  11232 6499999999999999
  9  2 14 41 75114146162157138112 85 63 55 63 84109135156163150122 88 5324 225H1 715163185216399999999999999 052  21259 5599999999999999
 24  7 11 33 64101136160162146120 91 65 49 50 66 91119145161159139107 7424 226H1 737164192416399999999999999 119  61328 4799999999999999
 43 20 16 30 58 91126153163153129100 71 50 42 51 73100128151159149124 9424 227H1 758163195815999999999999999 145 151357 4299999999999999
 63 39 27 33 55 85117145161157137109 80 55 40 40 56 8010713315015113511024 228H1 819162203315399999999999999 210 271428 3899999999999999
 83 59 43 42 57 81110136154157143118 89 64 44 37 44 63 8711213314313812224 229H1 840158211214399999999999999 235 4115 0 3799999999999999
100 79 63 56 63 82105128146153146125 99 74 53 40 39 50 68 9011112713212624 3 1H1 9 1153215713299999999999999 3 1 561535 3899999999999999
112 96 83 74 75 86103122137146144131108 85 64 48 41 43 54 70 8810411612024 3 2H1 921147225712099999999999999 327 731618 4099999999999999
116108 99 93 91 94105118130138139132117 97 77 61 49 44 45 54 66 80 9410524 3 3H1 941140999999999999999999999 355 911717 4399999999999999
111112111109108108110117124130132130122109 92 77 63 52 45 43 47 56 67 8124 3 4H1 04611210 313299999999999999 4321071847 4399999999999999
 95107115121123123121119120121123124122118109 97 84 69 55 43 36 35 41 5324 3 5H1 424124105812499999999999999 7211192037 3499999999999999
 71 91111126136138134127119113111113117120121118109 94 75 54 35 22 18 2524 3 6H1 452138135112199999999999999 9581112153 1899999999999999
 42 66 95122142151149138123108 98 97103114125133135125105 78 49 24  6  224 3 7H1 5161521539136999999999999991038 972245  199999999999999
 13 37 70107140160163152132109 89 79 83 97116136151154139111 77 41 10 -924 3 8H1 5401641641155999999999999991112 792329-1199999999999999
 -8 11 43 83126160174166145117 87 65 59 72 95123151170170148113 73 33 -124 3 9H1 6 61741731173999999999999991147 59999999999999999999999
-16 -7 20 59104148176178159129 95 61 41 44 65 97132165184178149110 67 2624 310H1 634181181718599999999999999 0 8-161224 3999999999999999
 -4-11  6 40 82129168184173144107 69 36 23 34 63100140175189177144104 6324 311H1 7 318419 219099999999999999 046-1213 1 2399999999999999
 25  4  7 31 67109151179181158122 83 45 17 13 32 65104145176184167135 9924 312H1 732184194718599999999999999 122  21340 1199999999999999
 62 33 23 35 62 97134166179167137100 61 27  8 11 35 6810714416917015212524 313H1 8 1179203317299999999999999 157 231420  699999999999999
 95 68 50 50 67 93122150169168147115 80 46 19  8 17 41 7210613715415113624 314H1 827171212215599999999999999 230 4715 2  899999999999999
116 96 79 72 79 96118139155161150126 97 67 40 21 17 27 47 7310112413513324 315H1 851161222013699999999999999 3 0 721547 1699999999999999
124112101 94 95104118132144149145131109 86 63 43 31 28 37 52 72 9310911824 316H1 9 8150234712099999999999999 326 931642 2899999999999999
120117114111111114121129135138137129116100 83 67 52 43 39 43 53 67 82 9624 317H1 912138999999999999999999999 3401101756 3999999999999999
106113118121122123125127128128126122116108 98 88 76 63 53 46 45 50 60 7324 318H1 8231289999999999999999999991941 45999999999999999999999
 88102114124130131130127123118115113111110108105 97 86 71 58 47 41 44 5324 319H1 4571319999999999999999999992114 41999999999999999999999
 68 86106123134138135128119110103101103106112116116107 92 74 56 42 34 3824 320H1 5 113815261179999999999999911 41012212 3499999999999999
 50 70 93117136144142132119104 93 88 91 99109121129127114 94 71 50 33 2824 321H1 51314416191309999999999999911 4 882253 2899999999999999
 36 54 79108134149149138122103 85 75 77 87102120136142134115 90 63 39 2524 322H1 5311501658142999999999999991121 752326 2399999999999999
 26 41 66 96127150156146128105 82 65 62 72 90112135151151135110 81 52 3024 323H1 5501561732153999999999999991144 612355 2299999999999999
 22 32 55 85118147161155135110 83 60 49 55 74 99126151162153130101 70 4224 324H1 61116118 41629999999999999912 8 49999999999999999999999
 26 28 47 75108141162162145118 88 60 41 39 55 81111142163166149121 89 5924 325H1 631165183716799999999999999 022 241234 3899999999999999
 36 30 43 69100133159167153127 96 64 39 28 38 61 92126155169162139109 7924 326H1 65116719 916999999999999999 048 2913 1 2899999999999999
 52 38 43 65 94125153167161136105 72 43 24 24 43 72105138162167152127 9924 327H1 712168194316899999999999999 113 371329 2299999999999999
 71 52 49 64 89118145163164145115 82 51 27 18 28 52 8311614616215914011624 328H1 732166201916399999999999999 139 481358 1899999999999999
 91 70 60 67 87112136156163151125 93 63 37 21 21 37 63 9312314615414712924 329H1 754163205915499999999999999 2 6 601430 1899999999999999
109 89 76 75 88108129147157153133105 76 50 30 22 28 47 71 9812314014313524 330H1 815157214514399999999999999 235 7415 4 2299999999999999
121106 94 89 93106123138148149137116 90 65 45 32 29 37 54 75 9711612913124 331H1 835150224713199999999999999 3 5 891545 2899999999999999
126118110105104109120131139141137123103 82 63 48 38 36 43 56 72 9010611724 4 1H1 853142999999999999999999999 3391041643 3699999999999999
123124122120118117120124129132131125114 99 84 69 56 46 42 44 51 64 79 9524 4 2H1 043124 91413299999999999999 4451171812 4199999999999999
110121128132132129124121120120120120118114105 94 80 66 52 42 38 42 52 6824 4 3H1 327132102712199999999999999 81612020 1 3899999999999999
 88109127140144141133122112106105108114119122120110 94 74 54 38 29 31 4324 4 4H1 4 514414 912299999999999999 9431052122 2999999999999999
 63 89117141154154144128110 94 86 88 98112127138139127105 79 53 31 20 2324 4 5H1 4321561536140999999999999991016 862217 1999999999999999
 40 67 99133158166158138113 88 69 64 73 93117141158159141112 81 49 24 1424 4 6H1 4571661632161999999999999991049 6323 1 1499999999999999
 23 47 80117153173171151123 91 60 42 44 63 92125157177173149116 80 46 2224 4 7H1 5241751720178999999999999991124 402341 1699999999999999
 17 34 63100140172182167137101 63 31 19 30 59 96136172189179150116 79 4624 4 8H1 55218218 61899999999999999912 0 19999999999999999999999
 26 31 54 87124161184180153116 75 36  8  4 25 60102147181191176147114 7924 4 9H1 621185185119299999999999999 019 251238  299999999999999
 50 40 53 80112147176184167133 93 51 14 -6  0 27 6510915318218516714111124 410H1 650185193718799999999999999 055 401317 -799999999999999
 81 61 61 79105134162179174148111 72 33  3 -8  5 34 7211515317317215513324 411H1 718180202417599999999999999 130 591356 -899999999999999
109 87 78 85104127149167171156127 92 57 24  3  1 16 45 8011714616015614324 412H1 744172211516099999999999999 2 3 781437 -199999999999999
126109 97 96107123140154161155136109 79 50 26 13 15 30 55 8511413614414224 413H1 8 7161221414499999999999999 234 951521 1299999999999999
133123114109112122133143149148137119 97 74 52 35 28 31 43 63 8610812313124 414H1 823149233513299999999999999 3 51091613 2799999999999999
131128124120120123128134137137132122108 92 76 60 49 43 44 53 67 8410111424 415H1 828137999999999999999999999 3391191718 4299999999999999
122127128128127126126126126125122118112104 95 84 72 61 54 53 57 67 81 9524 416H1 2 91289999999999999999999991845 53999999999999999999999
109121129133133130126121116113111110109109108103 94 82 70 61 56 58 66 7924 417H1 3301339999999999999999999992017 56999999999999999999999
 95111126136139136128119109101 97 98102108114117114104 89 75 63 55 56 6624 418H1 35713915 2117999999999999991019 972124 5599999999999999
 81100119136144143134120106 92 84 84 91101114125130124110 92 75 60 53 5624 419H1 4191451556130999999999999991030 832211 5399999999999999
 70 89111133148150141125106 87 73 69 75 89107126140141130112 91 71 56 5224 420H1 4401511637142999999999999991051 692247 5299999999999999
 61 80103128148157150132109 86 65 55 58 73 95120142154149132110 86 65 5424 421H1 5 11571712154999999999999991114 542318 5399999999999999
 56 72 95121146161158141116 89 62 44 41 54 78106136158163151130105 80 6124 422H1 5221621746164999999999999991139 402347 5699999999999999
 56 67 89115142162165151125 95 64 39 28 35 58 88122153170167149125 98 7424 423H1 54216618201719999999999999912 5 28999999999999999999999
 61 65 84109136159169160135104 71 41 21 20 37 67102139166175164143117 9124 424H1 6 3170185417599999999999999 015 601233 1799999999999999
 71 67 80103129153169168147115 81 48 22 11 20 45 7911715217317315813511024 425H1 625171193017699999999999999 043 6613 2 1199999999999999
 86 74 79 98122145164170157128 94 61 31 11 10 28 57 9212915917216614912724 426H1 64917020 917299999999999999 112 741333  899999999999999
104 87 83 95116137156167162140109 76 45 21 10 17 38 6810213515816415614024 427H1 714167205216499999999999999 143 8314 7 1099999999999999
121104 94 97111129146159161148123 93 63 37 20 16 27 49 7710713415115414724 428H1 740161214415599999999999999 217 931446 1599999999999999
134120108104110123137148154149134110 83 58 38 26 25 37 56 8110612814214524 429H1 8 7154225114599999999999999 2551041532 2499999999999999
141132123116115119128137143144137123103 81 61 45 36 35 44 60 8010112013424 430H1 837144999999999999999999999 3461151634 3499999999999999
140140136130124121122125130132132128118103 87 70 56 46 43 47 60 76 9611524 5 1H1 026140 92713399999999999999 5201211754 4299999999999999
131140144142136127120115114116120123124121112 99 83 67 54 47 48 57 73 9324 5 2H1 2 5144115012499999999999999 7431141923 4799999999999999
115134147152147137123109100 97100108117126131127115 97 78 61 50 48 56 7424 5 3H1 25915214 613199999999999999 858 972041 4799999999999999
 96121144158159148131110 91 78 75 84 99117135146144130109 86 66 51 49 6024 5 4H1 335160152314799999999999999 941 752141 4899999999999999
 80106134158168161142117 90 65 52 55 71 95123149163160142118 93 69 54 5424 5 5H1 4 61681619164999999999999991020 512229 5299999999999999
 69 93121151172174157129 97 64 38 28 38 63 96132163178171150124 97 72 5924 5 6H1 43717617 9178999999999999991058 282312 5999999999999999
 64 84110140167181172145111 74 38 13 10 29 61101143176187176154127 99 7624 5 7H1 5 81811757187999999999999991137  82352 6899999999999999
 68 80102129157179182163129 91 51 15 -4  2 28 6510915318318917515312710024 5 8H1 5391841844189999999999999991216 -5999999999999999999999
 82 82 98121146170183175148111 72 32  1-10  3 33 7311915918318417014912424 5 9H1 610183193218699999999999999 030 801256-1099999999999999
102 91 98115136158175178162131 94 56 21 -3 -5 12 44 8412616017717416114224 510H1 641179202017899999999999999 1 7 911337 -799999999999999
121105102112129147162171166145115 81 47 18  3  6 26 57 9313015616716315124 511H1 711171211116799999999999999 1431021419  299999999999999
135119111113123137150160161151129102 73 45 24 16 22 41 6910113014915615224 512H1 73916222 415699999999999999 21911015 3 1699999999999999
142130120117120129139147151147136117 94 71 50 35 31 39 56 8010512714114624 513H1 8 515123 314699999999999999 2591171552 3199999999999999
143136128122121123129134138138134124109 92 74 59 49 46 53 68 8710712413624 514H1 833139999999999999999999999 3521211646 4699999999999999
140139134129124121121123125126126123117107 95 82 70 61 59 64 76 9210812324 515H1 013140 91812699999999999999 5331211747 5999999999999999
134139139135129123117114112112114116117116111102 91 80 72 69 73 82 9611124 516H1 13014012 211799999999999999 8171121856 6999999999999999
125136142142136127117108101 98 99104111117120118111100 88 80 76 78 8710124 517H1 228142141212099999999999999 911 9820 9 7699999999999999
116131142147144134120106 93 85 84 89 99111123130129120107 95 85 80 83 9324 518H1 3 6147152213099999999999999 942 832110 8099999999999999
108125140150151142126108 90 75 68 72 83100119135142139127113 98 87 82 8824 519H1 3351521611142999999999999991011 682157 8299999999999999
101119136151157151135113 91 70 56 54 64 83107131149154147132115 99 87 8624 520H1 4 01571652154999999999999991039 532236 8599999999999999
 96113132150161160145121 95 69 48 39 45 63 89120147163163152134114 96 8724 521H1 42416217301659999999999999911 7 392310 8799999999999999
 92107126146162167156132104 74 47 29 27 42 68101136163174168153132110 9424 522H1 44916718 7174999999999999991136 252343 9099999999999999
 90101120140159171166146116 84 53 27 15 22 45 7711515117417916815012710524 523H1 51517118441799999999999999912 6 15999999999999999999999
 93 97112133153169173159132 99 65 34 12  9 25 53 8912916318017816414412124 524H1 544174192418199999999999999 017 921240  899999999999999
102 96106124145163174170148117 82 49 21  6 10 32 6310113916817917315813824 525H1 61617420 617999999999999999 051 961316  599999999999999
116102103116135153168172161135103 69 38 15  7 17 41 7311014516817416715124 526H1 649172205317499999999999999 1281011356  799999999999999
132115106111125142157166165150124 93 62 35 17 14 27 51 8211614516316715924 527H1 726168214616799999999999999 2 91061441 1399999999999999
145129116112117129143154160156140116 88 61 38 25 24 37 60 8811814315816124 528H1 8 8160224416199999999999999 2571121531 2399999999999999
154142129119115119128138147150146133112 88 66 47 36 36 48 68 9311914115424 529H1 9 1150234815799999999999999 3591151629 3599999999999999
157152142130119114115121128136140139130114 95 76 59 49 49 59 76 9812114124 530H11021141999999999999999999999 5221131733 4899999999999999
153157152141128115106104107114123131135132122106 89 73 63 61 69 8410412524 531H1 05115712 613699999999999999 6531031841 6199999999999999
144156159152138122105 92 86 89 99112126137140133120103 88 76 73 79 9311124 6 1H1 146159134914099999999999999 8 8 861953 7399999999999999
132150162162151132110 89 72 66 71 85104125143151146133117101 88 83 8810324 6 2H1 23116315 815199999999999999 9 4 6621 0 8399999999999999
121141159168163146121 95 69 50 45 54 74100129152163159146129112 97 91 9824 6 3H1 311168161116399999999999999 951 452157 9199999999999999
113132152168173161137108 77 48 29 27 42 69102136164174169155137118103 9924 6 4H1 34817317 6174999999999999991035 252247 9899999999999999
108124143162176174155126 93 58 28 11 15 37 6910714617418217516014112010624 6 5H1 4261771757182999999999999991118 10233110499999999999999
105117135154171180171146113 78 42 13  1 12 38 7511715618018517615913911824 6 6H1 5 318018461869999999999999912 0  1999999999999999999999
108112126144162176179164136101 64 29  4  0 15 45 8412716318318317215413324 6 7H1 540180193218599999999999999 0131071243 -199999999999999
116110118134151167177173154124 89 53 22  4  5 25 57 9613616718017716414524 6 8H1 618177201618199999999999999 0521101325  299999999999999
126114113124139155167172164143113 79 47 21 10 17 39 7110914316717416815324 6 9H1 656172205917499999999999999 13111214 7 1099999999999999
136121113117128142155164164153131103 73 46 27 22 33 56 8611914716416615824 610H1 734165214016799999999999999 2111131449 2299999999999999
143128117114119130141151156154141121 95 70 49 37 37 50 7210012814916015824 611H1 813157222216099999999999999 2531141530 3599999999999999
149136124116114119128137144147143131113 92 72 57 50 53 67 8811213414915524 612H1 85914723 515599999999999999 3431141612 4999999999999999
152142131121114112116122129134137133124109 93 78 68 64 70 8310212113814924 613H1 957137234915299999999999999 4471121654 6499999999999999
152147138127117110107109113119125128127121111 99 88 80 79 85 9711212814224 614H11119128999999999999999999999 6 61071741 7899999999999999
150150145135124112103 99 98102109117123126124117108 99 92 92 9710712113424 615H1 03615113 412699999999999999 733 981838 9199999999999999
145151150143131117104 93 86 86 9110111212313013112711811010410210611512824 616H1 122152143913299999999999999 836 85194710299999999999999
140150154150140125108 91 78 71 73 82 9611413014014213712911911110911212224 617H1 2 4154154714299999999999999 922 71205610999999999999999
134146155157150135115 95 76 61 56 62 76 9712014115215414813712511511211724 618H1 243157163915499999999999999 959 56215311299999999999999
128141153161159146126103 79 57 44 43 54 7610313215416516415514112611511324 619H1 3201611722166999999999999991035 42223911299999999999999
121134149161166159141116 88 61 39 28 33 52 8011314616817617115814012211224 620H1 35816618 3176999999999999991110 28232011199999999999999
114126142157169170157133103 72 43 22 17 29 54 8812615917918217315613511724 621H1 4361711842183999999999999991147 17999999999999999999999
110117132150166176172153124 91 57 27 10 11 29 60 9813817018618417115012824 622H1 517176192318799999999999999 0 01101226  899999999999999
112109120138157173180171147115 79 44 16  4 11 34 6810914917718718116414224 623H1 55918020 418799999999999999 03910813 8  499999999999999
121108110125144162177180167140106 70 36 12  5 17 43 7912015718018517515624 624H1 644181204718599999999999999 1211071352  599999999999999
134115107112127146164176177161133 99 64 34 15 12 28 56 9112916217918016724 625H1 733178213118299999999999999 2 61061437 1199999999999999
148127111105112127145161171170154127 95 64 39 24 26 43 7110413816417617324 626H1 825172221517799999999999999 2561051524 2399999999999999
159140121107103109123139153163161147123 96 70 50 40 44 62 8711614416517224 627H1 92416423 017299999999999999 3531021612 4099999999999999
166152133115102 97102114128142152152142123102 82 66 60 65 8110312715016524 628H11032154234616899999999999999 457 9717 2 6099999999999999
168160145127108 94 88 91101115130142146140128112 97 85 81 8610011813715424 629H11155146999999999999999999999 6 9 881757 8199999999999999
164165155139120100 84 76 77 8610111813314314313612511410510110411512914424 630H1 032166133314499999999999999 722 7519 210199999999999999
157164162151133112 90 72 62 61 71 8810912914415014714013012111611712513624 7 1H1 12116515 715099999999999999 830 60202111699999999999999
148159165162148128104 80 59 46 46 58 7910413015116015915314313212512413024 7 2H1 212165162416199999999999999 929 45213612399999999999999
141152162167162146122 95 68 44 32 34 50 7510513716017117016215013612612524 7 3H1 3 31671723171999999999999991021 31223612599999999999999
132143155166170163143116 86 56 31 20 26 46 7611214617017917616514913312324 7 4H1 35517018 91799999999999999911 8 20232512299999999999999
124133146160171173162139109 76 44 20 13 24 49 8312215817918417616114212624 7 5H1 4441741849184999999999999991153 12999999999999999999999
118122135150164175175160133100 66 34 13 12 28 58 9513516818418317115213224 7 6H1 531177192518699999999999999 0 61181235 1099999999999999
117113122137154169178174155125 90 56 27 12 17 39 7211114817618517716014024 7 7H1 61517820 018599999999999999 0451131315 1299999999999999
121110111124141158172177169146114 80 48 25 18 29 55 8912716017918016714724 7 8H1 656177203318199999999999999 1211091353 1899999999999999
127111105112127144160171173159134103 72 45 29 30 46 7510814116717717115424 7 9H1 73617421 517799999999999999 1581051428 2799999999999999
135117105104113129145159167164148122 94 67 48 40 47 67 9512615317017116024 710H1 815167213617399999999999999 23610315 2 4099999999999999
142124109101104114129143155159153136113 89 69 56 56 68 8911514116016816424 711H1 85715922 716899999999999999 3161011534 5499999999999999
150132116104 99103113126138147149142126108 90 76 70 75 8910913115116316424 712H1 944149223716599999999999999 4 2 9916 6 7099999999999999
155140124110 99 96100109120130138140134122109 97 88 87 9410812514215616224 713H1104214023 816299999999999999 456 961640 8699999999999999
158147132117104 95 92 9410211112213013413112411610810310411112313614915724 714H112 1134234315999999999999999 6 0 92172310399999999999999
159153141126112 98 88 84 86 9210211412513213413112712111811812313214215124 715H11350134999999999999999999999 712 84182511799999999999999
156156148136121106 91 80 74 75 82 9411012513614214314013412912713013614424 716H1 025157153714399999999999999 821 74195612799999999999999
151156154146133116 99 81 68 61 63 72 8911013014615415615114313513013113724 717H1 118156164315699999999999999 919 61212213099999999999999
145153158156147131111 90 69 53 46 50 65 8711413915816716715914713512812924 718H1 21815817271689999999999999910 8 46222312799999999999999
136146156163161149129105 79 54 37 32 40 60 8912215217217917416114412912224 719H1 31916318 3179999999999999991053 31231012299999999999999
125136150163170167152127 97 66 38 21 19 34 61 9613416718518717615813612024 720H1 4161711837188999999999999991136 18235111599999999999999
115123138156172180174154123 88 53 23  8 12 33 6610714918019418917214812524 721H1 5 91801912194999999999999991218  7999999999999999999999
109108122142163181188179153117 78 41 12  2 12 39 7812116319019718516213624 722H1 6 0188194719799999999999999 03210713 0  299999999999999
112 99104122145169187193179149110 70 33  9  4 21 53 9313817619519317514924 723H1 650193202319799999999999999 113 991342  399999999999999
122 99 91101122147171189192175142104 66 33 15 17 38 7211215318419418416224 724H1 739193205819499999999999999 157 911423 1399999999999999
135108 89 86 98120145169186185166135100 67 41 30 38 62 9513116518618717224 725H1 829188213418999999999999999 242 8515 4 3099999999999999
148122 97 82 81 95116140162176174156130102 76 58 54 65 8911714717118217724 726H1 92317722 918399999999999999 331 791545 5399999999999999
159135110 89 76 77 90108130150162161147128108 91 80 81 9411313615717217524 727H11023163224417699999999999999 426 751625 7999999999999999
165147125102 83 72 73 82 9911813614815014313212010910410711813214716116824 728H11140150232116999999999999999 528 7117 910499999999999999
167156138118 98 80 69 67 73 8710412213614314314013412912612813414315215924 729H11332144999999999999999999999 642 6618 912699999999999999
163160149134115 96 77 64 59 63 75 9211213014314915114914514113914114515124 730H1 0 4163155315199999999999999 8 3 5920 113999999999999999
155158156148134115 94 74 58 50 52 64 8310713014815916316115514714113914224 731H1 1 915817 416399999999999999 917 49215213999999999999999
147152157157151136116 92 68 49 39 42 57 8010813715917017216615614313413224 8 1H1 2371581740172999999999999991016 39225013299999999999999
136143152160163156139115 87 60 39 30 36 56 8411714917117917616414913312324 8 2H1 35216318 81809999999999999911 4 30232812299999999999999
124132143156167170161139110 79 49 28 23 36 61 9413116318218317215513511924 8 3H1 4481701835184999999999999991146 23999999999999999999999
112118131147163175176161134102 68 38 21 23 43 7311014817718718016314112024 8 4H1 53417819 318799999999999999 0 11121224 2099999999999999
105105116134154172182178156125 90 56 30 21 31 57 9113016518518617014812424 8 5H1 615183193018899999999999999 0331031258 2199999999999999
104 96102119140161179185173146112 78 48 29 29 47 7711315017718717715613124 8 6H1 652185195718799999999999999 1 5 961330 2699999999999999
108 93 91103124146167181180162132100 69 45 35 45 6910113516618318116414024 8 7H1 727183202318599999999999999 137 9014 0 3599999999999999
115 95 86 91107129151170178170148119 90 65 50 50 67 9412515417618117014824 8 8H1 8 3178204818299999999999999 210 851428 4899999999999999
124101 86 83 93111132153167170157135110 86 69 63 71 9211814516717817315524 8 9H1 840171211117899999999999999 244 821454 6399999999999999
132110 91 81 83 96114133150160158145126106 89 80 81 9511513815817117216024 810H1 921161213417499999999999999 321 811521 7999999999999999
141119100 85 80 85 97113130144151147136122108 99 9610211613415116416916324 811H11010151215816999999999999999 4 2 801550 9699999999999999
147128109 93 83 80 85 9610912313514113913312411711311412113314515616316224 812H11115141222416399999999999999 451 80162411299999999999999
152137119103 90 81 79 82 9110211512713413713613313012812913414214915515724 813H113 3137225715799999999999999 555 79171812899999999999999
154144130115101 89 79 74 76 82 9210612013214014414614414113914014314715124 814H11559146235615299999999999999 716 74191313999999999999999
152150142130116101 86 74 66 64 70 82 9911813615015715915614914213913914224 815H11649159999999999999999999999 841 64212313899999999999999
147151151145135120101 81 64 52 50 57 73 9612214616317217016114813713113124 816H1 131151172017299999999999999 948 49222513099999999999999
137146154158155143123 99 73 50 36 34 45 68 9913216117918317515914112511924 817H1 3 71581748184999999999999991039 3323 511999999999999999
123135150163171168152125 93 61 34 19 21 40 7110814717819318917214912610924 818H1 4171721816193999999999999991123 18234210599999999999999
106117136157176186181157123 85 48 20  8 17 43 8112416619420018616213310724 819H1 51118718452009999999999999912 4  8999999999999999999999
 92 95114139166190200188158118 76 38 11  5 23 56 9814518420419817614511324 820H1 6 0200191520599999999999999 019 911243  599999999999999
 86 76 88113144175200206189153111 70 33 12 16 40 7712116519720518815912524 821H1 647207194620599999999999999 057 761322 1099999999999999
 92 69 66 84113147180203204182146106 68 37 26 37 6610314418120119617214024 822H1 733207201720299999999999999 138 641359 2699999999999999
106 74 57 61 82113147179198194171138105 73 52 50 67 9512916318919618115324 823H1 821199204819699999999999999 220 561436 4899999999999999
121 89 63 52 60 82111143171184179159133108 86 75 80 9812314917318718316324 824H1 912185211718899999999999999 3 4 521512 7499999999999999
136107 79 59 52 61 8110713415716716214913211610410110912514416117417716724 825H11010167214517899999999999999 353 52154710199999999999999
147123 99 76 61 56 64 7910012214015015014413712912512613314315416316716424 826H1112915122 916799999999999999 451 56162212499999999999999
153136117 98 80 66 61 64 75 9010812513614314514514414314314615015415715724 827H11436145223215799999999999999 6 6 61171714399999999999999
153144133118102 86 72 63 62 68 80 9611413014315215615715415114814714614724 828H11636157999999999999999999999 741 61999999999999999999999
147146143136125109 91 74 61 56 59 71 8911113215016216616315714814113613624 829H117 4166999999999999999999999 9 8 56223813599999999999999
138142146148144133114 93 72 55 48 52 66 8911514216217217116315013712612324 830H1 25514817241739999999999999910 9 47225712399999999999999
126134144153159154138115 89 64 46 40 48 68 9612815717517816915513612011124 831H1 4 41591743178999999999999991054 40232011099999999999999
112122136151165170160138110 80 53 37 36 52 7811114517318317716114011810224 9 1H1 45117018 5183999999999999991130 342346 9799999999999999
 98107123143163178177160132100 68 43 32 41 63 95131165185184168146121 9824 9 2H1 52918018281879999999999999912 3 32999999999999999999999
 86 91108130154176186178153121 88 57 37 36 53 8211715318118917715312610024 9 3H1 6 4186185218999999999999999 013 861233 3499999999999999
 81 77 91114140166186188171141108 76 50 40 49 7410614217318918416213410524 9 4H1 638190191519099999999999999 042 7613 1 4099999999999999
 81 69 75 95122150176189182159128 96 68 51 52 71 9913216318518717014311324 9 5H1 711189193618999999999999999 111 691327 4999999999999999
 86 67 64 78103131159180185171145116 89 68 61 72 9612515417718617615112224 9 6H1 745186195718699999999999999 140 631352 6199999999999999
 94 71 60 66 85111139164178175157133108 87 75 79 9612114616918217815913224 9 7H1 820179201818299999999999999 210 601418 7599999999999999
104 80 63 60 72 92117142162170162145125106 93 9010011914116117417616314024 9 8H1 859170203817799999999999999 242 591444 9099999999999999
114 90 71 62 65 78 9812014115515815013712311110510812113715416617016414724 9 9H1 944159205717099999999999999 317 61151110599999999999999
124102 83 70 65 70 8310011813514514714213412712212112613614815816316115024 910H11044148211616399999999999999 358 65154112099999999999999
133114 96 82 72 69 74 84 9711112513514014013813713513613914515115415515024 911H11233140213415599999999999999 455 69162813599999999999999
140126111 97 85 76 71 72 78 8810111512813814414815014814514414414514614624 912H11555150221414699999999999999 621 71191314499999999999999
143137127116103 90 78 68 65 67 76 9010812614315516216215614814013613513724 913H11628162999999999999999999999 8 6 65214913599999999999999
140143142137127112 93 75 60 52 53 63 8210713315517017416815514112812212324 914H1 120143165217499999999999999 925 51222012199999999999999
130140150155153140118 92 67 47 36 39 55 8211414717318518116714612510910424 915H1 3141551715185999999999999991018 36225010499999999999999
112128146164174170151121 88 57 33 23 32 56 90129166190194180156128102 8624 916H1 41717417401959999999999999911 2 232323 8599999999999999
 88105130157181193184156120 82 47 23 19 36 68107150187203194169137103 7524 917H1 5 619318 7203999999999999991141 172358 6499999999999999
 64 76102135169198207191157117 76 41 21 26 51 88131173202205183150113 7624 918H1 5522071835207999999999999991219 20999999999999999999999
 51 48 69103142180208212189153113 73 42 31 45 75113155191208196165127 8824 919H1 63721419 520899999999999999 035 461256 3199999999999999
 52 33 40 68105147186210207181147110 76 53 52 7210413917520020117914310524 920H1 723212193320499999999999999 114 331332 4999999999999999
 66 36 26 40 70108149185202194170141111 85 73 8010313116018519718615812324 921H1 81020220 219799999999999999 154 2614 7 7299999999999999
 86 53 30 28 45 74110146175186177159137116100 9710912915117118518416613824 922H1 9 0186202718699999999999999 237 261440 9799999999999999
107 76 50 35 37 53 7810813816016716115013712511912213314716117117416614724 923H1 959167204917499999999999999 323 34151211899999999999999
124 99 75 56 46 48 61 8010312614315015014614113713614014715415916215914924 924H1112715121 016299999999999999 419 45154513699999999999999
134117 99 82 67 59 58 66 79 9611412913914514814914914814914915015014814424 925H115 714920 415099999999999999 534 5817 514899999999999999
138129119107 93 79 69 64 66 74 8810412013514715415715615214714213813513424 926H116 9157999999999999999999999 714 64999999999999999999999
134134132127117103 88 74 65 63 69 8210012014015516216215614713612712212224 927H11629163999999999999999999999 845 63223412299999999999999
125131138142138127110 91 73 61 58 66 8210412815116516816214913411911010824 928H1 3 5142164616899999999999999 946 57224110899999999999999
113124136149154148132110 87 67 54 55 67 88115143165174168154135115 99 9324 929H1 35915417 5174999999999999991029 5323 0 9399999999999999
 99112129148163165153131105 80 59 50 57 76102133161177176161140116 94 8124 930H1 44016617251799999999999999911 3 502323 7999999999999999
 82 96116140163176171151125 97 70 53 52 67 92122153177183170147120 93 732410 1H1 5151761747183999999999999991134 502349 6799999999999999
 67 78100127155177184170145116 87 63 53 61 84113145173186178155126 97 702410 2H1 54818418 81869999999999999912 1 53999999999999999999999
 56 61 81109141170187184164135106 78 61 61 79106137166185184165135103 732410 3H1 621189182818899999999999999 015 551228 5999999999999999
 52 47 62 89122155181190178153125 97 74 67 78101130158181187173144112 802410 4H1 654190184818799999999999999 042 461254 6799999999999999
 54 41 47 70101135166186185167142116 91 77 80 99125151174185178154122 902410 5H1 72818819 818599999999999999 110 401320 7699999999999999
 61 42 39 54 81112145172183175156132110 92 88 991211441651801791611321012410 6H1 8 3183192918299999999999999 139 381346 8799999999999999
 73 50 39 44 64 911221501701731631451261091001041191381571711751651421132410 7H1 842174194917699999999999999 2 9 38141410099999999999999
 86 62 46 43 54 751001261491621611511381251151131201351501621681641481242410 8H1 92716320 916899999999999999 243 43144411299999999999999
 99 77 60 50 52 63 811031241421511501451371301251271341441531591581501342410 9H11028152202615999999999999999 323 50151812599999999999999
113 93 76 64 58 60 69 83100117131141144144141139137138141145149150146138241010H11219144204115099999999999999 418 58162213799999999999999
126111 96 83 72 65 64 69 78 92107122135144149151149145142139138138138136241011H115 1151999999999999999999999 542 63999999999999999999999
133126117106 93 80 69 62 63 70 82 99119137152160161156147136128124124127241012H11541162999999999999999999999 727 62212912499999999999999
132136136131120103 84 68 57 53 60 75 97123147165172168155138121109105110241013H1 13613716 617299999999999999 850 53215510599999999999999
121134147153149134111 86 64 48 45 54 75103135163180180166145120 98 84 85241014H1 310153163118299999999999999 947 442225 8399999999999999
 99120143163174167144115 86 59 41 41 57 84118153181191180156125 94 69 59241015H1 4 71741657191999999999999991033 392259 5999999999999999
 69 93123155182192179151117 84 55 40 46 69102139174196194170137100 65 40241016H1 4551921724198999999999999991113 392335 3699999999999999
 38 58 91130170198203184152117 83 55 47 61 89124161192202186153113 72 36241017H1 5412051753202999999999999991152 46999999999999999999999
 18 26 54 94139181207206183151117 84 62 63 83113147180201197170131 89 48241018H1 627210182320399999999999999 012 171229 5999999999999999
 15  6 22 57 99146187206200176147116 89 76 85108137166190199183149109 68241019H1 713207185219999999999999999 051  513 5 7699999999999999
 31  6  5 27 63105150184197188167143118 99 95109131154176190186163129 92241020H1 8 1197192019199999999999999 131  21341 9499999999999999
 55 24  9 14 37 71110148174182173158139122112115129146163176179168144113241021H1 854182194618099999999999999 214  8141511199999999999999
 82 52 29 21 29 49 78111141160165160150138129126131142153162167163149128241022H1 95416520 716799999999999999 3 0 21145112599999999999999
104 79 57 41 37 44 60 83109131146152151146140136136140145150153152146134241023H11117152201715399999999999999 353 37153513699999999999999
119102 84 68 57 52 56 68 85104122135143146146145142141140140139138136132241024H11329147999999999999999999999 5 1 52999999999999999999999
126117107 94 82 71 65 65 72 85100116131142148150148144138132127124123123241025H11459150999999999999999999999 626 64221712399999999999999
124125122116105 93 80 72 69 73 84 99116133146154154148139128118111108111241026H1 045125153115599999999999999 753 69215810899999999999999
116124130132126114 99 85 74 70 74 86103123142155160154142127112 99 93 96241027H1 244132155416099999999999999 9 1 702212 9399999999999999
104117131141143135119102 85 73 69 77 92113135154164162149130110 91 80 79241028H1 340144161616599999999999999 949 692233 7899999999999999
 88104124143154152139120100 82 71 72 84104127151167169157136112 88 70 63241029H1 4221551638170999999999999991026 702257 6399999999999999
 70 88112137158166158140118 96 78 71 79 97120145166174166144117 90 65 50241030H1 4581661659174999999999999991058 712323 4999999999999999
 52 69 95124153172173159137113 90 76 77 91114139163177174154125 95 65 43241031H1 5331751720178999999999999991128 742349 3799999999999999
 37 49 74106141169181174155131106 86 79 88108133157176179164135103 71 432411 1H1 6 61811741180999999999999991156 79999999999999999999999
 28 32 54 85121157180183170148124100 85 87103127151172181172147114 80 492411 2H1 64018418 318199999999999999 016 271224 8499999999999999
 26 21 36 64 99136168184179162140116 96 90100120143164178177157126 93 602411 3H1 715184182618099999999999999 044 211253 9099999999999999
 33 19 24 45 76112148173180171153132111 98100115136156171176165139107 752411 4H1 753180185017799999999999999 114 181323 9799999999999999
 46 25 20 32 57 88122153170172161144126110105113129147162170167149121 912411 5H1 834173191617199999999999999 147 20135510599999999999999
 63 40 26 28 43 68 971271511631621521381251151151251381521611631531331082411 6H1 923164194116399999999999999 224 25143111499999999999999
 81 58 41 33 38 53 751011261451541531461371281231251321411501531511401222411 7H1102515420 915399999999999999 3 7 33151712399999999999999
101 79 61 48 43 47 60 791001211371471491461401341301291321371411421391312411 8H11150149204914299999999999999 4 3 43164112999999999999999
118101 85 69 58 52 54 63 78 971161331451501501461391321261241251271291302411 9H11328151225213099999999999999 517 5119 812499999999999999
128121110 96 81 67 59 57 63 77 94114134149156156149138125114108108112119241110H11429157999999999999999999999 642 57203510799999999999999
127132132124110 92 76 64 59 63 76 96118141158165161147129110 94 86 88 98241111H1 12713315 716599999999999999 8 3 592118 8599999999999999
113129143148140123103 83 67 60 65 80103128153170172159138112 87 67 61 69241112H1 254148153817399999999999999 9 7 602157 6199999999999999
 87112138158165155135112 89 70 63 70 90115143168180174151121 89 59 39 37241113H1 35416516 918199999999999999 959 632235 3699999999999999
 54 82115149174180167144118 93 73 69 81105132160182186168136100 63 31 14241114H1 4461811641187999999999999991045 682313 1499999999999999
 20 46 81123162187189173149122 95 78 79 97122149175190183156118 78 38  7241115H1 5341911713190999999999999991127 762353 -399999999999999
 -3 12 44 86132173194192174150122 98 86 93114139164185190173139 99 58 19241116H1 62219617461919999999999999912 6 86999999999999999999999
 -7 -9 13 49 93140178194188170147121101 96109129152173187182158122 83 42241117H1 711194181818899999999999999 034-111245 9699999999999999
  8-10 -5 20 57101145176187179162141120106108122141160175180169142107 70241118H1 8 0187185118199999999999999 116-11132310599999999999999
 35  7 -3  7 33 68109146170176168153135120113118132147161169168153127 96241119H1 851176192317099999999999999 159 -314 211399999999999999
 64 35 15 11 23 47 79114143160164157144131121119125136147155158152137115241120H1 945164195515899999999999999 245 10144411999999999999999
 89 64 42 29 28 39 61 88116138151153147138130124123127134140144143137125241121H11042153202814499999999999999 334 26153812399999999999999
108 88 69 53 44 45 55 73 95116134144146142136130125122123126128130129125241122H11146146211913099999999999999 427 43171112299999999999999
117105 92 78 66 59 59 68 82100117132141143141136129122117114113114116118241123H11258143234011899999999999999 525 58195411399999999999999
118115109 99 88 77 71 71 78 90104120133142144142134125114106100 98100105241124H11359144999999999999999999999 630 702058 9899999999999999
112117119116108 97 87 81 80 85 96110125138146148142130116102 90 83 83 89241125H1 153119144114899999999999999 741 792131 8299999999999999
100112123128126117106 95 87 85 91102117133145152149137121102 84 71 66 71241126H1 311128151215299999999999999 846 8522 0 6699999999999999
 83101119133139135125112 99 91 89 97111127143154156146128106 84 64 52 52241127H1 4 3139154015699999999999999 938 892228 5199999999999999
 64 84108131147150143130114100 92 94105121139154161155138114 87 62 43 36241128H1 44615116 5161999999999999991020 912256 3699999999999999
 44 64 91121146160159147131113 98 93100115133151163163148124 95 66 40 25241129H1 5241611630165999999999999991056 932325 2399999999999999
 26 43 70103137161169163148128109 96 96108126146162168159137107 75 44 21241130H1 6 01691657168999999999999991129 942355 1399999999999999
 13 23 48 81118152171173162144122103 95102119138157169168150121 88 55 252412 1H1 63617417251719999999999999912 1 95999999999999999999999
  8  9 27 57 94133163176172157137115 99 98111130149165172162137105 70 382412 2H1 713176175617299999999999999 026  61234 9799999999999999
 12  2 11 35 69108144168174166149128109 99104120139157169168152123 89 562412 3H1 752175182917099999999999999 1 0  213 9 9999999999999999
 26  6  4 19 46 81118150168169159141122106103112128145159166160139110 772412 4H1 83517019 416699999999999999 138  3134710299999999999999
 46 21  8 11 29 57 911251511641621511341181081081171321461561591491281002412 5H1 921165194315999999999999999 218  7143010699999999999999
 70 43 23 15 22 40 67 981281491591561451311181101111191311411481481381192412 6H11013159203014999999999999999 3 3 15152510999999999999999
 94 69 47 31 26 34 52 771041291471541511411291181101091151231311371371302412 7H111 9154213613899999999999999 354 26163810999999999999999
115 95 74 56 43 39 47 63 851081301461521491401281151061021041101171251292412 8H112 8152231112999999999999999 451 3918 810299999999999999
126116101 84 69 57 54 59 73 92113133147153149139124108 95 87 87 921021142412 9H113 5153999999999999999999999 554 541933 8699999999999999
123128124113 98 84 73 68 71 83100119138151156149135116 96 78 67 66 74 88241210H1 1 2128135515699999999999999 7 6 682037 6599999999999999
106123134135127114 99 87 80 82 92109127145157159148128104 79 57 44 44 57241211H1 236136143916099999999999999 820 802128 4299999999999999
 78103128145149142128113 99 89 90101118136153164161144118 88 59 33 21 25241212H1 348150152016599999999999999 926 882214 2099999999999999
 44 72105137158162154140123106 95 97109127145162170161137106 72 38 11  2241213H1 44816316 0170999999999999991022 942259  299999999999999
 12 37 72111147169172162146127108 98103118136154170172157128 93 55 19 -6241214H1 5411731641173999999999999991110 982342-1199999999999999
-10  6 37 76120157177177165147125106100108125144162174171151118 80 40  5241215H1 6301791721175999999999999991154100999999999999999999999
-16-14  7 42 86130164179176162141119104102114131150166174166141107 68 29241216H1 71618018 217499999999999999 026-18123510199999999999999
 -3-17 -9 16 53 97139168177170153132112102105119136153167170157130 95 57241217H1 8 0177184317099999999999999 1 9-17131610199999999999999
 22 -3-10  2 30 68109145167170159142122106101108122138153162161145117 84241218H1 841171192416399999999999999 151-11135610199999999999999
 51 21  4  3 19 48 83119148162160147130114103101110123137148153148131105241219H1 92116320 415399999999999999 232  1143710199999999999999
 76 48 26 16 20 39 66 98127148155150136121108101102110121132139142135118241220H110 0155204714299999999999999 312 16152410099999999999999
 96 72 51 36 32 40 59 84110133146148140128115105 99100106115123128129122241221H11039149213712999999999999999 351 321620 9999999999999999
108 91 73 59 50 50 61 78 99120136144142133122110101 96 95 99105111116117241222H11118144224611799999999999999 428 491732 9599999999999999
113103 92 80 70 66 68 79 94111126137141137129118106 96 89 87 88 93 99105241223H112 0141999999999999999999999 5 8 6519 4 8799999999999999
109109105 98 90 84 81 85 93105118130138139135125113100 88 79 74 75 80 89241224H1 027110124514099999999999999 556 812023 7499999999999999
 99108112112108102 97 95 97103113124133139139133122107 91 76 65 60 61 70241225H1 228113133214099999999999999 7 5 952116 5999999999999999
 83 99112121123120114108104104108117127136141140131116 98 79 61 49 44 50241226H1 353123141814199999999999999 8311032156 4499999999999999
 64 83104123133136132123114107106111121131141145140127109 86 63 44 32 31241227H1 44913615 114599999999999999 9411062232 3099999999999999
 42 63 89115136146147139127115106106113125137146148140122 98 72 46 25 16241228H1 531148154214999999999999999103210523 7 1699999999999999
 22 40 67 99129150157154142125110103105116131145153152138114 85 55 27  8241229H1 6 715716221549999999999999911121022342  499999999999999
  5 18 43 76113144162164155138118103 99106121138153160153133104 71 37 10241230H1 64116517 3160999999999999991149 99999999999999999999999
 -5 -1 19 50 89127156169165151130108 95 96109127146160164152126 93 56 22241231H1 715169174616599999999999999 018 -51226 9499999999999999
