 29 34 37 37 35 31 24 18 12  8  6  6  7  9 11 11 10  9  9  8  9 12 15 1924 1 1HA 235 381446 11999999999999991042  51846  899999999999999
 23 27 31 33 32 29 25 20 14 10  8  8  8 10 12 13 13 12 11 11 11 11 13 1624 1 2HA 310 331524 139999999999999911 2  81940 1199999999999999
 18 22 25 27 28 26 24 20 16 13 10  9 10 11 13 15 16 16 15 14 14 13 14 1424 1 3HA 349 281625 16999999999999991112  92110 1399999999999999
 15 17 19 21 22 23 22 20 17 14 12 11 11 12 14 17 18 19 20 19 18 17 16 1524 1 4HA 438 231748 20999999999999991117 11999999999999999999999
 14 14 14 15 17 18 18 18 17 15 13 12 12 13 15 18 20 22 24 24 24 22 20 1824 1 5HA 558 181854 2499999999999999 1 1 141128 1299999999999999
 15 13 12 11 11 13 14 15 15 15 14 13 13 13 15 18 21 24 27 29 29 28 26 2224 1 6HA 753 151945 2999999999999999 3 6 111152 1399999999999999
 18 14 11  8  7  7  9 11 13 14 14 14 13 13 14 16 20 24 28 32 34 34 32 2924 1 7HA 938 142032 3499999999999999 416  71228 1399999999999999
 24 18 12  7  4  2  3  6  9 12 13 14 13 12 13 14 18 22 27 33 37 39 39 3624 1 8HA1047 142120 3999999999999999 5 8  21317 1299999999999999
 31 24 16  9  3 -1 -2  0  4  8 11 12 13 12 11 11 14 18 24 30 37 42 44 4324 1 9HA1134 1322 8 4499999999999999 554 -21411 1199999999999999
 38 32 23 14  6 -1 -5 -5 -3  2  7 10 11 11  9  9 10 13 18 25 33 40 46 4824 110HA1210 112256 4899999999999999 640 -615 6  999999999999999
 45 40 32 22 11  2 -4 -8 -8 -4  2  7  9  9  8  7  6  7 11 18 26 35 43 4924 111HA1242 102345 5099999999999999 726 -81559  699999999999999
 50 47 40 31 20  9 -1 -7-10 -8 -4  2  7  8  8  6  3  3  5 10 17 26 36 4524 112HA1311  8999999999999999999999 812-101651  399999999999999
 50 50 46 39 29 17  6 -2 -7 -9 -7 -2  4  7  7  6  4  1  0  3  9 16 25 3524 113HA 033 501340  899999999999999 858 -91744  099999999999999
 44 48 48 43 36 26 14  5 -2 -6 -7 -3  2  7  8  8  6  3  0 -1  2  8 15 2424 114HA 122 481411  899999999999999 941 -71838 -199999999999999
 33 40 43 42 38 31 22 12  5  0 -3 -2  2  7 10 10  9  7  4  1  0  3  7 1324 115HA 211 441448 10999999999999991022 -31936  099999999999999
 21 29 35 36 35 32 26 18 11  6  3  2  4  8 12 14 14 13 10  6  3  3  4  724 116HA 3 3 361534 14999999999999991059  22046  399999999999999
 11 17 23 27 28 27 24 20 15 11  9  8  8 10 14 17 18 18 17 14 11  7  6  624 117HA 4 0 281636 19999999999999991127  72248  699999999999999
  6  9 13 16 18 19 19 18 15 13 12 11 12 13 15 19 22 23 24 23 20 16 12  924 118HA 516 191750 249999999999999911 3 11999999999999999999999
  7  6  6  8  9 11 12 12 12 12 12 12 14 15 17 20 23 26 28 29 28 25 21 1624 119HA19 0 29999999999999999999999 122  6999999999999999999999
 12  8  5  4  3  4  5  6  8  9 10 11 13 15 17 19 22 26 29 32 33 33 29 2524 120HA20 6 33999999999999999999999 343  3999999999999999999999
 19 14  9  4  1  0  0  2  4  6  8  9 11 13 15 17 20 23 28 32 36 37 36 3324 121HA21 5 37999999999999999999999 513  0999999999999999999999
 27 21 14  8  2 -1 -2 -1  1  4  6  8  9 10 12 13 16 19 24 29 35 39 40 3824 122HA2157 40999999999999999999999 6 1 -2999999999999999999999
 34 28 20 12  5  0 -2 -3 -1  2  5  7  8  8  9 10 11 15 19 25 31 37 41 4124 123HA2242 42999999999999999999999 636 -3999999999999999999999
 39 33 26 17  9  3 -1 -3 -2  1  4  7  8  7  7  7  7  9 13 19 25 32 38 4224 124HA1220  82322 4299999999999999 7 7 -315 5  799999999999999
 41 38 31 23 14  6  0 -3 -3  0  3  7  8  8  7  5  4  5  8 13 19 26 34 3924 125HA1211  82359 4199999999999999 734 -31610  499999999999999
 41 40 35 27 18  9  2 -2 -3 -2  2  6  8  8  7  5  3  2  4  7 13 20 27 3524 126HA1226  9999999999999999999999 8 1 -31658  299999999999999
 39 39 36 30 22 13  5  0 -2 -2  1  5  8  9  8  6  3  1  1  3  8 14 21 2824 127HA 034 401248  999999999999999 825 -31739  199999999999999
 35 37 36 31 25 16  8  2 -1 -1  0  4  8 10  9  7  5  2  0  1  4  9 15 2224 128HA 1 7 371311 1099999999999999 846 -11818  099999999999999
 29 33 33 31 26 19 11  5  1  0  1  4  8 11 11 10  7  4  2  1  2  6 10 1624 129HA 138 341335 1199999999999999 9 0  01856  199999999999999
 22 27 29 28 25 20 13  7  4  2  3  5  9 12 13 12 10  8  5  3  2  4  7 1124 130HA 2 7 2914 0 1399999999999999 9 6  21938  299999999999999
 16 21 24 25 23 19 14  9  6  4  5  7 10 14 16 16 14 12  9  6  5  5  6  824 131HA 237 251430 1699999999999999 9 6  42026  499999999999999
 12 15 19 20 19 17 14 10  7  6  6  8 11 15 18 19 18 16 14 11  9  7  7  824 2 1HA 3 8 2015 6 1999999999999999 9 7  62137  799999999999999
  9 11 13 15 15 14 13 10  8  7  7  9 12 15 18 21 22 21 19 17 14 11 10  924 2 2HA 345 151555 2299999999999999 912  7999999999999999999999
  8  8  9 10 10 11 10 10  8  8  8 10 12 15 18 21 23 24 24 22 20 17 14 1224 2 3HA 450 1117 3 2499999999999999 040  8 917  899999999999999
  9  7  6  5  5  6  7  7  8  8  8  9 11 14 17 20 23 26 27 27 26 23 20 1624 2 4HA1827 27999999999999999999999 3 3  5999999999999999999999
 12  9  5  2  1  1  2  4  6  7  8  9 10 12 15 18 21 25 28 30 31 30 27 2324 2 5HA1951 31999999999999999999999 421  1999999999999999999999
 18 12  6  1 -2 -4 -3 -1  2  5  7  8  9 10 11 14 17 22 27 31 34 35 34 3124 2 6HA21 2 35999999999999999999999 5 9 -4999999999999999999999
 25 18 11  3 -3 -7 -8 -6 -2  2  5  7  7  7  7  8 11 16 21 28 34 38 40 3824 2 7HA22 0 40999999999999999999999 551 -8999999999999999999999
 34 27 18  8  0 -7-11-11 -7 -2  3  6  6  6  5  4  5  8 14 21 29 36 42 4324 2 8HA1158  62252 4399999999999999 632-1115 4  499999999999999
 41 35 26 16  5 -4-10-13-11 -6  0  4  6  6  4  1 -1  0  5 11 19 29 38 4424 2 9HA1212  62340 4599999999999999 711-131611 -199999999999999
 45 41 35 25 13  2 -6-11-12 -9 -3  3  7  7  5  2 -2 -5 -3  1  9 18 29 3824 210HA1231  7999999999999999999999 749-121710 -599999999999999
 44 44 39 32 22 10  1 -6 -9 -9 -4  3  8 10  8  5  0 -5 -7 -6 -1  6 16 2724 211HA 028 441256 1099999999999999 825-1018 5 -799999999999999
 36 40 39 35 28 18  8  0 -4 -5 -3  3  9 13 13 10  6  0 -6 -8 -6 -2  5 1424 212HA 115 401326 1399999999999999 857 -519 2 -899999999999999
 24 31 33 32 28 22 13  6  2  0  1  4 11 16 18 17 13  8  1 -4 -6 -5 -2  424 213HA 2 4 3314 0 1899999999999999 921  020 5 -699999999999999
 12 19 24 25 24 21 16 10  6  5  6  8 12 18 21 22 20 17 11  4  0 -3 -3 -124 214HA 255 251440 2299999999999999 913  52133 -399999999999999
  3  8 13 15 16 15 13 10  8  8  9 11 14 19 23 25 25 24 20 15  9  5  2  124 215HA 356 161531 2599999999999999 833  82340  099999999999999
  0  2  5  7  8  8  8  8  7  8 10 13 15 19 22 26 27 28 27 24 19 14 10  724 216HA 545  81646 2899999999999999 8 2  7999999999999999999999
  4  2  1  1  1  2  2  3  4  6  9 12 15 18 21 24 27 29 30 29 27 23 19 1524 217HA1817 30999999999999999999999 2 3  1999999999999999999999
 10  6  2  0 -2 -2 -2 -1  1  3  6 10 13 15 18 21 24 26 29 31 31 30 27 2224 218HA1943 32999999999999999999999 5 6 -2999999999999999999999
 17 12  6  1 -2 -4 -4 -3 -1  2  4  7 10 12 14 16 19 22 26 29 32 33 32 2924 219HA2057 33999999999999999999999 543 -4999999999999999999999
 24 18 11  5  0 -3 -4 -4 -2  1  3  6  7  9 10 11 13 17 21 25 30 34 35 3324 220HA2152 35999999999999999999999 6 8 -4999999999999999999999
 29 23 16  9  3 -2 -4 -4 -2  1  4  6  6  7  7  7  8 11 15 20 26 31 35 3524 221HA2234 35999999999999999999999 628 -4999999999999999999999
 32 27 20 13  5  0 -3 -4 -2  2  5  7  7  6  5  4  4  5  9 14 20 27 33 3524 222HA1143  72311 3599999999999999 647 -41539  499999999999999
 34 30 24 16  8  2 -2 -4 -2  1  5  8  8  7  5  3  1  1  3  8 14 21 28 3324 223HA1139  92344 3499999999999999 7 4 -41630  199999999999999
 34 32 26 19 11  4 -1 -3 -2  1  5  9 10  9  7  4  0 -2 -1  3  8 15 23 2924 224HA1154 10999999999999999999999 719 -31713 -299999999999999
 32 31 28 22 14  6  1 -2 -2  1  5 10 12 12  9  6  2 -2 -3 -1  3  9 16 2424 225HA 015 321214 1299999999999999 730 -21752 -399999999999999
 29 30 28 23 16  9  3  0 -1  1  5 11 14 15 12  9  5  0 -3 -3 -1  4 10 1824 226HA 045 301235 1599999999999999 736 -11831 -399999999999999
 24 27 26 23 17 11  5  1  1  3  6 11 16 17 16 13  9  4 -1 -3 -2  1  5 1224 227HA 114 271257 1799999999999999 738  11910 -399999999999999
 18 22 23 21 17 12  7  3  2  4  8 12 17 20 20 17 13  8  3  0 -1  0  3  724 228HA 142 231321 2099999999999999 740  21952 -199999999999999
 12 17 19 18 16 12  8  4  4  6  9 13 18 22 23 21 18 14  9  4  1  1  2  424 229HA 210 191349 2399999999999999 744  42041  199999999999999
  8 12 14 15 13 11  8  5  4  6 10 14 18 23 25 25 22 19 14 10  6  4  3  324 3 1HA 239 151421 2599999999999999 752  422 9  399999999999999
  5  7  9 10 10  9  8  6  5  6 10 14 18 22 25 27 26 23 20 16 12  8  6  524 3 2HA 313 1015 2 2799999999999999 758  5999999999999999999999
  4  4  5  6  6  6  6  5  5  6  9 13 16 20 24 27 27 27 25 22 18 14 11  824 3 3HA 417  61559 2799999999999999 033  4 748  599999999999999
  6  3  2  1  1  2  3  4  5  6  8 11 14 18 21 24 27 28 28 27 25 21 17 1324 3 4HA1731 28999999999999999999999 3 8  1999999999999999999999
  9  5  1 -2 -3 -3 -1  1  3  5  7  9 11 14 17 20 23 27 29 30 30 28 25 2024 3 5HA1922 31999999999999999999999 418 -3999999999999999999999
 15  9  3 -2 -6 -7 -6 -3  0  3  5  7  8  9 11 14 17 22 26 30 33 34 32 2824 3 6HA2047 34999999999999999999999 458 -7999999999999999999999
 22 15  7  0 -6 -9 -9 -7 -3  2  5  6  6  6  6  7  9 14 20 26 32 36 38 3524 3 7HA2149 38999999999999999999999 534-10999999999999999999999
 30 23 14  5 -3 -9-11-10 -5  1  5  7  7  5  3  1  1  5 10 17 26 34 39 4024 3 8HA1118  72241 4099999999999999 6 9-111519  199999999999999
 37 30 22 12  2 -5 -9-10 -7  0  6  9  9  7  3 -1 -4 -4  0  6 15 25 34 3924 3 9HA1129 102330 4099999999999999 641-101624 -599999999999999
 39 36 29 19  9  1 -5 -7 -6  0  7 13 14 12  8  2 -5 -8 -8 -4  3 12 24 3324 310HA1150 14999999999999999999999 710 -71723 -999999999999999
 37 36 32 25 16  7  0 -3 -3  1  8 15 19 18 15  9  1 -7-11-10 -6  0 10 2124 311HA 018 371217 1999999999999999 733 -31821-1199999999999999
 29 31 30 27 20 12  5  2  2  4  9 17 23 25 22 17 10  1 -7-10-10 -7 -1  824 312HA 1 7 311249 2599999999999999 743  21925-1199999999999999
 17 23 24 23 20 14  9  6  6  8 11 18 25 29 29 26 20 12  3 -4 -8 -8 -6 -124 313HA 2 0 241325 2999999999999999 728  62043 -899999999999999
  6 12 15 16 15 13 10  7  8 10 14 19 25 30 32 31 28 23 14  6  0 -3 -4 -424 314HA 3 2 1614 6 3399999999999999 716  72216 -599999999999999
 -1  4  7  8  9  8  7  7  8 11 15 19 24 29 33 34 33 30 24 17 10  6  2  024 315HA 429  91456 3499999999999999 7 4  72354 -199999999999999
 -1  0  1  2  2  3  4  4  6  9 14 18 22 26 30 32 33 32 30 26 20 15 11  724 316HA16 6 339999999999999999999999999999999999999999999999999
  3  1  0 -1 -1 -1  0  1  3  7 11 15 19 22 25 28 30 32 32 30 27 23 19 1424 317HA1741 32999999999999999999999 416 -2999999999999999999999
 10  5  2 -1 -3 -3 -3 -1  1  4  8 12 15 18 20 23 25 28 30 31 31 29 25 2124 318HA1916 31999999999999999999999 5 0 -3999999999999999999999
 16 11  6  1 -2 -3 -3 -1  1  4  7  9 12 14 15 17 19 22 26 29 31 31 29 2624 319HA2037 31999999999999999999999 526 -3999999999999999999999
 21 15 10  4  1 -2 -2 -1  2  4  6  8 10 10 11 12 13 16 20 24 28 31 31 2924 320HA2133 31999999999999999999999 542 -2999999999999999999999
 25 19 13  7  3  0 -1  0  3  6  8  9  9  9  8  7  8 10 14 19 24 29 31 3024 321HA1145  92214 3199999999999999 554 -11455  799999999999999
 27 22 16  9  4  1  0  1  4  7 10 11 10  9  7  5  4  5  8 13 19 25 29 3024 322HA11 3 112249 3099999999999999 6 4  01552  499999999999999
 28 24 18 12  6  2  1  1  4  9 12 14 13 11  8  4  1  1  3  7 13 20 26 2924 323HA11 4 142321 2999999999999999 612  11638  199999999999999
 29 26 20 14  8  3  2  2  5 10 14 17 17 14 10  6  1 -1 -1  2  7 14 21 2624 324HA1119 172351 2899999999999999 616  21720 -199999999999999
 28 26 22 16 10  5  3  3  6 11 16 20 20 18 14  9  3 -1 -3 -1  2  8 16 2224 325HA1138 21999999999999999999999 617  318 1 -399999999999999
 25 25 22 18 12  6  4  4  7 11 17 22 24 23 19 14  8  1 -2 -3 -1  3 10 1724 326HA 021 251159 2499999999999999 619  41842 -399999999999999
 22 23 21 18 13  8  5  5  8 12 18 24 27 27 24 19 13  6  0 -2 -2  0  5 1124 327HA 051 231222 2899999999999999 625  51924 -299999999999999
 17 20 19 17 14  9  6  6  9 13 18 25 29 31 28 24 19 12  5  1 -1  0  2  624 328HA 121 201248 3199999999999999 634  62013 -199999999999999
 12 15 16 15 13 10  7  6  9 13 18 24 30 33 32 29 24 18 11  5  2  1  1  324 329HA 152 161318 3399999999999999 645  62120  199999999999999
  7 11 12 12 12 10  8  6  8 12 18 23 28 33 34 32 29 24 18 12  7  4  3  324 330HA 226 131352 3499999999999999 657  62250  399999999999999
  4  6  8  9  9  8  7  7  8 11 16 21 26 31 34 34 32 29 24 18 13  9  7  424 331HA 314  91435 3499999999999999 7 2  7999999999999999999999
  3  3  4  4  5  5  6  6  7 10 14 18 23 27 31 33 33 32 29 25 20 16 12  824 4 1HA1536 33999999999999999999999 031  3999999999999999999999
  5  2  1  0  1  2  3  5  6  8 11 15 19 22 26 29 32 33 32 31 27 23 18 1424 4 2HA1714 33999999999999999999999 244  0999999999999999999999
  9  4  0 -2 -3 -2  0  3  5  7  9 12 14 17 20 23 27 30 33 34 33 30 26 2124 4 3HA19 4 34999999999999999999999 349 -3999999999999999999999
 15  8  2 -2 -4 -4 -2  1  5  7  9 10 10 11 13 15 19 24 29 33 35 35 33 2824 4 4HA2029 35999999999999999999999 427 -5999999999999999999999
 22 14  7  1 -3 -5 -3  1  5  9 11 10  9  8  7  7 10 14 20 27 33 36 37 3424 4 5HA1029 112133 3799999999999999 5 0 -51412  799999999999999
 28 21 13  6  0 -3 -3  1  6 11 14 14 12  8  4  2  2  4 10 17 25 33 37 3624 4 6HA1027 152227 3799999999999999 528 -31530  199999999999999
 33 27 20 12  5  1  0  2  8 14 19 20 18 13  7  1 -3 -3 -1  5 14 23 31 3524 4 7HA1045 202318 3599999999999999 552  01636 -499999999999999
 34 31 25 17 10  6  4  5  9 17 24 27 26 22 15  6 -2 -6 -7 -4  2 11 21 2824 4 8HA1112 27999999999999999999999 6 7  41739 -799999999999999
 30 30 27 21 14  9  8  8 12 18 26 32 34 31 25 16  6 -3 -7 -8 -6  0  9 1824 4 9HA 010 311144 3499999999999999 6 9  81845 -899999999999999
 23 25 24 21 17 12 10 11 14 19 27 35 39 38 34 27 18  7 -2 -6 -8 -6  0  824 410HA 1 6 251221 3999999999999999 6 5 101957 -899999999999999
 14 18 19 18 16 13 11 12 16 20 26 34 40 43 41 36 29 19  9  1 -3 -5 -4  124 411HA 212 1913 0 4399999999999999 6 6 112110 -599999999999999
  6 10 12 13 13 11 10 11 15 20 25 31 38 43 43 41 37 30 20 11  5  1 -1 -124 412HA 326 131345 4399999999999999 6 6 102225 -199999999999999
  2  5  7  7  8  8  8  9 13 18 23 28 34 39 42 42 40 36 30 22 15 10  6  324 413HA1438 429999999999999999999992354  2999999999999999999999
  2  3  4  4  4  5  6  7 10 15 20 25 29 33 37 39 39 38 35 29 24 18 13  924 414HA1546 409999999999999999999999999999999999999999999999999
  6  4  3  3  3  3  4  6  8 12 17 21 24 28 31 34 36 36 36 33 29 25 20 1624 415HA17 6 36999999999999999999999 346  3999999999999999999999
 11  8  5  3  3  3  4  5  8 11 14 18 20 23 25 27 30 32 33 33 32 29 25 2124 416HA1831 34999999999999999999999 424  3999999999999999999999
 16 12  8  5  4  4  4  6  8 11 13 15 17 18 20 21 24 26 29 31 32 31 28 2524 417HA1954 32999999999999999999999 441  4999999999999999999999
 20 15 11  8  6  5  6  8 10 12 14 15 15 15 15 16 18 20 24 28 30 31 30 2724 418HA2056 31999999999999999999999 450  5999999999999999999999
 23 18 13 10  7  7  8 10 13 15 16 16 16 14 13 12 13 15 18 23 27 30 30 2824 419HA1038 162141 3099999999999999 455  715 1 1299999999999999
 25 20 15 11  9  8  9 12 15 18 20 20 18 15 12 10  9 10 13 17 22 27 29 2924 420HA1019 202219 2999999999999999 456  81557  999999999999999
 26 22 17 13 10  9 10 13 18 22 24 24 22 18 14  9  7  6  8 11 17 23 27 2824 421HA1025 242254 2899999999999999 453  91644  699999999999999
 27 23 19 14 11 10 12 15 19 25 28 29 27 23 17 11  7  4  4  7 11 18 24 2624 422HA1041 292328 2799999999999999 452 101729  499999999999999
 26 24 21 16 12 11 12 16 21 27 31 33 32 28 23 16  9  4  2  3  7 12 19 2424 423HA11 1 33999999999999999999999 457 111813  299999999999999
 25 24 21 18 14 12 13 16 21 27 34 37 37 34 28 22 14  7  3  2  3  7 14 2024 424HA 0 2 251125 3799999999999999 5 8 121859  299999999999999
 23 23 21 19 15 12 13 16 21 27 34 39 41 39 34 28 20 12  6  3  2  4  9 1524 425HA 036 231153 4199999999999999 522 121948  299999999999999
 19 21 20 19 16 13 12 15 20 26 33 39 43 43 39 34 27 19 11  6  4  3  5 1024 426HA 113 211224 4399999999999999 540 122044  399999999999999
 14 17 18 17 16 13 12 14 19 24 31 37 43 45 43 39 33 26 18 11  7  5  4  624 427HA 155 181259 4599999999999999 558 122147  499999999999999
 10 13 14 15 14 13 12 13 16 22 28 34 40 44 45 42 38 32 25 18 12  9  6  524 428HA 253 151341 4599999999999999 613 1223 0  599999999999999
  6  8 10 11 12 12 11 12 14 19 25 30 36 41 43 44 41 38 32 25 19 14 10  724 429HA1433 449999999999999999999999999999999999999999999999999
  5  5  7  8  9 10 10 11 13 16 21 25 30 35 39 42 42 41 37 32 27 21 16 1124 430HA1543 42999999999999999999999 023  5999999999999999999999
  7  5  4  5  6  8  9 11 12 14 17 21 24 28 32 36 39 40 40 37 33 28 23 1724 5 1HA1712 40999999999999999999999 152  4999999999999999999999
 12  7  5  4  5  7  9 11 13 14 16 17 19 21 24 28 33 36 39 39 38 34 29 2424 5 2HA1846 39999999999999999999999 255  4999999999999999999999
 18 12  8  5  5  7 10 13 16 17 17 16 16 16 17 19 23 28 33 37 38 38 34 3024 5 3HA 933 1720 9 3999999999999999 336  51237 1699999999999999
 24 18 12  9  7  8 12 16 20 22 22 20 17 14 12 12 14 18 24 30 35 37 37 3424 5 4HA 922 222117 3799999999999999 4 6  71427 1199999999999999
 29 23 18 13 11 11 14 19 25 28 29 26 22 16 11  8  7  9 13 20 27 33 35 3424 5 5HA 940 292216 3599999999999999 427 111546  799999999999999
 32 27 22 17 15 15 17 22 28 34 37 35 31 24 16  9  4  3  4  9 16 24 30 3224 5 6HA10 8 372313 3299999999999999 436 151657  399999999999999
 31 29 25 21 18 17 19 23 30 38 43 44 41 35 26 16  7  2  0  2  7 14 22 2624 5 7HA1042 44999999999999999999999 437 1718 5  099999999999999
 28 27 25 22 19 19 21 25 30 38 46 50 49 45 37 27 16  7  2  0  1  6 13 1924 5 8HA 013 281120 5099999999999999 441 191911  099999999999999
 23 24 23 22 19 19 20 24 30 37 45 51 54 52 47 39 28 17  8  3  1  2  6 1224 5 9HA 118 2412 2 5499999999999999 452 182014  199999999999999
 17 19 20 20 18 17 19 23 28 34 41 49 54 55 53 47 39 28 18 11  6  3  4  824 510HA 222 201247 5599999999999999 5 4 172116  399999999999999
 12 15 16 17 16 16 17 20 25 31 37 44 50 54 54 51 46 38 28 20 13  9  7  724 511HA1336 549999999999999999999992221  7999999999999999999999
  9 12 13 14 14 14 15 17 22 27 32 38 44 49 51 51 49 43 36 28 21 16 12 1024 512HA1430 519999999999999999999992334  9999999999999999999999
 10 11 12 12 13 13 14 16 19 23 28 33 37 42 46 47 47 45 40 34 28 23 18 1424 513HA1527 489999999999999999999999999999999999999999999999999
 12 12 12 12 12 13 14 15 17 21 25 28 32 35 39 42 43 43 41 38 33 28 23 1924 514HA1627 44999999999999999999999 1 8 12999999999999999999999
 16 14 13 13 13 14 15 16 18 20 23 25 28 30 33 35 38 39 40 38 35 31 27 2324 515HA1734 40999999999999999999999 240 13999999999999999999999
 20 17 15 15 15 16 17 18 19 21 23 24 25 26 27 29 32 34 36 36 36 33 30 2624 516HA1849 37999999999999999999999 310 15999999999999999999999
 22 19 17 16 17 18 19 21 23 24 24 24 24 23 23 24 26 29 32 34 34 34 31 2824 517HA1018 2420 1 3499999999999999 320 161321 2399999999999999
 25 21 19 18 19 20 22 25 27 28 28 27 25 23 21 20 21 23 26 30 32 33 32 3024 518HA 930 282058 3399999999999999 319 181459 2099999999999999
 26 23 21 20 20 22 25 28 31 32 32 31 28 24 21 18 17 18 21 25 29 31 32 3024 519HA 926 332146 3299999999999999 313 201559 1799999999999999
 28 25 22 21 21 23 27 31 35 37 38 36 33 28 23 18 15 15 16 20 24 29 31 3124 520HA 940 382229 3199999999999999 314 211650 1599999999999999
 29 26 23 22 22 24 28 32 38 42 43 42 38 33 27 20 16 13 13 15 20 25 29 3024 521HA10 1 432310 3099999999999999 324 211737 1299999999999999
 29 27 25 22 22 24 27 33 39 44 48 48 45 40 33 25 18 13 11 11 15 20 25 2824 522HA1028 482352 2999999999999999 342 221823 1199999999999999
 29 28 26 23 22 23 26 32 38 45 50 52 50 46 40 32 23 16 12 10 11 15 20 2524 523HA1059 52999999999999999999999 4 4 221911 1099999999999999
 27 27 26 24 21 22 25 30 36 43 50 54 55 52 46 39 30 21 15 11  9 11 15 2124 524HA 035 271134 5599999999999999 430 2120 1  999999999999999
 24 25 25 24 22 21 22 27 33 40 48 54 57 56 52 46 38 28 20 14 11  9 11 1624 525HA 120 251213 5799999999999999 456 212055  999999999999999
 20 22 23 23 21 20 20 24 30 36 43 51 56 58 56 52 45 36 27 20 14 11 10 1224 526HA 210 231257 5899999999999999 522 202153 1099999999999999
 15 19 20 21 21 20 19 21 26 32 38 45 52 56 57 55 50 44 35 27 20 15 12 1024 527HA 3 8 211347 5799999999999999 547 192255 1099999999999999
 12 15 17 19 19 19 19 19 22 27 33 39 45 51 54 55 53 49 42 35 27 21 16 1324 528HA1444 559999999999999999999992358 11999999999999999999999
 11 13 15 17 18 19 19 20 21 24 28 32 37 43 48 52 52 51 47 41 35 28 22 1824 529HA1549 529999999999999999999999999999999999999999999999999
 14 13 14 16 18 20 21 22 22 23 24 27 30 35 40 44 48 49 48 45 40 35 29 2424 530HA17 4 49999999999999999999999 059 13999999999999999999999
 19 17 16 17 20 22 24 25 26 25 25 25 26 27 31 35 39 43 45 45 43 39 34 2924 531HA 741 261828 4599999999999999 150 161026 2599999999999999
 25 22 20 20 22 25 28 31 31 31 29 26 24 23 24 26 29 34 38 41 41 40 37 3424 6 1HA 8 1 311953 4199999999999999 227 191311 2399999999999999
 30 26 24 23 25 28 32 36 38 38 36 32 27 23 21 20 21 24 29 33 37 38 38 3624 6 2HA 829 392110 3899999999999999 251 231454 2099999999999999
 33 30 28 27 28 31 35 41 45 47 45 41 35 28 22 18 16 17 20 25 30 34 35 3524 6 3HA 9 3 472221 3599999999999999 258 271617 1699999999999999
 34 31 29 29 30 32 37 43 49 53 54 51 45 38 29 21 16 14 14 17 22 27 31 3324 6 4HA 942 542330 3399999999999999 257 291728 1399999999999999
 33 31 30 29 30 32 36 42 49 56 60 59 55 48 39 29 21 15 12 12 15 21 26 2924 6 5HA1024 60999999999999999999999 3 6 291829 1299999999999999
 30 30 29 28 28 31 35 40 47 55 61 64 63 58 50 40 29 21 15 12 12 16 21 2524 6 6HA 031 3011 8 6499999999999999 327 281926 1199999999999999
 27 28 28 27 27 28 32 37 43 51 59 64 66 64 58 50 39 29 21 15 13 13 17 2124 6 7HA 120 281155 6699999999999999 353 272019 1399999999999999
 25 26 26 26 25 26 28 33 39 45 53 60 65 66 63 57 48 38 28 21 17 15 16 1924 6 8HA 155 261243 6699999999999999 422 252111 1599999999999999
 22 24 25 25 24 24 25 29 34 40 47 54 60 63 63 60 54 46 36 28 22 18 17 1824 6 9HA 216 251330 6499999999999999 449 2422 3 1799999999999999
 21 23 24 24 24 24 24 26 30 35 41 47 53 58 60 60 56 50 42 35 28 23 20 1924 610HA 231 241416 6099999999999999 511 242254 1999999999999999
 21 23 24 24 24 24 24 25 28 32 36 41 46 51 55 56 55 52 46 39 33 28 24 2224 611HA15 1 569999999999999999999992343 22999999999999999999999
 22 23 24 25 25 25 25 26 27 30 33 37 41 45 49 51 52 50 47 42 37 32 28 2624 612HA1546 529999999999999999999999999999999999999999999999999
 24 25 26 27 27 27 27 28 29 30 32 34 36 39 42 45 47 47 46 43 39 35 31 2924 613HA1636 47999999999999999999999 025 24999999999999999999999
 27 27 27 28 30 30 31 31 31 32 32 33 34 35 37 39 42 43 43 42 40 37 33 3124 614HA1737 43999999999999999999999 052 27999999999999999999999
 29 29 29 31 32 34 35 35 36 35 35 34 33 33 33 34 36 38 40 40 39 38 35 3324 615HA 8 1 361853 4099999999999999 1 1 2913 4 3399999999999999
 31 30 31 32 35 37 39 40 41 40 39 37 34 32 31 31 31 33 35 37 38 38 36 3424 616HA 8 4 412011 3899999999999999 1 2 301452 3199999999999999
 32 32 32 33 36 39 42 45 46 46 45 42 38 34 31 28 28 28 31 33 36 37 37 3524 617HA 825 462119 3799999999999999 111 3216 0 2899999999999999
 34 32 32 34 36 40 44 48 51 52 51 48 43 38 33 28 26 25 26 29 33 35 36 3624 618HA 854 522217 3699999999999999 130 321653 2599999999999999
 35 33 32 33 36 40 45 50 54 57 57 54 50 44 37 31 26 23 22 24 28 32 35 3624 619HA 927 5723 6 3699999999999999 159 321741 2299999999999999
 35 34 32 32 34 38 43 49 55 60 61 60 56 50 43 35 28 23 20 20 23 28 32 3424 620HA10 4 612351 3599999999999999 234 321827 2099999999999999
 35 34 32 31 32 35 40 47 54 60 64 65 63 58 50 42 33 26 21 18 19 23 28 3224 621HA1044 65999999999999999999999 311 311914 1899999999999999
 33 34 32 31 30 32 36 42 50 57 64 68 67 64 58 50 40 31 24 19 17 18 23 2824 622HA 033 341128 6899999999999999 350 3020 3 1799999999999999
 31 32 32 30 29 29 32 37 44 52 60 67 70 69 64 57 48 38 29 22 18 16 19 2324 623HA 113 321214 7099999999999999 429 282053 1699999999999999
 28 30 31 30 28 27 28 32 38 45 54 62 68 70 68 63 56 46 36 28 22 18 17 2024 624HA 153 3113 2 7099999999999999 510 272144 1799999999999999
 24 28 29 30 29 27 26 28 32 39 46 54 62 67 68 66 61 54 44 35 28 22 19 1924 625HA 234 301352 6899999999999999 554 262233 1999999999999999
 22 26 29 30 30 29 27 27 29 33 38 45 52 60 64 65 63 58 51 43 35 29 24 2224 626HA 322 301445 6599999999999999 644 272321 2299999999999999
 22 25 29 31 32 32 30 29 28 30 33 37 43 50 56 59 60 58 54 48 41 35 31 2724 627HA 417 321544 6099999999999999 747 28999999999999999999999
 26 27 30 33 35 36 35 34 32 31 31 33 36 40 45 50 53 54 53 50 45 40 36 3324 628HA 517 361652 5499999999999999 0 5 26 913 3199999999999999
 31 31 32 35 38 40 41 41 39 36 34 33 33 34 36 40 44 47 48 47 46 43 40 3724 629HA 612 411817 4899999999999999 042 301138 3399999999999999
 36 35 36 38 41 45 47 48 47 45 41 37 34 32 31 32 35 38 41 42 43 42 41 3924 630HA 7 3 481955 4399999999999999 1 5 351351 3199999999999999
 38 38 38 40 43 48 52 54 55 54 50 45 40 35 31 29 29 30 33 36 38 39 40 3924 7 1HA 752 552146 4099999999999999 057 381534 2999999999999999
 39 39 40 41 44 48 53 58 61 62 59 55 48 41 35 30 27 26 27 30 33 36 37 3824 7 2HA 842 62999999999999999999999 028 391654 2699999999999999
 38 38 39 40 43 47 52 58 64 67 67 64 58 50 42 35 29 25 24 25 28 32 35 3624 7 3HA 931 679999999999999999999991756 24999999999999999999999
 37 37 37 38 40 44 49 56 62 68 71 70 66 60 51 42 34 28 24 23 25 29 32 3524 7 4HA1020 719999999999999999999991847 23999999999999999999999
 35 36 35 36 37 40 45 51 58 65 71 73 72 67 60 50 41 33 27 24 24 26 30 3324 7 5HA11 8 739999999999999999999991933 23999999999999999999999
 35 35 34 34 34 36 40 45 52 59 67 72 74 72 66 58 48 39 31 26 24 25 28 3224 7 6HA 038 351153 7499999999999999 329 342014 2499999999999999
 34 35 34 33 32 33 35 40 46 53 60 68 72 73 69 63 55 45 36 30 26 25 27 3124 7 7HA 048 351236 7399999999999999 423 322054 2599999999999999
 34 35 35 34 32 32 32 36 41 47 53 61 67 70 70 66 59 50 42 34 30 27 27 3024 7 8HA 1 7 351316 7099999999999999 5 8 312130 2799999999999999
 33 35 36 35 33 32 32 33 37 42 47 54 61 66 67 65 61 54 46 39 33 30 29 3024 7 9HA 133 361354 6799999999999999 549 3122 2 2999999999999999
 33 36 37 36 35 34 33 33 35 38 43 48 54 59 62 62 60 55 49 42 37 34 32 3224 710HA 2 1 371430 6399999999999999 629 322228 3299999999999999
 34 36 38 38 37 36 35 34 35 37 40 44 48 53 57 58 57 54 50 45 40 36 35 3524 711HA 232 3815 5 5899999999999999 712 342241 3499999999999999
 36 38 40 41 40 40 39 37 37 37 39 41 44 47 51 53 53 52 49 46 42 39 37 3724 712HA 3 9 411543 5399999999999999 8 5 372241 3799999999999999
 38 40 42 43 44 44 43 42 41 40 40 40 41 43 45 47 49 49 48 46 43 40 39 3924 713HA 4 0 441630 4999999999999999 931 402240 3899999999999999
 39 41 44 46 47 48 48 47 46 44 43 42 41 41 41 43 44 45 45 44 43 41 40 4024 714HA 512 481743 45999999999999991246 412248 4099999999999999
 40 42 44 47 50 52 53 52 51 50 47 45 42 40 39 39 39 41 42 42 42 42 41 4024 715HA 622 531932 42999999999999991446 3923 8 4099999999999999
 41 42 44 47 51 54 56 57 57 56 53 49 46 42 39 36 36 36 38 39 41 41 41 4124 716HA 720 572120 419999999999999916 2 362343 4199999999999999
 41 42 43 46 50 54 58 61 62 62 59 56 51 46 41 36 33 32 33 36 38 40 41 4124 717HA 813 629999999999999999999991656 32999999999999999999999
 41 41 42 44 48 52 57 62 65 67 66 62 57 51 44 38 33 30 29 31 34 38 40 4124 718HA 9 3 672313 41999999999999991742 29999999999999999999999
 41 40 40 41 44 49 54 61 66 70 71 69 65 58 50 42 35 30 27 27 30 34 37 4024 719HA 952 712346 4099999999999999 135 401827 2699999999999999
 40 39 38 38 40 44 49 56 63 70 74 74 71 66 58 49 40 32 26 24 25 29 34 3824 720HA1039 74999999999999999999999 236 381911 2499999999999999
 39 39 37 36 36 38 43 50 58 66 73 77 77 73 66 57 46 37 29 24 23 25 30 3524 721HA 015 391125 7799999999999999 334 361954 2399999999999999
 38 38 37 35 33 33 36 42 50 59 68 75 78 77 72 65 55 44 34 27 24 23 27 3224 722HA 043 381212 7899999999999999 429 332037 2399999999999999
 37 38 38 36 33 31 32 35 42 49 59 68 75 78 75 70 62 52 41 33 28 25 26 3024 723HA 111 381258 7899999999999999 524 312118 2599999999999999
 36 39 40 38 36 32 30 31 35 41 49 58 67 73 74 72 66 58 49 40 34 30 28 3024 724HA 142 401346 7499999999999999 618 302157 2899999999999999
 35 40 42 42 40 37 33 31 31 35 40 47 56 64 68 68 66 61 54 46 40 36 34 3424 725HA 218 421437 6999999999999999 716 312232 3399999999999999
 37 41 45 46 45 43 40 36 33 33 36 39 45 52 58 61 61 59 55 50 45 41 39 3824 726HA 3 2 461533 6199999999999999 823 332258 3899999999999999
 40 43 47 50 51 50 48 44 40 37 36 36 38 42 47 51 53 53 52 50 47 44 43 4324 727HA 359 511646 539999999999999910 4 362247 4399999999999999
 43 46 49 53 55 56 56 53 49 45 41 39 38 38 39 42 44 46 46 46 45 44 44 4524 728HA 511 561831 46999999999999991230 372139 4499999999999999
 46 48 50 54 57 60 61 61 59 55 50 46 42 38 37 36 37 38 40 41 42 43 43 4524 729HA 623 619999999999999999999991437 36999999999999999999999
 46 48 50 53 57 61 64 66 66 64 60 54 49 43 39 35 34 34 35 36 38 40 41 4324 730HA 731 669999999999999999999991632 33999999999999999999999
 45 46 48 51 55 59 64 68 70 70 68 63 57 51 44 38 34 32 32 33 35 38 40 4124 731HA 835 719999999999999999999991735 31999999999999999999999
 42 44 45 47 51 55 60 66 70 73 74 71 65 59 51 43 37 33 31 31 33 36 39 4024 8 1HA 933 749999999999999999999991818 31999999999999999999999
 41 41 42 43 46 49 54 61 67 73 76 75 72 65 58 49 41 35 32 31 32 35 38 4024 8 2HA1022 762358 40999999999999991853 31999999999999999999999
 40 40 40 40 41 44 48 54 61 68 74 76 75 70 63 55 46 39 34 31 32 35 38 4124 8 3HA11 6 772347 4199999999999999 238 401924 3199999999999999
 41 40 39 38 37 39 42 48 54 62 70 75 76 73 68 60 51 42 36 33 32 34 38 4124 8 4HA1145 76999999999999999999999 351 371952 3299999999999999
 42 42 40 38 36 36 38 42 48 55 63 70 74 73 70 63 55 46 39 35 33 34 37 4124 8 5HA 0 2 421220 7499999999999999 443 362017 3399999999999999
 44 43 42 39 37 35 35 38 43 49 56 64 70 71 69 65 58 50 42 37 35 34 37 4124 8 6HA 026 441254 7199999999999999 527 352037 3499999999999999
 44 45 44 42 39 36 35 36 39 44 50 57 64 68 67 64 59 53 45 40 37 36 38 4124 8 7HA 051 451326 6899999999999999 6 8 352049 3699999999999999
 45 47 46 44 42 39 36 36 37 41 45 51 57 62 64 62 59 54 48 42 39 39 40 4224 8 8HA 117 471357 6499999999999999 649 362049 3999999999999999
 46 49 49 48 46 43 40 38 38 40 43 47 52 56 59 59 57 53 49 44 41 41 42 4424 8 9HA 144 491427 5999999999999999 732 372046 4099999999999999
 47 50 52 51 50 47 45 42 40 40 42 44 47 51 54 55 54 52 49 45 42 42 43 4524 810HA 213 521457 5599999999999999 822 402046 4299999999999999
 48 52 54 55 54 52 50 47 44 43 43 43 44 46 49 50 50 49 48 45 43 43 44 4624 811HA 250 551532 5099999999999999 939 432051 4399999999999999
 49 52 55 57 57 57 55 52 50 47 46 44 44 44 44 45 46 46 46 45 44 43 44 4624 812HA 339 581629 46999999999999991234 442056 4399999999999999
 49 52 55 58 60 60 59 58 56 53 50 47 45 43 42 41 42 42 43 43 43 43 44 4524 813HA 451 609999999999999999999991451 41999999999999999999999
 47 50 53 57 60 62 63 63 61 59 56 52 48 44 41 39 38 38 39 41 42 43 43 4424 814HA 618 639999999999999999999991612 38999999999999999999999
 46 48 51 54 58 61 64 66 66 65 62 58 53 48 42 38 35 34 35 37 39 41 43 4324 815HA 738 669999999999999999999991658 34999999999999999999999
 44 45 47 50 54 58 63 67 70 70 68 65 59 53 46 39 34 31 31 33 36 39 42 4324 816HA 846 709999999999999999999991737 31999999999999999999999
 43 42 43 45 48 53 59 65 70 73 74 71 66 59 51 43 36 30 28 29 32 36 40 4224 817HA 941 742326 42999999999999991815 28999999999999999999999
 42 41 40 40 42 46 52 59 67 73 77 77 73 67 59 49 40 32 27 26 28 33 38 4124 818HA1030 772341 4299999999999999 233 391852 2699999999999999
 42 41 38 36 36 38 43 50 59 68 76 79 78 74 66 56 46 37 30 27 27 31 37 4224 819HA1116 79999999999999999999999 343 361928 2699999999999999
 43 42 39 36 33 32 35 41 49 59 69 76 79 77 72 64 53 43 35 30 28 30 36 4224 820HA 0 1 4312 1 7999999999999999 443 3220 2 2899999999999999
 46 45 43 39 34 30 29 33 39 47 58 68 75 76 74 68 60 50 41 35 32 32 36 4224 821HA 027 461247 7699999999999999 539 292032 3299999999999999
 48 50 48 45 40 34 29 29 32 37 45 56 65 70 70 68 63 55 47 41 38 37 38 4324 822HA 058 501335 7199999999999999 636 282056 3799999999999999
 50 54 54 52 47 41 35 30 30 32 36 44 52 60 63 63 61 56 50 45 42 41 42 4524 823HA 133 541427 6399999999999999 738 302053 4199999999999999
 51 56 59 58 55 51 44 38 34 33 33 36 42 48 53 54 54 53 50 46 44 45 46 4824 824HA 214 591530 5499999999999999 9 0 332021 4499999999999999
 52 57 61 62 62 59 55 48 43 39 37 36 36 40 43 45 46 47 46 45 44 45 47 5024 825HA 3 7 621714 479999999999999911 6 3620 1 4499999999999999
 53 56 61 64 65 65 63 59 53 48 44 40 38 37 37 38 39 40 41 41 42 44 46 4924 826HA 425 6599999999999999999999913 3 37999999999999999999999
 52 55 58 62 65 67 68 66 63 58 53 49 44 39 37 35 35 35 36 37 39 41 44 4724 827HA 555 689999999999999999999991618 35999999999999999999999
 50 52 55 58 62 65 68 69 69 66 62 57 51 45 40 36 33 32 33 34 36 39 41 4424 828HA 718 709999999999999999999991713 32999999999999999999999
 46 48 51 53 56 60 65 69 71 71 69 64 59 52 45 39 35 32 32 33 35 38 40 4224 829HA 832 719999999999999999999991746 32999999999999999999999
 43 45 46 48 50 54 59 65 69 72 72 69 65 58 51 44 38 34 32 33 35 38 40 4124 830HA 931 729999999999999999999991812 32999999999999999999999
 42 42 42 42 44 48 52 58 65 70 73 72 68 62 55 47 41 36 34 33 36 39 41 4224 831HA1016 732311 42999999999999991832 33999999999999999999999
 42 41 40 39 39 42 46 51 58 66 71 72 70 65 59 51 43 38 35 34 36 39 43 4424 9 1HA1053 722311 4499999999999999 316 391850 3499999999999999
 44 42 40 37 36 37 40 45 52 59 66 70 70 67 61 54 46 40 36 35 36 39 44 4624 9 2HA1126 712328 4799999999999999 4 9 3619 5 3599999999999999
 46 44 42 38 35 34 36 40 45 53 61 66 68 67 62 56 48 41 37 36 36 39 44 4824 9 3HA1157 682351 4999999999999999 454 341914 3699999999999999
 49 47 44 41 37 34 33 36 40 46 54 61 65 65 62 57 50 43 39 37 37 40 44 4924 9 4HA1227 65999999999999999999999 535 331915 3799999999999999
 51 51 48 44 40 35 33 34 37 41 48 55 60 62 60 57 52 45 40 38 39 41 45 5024 9 5HA 014 511256 6299999999999999 616 331915 3899999999999999
 53 54 52 48 44 39 35 34 35 38 43 49 55 58 58 55 52 47 42 39 40 42 46 5124 9 6HA 038 541325 5899999999999999 657 341917 3999999999999999
 55 57 55 52 49 44 39 36 35 37 39 44 49 53 54 53 50 47 43 40 41 43 47 5124 9 7HA 1 3 571353 5499999999999999 741 351923 4099999999999999
 56 59 59 56 53 49 44 40 38 38 38 41 44 48 49 49 48 46 43 41 41 43 47 5124 9 8HA 130 591421 4999999999999999 835 371930 4099999999999999
 55 59 61 60 57 54 50 45 42 40 40 40 41 43 45 45 45 44 42 41 41 43 46 5024 9 9HA 2 3 611450 45999999999999991026 401937 4199999999999999
 54 58 61 62 61 58 55 51 47 44 42 41 40 40 41 41 41 41 41 40 40 42 45 4924 910HA 246 621526 41999999999999991228 401932 4099999999999999
 52 56 60 62 62 61 59 57 53 50 47 44 41 39 37 37 37 37 38 39 40 41 43 4624 911HA 347 629999999999999999999991525 37999999999999999999999
 49 53 56 59 62 63 63 61 59 56 52 48 44 39 36 34 33 33 35 36 38 40 41 4424 912HA 524 6399999999999999999999916 9 33999999999999999999999
 46 49 52 55 59 62 64 65 64 62 58 53 48 42 37 32 30 30 31 33 36 39 40 4124 913HA 7 6 659999999999999999999991642 29999999999999999999999
 42 44 46 49 53 57 62 65 67 67 64 60 54 47 40 33 29 27 27 30 34 38 40 4024 914HA 824 679999999999999999999991714 27999999999999999999999
 40 40 40 42 45 50 56 62 67 70 70 66 61 53 45 37 30 26 25 28 32 37 40 4124 915HA 923 702250 41999999999999991746 25999999999999999999999
 40 38 36 35 37 41 48 55 63 69 72 71 67 60 51 42 34 28 26 27 31 37 42 4324 916HA1013 7223 0 4399999999999999 248 351815 2699999999999999
 42 39 35 32 30 32 37 44 53 63 70 73 71 65 58 48 39 32 28 28 31 37 44 4724 917HA11 0 732322 4799999999999999 354 301842 2899999999999999
 47 43 39 33 28 26 28 34 41 52 62 69 70 67 62 54 45 37 33 31 33 38 45 5124 918HA1147 702350 5399999999999999 454 2619 4 3199999999999999
 53 50 45 39 31 25 23 25 31 39 50 59 64 65 62 57 50 42 37 35 36 39 46 5424 919HA1235 65999999999999999999999 553 231911 3599999999999999
 58 57 54 48 39 30 24 23 24 29 37 47 54 58 58 56 51 45 40 39 40 42 47 5424 920HA 022 581326 5899999999999999 656 2319 3 3999999999999999
 61 63 61 57 50 41 32 26 24 25 28 35 43 48 50 50 48 45 42 40 42 44 48 5424 921HA 1 0 631428 5099999999999999 814 241857 4099999999999999
 61 65 66 64 60 53 44 36 30 28 27 29 34 38 41 42 42 42 40 39 41 45 49 5324 922HA 142 6616 5 4299999999999999 951 271852 3999999999999999
 59 64 67 67 66 62 55 47 40 36 32 30 30 32 34 35 35 36 37 37 39 43 47 5124 923HA 236 689999999999999999999991126 30999999999999999999999
 55 60 64 66 67 66 63 57 51 45 40 36 32 31 30 30 30 31 32 34 36 40 44 4824 924HA 355 679999999999999999999991515 30999999999999999999999
 51 55 59 62 64 66 66 63 59 54 49 44 39 34 31 29 28 28 29 31 34 37 41 4424 925HA 528 669999999999999999999991622 28999999999999999999999
 47 50 52 55 59 62 64 65 64 61 57 51 45 39 34 31 28 28 28 30 33 35 38 4124 926HA 656 659999999999999999999991657 28999999999999999999999
 43 45 46 49 52 55 59 63 64 64 61 57 51 45 39 33 30 28 29 31 33 35 38 3924 927HA 815 649999999999999999999991719 28999999999999999999999
 40 41 41 42 45 48 53 58 62 63 63 60 55 48 42 36 32 30 30 32 34 37 39 3924 928HA 912 632314 39999999999999991734 30999999999999999999999
 39 38 37 37 39 42 46 51 57 61 62 60 57 51 44 38 34 31 31 33 36 39 41 4124 929HA 954 622238 4199999999999999 235 371744 3199999999999999
 40 38 36 34 34 36 39 45 51 57 60 60 57 52 46 40 35 32 32 33 37 41 44 4424 930HA1028 602241 4599999999999999 333 341750 3299999999999999
 43 40 37 33 31 31 34 38 45 52 57 58 57 53 48 41 36 33 32 34 37 42 46 482410 1HA11 0 582257 4899999999999999 420 311749 3299999999999999
 46 43 39 34 30 29 30 33 38 45 52 56 56 53 49 43 37 34 33 35 38 43 48 512410 2HA1130 562318 5199999999999999 5 3 291747 3399999999999999
 50 47 43 37 32 28 27 29 33 39 46 52 53 52 49 44 39 35 34 35 39 44 49 532410 3HA12 0 532340 5499999999999999 546 271750 3499999999999999
 54 52 47 42 36 30 27 27 29 34 40 46 50 50 48 44 40 35 34 35 39 44 50 552410 4HA1230 50999999999999999999999 629 271758 3499999999999999
 57 56 52 47 41 34 29 27 28 30 35 41 45 47 46 43 40 36 34 35 39 44 49 552410 5HA 0 4 5713 0 4799999999999999 714 2718 9 3499999999999999
 59 59 56 52 46 39 33 29 28 29 31 36 40 43 43 42 39 36 34 35 38 43 49 542410 6HA 030 601330 4399999999999999 8 8 281821 3499999999999999
 59 61 59 56 51 45 38 33 31 30 30 32 35 38 39 39 38 36 34 34 37 41 47 522410 7HA 1 0 6114 1 3999999999999999 920 301833 3399999999999999
 58 61 61 59 55 50 44 39 35 32 31 30 32 34 35 35 35 34 33 33 35 39 44 492410 8HA 134 611437 35999999999999991045 301839 3399999999999999
 54 59 61 60 58 55 50 45 40 36 33 31 30 30 31 31 31 32 32 32 34 37 41 462410 9HA 217 619999999999999999999991222 30999999999999999999999
 50 55 58 59 59 57 54 50 46 41 37 34 30 28 27 27 27 28 30 31 32 35 38 42241010HA 317 609999999999999999999991438 27999999999999999999999
 46 49 53 56 58 58 57 55 51 47 43 38 33 28 25 24 24 25 27 29 31 33 35 38241011HA 450 589999999999999999999991530 24999999999999999999999
 41 43 47 50 54 57 58 58 56 53 48 43 37 31 26 23 21 22 25 28 31 33 34 35241012HA 631 5899999999999999999999916 3 21999999999999999999999
 36 37 39 43 47 51 55 58 59 58 54 49 42 35 29 24 21 21 23 27 31 34 35 35241013HA 754 592212 35999999999999991632 21999999999999999999999
 34 33 33 34 38 43 48 54 59 60 59 54 48 41 33 27 23 22 23 27 33 37 39 38241014HA 859 6022 5 3999999999999999 137 321658 2299999999999999
 35 31 28 27 28 32 38 45 53 58 60 58 53 46 39 31 26 24 25 28 34 41 44 43241015HA 953 602221 4499999999999999 3 0 271719 2499999999999999
 40 35 29 24 22 23 27 34 42 51 56 58 55 50 44 36 30 28 27 30 36 43 49 50241016HA1044 582247 5199999999999999 4 7 221732 2799999999999999
 48 42 35 27 20 17 18 23 30 39 48 53 53 51 46 40 34 31 30 33 37 45 53 57241017HA1135 532319 5799999999999999 511 171735 3099999999999999
 56 52 45 35 25 18 15 16 19 27 36 44 47 47 45 41 36 33 32 35 39 45 54 61241018HA1228 472356 6399999999999999 618 151737 3299999999999999
 63 60 55 46 36 25 18 15 15 18 25 33 38 41 41 39 36 33 33 35 39 45 52 60241019HA1331 41999999999999999999999 732 141743 3299999999999999
 65 66 63 57 48 37 27 20 17 16 18 24 29 33 34 34 34 32 31 33 38 43 49 57241020HA 038 661456 3499999999999999 849 161747 3199999999999999
 63 67 67 64 58 49 38 30 24 20 18 19 23 26 27 28 29 29 29 31 35 40 46 52241021HA 125 6799999999999999999999910 6 18999999999999999999999
 58 63 66 65 63 57 49 41 33 28 23 21 21 22 23 24 24 25 26 28 32 37 42 46241022HA 223 669999999999999999999991132 20999999999999999999999
 51 56 60 62 62 60 56 49 43 37 31 26 23 21 21 21 21 22 24 26 29 33 37 42241023HA 334 639999999999999999999991443 21999999999999999999999
 45 49 53 56 58 59 58 54 49 44 38 33 28 24 22 21 21 21 23 25 27 31 34 37241024HA 453 599999999999999999999991547 21999999999999999999999
 40 42 45 48 51 54 55 54 52 48 44 38 33 28 25 22 21 22 23 25 27 30 32 34241025HA 613 559999999999999999999991611 21999999999999999999999
 36 37 39 41 44 47 50 52 52 50 46 42 37 32 27 24 23 23 25 27 29 31 33 34241026HA 732 529999999999999999999991624 23999999999999999999999
 34 34 34 35 37 40 44 47 49 49 47 44 39 34 30 26 25 25 26 29 32 34 35 35241027HA 833 492223 35999999999999991630 24999999999999999999999
 34 32 30 30 31 33 37 41 45 47 47 44 40 35 31 28 26 26 28 31 34 37 38 38241028HA 919 4722 5 3899999999999999 253 301630 2699999999999999
 35 32 29 27 27 28 31 35 40 44 45 44 41 36 32 28 27 27 29 32 37 41 42 41241029HA 957 452211 4299999999999999 349 271623 2699999999999999
 39 35 30 26 24 24 25 29 35 40 43 43 40 37 33 29 27 27 29 33 38 43 46 46241030HA1032 432227 4699999999999999 437 231621 2799999999999999
 43 39 33 28 23 21 21 24 29 35 39 41 40 37 33 29 27 27 29 34 39 45 49 50241031HA11 6 412248 5099999999999999 522 211628 2799999999999999
 48 44 38 31 25 21 19 20 23 29 35 38 38 37 34 30 27 27 29 33 39 45 51 542411 1HA1140 392312 5499999999999999 6 7 191640 2699999999999999
 53 49 43 36 29 22 19 18 19 24 29 34 36 35 33 30 27 26 28 32 38 45 51 562411 2HA1214 362339 5699999999999999 653 181656 2699999999999999
 56 54 49 42 34 26 21 18 18 20 24 29 32 33 32 30 27 25 26 30 36 42 50 552411 3HA1250 33999999999999999999999 742 171715 2599999999999999
 58 57 53 47 40 32 25 20 18 18 20 24 28 30 30 29 27 25 25 28 33 40 46 532411 4HA 0 9 581328 3099999999999999 836 171733 2499999999999999
 58 58 56 52 46 38 30 24 20 18 18 20 23 26 26 26 25 24 23 25 30 36 43 492411 5HA 044 591415 2699999999999999 937 181750 2399999999999999
 55 58 57 55 50 44 36 29 24 21 18 18 19 21 23 23 23 23 22 23 27 32 38 442411 6HA 123 581546 23999999999999991045 181757 2299999999999999
 50 54 56 55 53 48 42 35 29 25 21 18 17 17 19 20 20 21 21 22 25 29 34 392411 7HA 211 5699999999999999999999912 3 17999999999999999999999
 44 49 52 54 53 51 47 41 35 30 25 20 17 15 15 16 18 19 20 22 23 26 30 332411 8HA 312 549999999999999999999991324 15999999999999999999999
 38 42 46 49 51 51 49 46 41 35 30 24 20 16 14 14 16 18 20 22 24 25 27 292411 9HA 430 519999999999999999999991425 14999999999999999999999
 31 34 38 42 46 48 49 48 45 41 35 29 24 19 16 14 15 18 21 24 26 27 27 27241110HA 558 4999999999999999999999915 4 14999999999999999999999
 27 28 30 33 37 41 45 47 47 44 40 35 29 23 19 16 16 18 22 26 30 31 30 28241111HA 723 4721 8 31999999999999991533 16999999999999999999999
 26 24 23 24 27 31 37 42 45 45 43 39 33 28 23 20 19 20 24 30 34 37 36 34241112HA 836 452121 3799999999999999 153 231553 1999999999999999
 29 24 20 18 18 21 26 32 38 42 42 40 36 31 26 23 22 23 26 32 39 43 44 42241113HA 939 432147 4499999999999999 319 1716 3 2299999999999999
 37 30 22 16 13 13 15 21 28 35 38 39 37 33 29 25 24 25 28 33 41 48 52 51241114HA1038 392220 5299999999999999 433 1216 7 2499999999999999
 47 39 30 20 13  9  9 11 17 25 31 34 34 33 30 27 25 25 28 33 40 49 56 58241115HA1138 342259 5899999999999999 543  81614 2599999999999999
 56 50 41 30 19 12  7  6  8 14 22 27 29 29 28 26 24 24 27 32 38 47 55 61241116HA1242 292342 6299999999999999 651  61628 2499999999999999
 62 59 52 42 30 19 12  7  5  8 13 19 23 24 25 24 23 22 24 29 35 42 51 59241117HA1349 25999999999999999999999 755  51644 2299999999999999
 63 63 59 52 42 30 20 13  8  7  8 13 17 19 20 21 20 20 21 25 31 37 45 53241118HA 029 641454 2199999999999999 859  71656 2099999999999999
 59 62 62 58 51 41 30 21 15 10  9 10 13 15 17 17 18 18 18 21 26 32 38 45241119HA 120 6399999999999999999999910 4  9999999999999999999999
 52 57 59 58 55 48 39 30 23 17 13 11 12 13 14 15 15 16 17 19 22 27 33 38241120HA 215 599999999999999999999991114 11999999999999999999999
 43 49 53 54 54 50 45 37 30 24 19 15 13 13 14 14 15 15 16 18 20 24 28 32241121HA 311 549999999999999999999991234 13999999999999999999999
 36 40 44 48 49 48 45 41 35 29 24 20 16 15 14 15 15 16 17 18 20 23 25 28241122HA 4 9 499999999999999999999991354 14999999999999999999999
 31 33 36 40 42 43 43 40 37 32 28 23 20 17 16 16 16 17 18 20 22 23 25 26241123HA 511 439999999999999999999991438 16999999999999999999999
 27 28 30 32 35 37 38 38 36 33 30 26 22 20 18 18 18 19 21 23 24 26 26 26241124HA 621 382221 26999999999999991455 18999999999999999999999
 26 25 26 26 28 31 33 34 34 33 30 27 24 21 20 19 20 22 24 26 28 29 29 28241125HA 733 342127 2999999999999999 123 251455 1999999999999999
 26 24 23 22 23 24 27 30 31 31 30 27 24 22 20 20 21 23 26 30 32 34 33 32241126HA 835 312123 3499999999999999 3 5 221445 2099999999999999
 29 25 22 19 18 19 21 25 28 29 29 28 25 22 21 20 21 24 28 32 36 38 38 36241127HA 927 292135 3899999999999999 4 5 181443 2099999999999999
 33 28 23 19 16 15 16 19 23 26 28 27 25 23 21 20 21 24 28 33 38 42 43 42241128HA1012 282156 4399999999999999 454 151455 2099999999999999
 38 33 26 20 15 13 12 14 18 23 25 26 25 23 21 19 20 23 27 33 39 44 47 46241129HA1055 262222 4799999999999999 538 121515 1999999999999999
 43 38 31 24 17 12 10 10 13 18 22 24 25 23 21 19 18 21 25 31 38 44 49 50241130HA1136 252252 5099999999999999 622 101540 1899999999999999
 48 44 37 29 21 14 10  8  9 13 18 21 23 22 21 19 17 18 22 28 35 42 49 522412 1HA1216 232326 5299999999999999 7 6  816 7 1799999999999999
 52 49 43 35 26 18 12  8  7  9 13 17 20 21 20 18 16 16 19 24 31 38 46 522412 2HA1256 21999999999999999999999 752  71635 1699999999999999
 54 52 48 41 32 23 15 10  7  6  8 12 16 18 18 17 15 14 16 20 26 33 41 482412 3HA 0 2 541338 1899999999999999 842  617 3 1499999999999999
 53 53 51 46 39 30 21 14  9  6  6  8 12 14 15 15 14 13 13 16 21 28 35 422412 4HA 043 541425 1699999999999999 935  51730 1399999999999999
 49 52 52 49 43 36 27 19 13  8  5  5  8 11 13 13 13 13 12 14 17 23 29 362412 5HA 127 521526 13999999999999991031  51755 1299999999999999
 42 48 50 49 46 40 33 25 18 12  8  6  6  8 10 12 12 13 12 13 15 18 23 292412 6HA 215 509999999999999999999991128  5999999999999999999999
 35 40 45 47 46 43 37 31 23 17 12  8  6  7  8 11 12 13 14 14 14 16 19 232412 7HA 3 9 479999999999999999999991223  6999999999999999999999
 27 32 37 41 42 42 39 34 29 23 17 13 10  8  9 11 13 15 17 17 17 17 17 182412 8HA 412 429999999999999999999991312  8999999999999999999999
 21 23 27 32 35 37 37 35 32 27 22 18 14 11 11 12 15 18 20 22 22 21 19 182412 9HA 529 371939 22999999999999991351 11999999999999999999999
 17 17 19 22 26 29 32 33 32 29 25 22 18 15 14 15 17 20 24 27 29 28 25 22241210HA 658 3320 8 2999999999999999 016 171417 1499999999999999
 18 15 14 14 16 19 23 27 28 28 27 24 21 18 17 17 19 23 27 32 36 36 34 29241211HA 826 282042 3699999999999999 222 131427 1799999999999999
 24 18 13  9  9 10 13 18 22 24 25 24 22 20 19 19 20 24 29 35 40 43 43 39241212HA 949 252122 4499999999999999 355  91429 1899999999999999
 33 25 17 10  6  4  5  9 14 18 21 22 21 20 19 18 20 23 28 34 42 48 50 48241213HA11 5 2222 5 5099999999999999 5 9  41441 1899999999999999
 43 35 26 16  8  3  1  2  6 11 16 18 19 18 17 17 18 20 25 31 39 47 53 54241214HA1210 192252 5499999999999999 613  115 4 1799999999999999
 52 46 36 26 15  7  1 -1  0  4 10 14 16 16 16 15 15 17 21 27 34 43 51 56241215HA13 0 162340 5799999999999999 710 -11536 1499999999999999
 56 53 46 36 25 14  6  1 -1  0  5  9 12 13 13 13 12 13 16 21 28 35 44 52241216HA1333 14999999999999999999999 8 3 -21612 1299999999999999
 56 56 52 45 34 23 13  6  1  0  2  6  9 11 12 11 10 10 12 16 21 28 36 44241217HA 029 571354 1299999999999999 855  01648 1099999999999999
 51 54 53 49 41 31 21 12  6  2  2  4  7 10 11 10 10  9  9 12 16 22 28 35241218HA 116 5414 9 1199999999999999 945  11722  999999999999999
 43 48 50 48 44 36 27 18 12  7  4  4  6  9 10 10 10  9  9 10 13 17 22 28241219HA 2 2 501429 10999999999999991033  41750  999999999999999
 34 40 44 44 42 38 31 23 17 11  8  7  7  9 10 11 11 10 10 10 12 15 18 22241220HA 244 451459 11999999999999991118  61810 1099999999999999
 27 32 36 38 38 36 32 26 20 15 12 10  9 10 11 12 13 12 12 12 13 14 17 19241221HA 325 389999999999999999999991156  9999999999999999999999
 22 25 28 31 32 32 29 26 22 17 14 12 11 12 13 14 15 15 15 16 16 16 17 18241222HA 4 7 329999999999999999999991220 11999999999999999999999
 19 20 22 24 26 27 26 24 22 18 16 14 13 13 14 16 17 18 19 19 20 19 19 18241223HA 456 271941 20999999999999991221 13999999999999999999999
 18 18 18 19 20 21 22 21 20 19 16 15 14 15 16 17 19 21 23 24 24 24 22 21241224HA 6 9 221955 2499999999999999 1 2 181211 1499999999999999
 18 17 15 15 15 16 17 18 18 18 17 15 15 15 16 18 20 23 26 28 29 29 27 25241225HA 748 192020 2999999999999999 3 7 151219 1599999999999999
 21 18 14 12 11 11 13 15 16 17 17 16 15 15 15 17 20 24 28 31 33 34 33 30241226HA 916 172052 3499999999999999 415 111244 1499999999999999
 26 21 16 11  8  7  8 10 13 15 16 16 15 14 14 16 19 23 27 32 36 38 38 36241227HA1020 162126 3899999999999999 5 2  71322 1499999999999999
 31 25 19 13  8  5  4  6  9 12 14 15 15 14 13 14 16 20 25 31 37 40 42 41241228HA11 7 1522 3 4299999999999999 545  414 6 1399999999999999
 37 31 24 16 10  4  2  2  4  8 12 14 14 14 12 12 13 16 21 28 35 40 44 45241229HA1146 142242 4599999999999999 626  11451 1299999999999999
 42 37 30 22 13  6  1 -1  0  4  8 12 13 13 11 10 10 12 17 23 30 38 44 47241230HA1220 132322 4799999999999999 7 7 -11535 1099999999999999
 46 43 36 28 18 10  3 -2 -3 -1  4  8 11 12 11  9  7  8 11 17 24 32 40 46241231HA1250 12999999999999999999999 750 -31618  799999999999999
