 51 29 18 21 37 63 92119137144140126109 94 84 83 89102116128133129115 9524 1 1I4 9 514420 513399999999999999 218 181440 8299999999999999
 71 49 34 30 38 56 81106127139140132117101 88 81 81 8810011112012311810524 1 2I4 936141205212399999999999999 251 301526 8099999999999999
 88 69 53 45 46 56 74 96117132138135124110 95 83 77 78 84 9310311011310924 1 3I41010138215511399999999999999 325 441626 7799999999999999
100 87 74 63 59 62 73 89107123133136130119104 90 78 72 71 76 84 9310110624 1 4I41048136232810699999999999999 4 6 591738 7199999999999999
106101 93 84 77 74 78 87100114126133133127115100 84 71 63 60 64 73 84 9524 1 5I41133134999999999999999999999 458 741853 6099999999999999
103108108104 97 91 88 89 96106117127133132125112 95 77 61 50 47 51 62 7624 1 6I4 128109122713399999999999999 614 881957 4799999999999999
 93107116120117111103 97 96100108118128134133125109 88 66 47 34 31 37 5324 1 7I4 3 3120132513599999999999999 747 962050 3199999999999999
 73 96115129134130122111102 98100109120131138136125105 80 53 30 17 15 2624 1 8I4 4 5134142113899999999999999 9 7 982138 1499999999999999
 47 75103127142147141128113101 96 99110124137144141125100 69 38 13  0  224 1 9I4 45314715121449999999999999910 7 962223 -199999999999999
 18 46 80114140155156146128110 96 92 98112130145151145124 93 56 22 -3-1424 110I4 53515716 1151999999999999991055 9223 8-1499999999999999
 -8 15 50 90126152164160144123102 89 88 98117138154158147121 85 44  8-1624 111I4 6151641648158999999999999991137 872352-2399999999999999
-23-11 19 59101137161168158138113 93 82 85100123145160161146116 76 34 -124 112I4 6541681735163999999999999991218 82999999999999999999999
-22-24 -6 28 71113147165166151127101 83 76 83102127150163160142108 67 2624 113I4 732168182216499999999999999 035-261258 7699999999999999
 -5-20-16  7 44 86126154165159140114 89 73 71 82104129150160155134100 6124 114I4 8 9165191116099999999999999 118-211341 7099999999999999
 25  0 -9  0 27 63103136157161149126100 78 66 67 80102126144152145124 9324 115I4 84516120 215299999999999999 159 -91425 6499999999999999
 59 30 12 10 24 50 84118143155153137113 88 69 60 63 77 9711813413913211424 116I4 919156205713999999999999999 239  91515 5999999999999999
 89 63 42 32 35 50 75103129146151143125102 79 62 55 58 71 8910712012512124 117I4 95315122 212599999999999999 318 311611 5599999999999999
108 90 72 60 55 61 75 96117134144144133115 94 73 58 51 52 62 77 9310611324 118I41028145232911499999999999999 357 551718 5099999999999999
113106 97 87 80 79 84 95110124135140137126109 90 70 54 46 45 52 64 79 9424 119I411 8140999999999999999999999 441 791835 4499999999999999
104110111108103100 98101107116125132135132123107 88 68 50 39 35 40 52 6924 120I4 14011112 213599999999999999 550 981955 3599999999999999
 86102114120121119114110109111115122128132131123108 87 65 44 30 25 29 4324 121I4 343122131713299999999999999 75810921 2 2599999999999999
 63 86107123132134129122114108107111118127133133125108 85 59 36 20 14 2124 122I4 444134143213499999999999999 9441072156 1499999999999999
 39 64 92117134143141133121109102101106117129137137127107 79 50 25  9  724 123I4 52114315321389999999999999910391002241  699999999999999
 18 42 72103129145149143129113 99 93 95105120135143141127102 70 38 13  024 124I4 5521501621144999999999999991116 922320  099999999999999
  3 21 51 85117141152150137118100 88 85 93108127142149142122 92 57 25  324 125I4 61915317 2149999999999999991146 852354 -499999999999999
 -4  6 31 66102132150154144125104 86 78 81 95115135149151138113 78 43 1324 126I4 6461541738152999999999999991213 78999999999999999999999
 -2 -1 17 48 85119143154149132110 88 75 72 82101124143152148129 99 63 3024 127I4 710154181315399999999999999 026 -41240 7299999999999999
  7 -1  9 34 69105134150152139117 93 75 67 71 87109131147150140116 83 4924 128I4 734153184615199999999999999 056 -113 8 6799999999999999
 22  7  9 27 57 92123145152144124100 78 65 63 74 93115135145143127101 7024 129I4 757152192014699999999999999 124  61337 6299999999999999
 41 21 16 26 50 81112137149147131108 85 67 59 63 77 98119134139132113 8824 130I4 820150195613999999999999999 151 1614 9 5999999999999999
 61 39 29 32 48 74103128144147137117 94 73 60 57 65 8110011712812911910124 131I4 843148203513099999999999999 217 281444 5699999999999999
 80 59 46 43 52 71 96120137144140125103 82 65 56 56 66 81 9811211911810924 2 1I4 9 6145212312099999999999999 244 431525 5599999999999999
 95 78 65 59 62 74 92112129139139130113 93 74 60 54 56 64 78 9210310910924 2 2I4 932140223011099999999999999 312 591616 5399999999999999
104 94 85 78 76 81 92106120131135131120104 86 70 57 51 52 59 70 82 9310124 2 3I410 2135999999999999999999999 346 761723 5199999999999999
105105102 97 94 93 97104113122128129125115100 84 68 55 47 45 49 58 71 8524 2 4I4 024106104412999999999999999 439 931848 4599999999999999
 97107112114112109107106108113118123125122115102 85 67 50 38 32 35 44 6024 2 5I4 25611412 012599999999999999 6451062013 3299999999999999
 79 98114125129127121114108106108113120125126120107 87 64 42 25 16 18 3124 2 6I4 4 8129133912699999999999999 9 21062120 1699999999999999
 52 78105127140143138126113102 98100109121131135129113 88 59 31  9 -1  324 2 7I4 45114314571359999999999999910 8 982213 -199999999999999
 21 50 84116141154153141123104 91 87 94109127142147140119 87 51 17 -7-1524 2 8I4 5271551557147999999999999991051 8723 0-1599999999999999
 -7 19 55 95131155164156137112 90 77 78 91113136154159148121 83 41  5-1824 2 9I4 6 11641650159999999999999991129 762344-2499999999999999
-23 -7 25 68111146166167151125 96 73 64 70 91119146164166150118 75 32 -424 210I4 63416917381689999999999999912 6 64999999999999999999999
-22-20  3 41 86129159171163139107 77 57 53 66 93125153169168147111 67 2624 211I4 7 5171182617199999999999999 024-241243 5299999999999999
 -4-16 -6 23 64108145166168151121 87 58 43 46 65 95128154167162138102 6124 212I4 736170191316799999999999999 1 3-161322 4299999999999999
 26  5  2 18 50 90128155166158134101 68 44 35 43 66 96127150158150126 9324 213I4 8 416620 015899999999999999 139  114 2 3599999999999999
 60 35 23 28 48 79114142159159143115 83 54 36 33 44 67 9512113914413411424 214I4 831161205014499999999999999 213 221444 3299999999999999
 89 66 50 47 57 78105131149155147127 99 71 47 35 34 46 66 9011112412712024 215I4 856155214812799999999999999 244 471532 3399999999999999
106 90 77 71 74 85103122138146145133113 88 65 47 38 38 47 63 81 9710811324 216I4 92014723 811399999999999999 312 711628 3799999999999999
111104 97 93 92 97106118129136138133121104 85 66 52 43 41 46 57 71 84 9524 217I4 945138999999999999999999999 336 921743 4199999999999999
103108109109109110112117121125128127123114102 88 72 57 46 41 42 48 60 7424 218I410191289999999999999999999991923 41999999999999999999999
 88102112119122122121118116115116117119118115107 94 78 61 46 36 34 39 5124 219I4 434122122611999999999999999 9121152051 3499999999999999
 69 89107122131133129122114107104105110116121121114100 81 59 40 28 24 3224 220I4 45113314321229999999999999910171042149 2499999999999999
 48 71 96119134140138128115102 94 92 98108120129130121103 78 52 30 17 1724 221I4 5111411538130999999999999991044 922232 1599999999999999
 29 53 81110132145145135119101 87 81 85 97114129139138124100 70 40 18  924 222I4 53314716241409999999999999911 8 8123 7  999999999999999
 15 35 65 97126145151143125103 84 73 72 83103124141148141120 90 56 27  924 223I4 55415117 1148999999999999991131 712338  599999999999999
  6 21 49 83117142153149133109 85 67 62 70 89113136151152138110 76 42 1624 224I4 6151541735153999999999999991155 62999999999999999999999
  6 13 36 69105135153154140116 88 66 55 57 73 98125146156150128 96 60 3024 225I4 63515518 715699999999999999 0 6  61219 5499999999999999
 12 11 28 58 94127149156147124 95 68 51 47 59 81110136152155141114 81 4824 226I4 655156183915699999999999999 033  91244 4799999999999999
 25 17 26 50 84118144156152132104 74 51 41 46 65 91120142152147128 99 6824 227I4 714157191215299999999999999 058 171310 4199999999999999
 42 28 30 48 77109137153154139113 83 56 40 38 50 73101126143146136114 8724 228I4 733156194514799999999999999 122 271338 3799999999999999
 61 44 40 50 73101129148154144122 93 65 44 35 40 57 8110712713813612310224 229I4 752154202213999999999999999 146 4014 8 3599999999999999
 80 62 54 58 73 96121141150146129104 76 52 38 36 45 63 8610812312912511324 3 1I4 81215021 512999999999999999 211 541442 3599999999999999
 96 80 71 70 78 94114132143143133113 89 65 47 38 39 50 67 8610311511911624 3 2I4 83314422 211999999999999999 236 691523 3799999999999999
107 97 88 85 87 96110124134137133120101 80 61 48 41 43 51 65 80 9410411024 3 3I4 856137234411199999999999999 3 4 851618 4199999999999999
111108104101101103109117124128128122111 96 80 64 52 44 43 47 56 68 81 9424 3 4I4 926129999999999999999999999 3431011746 4299999999999999
105112116117116115113114115117119120117111100 87 71 56 44 37 36 42 54 7024 3 5I4 255117103812099999999999999 6251131939 3699999999999999
 89106121130132129123115109106107111116119118111 98 79 59 40 26 21 26 4124 3 6I4 356132132211999999999999999 91710621 1 2199999999999999
 64 90115134144144136122107 96 92 95105118129132126110 85 57 30 12  5 1324 3 7I4 43014614551339999999999999910 1 922158  599999999999999
 34 65 99129150157150133111 90 78 76 87106127143149141119 87 51 19 -1 -524 3 8I4 5 01571557149999999999999991036 752244 -699999999999999
  9 38 76115146164164147121 92 69 58 64 83111139158164151123 84 44 10 -824 3 9I4 5301661649164999999999999991110 582326-1099999999999999
 -6 15 51 94134162171161135100 68 47 42 56 84119150170172155121 78 37  724 310I4 5581711737174999999999999991145 41999999999999999999999
 -5  5 33 74117152172171149115 76 44 28 31 53 88126158176173151114 73 3624 311I4 626174182317799999999999999 0 4 -51221 2799999999999999
 13  9 26 59100139165173161130 91 52 25 16 27 55 93131160173166141106 6924 312I4 65317419 917399999999999999 040  81257 1699999999999999
 41 28 33 55 88125154170166143108 68 34 14 13 29 60 97132155163153129 9924 313I4 718170195516399999999999999 114 271335 1199999999999999
 71 53 49 61 85114143161164151123 87 52 25 13 17 36 66 9912714414713711824 314I4 742165204314899999999999999 145 491415 1299999999999999
 96 79 70 74 88110132150157151132104 72 44 25 19 26 45 71 9711813013112424 315I4 8 4157213813299999999999999 213 701457 1999999999999999
111 99 90 90 96109125139147146135116 91 66 46 33 30 37 52 71 9110611511824 316I4 823148225711899999999999999 237 891547 3099999999999999
115110106104106113121130135136131120105 87 69 54 44 41 45 55 68 82 9410424 317I4 839136999999999999999999999 2561041656 4199999999999999
110114115116116118120122124124122118111102 90 77 65 55 49 48 52 61 73 8624 318I4 8361249999999999999999999991841 48999999999999999999999
 99110119124125124121117114111110110110110106 99 88 75 61 51 45 46 54 6724 319I4 4 31259999999999999999999992023 45999999999999999999999
 84102117128133132125116106 99 96 98104111116116110 97 79 61 46 38 39 4924 320I4 41613314341179999999999999910 7 962125 3799999999999999
 67 89111129138139131118103 90 83 84 92105118127127118100 77 55 38 31 3524 321I4 4341401534128999999999999991023 8322 7 3099999999999999
 51 75102126141146139123104 85 73 71 79 95114130139136121 97 69 45 29 2624 322I4 4541461616139999999999999991043 702241 2699999999999999
 38 61 90119141151147131108 84 66 59 64 80104127143148139117 88 58 35 2424 323I4 51315116521489999999999999911 5 592310 2499999999999999
 29 49 78110137153153139115 87 63 49 50 64 89117141154153136108 76 47 2924 324I4 5321551725155999999999999991127 482338 2699999999999999
 27 41 68101131152158147123 93 63 43 38 48 71101131152159151127 96 64 4024 325I4 5511581757159999999999999991151 38999999999999999999999
 31 38 61 92124149160154133101 68 42 30 34 53 83115143159159143115 84 5624 326I4 6 9160182916199999999999999 0 4 311216 2999999999999999
 41 41 57 84116144159159141111 77 46 27 24 37 63 96128151159152131103 7524 327I4 62816119 215999999999999999 029 391242 2399999999999999
 55 49 58 80108136155160148122 88 55 30 19 25 45 76108136152154141119 9324 328I4 647160193715599999999999999 054 4813 9 1999999999999999
 71 60 63 78102128149158152131100 67 39 22 19 32 57 8711613814814413010924 329I4 7 6158201414899999999999999 120 601338 1899999999999999
 89 75 72 80 98120140152151137112 81 52 31 21 25 42 66 9411813413913312024 330I4 727153205813999999999999999 146 721412 2199999999999999
104 91 85 87 98114131143147139121 96 69 46 31 26 34 50 72 9411312512812524 331I4 749147215712899999999999999 215 841452 2699999999999999
116106 99 98102111123133138136125108 87 65 47 37 34 40 53 70 8810411512024 4 1I4 813138233912199999999999999 248 971547 3499999999999999
121118114111110112117123127128125116103 87 70 56 45 40 42 50 63 78 9310724 4 2I4 846128999999999999999999999 3471101714 4099999999999999
118124126125122118115114114116117117114107 96 82 67 53 43 39 41 51 67 8524 4 3I4 2 8126102811799999999999999 71611419 7 3999999999999999
105122133138136128118108101 99102108115120119111 97 78 58 41 31 31 41 6024 4 4I4 310138132212099999999999999 856 992032 3099999999999999
 85111133146149142127108 92 82 82 90105120132136128110 85 58 36 23 22 3624 4 5I4 346150145013699999999999999 934 812131 2199999999999999
 61 93124147159156140115 89 69 61 65 82107131148153143120 89 56 30 17 2124 4 6I4 41715915511539999999999999910 9 602218 1799999999999999
 41 72108141162167154128 95 64 44 40 54 80113144163167153125 89 54 29 2024 4 7I4 4461671643168999999999999991044 4023 0 2099999999999999
 29 55 91129158172167143108 69 38 22 26 48 83122155174174156124 86 53 3324 4 8I4 5141731731177999999999999991119 212338 2999999999999999
 30 46 77114148171174158125 83 43 16  7 19 49 89130162178174152119 84 5724 4 9I4 5411751818179999999999999991155  7999999999999999999999
 44 49 70102136163175168141102 59 23  2  1 20 55 97136164175167144114 8524 410I4 6 817519 417599999999999999 014 431233 -199999999999999
 66 61 71 95125152169170153121 80 40 11 -2  4 28 6410313715916515513410924 411I4 633172195016599999999999999 049 601310 -299999999999999
 89 78 80 94117141159166158134100 63 30  9  3 15 40 7310713414915114212524 412I4 658166203915299999999999999 121 771349  399999999999999
108 95 92 98113131147157155141116 85 54 30 16 16 29 52 8010712713713813124 413I4 721157213313999999999999999 151 921431 1499999999999999
120109104105112124136144146140124102 77 54 37 29 31 42 61 8310311812612724 414I4 744147224512899999999999999 2221031518 2899999999999999
124119114112114119126131134132124112 95 78 61 49 43 44 52 66 82 9711011824 415I4 8 6134999999999999999999999 3 01121620 4299999999999999
122123122120118118118119120120118114106 96 84 72 61 55 53 57 66 78 9210524 416I4 045123 82312099999999999999 4551181748 5399999999999999
116123127127124120114110107106107108109108103 94 83 71 61 56 57 63 75 9124 417I4 229127115910999999999999999 9 11061925 5599999999999999
107120130134131124115104 96 92 93 98105112116113105 91 76 63 54 54 61 7624 418I4 3 813414 711699999999999999 920 922035 5399999999999999
 95114130138139132119103 89 79 78 84 95109121127124112 95 76 60 51 52 6424 419I4 335140151112799999999999999 943 772123 5099999999999999
 83105126141146140126105 85 70 64 68 81100119133138132115 93 71 55 49 5524 420I4 35814615561389999999999999910 7 6422 1 4999999999999999
 72 95120141151149134112 86 64 52 52 64 85111133146147135114 88 65 52 5124 421I4 4201521635148999999999999991030 502234 5099999999999999
 63 86113137153155144120 91 63 44 38 46 67 96124146156151134108 81 61 5324 422I4 4401561710156999999999999991055 3823 4 5399999999999999
 59 78105132152160152130 99 67 41 27 30 48 77110139158162150127100 75 6024 423I4 5 01601745162999999999999991120 262333 5899999999999999
 60 73 97125149162159141110 75 43 23 18 30 56 90124151164161144119 92 7224 424I4 5211631819165999999999999991147 17999999999999999999999
 65 71 91117142160163150123 87 52 25 12 16 37 68104137158165156135110 8824 425I4 543164185516599999999999999 0 2 651215 1199999999999999
 74 74 87109134154163156134102 65 33 13  9 21 47 8211614415916014712610424 426I4 6 5163193216199999999999999 031 721245  899999999999999
 87 81 87103125146158158143116 82 48 22 10 13 31 59 9312314515515113811924 427I4 629160201315599999999999999 1 1 811318  999999999999999
102 91 91100117136150155148128 99 67 39 20 14 21 41 69 9912414114714213124 428I4 65515521 214799999999999999 133 901356 1499999999999999
116104 99101111126139147146135114 87 60 37 24 22 31 50 74 9912113413913624 429I4 72414822 513999999999999999 211 991441 2199999999999999
128118110107110117127136139135124106 83 61 43 33 31 39 54 74 9611412813424 430I4 8 1139233113599999999999999 3 11071540 3099999999999999
134130123117113113116121126128126118105 88 70 54 43 39 43 54 71 9010912424 5 1I4 9 2128999999999999999999999 43311217 0 3999999999999999
134138135129120113107106108113118120119111 99 83 66 53 45 44 52 67 8710824 5 2I4 1 413811 912099999999999999 6501061833 4399999999999999
127140145142132118104 94 89 92100111121126124114 98 78 60 48 44 50 67 8924 5 3I4 2 6145131512699999999999999 8 8 891952 4499999999999999
114135150153145129108 88 73 69 75 89109126138139130111 88 66 50 45 52 7124 5 4I4 249153143814099999999999999 856 692054 4599999999999999
 98125148160158143118 90 65 50 48 61 84111136152154143121 94 69 53 49 6024 5 5I4 324161154115599999999999999 936 472145 4999999999999999
 83112140161167158134101 66 40 27 31 52 83118147164166152127 98 73 58 5824 5 6I4 3561671636167999999999999991015 262230 5699999999999999
 73 99129155170169151118 79 42 17 10 21 50 87126157173172155129100 77 6724 5 7I4 4261721726175999999999999991053 102312 6799999999999999
 71 90117145167174164137 98 56 21  1  1 19 53 95134163176172153127101 8324 5 8I4 4561741814177999999999999991132 -22351 7899999999999999
 78 87108134158172171153119 78 38  8 -6  1 25 6210314016517316614712310224 5 9I4 52617419 1173999999999999991211 -6999999999999999999999
 90 90103123147164171162137101 62 26  3 -4  8 36 7311114216216615713911924 510I4 556171194716699999999999999 029 891251 -499999999999999
104 98102116135153164163148121 86 51 22  6  6 21 49 8311614115515614613124 511I4 626165203415799999999999999 1 5 981331  499999999999999
116106105111124140152156150133107 76 47 26 16 20 36 62 9111813714714613724 512I4 657156212314799999999999999 1421041413 1599999999999999
125115109110117127138145145137120 97 72 50 34 29 35 50 73 9711813213913824 513I4 730146221813999999999999999 2231091459 2999999999999999
131122115112113118125131134133125111 93 73 57 45 42 48 62 8010011712813424 514I4 811135232313499999999999999 3171111551 4299999999999999
133129122116112111113117120123122116107 94 79 66 57 54 58 69 8410111612724 515I4 915123999999999999999999999 4481111654 5499999999999999
133133129123115109105104105108112114114109100 88 76 67 63 65 74 8810311824 516I4 033134111611599999999999999 65410418 8 6399999999999999
130136136131122111101 93 90 92 98106113116115108 97 85 74 69 70 78 9210824 517I4 132137131411799999999999999 8 6 901920 6899999999999999
124136141139130116101 87 78 76 81 92105117124124117105 91 78 72 73 83 9824 518I4 214141143312599999999999999 847 762020 7199999999999999
116133144146140125106 86 70 62 64 74 91110126135135126110 94 80 74 77 8924 519I4 247147152913699999999999999 920 6121 9 7499999999999999
108127143151149135114 89 66 51 47 55 73 96120138146144131112 94 81 77 8424 520I4 316152161414799999999999999 950 472151 7799999999999999
 99120140153156146125 97 68 46 34 37 53 78107133151156149132111 92 81 8224 521I4 3421561655156999999999999991019 342229 8099999999999999
 93112134152160155137108 76 46 27 22 33 56 88120146161162150130108 91 8424 522I4 4 91601733163999999999999991049 2223 5 8499999999999999
 89104126147161162149122 88 54 27 14 16 34 65100133157167163147125104 9124 523I4 4361631811168999999999999991121 132340 8899999999999999
 88 98117139157165158137105 69 36 13  6 16 41 7611314416416916014111910124 524I4 5 41651850169999999999999991154  6999999999999999999999
 92 95109129149162163150123 88 52 22  6  6 22 51 8712315016516515313411524 525I4 534165193216799999999999999 015 921230  499999999999999
101 96103119138155163157138108 73 40 16  5 11 31 62 9712915216215914612824 526I4 6 7163201616399999999999999 052 961310  599999999999999
112102102111126143156158148127 97 64 35 16 10 19 41 7110313115015715314024 527I4 64315921 615799999999999999 1331011353 1099999999999999
125112105106115129143151150139117 90 61 36 21 19 29 50 7810713114715314824 528I4 72615222 115399999999999999 2201041442 1899999999999999
137123112106107115126137143142131113 89 64 43 31 30 39 59 8310913114515024 529I4 82014423 115099999999999999 3201061538 2999999999999999
146136123111105104109118127133134127113 93 73 55 44 42 50 66 8811213214524 530I4 936135999999999999999999999 4381031642 4199999999999999
150146135121108 98 94 96104115124129128118103 85 69 57 53 59 74 9411613524 531I4 0 1150111613099999999999999 6 5 941753 5399999999999999
148152147134117 99 85 78 80 89103118129133128116100 83 70 65 69 8210112324 6 1I4 056152125913399999999999999 718 7819 5 6599999999999999
142154156148130107 85 67 59 62 75 94115132141140130114 96 82 75 78 9111024 6 2I4 143156142514299999999999999 815 592012 7599999999999999
131150160159146122 94 67 47 39 45 63 89116138151153143125106 91 84 8710024 6 3I4 225161153515499999999999999 9 4 392112 8499999999999999
120141158165159140111 77 47 28 23 33 57 89121147161163152133113 98 91 9624 6 4I4 3 4166163516499999999999999 949 2222 6 9199999999999999
110131151166168156131 96 60 30 12 12 28 57 93128155169169156136116102 9724 6 5I4 3421691727171999999999999991033 102254 9799999999999999
104120141159170167150119 81 44 16  3  7 29 6210113616217317015513511610424 6 6I4 4191711815173999999999999991115  2233810299999999999999
102112129149165171162140106 67 32  8  0 10 36 7211014316517216615013011324 6 7I4 45717119 0172999999999999991157  0999999999999999999999
105107118136154166167154128 93 56 25  6  4 19 47 8311914816516815814112324 6 8I4 534168194216899999999999999 0191041238  399999999999999
110105111124141156164160144116 82 49 23 10 13 31 61 9512715116216014813224 6 9I4 612164202116399999999999999 0581051319  999999999999999
117107106114128143155158151132105 74 45 26 19 26 47 7610713315115715113924 610I4 65115821 015799999999999999 1371051359 1999999999999999
124111105107116128141149149140121 96 69 47 33 31 42 63 8911613714915114324 611I4 731151213915199999999999999 2171051439 3099999999999999
131117108104107115126136141140130112 91 69 52 43 45 57 7810112313914714524 612I4 817142221914799999999999999 3 41041520 4299999999999999
137125113105101104111120128132130122107 90 73 60 55 59 72 9011112914114524 613I4 91413223 214599999999999999 4 210116 4 5599999999999999
142133121109101 97 98104111119123123118107 94 81 71 68 73 8510111813314224 614I41030124234914599999999999999 515 971654 6899999999999999
145140130117105 95 89 89 94102110117121119112102 91 83 81 85 9510912413724 615I412 8121999999999999999999999 632 881754 8199999999999999
144145139127112 97 85 78 77 83 93105116123125120112102 94 90 9310311613024 616I4 036146134412599999999999999 735 7619 2 9099999999999999
141147146138123104 86 71 64 64 73 88105120131134131122111102 9710010812124 617I4 12114815 013499999999999999 824 632010 9799999999999999
135146151147134115 92 71 55 49 53 67 8710912914214614113011710610110411324 618I4 2 4151155614699999999999999 9 6 49211010199999999999999
128142152154146128104 77 54 39 36 45 65 9111814015415614913511910710310724 619I4 243155164315699999999999999 944 3622 110399999999999999
119135149158156143119 89 60 36 24 26 42 68 9912915216416315213511810610424 620I4 3211591726165999999999999991023 23224610399999999999999
111125143157163156137108 74 43 21 13 21 42 7410914116217116615113211410424 621I4 35916318 71719999999999999911 1 13232810399999999999999
105115133151163165153128 95 59 29 10  6 20 47 8312015116917416514612611024 622I4 4381661847174999999999999991142  6999999999999999999999
103107121140158168165148119 83 47 18  3  5 24 55 9313015817317316014011924 623I4 519168192917499999999999999 0 81021224  299999999999999
105102109126146162169162142110 73 38 13  3  9 32 6610413816217316815313224 624I4 6 2169201117399999999999999 04910113 7  299999999999999
113102101111129149163167157134102 66 35 14  8 19 44 7811414516417016214424 625I4 648167205317099999999999999 1331001351  899999999999999
124107 98100112129147159161150127 97 64 37 21 19 33 59 9112415016416515524 626I4 739162213516799999999999999 220 971437 1899999999999999
136116101 94 97108125142152154143122 95 68 46 34 36 50 7510413215316316024 627I4 836154221716399999999999999 313 931523 3399999999999999
148129109 95 88 90101117132143145137121 99 77 60 52 55 69 9111714015516124 628I4 94414623 016199999999999999 413 871613 5299999999999999
156141122102 87 79 81 90105121133138135123107 90 77 72 75 8710612714515624 629I411 6138234515999999999999999 521 7917 8 7199999999999999
159152136116 95 78 68 68 77 92109124134136130119106 96 90 9310211713414824 630I41243136999999999999999999999 631 671812 9099999999999999
157158149132109 86 67 56 54 63 8010011913414114013312211210610611312413824 7 1I4 033159142214199999999999999 737 54193010599999999999999
151158158147128103 77 55 42 41 51 70 9411813814915114513512411611311812824 7 2I4 125159154415199999999999999 837 40205011399999999999999
141153160158146124 96 67 43 30 30 42 65 9412214515816115514212911911611924 7 3I4 219161164616299999999999999 932 28215911699999999999999
130144157163159144119 88 56 32 20 22 38 66 9913015416716815914412811711424 7 4I4 3111631734169999999999999991021 19225311499999999999999
119132147161166160141112 78 46 23 13 19 40 7210814016217216915613912211224 7 5I4 4 016618151739999999999999911 7 13233711099999999999999
111120135152165168158136104 68 37 16 11 22 48 8311914916817316514913011424 7 6I4 4461681852174999999999999991149 11999999999999999999999
107109122139157167167153127 93 58 30 14 14 31 61 9713215817117015713711924 7 7I4 529169192517299999999999999 0141061228 1299999999999999
106102110125144160168163145117 82 50 26 16 23 46 7811314316316916214512524 7 8I4 6 9168195616999999999999999 04810213 5 1699999999999999
108 99100112129148161165156135105 72 44 27 25 38 64 9612815216516415113224 7 9I4 648165202516699999999999999 122 981339 2499999999999999
113 99 95101114132149158158145123 94 66 44 34 39 57 8411414115816315614024 710I4 727160205316399999999999999 156 951411 3499999999999999
120103 93 93101116133146152148134112 87 64 50 47 57 7710313015016015814624 711I4 8 8152212116099999999999999 233 921443 4699999999999999
129110 96 90 92101115130140144138124105 85 69 61 63 76 9712014115415815124 712I4 854144215015899999999999999 316 891516 6199999999999999
137119103 91 86 89 99111124132135130119104 89 79 76 82 9511313214715515424 713I4 950135222215599999999999999 4 6 861552 7699999999999999
144129112 97 86 82 85 93105116124128126118109 99 93 92 9811012513914915324 714I411 6128225915399999999999999 5 5 821636 9299999999999999
149138123107 92 81 76 78 85 9610811912512712411811210710611112013114114824 715I41251127234615099999999999999 613 76173810699999999999999
150145134119102 85 73 67 68 76 8810311712813413413012411911611812413314124 716I41436135999999999999999999999 721 6619 711699999999999999
148149144132115 96 77 63 55 56 66 8210112013514414614213512612112012413224 717I4 044149154814699999999999999 822 55203912099999999999999
142149151145132112 88 66 50 42 44 57 7810312714615715815114012812011812324 718I4 147151163815899999999999999 915 41214811899999999999999
132144153155148131107 79 53 35 28 34 52 7910913815816816615514012511511424 719I4 24615617201699999999999999910 4 28223911399999999999999
121135150160162152130100 68 39 21 16 26 50 8411915017017717015413411710824 720I4 3391621759177999999999999991049 16232110899999999999999
110122139157168168154127 92 56 26  9  8 24 55 9313116217918016814712410724 721I4 4291701836182999999999999991133  6999999999999999999999
101107124146165176172154122 83 45 16  2  7 29 6510614417218417916113611224 722I4 517176191218499999999999999 0 01011216  299999999999999
 97 95106127152172180173151115 75 38 12  3 14 41 8012115617918417214912224 723I4 6 5180194718499999999999999 040 941258  399999999999999
 99 88 90106130155174180170144108 69 36 16 13 29 60 9913716618117916113524 724I4 653180202118299999999999999 120 871338 1299999999999999
108 88 80 86105130155171175163137103 68 41 28 31 51 8211815117217916914824 725I4 744175205417999999999999999 2 3 801418 2799999999999999
120 95 78 74 83102127149164165153130101 73 54 48 56 7710613616017317215824 726I4 837166212617499999999999999 249 741457 4899999999999999
134108 85 71 69 79 98120140152154144126104 85 73 72 8210112514816416916324 727I4 937155215816999999999999999 340 691536 7199999999999999
146123 99 79 67 65 74 90110128139143138126113101 95 9610612113815316216324 728I41052143223416499999999999999 439 651618 9499999999999999
154138116 94 76 64 61 67 81 9811512813513613212511911511612313214315315824 729I41238137232015899999999999999 548 61171611599999999999999
157148133114 93 74 61 56 59 70 8710512113314014213913513112913113514214824 730I41448142999999999999999999999 7 5 5619 212999999999999999
153153146133115 93 73 57 49 50 60 78 9912013714915315214613813313013213724 731I4 029153161115399999999999999 822 4821 913099999999999999
144151153149136117 93 69 50 40 41 53 73 9912514615916315914913812812312524 8 1I4 155153165716399999999999999 926 39221712399999999999999
132143152157153140117 90 63 42 31 34 50 7610613515716916916014513011811424 8 2I4 3 61571732170999999999999991018 31225811499999999999999
119130145158163158141114 83 53 32 25 32 53 8411814716717416815313411710724 8 3I4 4 216318 21749999999999999911 1 25233110699999999999999
107117133152165169160138106 72 43 25 23 37 64 9913316017417416114111910424 8 4I4 4481691829176999999999999991139 22999999999999999999999
 98103119140160172171156129 95 60 34 22 27 49 8111714917017616814812510424 8 5I4 528173185417699999999999999 0 0 981212 2299999999999999
 92 93105126148167175168148117 81 50 30 26 40 6710213616217517215613210824 8 6I4 6 5175191817699999999999999 028 911243 2699999999999999
 91 85 92110133156170172160135103 70 45 33 39 59 9012415317117416214011424 8 7I4 640173194117599999999999999 057 851312 3399999999999999
 93 81 82 95116140159169165148121 91 64 47 44 57 8311414416517316614812324 8 8I4 71516920 317399999999999999 126 801339 4399999999999999
 99 82 76 83100122143158163155135110 84 64 56 62 8010713515817016815513224 8 9I4 751163202417199999999999999 157 7614 5 5699999999999999
107 87 75 75 86104125143153153143124103 84 72 72 8310312715016416815914124 810I4 831155204616899999999999999 231 741432 7199999999999999
118 96 80 73 76 88106124138145143133118102 91 86 9110412214215716316014724 811I4 917145211016499999999999999 310 7315 0 8699999999999999
128107 88 76 72 77 8910411913113613512811810910310310912113514815715815024 812I41019136213715899999999999999 356 72153210299999999999999
137119100 85 75 72 76 86 9811112212913112912512011811812313114014815215024 813I41159131221315299999999999999 455 72161911899999999999999
143130115 98 84 74 69 71 78 8910211512613313613613413113013113413914314624 814I41427137231914699999999999999 614 69181013099999999999999
145140130116 99 83 70 62 61 67 78 9411112814014814914614113513113013313824 815I41548150999999999999999999999 742 61204113099999999999999
143145143134120101 81 63 51 47 53 68 8911313515216116115414313212412212624 816I4 1 5145163116299999999999999 854 47215012299999999999999
135145151151143125101 75 52 36 32 41 61 9012014816617416915513812211311324 817I4 23115217 517499999999999999 950 32223211299999999999999
122136152162163152129 98 66 38 21 20 34 61 9713316217918117014912610810024 818I4 3341641738182999999999999991037 1823 810099999999999999
105120142163175174159129 92 55 25 10 13 35 70111149177188183162135109 9124 819I4 42717718 9189999999999999991120  92343 8799999999999999
 88 99123150174186182161126 84 45 17  7 17 46 86129166188191176148116 9024 820I4 51618718401929999999999999912 0  7999999999999999999999
 76 79 97127158182192184158119 77 40 17 14 32 65108149179192186162129 9624 821I4 6 4192191019399999999999999 020 751239 1399999999999999
 72 64 73 98131163185192180151112 73 42 28 32 55 9113116518718917314410824 822I4 651192193819199999999999999 058 641316 2799999999999999
 77 59 56 71 99133163182185170142107 75 53 47 58 8411715117618617915712424 823I4 73918620 618699999999999999 137 551351 4799999999999999
 91 64 51 54 72100131157172172158133106 84 71 73 8711214016417817916513924 824I4 830174203218099999999999999 219 501425 7099999999999999
108 79 58 50 56 74 99125146158157146129111 98 94 9911413315316817316715024 825I4 927159205717399999999999999 3 5 501457 9499999999999999
125 99 75 59 54 59 74 9511613314314413913012111611612213314615716316215424 826I41042145212416499999999999999 359 54152911599999999999999
138118 97 78 65 59 62 73 8810411913013613813613413213313614114715215315124 827I4125513822 015399999999999999 5 8 59161513299999999999999
144133118101 85 71 63 62 67 78 9310912313514214614614514214013914014114324 828I41537147234914499999999999999 641 62201113999999999999999
144141135124109 92 75 63 58 60 69 8510412414015215715515014213412912813124 829I41618157999999999999999999999 814 57214812899999999999999
136142145142132116 95 75 59 50 52 63 8310713115116216415814613312211511724 830I4 2 4145164416499999999999999 921 49222111599999999999999
124136147154151139119 93 69 50 42 46 63 8911814416317016615313511810610324 831I4 31715417 81709999999999999910 9 42224710399999999999999
110125142157163159142115 85 58 41 36 47 71102133159173173161140118101 9224 9 1I4 4 71641731174999999999999991047 362312 9299999999999999
 96110131153168171161138106 74 48 34 37 56 86120151171177168148122 99 8524 9 2I4 4461721753177999999999999991119 342337 8299999999999999
 83 95117142164176174157127 93 61 40 35 47 73107141167178174156129102 8224 9 3I4 5211771814179999999999999991148 35999999999999999999999
 74 81100127154173180170146114 80 53 40 44 65 96131160177178163137107 8224 9 4I4 555180183418099999999999999 0 1 741215 3999999999999999
 68 69 84110139163178177161133100 70 51 48 62 88121152173179169146116 8724 9 5I4 627179185318099999999999999 027 671241 4799999999999999
 67 61 70 92120148169176169148119 89 67 58 64 84113144167178173154125 9524 9 6I4 7 0176191217899999999999999 053 6113 6 5899999999999999
 70 58 60 76101129154168169157134108 85 72 72 8510913616017417416013510524 9 7I4 734170193017699999999999999 121 571330 7099999999999999
 78 61 56 64 84110135154162159144124103 88 83 9010713015216817216314311624 9 8I4 811163195017299999999999999 151 561355 8399999999999999
 89 68 58 59 71 92115136149153147134118105 97 9910912614415916616214812724 9 9I4 853153201016699999999999999 224 571420 9799999999999999
102 80 65 60 64 77 9611513114114313813012011311111512513815015815815013524 910I4 948143203215999999999999999 3 3 60144811199999999999999
115 95 78 68 64 69 80 9410912213113513513112812512512913514214815014814024 911I41124135205915099999999999999 355 64152512599999999999999
127112 96 82 72 68 69 76 86 9911212313213713913913813613613613814014113924 912I41426140215714199999999999999 516 6818 013699999999999999
135127116102 88 76 67 63 66 74 8710312013514615215214814113412912813013324 913I41531152999999999999999999999 7 7 63205812899999999999999
137138135126112 94 76 61 52 52 60 7710012414515916516115113712411611512024 914I4 05213916 416599999999999999 833 51214011499999999999999
131142149149140121 97 71 50 38 38 50 74105135160174175163144123107 9910224 915I4 230150163417699999999999999 931 362212 9899999999999999
115135153165165152128 96 63 38 25 29 49 80117152176185177157129103 85 8224 916I4 33216717 2185999999999999991017 252245 8199999999999999
 93115143167181179161129 91 54 29 20 30 57 95136170189189171141107 79 6424 917I4 4241821731191999999999999991059 202319 6399999999999999
 68 88120154181194188163126 84 48 27 24 42 75117157185195184156118 81 5624 918I4 5121941758195999999999999991137 232354 4799999999999999
 48 59 88126163190199189160120 80 49 34 39 64100141175193192170134 93 5824 919I4 5581991826195999999999999991214 33999999999999999999999
 38 38 57 91132168192197182152115 80 57 51 63 91127161185193180150111 7124 920I4 645197185219399999999999999 031 351250 5199999999999999
 42 29 36 60 96135168186187171143112 86 72 74 91118149174187183162129 9124 921I4 732189191718899999999999999 1 9 291323 7199999999999999
 57 35 29 40 66101135161174172158136113 97 92 9911714016217717916814311124 922I4 822175194118099999999999999 150 291355 9299999999999999
 79 52 37 36 49 7310212914915915714613211911211312113615216517016515112824 923I4 91915920 317099999999999999 233 35142511199999999999999
101 76 56 46 47 59 7810012013614414414013312812612913614415315815715013724 924I41037145202515899999999999999 325 45145512699999999999999
119100 81 67 59 59 66 78 9411012313213813913913813813814014214414414313824 925I41317140204114599999999999999 433 58155913899999999999999
130119106 92 79 70 66 68 75 8610011512813814414714614313913513213013013124 926I41515147999999999999999999999 614 66212213099999999999999
132131126117104 90 76 67 65 69 80 9511413114515315415014113112211611512024 927I4 0 1132154415499999999999999 755 65213711599999999999999
127134138137128112 94 76 63 59 63 77 9712014015516115714613111610410010524 928I4 21413916 716199999999999999 9 1 59215910099999999999999
116130143150147135115 91 70 56 53 62 82107133154165164153135114 97 88 8924 929I4 316150162816699999999999999 945 532221 8799999999999999
101120140155161154136111 83 61 50 52 68 93123149166171161141116 93 78 7524 930I4 3591611649171999999999999991021 492244 7599999999999999
 85105130153167168156131101 73 54 49 59 82112142165174169150122 94 73 632410 1I4 43617017 8174999999999999991051 4923 8 6399999999999999
 69 88115143166176170151121 90 65 52 55 73102133160175175158131 99 72 562410 2I4 5101761727177999999999999991119 512332 5399999999999999
 55 70 97129157175179166141109 80 61 57 69 94125154174178166140107 75 532410 3I4 5421801746178999999999999991145 562356 4599999999999999
 45 55 78110142168180176157128 98 75 64 69 89117147169179172149117 83 552410 4I4 61518018 5179999999999999991211 64999999999999999999999
 41 43 61 90124154173178167144116 91 76 74 87111139163176174157128 93 622410 5I4 647178182417799999999999999 022 391236 7399999999999999
 42 37 47 72103135160172170155132108 90 83 89107131155171174162138106 742410 6I4 721173184317499999999999999 049 3613 1 8399999999999999
 49 37 40 57 84114141160166159143123105 95 95107125146163169164145118 882410 7I4 75716619 316999999999999999 118 361327 9499999999999999
 61 44 40 48 68 941201421541561481341191081051101221381531621611491281032410 8I4 839156192516399999999999999 150 40135510599999999999999
 77 57 47 47 58 76 991201361451451401301221161171221331441521541481351162410 9I4 935146194815499999999999999 228 46142711699999999999999
 95 75 61 54 55 64 79 97114127135138137133129127127130136141144143137126241010I411 8138201714499999999999999 320 53152212699999999999999
112 96 81 69 62 61 66 76 89104118129137141141139136132130130131132132130241011I41335141214113299999999999999 441 60184413099999999999999
125117105 92 78 67 61 61 67 79 95113129143150152147139129121117116120126241012I41442152999999999999999999999 633 60203311699999999999999
131133129119104 86 69 57 52 56 70 91114137154162160150134117104 98101111241013I4 052133151916399999999999999 8 2 522110 9899999999999999
126139147146135115 90 67 50 43 49 67 94124151168172163143119 96 81 78 88241014I4 224148154917299999999999999 9 2 432143 7799999999999999
108132153165163148122 91 63 43 38 49 73106140167180176157127 95 69 57 60241015I4 325166161718199999999999999 950 382217 5699999999999999
 80109142168181177157125 90 59 42 41 58 88125159181186172142104 68 43 36241016I4 4171811645187999999999999991032 392252 3699999999999999
 48 77115153181192184159124 88 60 47 53 76110146176190184159120 78 42 22241017I4 5 51921713190999999999999991112 472329 1999999999999999
 22 43 80123162189196184156121 88 65 60 72 98133165186189173139 96 54 22241018I4 5531961741190999999999999991149 59999999999999999999999
  9 18 46 86130167189192177150118 91 77 78 94122152177188181156117 74 36241019I4 64019418 818899999999999999 0 6  91225 7599999999999999
 12  7 22 53 94134166183182167142117 98 91 98116141164179180165136 98 60241020I4 728185183518299999999999999 045  713 0 9199999999999999
 29 13 14 32 63100135160171168155135118107107116133152167173167148119 86241021I4 81817219 117399999999999999 126 11133410699999999999999
 54 32 22 27 46 73103131149157154145132122117120128141153161160150132107241022I4 913157192716299999999999999 210 2214 911799999999999999
 81 58 42 37 43 58 80103124138144144139132127125128133140146148145136121241023I41025145195514899999999999999 259 37145512599999999999999
103 84 68 56 52 56 67 82100116128136139138135132130129130131133133131126241024I41212139203613399999999999999 4 2 52165812999999999999999
117106 93 81 70 64 65 71 82 96111124134139141139134129123119117117119122241025I41354141235312399999999999999 529 64202111799999999999999
123121114104 92 80 72 68 71 80 94110125138145146141132121111103101104111241026I41440146999999999999999999999 7 4 68205510199999999999999
120127129125115100 85 73 67 69 80 96115133146152149138123107 93 86 87 96241027I4 153129151015299999999999999 815 672122 8699999999999999
110125136140135122103 85 71 65 70 83104126144155156146129107 88 74 71 79241028I4 257140153415799999999999999 9 4 652147 7199999999999999
 95116135148150141124101 81 67 65 74 93117140157162155137112 86 67 58 62241029I4 343151155716299999999999999 943 642212 5799999999999999
 77101127148159158143121 96 76 66 69 84108134155166163146120 90 64 48 46241030I4 4221601618166999999999999991017 662237 4599999999999999
 59 83113141161168160140114 90 73 69 79 99126150166169155130 97 66 43 34241031I4 4571681639169999999999999991047 6923 2 3499999999999999
 41 63 94128155171171157133106 85 74 77 93118144164171163140108 73 43 272411 1I4 53117317 0171999999999999991117 732329 2599999999999999
 27 44 74109142166175169150124 99 83 79 90110136158171169150120 84 50 272411 2I4 6 51751721172999999999999991145 792356 1999999999999999
 19 29 54 88123153171173161139115 95 86 89105127151167170158132 98 62 342411 3I4 6391741744171999999999999991214 85999999999999999999999
 19 20 37 66102135159170166151129108 95 92102120141159167162143113 78 472411 4I4 71417018 716899999999999999 026 171243 9299999999999999
 25 18 27 49 79112141159164156140122106 99102114132149161161149126 95 642411 5I4 753164183316399999999999999 057 181313 9999999999999999
 39 25 24 37 60 89118141153155147133119109106112124139151156150135111 842411 6I4 83815619 115699999999999999 133 23134810699999999999999
 58 39 30 33 47 69 941181361461461401301201141141191281381451461381231032411 7I4 934147193514699999999999999 215 30143411399999999999999
 80 59 45 39 42 54 73 941141301391421381321241191181201251311351351291182411 8I41051142202613599999999999999 3 8 39155311899999999999999
102 84 67 54 48 49 58 73 911101261371421411361291221161141151191231251252411 9I41223142221912699999999999999 421 4818 911499999999999999
119109 95 79 65 56 53 58 70 87107125140147148141130117106 99 98103111120241110I41332148999999999999999999999 552 531940 9899999999999999
127127121109 93 75 62 55 57 68 87109131148156154142124104 88 78 78 88103241111I4 038128141815699999999999999 716 552029 7799999999999999
121135141138124105 84 66 56 58 70 92118142158164156137110 84 64 55 59 76241112I4 210141145416499999999999999 823 552110 5499999999999999
100126147157153138114 89 69 59 62 77102131155169168152124 90 59 38 32 44241113I4 316157152717199999999999999 917 582149 3299999999999999
 69102135160171166147120 93 72 64 70 90118146168176167141105 66 33 15 15241114I4 41117115591769999999999999910 4 642228 1399999999999999
 35 68108145171181173151123 95 77 73 83106134161177177159125 83 42 12 -1241115I4 5 31811631179999999999999991048 7223 8 -199999999999999
  7 33 73116153178184174150122 98 84 84 98122149171180171146107 63 24 -1241116I4 55218417 2180999999999999991129 822348 -899999999999999
 -7  7 38 80123158179181168145120100 92 96113136159175176160129 89 47 14241117I4 63918217341779999999999999912 9 91999999999999999999999
 -5 -5 14 48 89129159174173159138117103100108125146163171166145113 75 39241118I4 72617518 717199999999999999 029 -7124710099999999999999
 12  0  5 27 60 98131155165162148131115106107117132149160162152130100 67241119I4 814165184116399999999999999 111  0132610699999999999999
 37 18 11 20 42 72104131148155150139125114110112121134145151149138118 92241120I4 9 3155191715299999999999999 155 1114 811099999999999999
 65 42 29 26 36 56 82107128141145141132122114112114121129136139136125109241121I4 955145195913999999999999999 241 2615 111299999999999999
 89 68 52 42 42 51 68 89109125136138135128120114111111115119124126124117241122I4105513821 212699999999999999 331 41162311199999999999999
105 91 75 63 56 56 63 76 93110124133136134127120112106104104107111114116241123I412 1136225611699999999999999 431 55182410399999999999999
113107 97 85 74 67 66 71 82 97112125134137135127117106 97 91 90 93100107241124I413 2137999999999999999999999 542 661946 9099999999999999
114116113106 95 84 76 73 77 87101116130138141136125110 95 83 76 75 82 93241125I4 1 0116134814199999999999999 656 732032 7599999999999999
106117123123115104 91 81 77 81 91107123137144144134118 98 79 65 59 63 75241126I4 224124142514599999999999999 8 2 7721 6 5999999999999999
 93111126134133124109 95 84 80 85 98115133145150144128105 81 60 47 46 56241127I4 323135145615099999999999999 855 802137 4599999999999999
 75 99122138145142129112 95 84 83 91107126143153152138115 87 60 40 31 37241128I4 4 8146152415499999999999999 939 8222 7 3199999999999999
 54 81110135151155146130110 93 85 87 99118138153157149128 98 66 39 22 21241129I4 4481551552157999999999999991018 842237 2099999999999999
 34 59 92123148161159146126106 91 87 93110130149159157140112 77 45 21 10241130I4 5251621619160999999999999991054 8623 7 1099999999999999
 17 38 70105137158166159142120101 90 90102121142157161151126 93 57 26  82412 1I4 6 01661647161999999999999991127 892339  499999999999999
  5 19 47 82118147164165154134113 97 91 96112132151161158140110 74 40 142412 2I4 63616717171629999999999999912 1 91999999999999999999999
  1  6 27 59 95129153164161146125107 95 94104122141156160150127 94 59 282412 3I4 714165174816099999999999999 013  11235 9399999999999999
  7  2 12 37 71106136155160153137118103 96 99111129146155154139114 81 482412 4I4 754160182315699999999999999 050  11311 9599999999999999
 22  7  7 22 48 81113138153154145130113101 98103116132145150145128103 722412 5I4 83815519 215099999999999999 130  51353 9899999999999999
 44 22 13 16 33 59 89117138149148139125111102100105116129139142135119 962412 6I4 927150194914299999999999999 213 121445 9999999999999999
 70 46 29 22 28 44 68 95120137146144135122109101 981021111211291321271142412 7I41020146205313299999999999999 3 2 221553 9899999999999999
 95 73 54 40 35 40 55 76100121137144142133120107 96 91 92 991091181231222412 8I41118144222312399999999999999 359 351718 9199999999999999
114100 83 66 54 49 52 65 83104124139145143133118101 87 78 77 83 941061172412 9I41214145999999999999999999999 5 5 491840 7799999999999999
122120111 97 81 69 62 64 73 90110129142148144131112 91 72 60 58 65 80 98241210I4 01312213 614899999999999999 620 621945 5799999999999999
115126130125112 97 83 74 73 82 97116135148152145128103 76 53 39 38 48 68241211I4 153130135315299999999999999 735 732038 3799999999999999
 93117135142139127110 94 84 81 89104124143155156144121 90 58 32 19 20 35241212I4 312143143615799999999999999 843 812126 1799999999999999
 62 94123145155152138120102 90 88 96112133151161158140111 75 40 13  2  7241213I4 415155151816199999999999999 943 872212  199999999999999
 28 61 98132155165160144124105 93 92102120141158164156133 99 59 23 -2-10241214I4 5 91651558164999999999999991035 922256-1099999999999999
  1 28 65106140162169162144123104 95 96109128149163165152124 86 45 11-10241215I4 5571701639166999999999999991122 942339-1499999999999999
-13  2 34 74114147166169158139117101 95100115135154164161143112 73 34  3241216I4 64217017191659999999999999912 4 95999999999999999999999
-12-10 11 45 85123151165163150130110 98 95103120140155162154133100 62 27241217I4 724166175916299999999999999 022-141243 9599999999999999
  2 -8  0 24 59 97130152160154138119103 94 96107124141153155144120 88 54241218I4 8 3160183915699999999999999 1 3 -81321 9499999999999999
 24  6  3 15 41 74108135150152143127109 97 92 97109124139147145131108 79241219I4 840153191914799999999999999 142  214 0 9299999999999999
 50 27 15 18 33 59 89117137146144132117102 93 91 97108122132137132119 98241220I4 91614720 213799999999999999 221 141443 9199999999999999
 73 50 34 29 35 52 76102124138141136123109 97 90 89 95104115123125120109241221I4 952141205212599999999999999 258 291534 8999999999999999
 91 72 56 45 44 53 70 91112128136136129117104 93 86 85 89 97105112114111241222I41030138215911499999999999999 337 441641 8599999999999999
103 90 77 65 59 61 70 84102118130135133125113100 88 81 78 80 86 94102106241223I41112135233710799999999999999 420 5918 1 7899999999999999
107103 95 86 78 74 75 83 95109122131134131122109 95 81 72 67 68 75 84 95241224I41159134999999999999999999999 515 741917 6799999999999999
103108109104 98 91 87 87 92102113124132134130119104 87 71 59 54 56 64 78241225I4 133109125113499999999999999 628 862014 5499999999999999
 93106115119116110102 95 94 97105116127134136129116 97 76 57 44 40 44 57241226I4 3 2119134213699999999999999 751 932059 4099999999999999
 76 97115127131127119108100 96 99108119131138138128110 87 62 41 28 27 36241227I4 4 1131142713999999999999999 9 2 962139 2699999999999999
 55 80106127139142135123109 99 96100111124137143139125101 73 45 24 14 17241228I4 44514215 914399999999999999 957 962217 1399999999999999
 33 58 89118139150149138122106 96 94102115131143147138118 89 57 28  8  3241229I4 5241511549147999999999999991041 942254  299999999999999
 12 34 66101131150157151135117100 92 94105122139150149135109 75 41 12 -4241230I4 6 01571627151999999999999991120 912331 -699999999999999
 -4 12 41 78114142158159147128108 93 88 94110130147155150130 98 61 26  0241231I4 63516017 7155999999999999991155 88999999999999999999999
