 19 19 20 21 22 22 22 20 17 13  9  5  2  1  2  4  7 11 14 16 18 18 17 1724 1 1IK 5 1 222040 189999999999999913 5  1999999999999999999999
 16 16 16 16 17 18 18 17 16 13 10  6  4  2  2  4  6  9 11 14 15 15 15 1424 1 2IK 544 182057 1599999999999999 059 161334  299999999999999
 13 13 12 12 13 13 14 14 13 12 10  8  6  4  4  5  6  8 10 12 14 14 14 1324 1 3IK 641 1421 8 1499999999999999 222 121354  499999999999999
 12 11 10  9  9  9 10 10 11 11 10  9  8  7  7  7  8  9 11 13 14 14 14 1324 1 4IK 832 112112 1499999999999999 355  91359  799999999999999
 12 10  9  8  7  7  7  7  8  9 10 10 10 10 10 10 11 12 13 14 15 16 16 1524 1 5IK2117 16999999999999999999999 519  7999999999999999999999
 13 11  9  7  6  5  4  5  6  7  9 11 12 13 13 14 14 15 16 17 17 18 18 1724 1 6IK2128 18999999999999999999999 614  4999999999999999999999
 16 14 11  9  6  5  3  3  3  5  8 11 13 15 17 17 18 19 19 20 20 20 21 2024 1 7IK2153 21999999999999999999999 658  3999999999999999999999
 19 17 14 11  8  6  3  2  2  3  6  9 13 17 19 21 22 22 22 22 23 23 23 2324 1 8IK2238 23999999999999999999999 739  2999999999999999999999
 23 21 19 15 12  8  4  2  0  1  3  7 11 16 20 23 24 25 25 25 25 25 25 2524 1 9IK2345 26999999999999999999999 821  0999999999999999999999
 26 25 23 20 16 11  7  3  0 -1  0  3  7 13 18 23 25 26 27 26 26 26 26 2624 110IK1733 27999999999999999999999 9 6 -12039 2699999999999999
 27 27 27 25 21 16 11  5  1 -2 -3 -2  2  8 14 20 24 26 27 26 25 25 25 2624 111IK 056 271751 2799999999999999 952 -321 5 2599999999999999
 27 28 29 28 25 21 15  9  3 -2 -4 -5 -2  2  8 15 20 24 25 25 24 23 23 2424 112IK 2 1 291817 25999999999999991040 -52136 2399999999999999
 25 26 28 28 28 25 20 14  7  1 -3 -6 -5 -3  2  9 15 20 22 23 22 20 20 2024 113IK 3 3 281844 23999999999999991128 -62216 2099999999999999
 21 22 24 26 27 26 23 18 12  5 -1 -4 -6 -5 -2  3  9 15 18 20 19 18 16 1524 114IK 4 3 271911 20999999999999991214 -623 8 1599999999999999
 16 17 19 21 23 24 23 21 16  9  3 -1 -4 -5 -3  0  5 10 14 17 17 16 13 1224 115IK 5 5 241938 17999999999999991257 -5999999999999999999999
 11 11 12 14 17 19 20 20 17 13  8  3  0 -1 -1  0  3  8 11 14 16 15 12 1024 116IK 612 2020 4 1699999999999999 011 111335 -299999999999999
  8  7  7  8 10 13 15 16 16 14 11  8  5  3  3  3  5  8 11 13 15 15 13 1024 117IK 728 162028 1599999999999999 122  714 4  399999999999999
  7  5  4  4  4  6  8 10 12 13 12 11  9  8  8  8  9 10 12 14 15 16 15 1224 118IK 9 3 132050 1699999999999999 239  414 7  899999999999999
  9  6  3  2  1  2  3  5  7  9 11 12 12 12 12 13 13 14 15 16 17 17 17 1524 119IK2111 17999999999999999999999 4 7  1999999999999999999999
 13  9  6  3  1  0  0  1  3  5  8 10 12 14 15 16 17 18 19 19 19 19 19 1924 120IK2127 20999999999999999999999 542  0999999999999999999999
 17 14 11  7  4  2  0 -1  0  2  5  8 12 15 17 19 20 21 22 22 22 22 22 2124 121IK1834 22999999999999999999999 7 0 -1999999999999999999999
 20 19 16 12  8  5  2  0  0  0  3  6 10 14 18 20 22 23 24 24 24 23 23 2324 122IK1836 24999999999999999999999 758  0999999999999999999999
 23 22 20 17 14  9  5  2  0  0  1  4  8 13 17 20 23 24 25 25 24 24 24 2424 123IK1826 25999999999999999999999 845  0999999999999999999999
 24 24 24 22 18 14  9  5  2  0  0  2  6 11 15 19 22 24 24 24 24 23 23 2324 124IK1759 24999999999999999999999 925  022 7 2399999999999999
 24 25 25 24 22 18 13  8  3  1  0  1  3  8 13 17 21 23 23 23 22 22 22 2224 125IK 144 251758 239999999999999910 1  02156 2299999999999999
 22 24 25 25 23 21 16 10  5  1 -1 -1  1  4  9 14 18 21 22 21 20 19 19 1924 126IK 236 251810 22999999999999991035 -12211 1999999999999999
 20 21 23 24 23 22 18 13  7  2 -1 -2 -2  1  5 10 15 18 19 19 18 17 16 1624 127IK 322 241827 209999999999999911 7 -22242 1699999999999999
 16 17 19 21 22 21 19 14  9  3 -1 -3 -3 -1  2  7 11 14 17 17 16 14 13 1224 128IK 4 5 221846 17999999999999991138 -32318 1299999999999999
 12 13 15 17 18 19 18 15 10  5  1 -2 -3 -3  0  4  8 11 14 15 14 12 10  924 129IK 446 1919 3 159999999999999912 6 -32359  999999999999999
  9  9 11 12 14 15 15 14 11  7  3 -1 -2 -2  0  3  6 10 12 13 13 11  9  724 130IK 529 161915 13999999999999991229 -2999999999999999999999
  6  6  7  8 10 12 13 12 11  8  5  2  0  0  1  3  6  9 11 12 12 11  8  624 131IK 617 131922 1299999999999999 042  61243  099999999999999
  5  4  4  5  7  8 10 10 10  9  7  5  3  3  4  5  8 10 12 13 13 11  9  724 2 1IK 717 101923 1399999999999999 128  41246  399999999999999
  5  3  3  3  4  5  7  8  9  9  8  7  7  6  7  8 10 12 14 15 15 13 11  924 2 2IK 838  91923 1599999999999999 219  31235  699999999999999
  6  4  3  2  2  3  4  6  7  9 10 10 10 10 11 12 14 15 16 17 17 16 14 1224 2 3IK1925 17999999999999999999999 322  2999999999999999999999
  9  6  4  3  2  2  2  4  6  8 10 11 12 13 14 16 17 18 19 19 19 19 17 1524 2 4IK1926 20999999999999999999999 444  2999999999999999999999
 12  9  7  4  3  2  1  2  3  5  8 11 14 16 17 19 20 21 22 22 22 21 20 1924 2 5IK1913 22999999999999999999999 6 6  1999999999999999999999
 16 14 10  7  5  2  1  0  0  2  5  9 13 16 19 21 22 23 23 23 23 23 22 2124 2 6IK1840 23999999999999999999999 711  0999999999999999999999
 20 18 15 11  8  4  1 -1 -2 -2  1  5 10 14 18 21 23 23 24 23 23 23 23 2324 2 7IK1752 24999999999999999999999 8 8 -2999999999999999999999
 22 21 19 16 12  7  3 -1 -4 -5 -4  0  4 10 15 19 22 23 23 22 22 22 22 2224 2 8IK1721 23999999999999999999999 9 0 -521 4 2299999999999999
 23 23 23 20 17 12  6  1 -4 -6 -7 -5 -1  4 10 16 19 21 21 20 19 18 19 1924 2 9IK 056 231724 2199999999999999 949 -721 6 1899999999999999
 21 22 23 23 21 17 11  4 -2 -6 -9 -9 -6 -1  5 11 16 18 18 17 15 14 14 1524 210IK 217 241738 19999999999999991035 -92138 1499999999999999
 16 19 21 23 23 20 16  9  2 -4 -7 -9 -9 -6  0  6 11 15 16 15 12 10  9  924 211IK 325 231757 16999999999999991118 -92223  999999999999999
 10 12 16 19 21 21 19 14  7  1 -4 -7 -8 -7 -3  3  8 12 14 14 11  7  5  424 212IK 429 221817 14999999999999991158 -82315  499999999999999
  4  6  9 13 17 19 19 17 12  6  1 -3 -4 -5 -2  1  6 10 13 13 11  7  3  124 213IK 533 191839 14999999999999991232 -5999999999999999999999
  0  0  2  6 10 13 16 16 14 10  6  3  1  0  1  3  7 10 13 14 13  9  5  124 214IK 639 161859 1499999999999999 011  01258  099999999999999
 -2 -3 -2  0  3  7 10 12 13 12 10  7  6  5  6  7  9 12 14 15 15 12  8  424 215IK 751 131917 1599999999999999 110 -313 1  599999999999999
  0 -2 -3 -3 -1  1  4  7 10 11 11 10 10 10 11 12 13 15 16 17 17 15 12  824 216IK 928 111927 1799999999999999 214 -312 6 1099999999999999
  4  1 -1 -2 -2 -1  0  3  6  8 10 11 12 13 15 16 17 18 19 19 19 18 16 1324 217IK19 9 19999999999999999999999 331 -3999999999999999999999
 10  6  3  1 -1 -1 -1  0  2  5  8 10 13 15 17 19 20 21 21 21 20 20 19 1724 218IK1752 21999999999999999999999 511 -1999999999999999999999
 14 11  8  5  3  1  0  0  0  2  5  8 12 15 17 20 21 22 22 22 21 21 20 1924 219IK1747 23999999999999999999999 646  0999999999999999999999
 18 16 13 10  7  4  2  0  0  1  3  6 10 13 17 19 21 22 22 22 21 21 20 2024 220IK1749 22999999999999999999999 753  0999999999999999999999
 20 19 17 14 11  8  4  2  0  0  1  4  8 12 15 18 20 21 21 21 20 19 19 1924 221IK1729 21999999999999999999999 841  02215 1999999999999999
 19 20 19 17 14 11  6  3  0 -1 -1  1  5  9 13 16 18 19 19 18 17 17 17 1724 222IK 049 201711 1999999999999999 918 -122 2 1799999999999999
 18 19 19 19 17 13  9  4  0 -2 -2 -1  2  6 10 14 16 17 17 16 14 14 13 1424 223IK 158 191711 1799999999999999 950 -222 1 1399999999999999
 15 17 18 18 17 15 10  5  1 -2 -4 -4 -1  3  7 11 14 15 15 13 12 10 10 1024 224IK 250 181720 15999999999999991019 -42214 1099999999999999
 11 13 15 17 17 15 12  7  2 -2 -4 -5 -3  0  4  8 11 13 13 12  9  7  6  624 225IK 335 171733 13999999999999991046 -52239  699999999999999
  7  9 12 14 15 15 13  9  4 -1 -4 -5 -4 -2  2  6  9 11 12 10  8  5  3  324 226IK 419 151744 12999999999999991111 -523 8  399999999999999
  3  5  8 10 13 13 13 10  6  1 -2 -3 -3 -2  1  5  8 10 11 10  7  4  2  124 227IK 5 2 131753 11999999999999991132 -42340  099999999999999
  0  1  4  7 10 11 12 11  8  4  1 -1 -1  0  2  5  8 11 11 10  8  5  1  024 228IK 547 121759 11999999999999991147 -1999999999999999999999
 -1 -1  1  4  7  9 11 11  9  7  4  3  2  3  5  7 10 12 13 12 10  6  3  024 229IK 636 1118 1 1399999999999999 013 -11153  299999999999999
 -2 -2 -1  1  4  7  9 10 11  9  7  6  6  6  8 10 12 14 15 14 12  9  5  224 3 1IK 732 1118 2 1599999999999999 047 -21148  699999999999999
 -1 -2 -1  0  2  5  7  9 11 11 10 10 10 10 12 13 15 16 17 16 15 12  8  424 3 2IK 844 1118 4 1799999999999999 127 -21135 1099999999999999
  2  0 -1 -1  1  2  5  7 10 11 12 12 13 14 15 16 18 19 19 19 17 15 12  824 3 3IK18 3 19999999999999999999999 216 -1999999999999999999999
  5  2  1  0  0  1  2  4  7 10 12 13 15 16 17 19 20 21 21 21 19 18 15 1224 3 4IK1753 21999999999999999999999 327  0999999999999999999999
  9  6  3  1  0  0  0  1  3  6  9 12 15 17 19 20 21 22 22 22 21 19 18 1524 3 5IK1741 22999999999999999999999 512  0999999999999999999999
 13 10  7  4  2  0 -1 -2 -1  2  5  9 13 16 18 20 21 21 21 21 20 20 19 1824 3 6IK1731 21999999999999999999999 645 -2999999999999999999999
 16 14 11  8  4  1 -2 -4 -4 -3  0  4  8 13 16 18 19 20 19 19 18 18 18 1824 3 7IK1648 20999999999999999999999 753 -4999999999999999999999
 18 17 15 12  8  4 -1 -4 -6 -7 -5 -2  3  8 13 16 17 17 16 15 15 14 15 1624 3 8IK1625 17999999999999999999999 848 -72055 1499999999999999
 17 18 18 16 13  8  3 -2 -6 -8 -9 -6 -2  3  9 13 15 15 13 11 10  9  9 1124 3 9IK 122 181628 1599999999999999 936 -921 2  999999999999999
 13 16 18 18 17 13  7  1 -4 -7 -9 -9 -6 -1  5 10 12 13 11  8  5  4  3  524 310IK 240 181641 13999999999999991019 -92136  399999999999999
  7 11 15 18 18 17 13  7  1 -4 -7 -8 -6 -3  3  7 11 12 11  7  3  0 -2 -224 311IK 348 181658 12999999999999991058 -82220 -299999999999999
  0  4  9 14 17 18 16 12  6  1 -2 -4 -4 -2  2  7 11 13 12  9  3 -1 -5 -624 312IK 452 181717 13999999999999991132 -423 8 -699999999999999
 -5 -2  2  8 12 16 17 15 11  7  3  2  1  2  4  8 11 14 14 12  7  1 -4 -724 313IK 554 171737 14999999999999991159  1999999999999999999999
 -8 -7 -4  1  6 11 14 15 14 11  9  7  6  7  8 11 13 15 16 15 11  6  0 -424 314IK 657 151755 1699999999999999 0 0 -81211  699999999999999
 -7 -8 -6 -3  1  6 10 13 14 13 12 11 11 12 13 14 16 17 18 18 15 11  6  124 315IK 810 1418 6 1899999999999999 053 -81136 1199999999999999
 -3 -5 -6 -5 -2  1  5  9 11 13 13 14 15 16 17 18 19 20 20 20 18 15 11  724 316IK1758 20999999999999999999999 150 -6999999999999999999999
  3  0 -2 -3 -2  0  2  5  8 10 12 14 16 17 19 20 21 21 21 21 20 18 15 1224 317IK17 6 21999999999999999999999 256 -3999999999999999999999
  8  5  2  1  0  0  1  2  5  7 10 13 15 18 19 21 22 22 22 21 20 19 17 1524 318IK1648 22999999999999999999999 427  0999999999999999999999
 13 10  7  5  3  2  1  1  3  5  7 10 13 16 19 20 21 21 21 20 19 18 17 1624 319IK1649 21999999999999999999999 613  1999999999999999999999
 15 13 11  9  6  4  2  1  1  2  5  8 11 14 17 18 19 19 19 18 17 16 16 1624 320IK1638 19999999999999999999999 727  1999999999999999999999
 16 15 14 11  9  6  3  1  0  1  2  5  8 12 14 16 17 17 16 15 14 13 13 1424 321IK1615 17999999999999999999999 816  02141 1399999999999999
 14 15 15 13 11  7  4  1 -1 -1  0  2  5  9 12 14 15 14 13 12 10 10 10 1024 322IK 1 8 1516 6 1599999999999999 853 -12133 1099999999999999
 12 13 14 14 12  9  5  2 -1 -2 -2  0  3  6  9 12 13 12 11  8  7  6  6  724 323IK 210 1416 9 1399999999999999 923 -22139  699999999999999
  9 11 13 14 13 10  7  3 -1 -2 -3 -2  1  4  8 10 11 11  9  6  4  2  2  324 324IK 3 1 141616 1199999999999999 949 -32156  299999999999999
  5  8 10 12 13 12  9  5  1 -1 -2 -2  0  3  6  9 11 10  8  5  2  0 -1 -124 325IK 347 131624 11999999999999991013 -32219 -199999999999999
  1  4  8 11 12 12 11  7  4  1 -1 -1  1  3  6  9 11 11  9  6  2 -1 -3 -324 326IK 431 131630 11999999999999991034 -12245 -399999999999999
 -2  1  5  9 11 13 12 10  7  4  2  2  3  5  8 10 12 12 10  7  3 -1 -3 -424 327IK 515 131636 12999999999999991052  22314 -499999999999999
 -4 -2  2  6 10 13 14 13 10  8  6  5  6  7 10 12 14 14 13 10  6  1 -2 -424 328IK 6 0 141641 149999999999999911 3  52344 -499999999999999
 -4 -3  0  4  8 12 14 14 13 11 10  9  9 11 12 15 16 17 15 13  9  4  0 -324 329IK 647 141648 179999999999999911 5  9999999999999999999999
 -4 -3 -2  2  6 10 13 15 15 14 13 13 13 14 15 17 18 19 18 16 12  8  3  024 330IK 742 151654 1999999999999999 017 -411 2 1399999999999999
 -2 -3 -2  0  3  7 11 14 16 16 16 16 16 17 18 19 20 21 20 18 15 11  7  324 331IK1657 21999999999999999999999 056 -3999999999999999999999
  0 -1 -1 -1  1  4  8 11 14 16 17 17 18 19 20 21 22 22 22 20 18 14 11  724 4 1IK1652 22999999999999999999999 144 -2999999999999999999999
  3  1  0 -1  0  1  4  7 10 13 15 17 18 19 21 22 22 22 22 21 19 17 14 1024 4 2IK1642 22999999999999999999999 252 -1999999999999999999999
  7  4  2  0  0  0  0  2  5  8 11 14 17 18 20 21 21 21 21 20 19 17 15 1324 4 3IK1637 21999999999999999999999 432 -1999999999999999999999
 11  8  5  2  0 -1 -2 -2  0  3  6 10 13 16 18 18 19 18 18 17 17 16 15 1524 4 4IK16 2 19999999999999999999999 615 -2999999999999999999999
 13 11  9  6  3  0 -2 -3 -3 -2  1  5  9 13 15 16 15 15 14 13 13 12 13 1424 4 5IK1511 16999999999999999999999 729 -42034 1299999999999999
 14 14 13 10  7  3 -1 -3 -5 -4 -3  1  6 10 12 13 13 11  9  8  7  7  8 1024 4 6IK 016 1415 7 1399999999999999 825 -52023  799999999999999
 13 15 15 14 11  7  3 -1 -3 -4 -4 -1  3  7 11 12 12  9  6  3  2  1  2  524 4 7IK 151 151517 1299999999999999 912 -42048  199999999999999
  9 12 15 17 16 13  8  4  0 -2 -2 -1  2  6 10 12 12 10  6  1 -2 -4 -4 -224 4 8IK 3 4 171533 1399999999999999 953 -22126 -499999999999999
  2  8 13 16 18 17 14  9  6  3  1  1  3  7 11 13 14 13  8  3 -3 -6 -7 -724 4 9IK 4 9 181552 14999999999999991029  122 9 -799999999999999
 -4  1  7 13 17 19 18 15 11  8  7  6  7  9 12 15 17 16 13  7  1 -5 -8 -924 410IK 511 191613 17999999999999991059  62256 -999999999999999
 -8 -4  2  8 13 17 19 18 16 14 12 11 12 13 15 17 19 19 17 13  6  0 -5 -824 411IK 611 191634 19999999999999991117 112345 -899999999999999
 -8 -7 -3  3  9 14 17 19 19 17 16 16 16 17 18 20 21 22 21 18 12  6  0 -424 412IK 715 191651 229999999999999911 3 16999999999999999999999
 -6 -6 -4  0  4 10 14 17 19 19 19 19 20 20 21 22 23 24 23 21 17 12  7  224 413IK1658 24999999999999999999999 034 -6999999999999999999999
 -1 -3 -3 -1  2  6 10 14 17 18 19 20 21 22 23 24 24 24 24 22 20 17 12  824 414IK1634 24999999999999999999999 126 -3999999999999999999999
  4  2  0  0  2  4  7 10 13 16 18 19 21 22 23 24 24 24 23 22 21 18 16 1224 415IK1556 24999999999999999999999 224  0999999999999999999999
  9  6  4  3  3  4  5  7 10 13 15 17 19 21 22 23 23 22 22 21 20 18 17 1524 416IK1548 23999999999999999999999 336  3999999999999999999999
 12 10  7  5  4  4  4  5  7  9 12 15 17 19 20 20 20 20 19 18 17 16 16 1524 417IK1533 20999999999999999999999 5 6  4999999999999999999999
 14 12 10  8  6  5  4  4  5  6  9 11 14 16 17 18 17 17 16 14 14 13 13 1324 418IK15 2 18999999999999999999999 627  4999999999999999999999
 13 13 12 10  7  5  4  3  3  4  6  9 11 14 15 15 15 13 12 11 10  9 10 1124 419IK1448 15999999999999999999999 724  32055  999999999999999
 12 13 12 11  9  7  4  3  2  3  4  7  9 12 13 13 13 11  9  7  6  5  6  824 420IK 112 131446 1399999999999999 8 5  22055  599999999999999
 10 12 12 12 11  8  6  4  3  3  4  6  8 10 12 12 12  9  7  4  3  2  2  424 421IK 216 121448 1299999999999999 837  321 8  299999999999999
  7 10 12 13 12 11  8  6  4  4  4  6  8 10 12 13 12  9  6  3  1 -1 -1  124 422IK 3 9 131452 1399999999999999 9 4  42127 -199999999999999
  4  8 11 13 14 13 11  9  7  6  6  7  9 11 13 14 13 11  7  3  0 -2 -2 -124 423IK 357 141459 1499999999999999 928  62152 -299999999999999
  2  6 10 13 15 16 15 12 10  9  9  9 11 13 15 16 16 13 10  5  1 -2 -3 -324 424IK 441 1615 7 1699999999999999 948  92219 -399999999999999
 -1  4  8 13 16 18 18 16 14 13 12 13 14 16 18 19 19 17 13  8  4  0 -3 -324 425IK 524 181519 199999999999999910 6 122249 -399999999999999
 -2  2  6 11 16 19 20 20 18 17 16 16 17 18 20 21 21 20 17 12  7  2 -1 -224 426IK 6 8 201534 22999999999999991019 162323 -299999999999999
 -2  0  4  9 14 18 21 22 21 20 19 19 20 21 22 23 24 23 20 16 11  6  2 -124 427IK 657 221549 24999999999999991027 19999999999999999999999
 -1 -1  2  6 11 16 20 22 23 22 22 22 22 23 24 25 25 25 23 20 15 10  5  224 428IK 755 2316 2 2599999999999999 0 0 -11029 2299999999999999
  0  0  1  4  8 12 16 20 22 23 23 23 23 24 25 25 26 26 24 22 18 14  9  524 429IK16 9 26999999999999999999999 044  0999999999999999999999
  2  1  1  2  4  8 12 16 19 21 22 23 23 24 24 25 25 25 24 22 20 16 12  824 430IK16 4 25999999999999999999999 137  0999999999999999999999
  5  3  1  1  2  4  7 10 14 17 19 21 22 22 23 23 23 23 22 21 20 18 15 1224 5 1IK1551 23999999999999999999999 242  1999999999999999999999
  8  6  3  2  1  2  3  6  9 12 15 18 19 20 20 20 20 20 19 19 18 17 16 1424 5 2IK1444 20999999999999999999999 4 6  1999999999999999999999
 12  9  6  4  3  2  1  2  5  8 11 14 16 17 17 17 16 15 15 14 14 14 15 1524 5 3IK1327 172241 1599999999999999 537  11939 1499999999999999
 14 13 11  8  5  4  2  2  3  5  8 11 14 15 15 14 13 11 10  9  9 10 11 1324 5 4IK1330 16999999999999999999999 652  21929  999999999999999
 15 15 15 12 10  7  5  4  3  4  6 10 13 15 15 14 11  8  6  4  3  4  6 1024 5 5IK 052 151342 1599999999999999 751  31955  399999999999999
 13 16 17 17 15 12 10  8  6  6  7 10 13 15 16 15 12  8  4  1 -1 -1  1  424 5 6IK 217 1714 0 1699999999999999 839  62031 -199999999999999
  9 14 18 19 19 18 15 13 11 10 10 12 14 17 19 18 16 11  6  1 -3 -4 -3 -124 5 7IK 328 201422 1999999999999999 920 102113 -499999999999999
  4 10 15 20 22 22 20 18 16 15 15 15 17 20 21 22 20 17 11  4 -1 -4 -5 -424 5 8IK 433 221447 2299999999999999 953 152158 -599999999999999
  0  5 12 17 22 24 24 23 21 20 19 20 21 22 24 25 25 22 17 11  4 -1 -4 -524 5 9IK 533 241513 25999999999999991014 192244 -599999999999999
 -3  2  7 14 19 23 26 26 25 24 23 23 24 25 26 28 28 26 23 17 11  4  0 -224 510IK 633 261538 28999999999999991014 232331 -399999999999999
 -2  0  4 10 16 21 24 26 26 26 26 26 26 27 28 29 30 29 27 23 17 11  5  224 511IK 739 2616 0 3099999999999999 958 26999999999999999999999
  0  0  3  7 12 17 21 25 26 26 27 27 28 28 29 29 30 29 28 26 21 16 11  724 512IK1613 30999999999999999999999 018  0999999999999999999999
  4  3  3  6  9 13 18 21 24 25 26 27 27 28 28 29 29 28 28 26 23 20 15 1124 513IK1556 29999999999999999999999 1 7  3999999999999999999999
  8  6  5  6  8 11 14 17 20 22 24 25 25 26 26 27 26 26 26 25 23 21 18 1424 514IK15 7 27999999999999999999999 157  5999999999999999999999
 11  8  7  6  7  9 11 14 17 19 21 22 23 24 24 24 23 23 22 22 21 20 18 1624 515IK1418 24999999999999999999999 251  6999999999999999999999
 13 11  9  8  7  8  9 11 13 16 18 19 20 21 21 20 20 19 18 18 17 17 16 1624 516IK1320 21999999999999999999999 349  7999999999999999999999
 14 13 11  9  8  8  8  9 11 13 15 17 18 19 18 18 17 15 14 14 13 13 14 1424 517IK13 7 192329 1499999999999999 452  820 7 1399999999999999
 14 14 12 11 10  9  9  9 10 12 13 15 17 17 17 16 14 12 11 10  9 10 11 1224 518IK13 5 17999999999999999999999 552  920 0  999999999999999
 14 14 14 13 12 11 10 10 10 11 13 15 16 17 16 15 13 11  9  7  6  7  8 1024 519IK 1 8 1413 6 1799999999999999 643 102012  699999999999999
 13 14 15 15 14 13 12 12 12 13 14 16 17 18 17 16 13 10  8  5  4  4  5  824 520IK 222 151310 1899999999999999 723 122031  499999999999999
 11 14 17 18 18 17 16 15 15 15 16 17 19 20 19 18 15 12  8  5  3  2  3  624 521IK 323 181318 2099999999999999 757 152056  299999999999999
 10 14 17 20 21 20 19 18 18 18 19 20 21 22 22 21 18 15 11  7  4  2  2  424 522IK 412 211333 2399999999999999 826 182125  299999999999999
  8 13 18 21 23 24 23 22 21 21 22 23 24 25 26 25 22 19 14  9  5  3  2  324 523IK 455 241353 2699999999999999 854 212157  299999999999999
  6 11 16 21 25 27 27 26 25 24 24 25 26 28 29 28 26 23 18 13  8  5  3  224 524IK 536 271418 2999999999999999 918 242233  299999999999999
  4  9 14 20 24 28 29 29 28 27 27 27 28 29 30 31 30 27 23 18 12  7  4  324 525IK 619 291446 3199999999999999 940 272313  399999999999999
  3  6 11 16 22 26 29 30 30 29 29 29 29 30 31 32 32 30 26 22 16 11  6  424 526IK 7 7 301515 3299999999999999 959 292358  399999999999999
  3  4  7 12 17 23 27 29 30 29 29 29 30 30 31 32 32 31 29 25 20 14 10  624 527IK 8 3 301544 32999999999999991018 29999999999999999999999
  4  3  5  8 12 17 22 26 28 28 28 28 28 29 29 30 30 30 29 26 23 18 13  924 528IK1617 30999999999999999999999 047  3999999999999999999999
  6  4  4  5  8 12 17 21 24 26 26 26 26 26 27 27 27 27 27 26 24 20 16 1224 529IK1656 27999999999999999999999 140  4999999999999999999999
  9  6  5  5  6  8 12 16 19 22 23 24 23 23 23 23 23 23 23 23 23 21 19 1624 530IK1059 241810 2399999999999999 237  51420 2399999999999999
 12 10  7  6  6  7  9 12 15 18 20 21 21 20 20 19 19 18 18 19 19 20 19 1824 531IK1120 222057 2099999999999999 339  617 6 1899999999999999
 16 14 11 10  9  8  9 11 13 16 18 20 20 19 17 16 14 14 13 14 15 16 17 1824 6 1IK1140 202332 1999999999999999 447  818 2 1399999999999999
 18 17 16 14 13 12 12 12 13 15 18 20 21 20 18 15 12 10  9  9  9 11 14 1724 6 2IK12 0 21999999999999999999999 558 121849  999999999999999
 19 20 20 19 18 17 16 16 16 17 19 21 22 22 20 17 13  9  7  5  5  7  9 1324 6 3IK 122 201223 2299999999999999 7 2 161934  599999999999999
 17 21 23 23 23 22 21 20 20 20 22 23 25 25 24 21 17 12  7  4  3  3  5  924 6 4IK 256 231249 2599999999999999 755 202019  399999999999999
 14 19 23 26 27 26 26 25 24 24 25 26 28 29 28 26 22 17 11  6  3  2  3  624 6 5IK 413 271319 2999999999999999 835 2421 5  299999999999999
 11 16 22 26 29 30 30 29 28 28 28 29 30 32 32 31 28 23 17 11  6  3  3  424 6 6IK 514 301352 3299999999999999 856 282150  399999999999999
  8 13 19 25 29 31 32 32 31 31 31 32 32 34 34 34 33 29 24 17 11  7  4  424 6 7IK 6 6 321429 3599999999999999 9 3 312236  499999999999999
  6 10 16 22 27 31 33 33 33 33 33 33 34 34 35 36 35 33 29 24 17 11  8  624 6 8IK 653 3315 6 3699999999999999 918 332321  699999999999999
  6  8 13 18 24 28 31 33 33 33 33 33 34 34 35 36 36 35 32 28 22 16 11  824 6 9IK1543 369999999999999999999999999999999999999999999999999
  7  8 11 15 20 25 28 31 32 32 32 32 32 33 33 34 34 34 33 30 26 20 15 1124 610IK1616 35999999999999999999999 0 6  7999999999999999999999
  9  8  9 12 16 21 25 28 29 30 30 30 30 30 31 31 32 32 31 30 27 23 18 1424 611IK1647 32999999999999999999999 050  8999999999999999999999
 11  9  9 11 14 17 21 24 26 27 28 28 28 27 28 28 28 28 28 27 26 23 20 1624 612IK1712 28999999999999999999999 132  9999999999999999999999
 13 11 10 10 12 15 17 20 23 24 25 25 25 25 24 24 24 24 24 24 23 22 20 1824 613IK1041 25999999999999999999999 211 10999999999999999999999
 15 13 12 11 12 14 16 18 20 22 23 23 23 22 21 21 20 20 20 20 20 20 19 1824 614IK1056 23999999999999999999999 247 11999999999999999999999
 17 15 14 13 13 14 16 17 19 21 22 22 22 21 20 18 17 16 16 16 16 17 18 1824 615IK11 3 2223 8 1899999999999999 318 131833 1699999999999999
 18 17 16 16 16 16 17 18 19 21 22 22 22 21 19 17 16 14 13 13 13 14 16 1824 616IK11 7 22999999999999999999999 342 161857 1399999999999999
 19 19 19 19 19 19 19 20 21 22 23 24 23 22 20 18 16 13 12 11 11 12 14 1724 617IK1112 249999999999999999999991924 11999999999999999999999
 19 21 22 22 22 22 22 23 24 25 25 26 26 25 23 20 17 14 12 10 10 10 13 1624 618IK1124 269999999999999999999991954 10999999999999999999999
 19 22 24 25 26 26 26 26 27 27 28 29 29 28 27 24 20 17 13 11  9  9 11 1424 619IK1147 299999999999999999999992027  9999999999999999999999
 18 23 26 28 29 30 29 29 30 30 31 32 32 32 31 28 24 20 16 12 10  9 10 1224 620IK1220 3299999999999999999999921 4  9999999999999999999999
 17 22 26 30 32 33 33 32 32 32 33 34 35 35 34 32 29 25 20 15 11  9  8 1024 621IK1259 359999999999999999999992144  8999999999999999999999
 14 19 24 29 33 34 35 34 34 34 34 35 36 37 37 36 33 29 24 19 14 10  8  824 622IK 552 351342 3799999999999999 837 342227  899999999999999
 10 15 21 26 31 34 36 35 35 34 35 35 36 37 38 38 36 33 29 23 17 12  9  724 623IK 625 361429 3899999999999999 911 342313  799999999999999
  8 11 16 21 27 31 34 35 35 34 34 34 35 36 37 38 37 36 32 27 21 15 10  824 624IK 7 2 351518 3899999999999999 945 34999999999999999999999
  7  8 11 16 22 27 31 33 33 32 32 32 32 33 34 36 36 36 34 30 25 19 13  924 625IK 740 331611 3699999999999999 0 1  71027 3299999999999999
  7  7  8 11 16 22 26 29 31 30 29 29 29 29 30 31 33 33 33 31 27 23 17 1324 626IK 817 311710 3399999999999999 049  61125 2999999999999999
  9  8  8  9 13 17 21 25 27 28 27 26 25 25 26 26 28 29 30 30 28 25 21 1724 627IK 850 281820 3099999999999999 137  71248 2599999999999999
 13 11 10 10 12 15 18 22 25 26 26 24 23 22 21 21 22 23 25 26 26 25 23 2124 628IK 920 261953 2699999999999999 222 101421 2199999999999999
 18 15 14 13 14 15 18 20 23 25 25 24 22 20 18 17 17 18 19 20 22 23 24 2324 629IK 947 252152 2499999999999999 3 3 131551 1799999999999999
 22 20 18 18 18 18 19 21 23 25 26 26 24 21 18 16 14 14 14 15 17 20 22 2324 630IK1013 26999999999999999999999 338 181715 1499999999999999
 24 24 23 23 23 23 23 24 25 27 28 28 27 24 21 17 14 12 11 11 13 15 19 2224 7 1IK 0 8 241040 2899999999999999 347 231826 1199999999999999
 24 26 27 27 27 28 28 28 29 29 30 31 31 29 25 21 17 14 11 10 10 12 15 1924 7 2IK1110 319999999999999999999991925 10999999999999999999999
 23 27 29 30 31 32 32 32 32 33 33 34 34 33 31 27 23 18 14 11 10 10 12 1624 7 3IK1148 349999999999999999999992017 10999999999999999999999
 21 25 29 32 34 35 35 35 35 35 36 36 37 37 36 33 29 24 19 14 11 10 11 1424 7 4IK1234 3799999999999999999999921 5 10999999999999999999999
 18 23 28 32 35 36 37 37 37 37 37 38 38 39 39 38 34 30 24 19 14 12 11 1224 7 5IK1325 399999999999999999999992150 11999999999999999999999
 16 20 26 31 34 37 37 37 37 37 37 38 39 40 40 40 38 35 30 24 18 14 12 1224 7 6IK1417 409999999999999999999992233 11999999999999999999999
 14 17 22 28 32 35 37 37 37 36 36 37 37 39 40 40 40 38 34 28 22 17 13 1224 7 7IK 638 3715 5 4099999999999999 9 9 362314 1299999999999999
 12 15 19 24 29 33 35 36 35 35 34 35 35 36 37 39 39 38 35 31 25 19 15 1224 7 8IK 7 2 361550 3999999999999999 954 342353 1299999999999999
 12 13 16 20 25 29 32 34 34 33 32 32 32 33 34 35 36 36 35 32 27 22 17 1424 7 9IK 729 341633 36999999999999991043 32999999999999999999999
 12 12 14 17 21 25 28 31 31 31 30 29 29 29 30 31 32 33 33 31 28 24 19 1524 710IK 757 311715 3399999999999999 029 121142 2999999999999999
 13 12 13 15 18 22 25 28 29 29 28 27 26 26 26 27 28 29 29 29 27 25 21 1824 711IK 822 2918 2 2999999999999999 1 2 121254 2699999999999999
 15 14 14 15 17 20 23 25 27 27 26 25 24 23 23 23 24 25 25 26 25 24 22 2024 712IK 842 2719 4 2699999999999999 129 1314 7 2399999999999999
 17 16 16 16 18 20 23 24 26 26 25 24 23 22 21 20 21 21 22 23 23 23 23 2124 713IK 853 262037 2399999999999999 149 161522 2099999999999999
 20 19 19 19 20 22 24 25 26 27 26 25 23 22 20 19 19 18 19 20 21 22 23 2324 714IK 857 272245 2399999999999999 156 191639 1899999999999999
 22 22 22 22 23 25 26 27 28 28 28 27 25 23 21 19 18 17 17 18 19 20 22 2424 715IK 859 28999999999999999999999 137 221744 1799999999999999
 25 25 26 26 27 28 29 30 31 31 31 30 28 26 23 21 19 17 16 16 17 19 21 2424 716IK 9 9 319999999999999999999991836 16999999999999999999999
 26 28 29 30 30 31 32 33 33 34 34 33 32 30 27 24 21 18 16 15 16 17 20 2324 717IK 934 349999999999999999999991922 15999999999999999999999
 27 29 31 33 34 34 35 35 36 36 36 36 35 34 31 28 24 21 18 16 15 15 17 2124 718IK1016 3699999999999999999999920 6 15999999999999999999999
 25 29 32 35 36 37 37 37 37 38 38 38 38 37 35 32 28 24 20 16 14 13 15 1824 719IK1119 399999999999999999999992052 13999999999999999999999
 22 27 32 35 37 38 38 38 38 38 39 39 40 40 39 36 33 28 23 18 14 12 12 1424 720IK1231 409999999999999999999992138 12999999999999999999999
 18 23 28 33 36 38 38 38 37 38 38 39 40 41 41 40 37 32 27 21 16 12 10 1024 721IK 548 381337 4199999999999999 815 372225 1099999999999999
 13 18 23 29 33 36 37 37 36 36 36 37 38 39 41 41 39 36 31 25 19 13 10  924 722IK 6 6 371440 4199999999999999 856 362312  999999999999999
  9 12 18 24 29 33 35 35 34 33 32 33 34 36 38 40 40 38 35 29 23 16 12  924 723IK 629 351540 4099999999999999 940 322357  899999999999999
  8  9 13 18 24 29 32 32 31 30 29 29 29 31 33 35 37 38 36 32 27 21 15 1124 724IK 653 321642 38999999999999991032 28999999999999999999999
  9  9 11 15 20 25 28 30 30 28 26 25 24 25 27 30 32 34 35 33 30 25 20 1624 725IK 718 301748 3599999999999999 039  91134 2499999999999999
 13 12 12 14 18 22 26 28 29 27 25 22 21 21 21 23 26 29 31 32 31 28 24 2024 726IK 743 2919 2 3299999999999999 119 111246 2199999999999999
 18 16 16 17 19 22 25 28 29 28 26 22 20 18 18 18 20 22 25 27 29 28 27 2524 727IK 8 7 292027 2999999999999999 152 1614 0 1899999999999999
 23 21 21 21 22 24 26 28 30 30 28 25 22 19 17 16 16 17 19 22 24 26 27 2724 728IK 830 302222 2799999999999999 210 211519 1699999999999999
 27 26 26 26 27 28 29 31 32 32 31 29 26 22 19 17 15 15 16 18 20 23 25 2724 729IK 853 32999999999999999999999 137 261649 1599999999999999
 29 29 30 31 32 32 33 33 34 35 34 33 31 27 24 20 18 16 15 15 17 19 23 2624 730IK 918 359999999999999999999991816 15999999999999999999999
 29 31 33 34 35 36 36 36 37 37 37 37 35 33 29 26 22 19 16 15 15 17 20 2324 731IK 955 379999999999999999999991927 15999999999999999999999
 27 31 33 36 37 38 38 39 38 39 39 39 39 37 35 31 27 23 20 17 16 16 18 2124 8 1IK 9 3 399999999999999999999992023 15999999999999999999999
 25 29 33 36 38 39 39 39 39 39 39 40 40 40 39 36 33 28 23 19 17 16 16 1924 8 2IK1226 409999999999999999999992111 16999999999999999999999
 22 27 31 35 37 38 38 38 38 38 38 39 40 41 41 40 37 32 27 22 18 16 15 1624 8 3IK1332 419999999999999999999992151 15999999999999999999999
 20 24 28 32 35 37 37 37 36 36 36 37 38 40 41 41 39 36 31 25 20 16 15 1524 8 4IK 543 371427 4199999999999999 842 362228 1499999999999999
 17 20 25 29 33 35 36 35 34 33 34 34 35 37 39 40 39 37 33 28 22 17 14 1324 8 5IK 553 361515 4099999999999999 919 3323 1 1399999999999999
 14 17 21 26 30 33 34 33 32 31 30 31 32 33 35 37 38 37 34 30 24 19 15 1324 8 6IK 610 341559 389999999999999910 0 302332 1399999999999999
 13 15 18 23 27 30 31 31 30 28 27 27 28 29 31 33 35 35 34 30 26 21 16 1424 8 7IK 630 321643 35999999999999991043 27999999999999999999999
 13 14 16 20 24 27 29 29 28 27 25 24 24 25 27 29 31 32 32 30 27 23 19 1624 8 8IK 649 301728 3299999999999999 0 0 131128 2499999999999999
 14 15 16 19 22 25 27 28 27 26 24 22 22 22 23 25 27 28 29 29 27 24 21 1924 8 9IK 7 3 281817 2999999999999999 024 141217 2299999999999999
 17 17 18 20 23 25 27 28 27 26 24 22 21 20 20 22 23 25 27 27 27 26 23 2224 810IK 710 281916 2799999999999999 041 1713 7 2099999999999999
 20 20 21 22 24 27 28 29 28 27 25 22 21 20 19 20 21 22 24 25 26 26 26 2424 811IK 711 292031 2699999999999999 047 2014 2 1999999999999999
 24 24 24 25 27 29 30 31 30 29 27 25 22 21 20 19 19 20 22 23 25 26 27 2724 812IK 711 31999999999999999999999 034 2415 6 1999999999999999
 27 27 28 29 30 32 33 33 33 32 30 28 25 23 21 20 19 19 20 22 23 25 27 2924 813IK 715 339999999999999999999991626 19999999999999999999999
 29 30 31 32 33 34 35 36 36 35 33 31 29 26 24 22 20 19 19 20 21 24 26 2924 814IK 725 369999999999999999999991748 19999999999999999999999
 31 32 34 35 36 37 37 38 38 37 36 35 33 30 27 24 22 20 18 18 19 21 24 2724 815IK 740 389999999999999999999991855 18999999999999999999999
 30 33 35 36 37 38 38 39 39 39 38 37 36 34 31 28 24 21 19 17 16 17 20 2324 816IK 810 399999999999999999999991952 16999999999999999999999
 28 31 34 37 38 38 38 38 39 39 39 39 38 37 35 32 28 24 20 16 14 14 15 1924 817IK1038 399999999999999999999992043 14999999999999999999999
 23 28 32 35 37 37 37 37 37 37 38 38 39 39 38 36 32 27 22 17 13 11 11 1324 818IK1236 399999999999999999999992131 11999999999999999999999
 18 23 28 32 35 36 35 34 34 34 35 36 37 39 40 38 36 31 25 19 14 11  9 1024 819IK 5 7 361352 4099999999999999 813 342217  999999999999999
 13 17 23 28 32 33 33 31 30 30 30 31 33 36 38 39 38 35 30 23 17 12  9  824 820IK 518 331458 3999999999999999 853 302259  899999999999999
  9 13 18 24 28 31 31 29 27 25 25 26 28 31 34 37 38 37 34 28 22 16 12 1024 821IK 535 3116 2 3899999999999999 939 252339  999999999999999
  9 11 15 21 25 28 30 28 25 22 21 20 22 24 28 32 35 36 36 32 27 21 16 1324 822IK 555 3017 6 37999999999999991032 20999999999999999999999
 12 13 15 19 24 27 29 28 25 22 18 17 17 18 21 25 29 33 34 33 30 26 22 1924 823IK 616 291812 3499999999999999 016 121131 1799999999999999
 17 17 18 21 24 27 29 30 28 24 19 16 15 14 16 19 23 27 30 32 31 29 26 2424 824IK 637 301923 3299999999999999 047 171234 1499999999999999
 23 22 23 24 26 29 31 32 30 27 23 19 16 14 14 15 18 21 25 28 30 30 29 2824 825IK 658 322048 3099999999999999 1 5 221340 1499999999999999
 27 27 28 29 30 32 33 34 33 31 28 24 20 17 15 15 15 17 20 23 26 28 29 3024 826IK 716 34999999999999999999999 032 271456 1599999999999999
 31 31 32 33 34 35 35 36 36 35 33 29 26 22 19 17 16 16 17 19 22 25 27 3024 827IK 728 369999999999999999999991631 16999999999999999999999
 31 33 35 36 37 37 38 38 37 37 36 34 31 28 25 22 19 18 17 17 19 21 24 2824 828IK 611 389999999999999999999991813 17999999999999999999999
 31 33 35 37 38 39 39 38 38 38 38 37 35 33 30 27 24 21 19 18 18 19 21 2524 829IK 533 399999999999999999999991930 17999999999999999999999
 28 32 34 36 38 38 38 38 38 37 37 38 37 36 34 32 28 24 21 18 17 17 19 2224 830IK 536 389999999999999999999992025 17999999999999999999999
 26 29 33 35 36 37 37 36 36 36 36 37 37 38 37 35 31 27 23 20 17 16 17 1924 831IK 512 371246 3899999999999999 9 1 3621 7 1699999999999999
 23 27 30 33 34 35 34 34 33 33 33 34 36 37 37 36 34 30 25 21 17 15 15 1724 9 1IK 447 351348 3799999999999999 856 332140 1599999999999999
 20 24 27 30 32 33 32 31 30 29 30 31 32 35 36 36 35 32 27 22 18 15 14 1424 9 2IK 446 331438 3699999999999999 9 3 2922 9 1499999999999999
 17 20 24 28 30 31 30 28 27 26 26 27 28 31 33 35 34 32 28 23 19 15 13 1324 9 3IK 456 311523 3599999999999999 926 262235 1399999999999999
 15 18 22 25 28 29 28 26 24 23 22 23 24 27 30 32 33 32 30 25 20 16 14 1324 9 4IK 510 2916 6 3399999999999999 957 2223 0 1399999999999999
 14 16 20 23 26 27 27 25 23 21 19 19 21 23 26 29 31 31 30 27 23 19 16 1524 9 5IK 523 281650 31999999999999991031 192322 1599999999999999
 15 17 19 23 25 27 27 25 23 20 18 17 18 19 22 25 28 30 30 28 25 21 19 1724 9 6IK 534 271736 309999999999999911 7 172338 1799999999999999
 17 18 21 23 26 27 27 26 23 20 18 16 16 17 19 22 25 28 29 29 27 24 22 2124 9 7IK 539 271825 29999999999999991144 162346 2099999999999999
 20 21 23 25 27 29 29 28 25 22 19 17 16 16 17 20 23 25 27 29 28 27 25 2424 9 8IK 539 291919 29999999999999991224 162340 2499999999999999
 24 25 26 28 30 31 31 30 28 25 21 19 17 16 17 18 21 23 26 28 29 29 28 2724 9 9IK 540 312028 299999999999999913 9 162323 2799999999999999
 27 28 29 31 32 33 33 33 31 28 25 22 19 18 17 18 19 21 23 26 28 29 30 3024 910IK 544 3399999999999999999999914 5 17999999999999999999999
 30 31 32 33 34 35 35 35 33 31 28 25 22 20 19 18 18 19 21 23 25 28 29 3124 911IK 548 359999999999999999999991521 18999999999999999999999
 32 33 34 35 36 37 37 36 35 34 31 28 26 23 21 19 18 18 18 20 22 24 27 3024 912IK 546 3799999999999999999999917 3 18999999999999999999999
 32 33 35 36 37 37 37 37 36 35 33 31 29 26 24 21 19 17 16 16 18 20 23 2724 913IK 532 379999999999999999999991831 16999999999999999999999
 30 32 34 35 36 36 36 36 36 35 34 33 32 30 27 24 21 18 15 14 14 15 18 2224 914IK 517 369999999999999999999991935 14999999999999999999999
 26 30 32 34 34 34 34 34 34 34 34 34 34 33 30 27 23 19 15 13 11 11 13 1724 915IK 431 349999999999999999999992028 11999999999999999999999
 21 26 29 31 32 31 31 30 30 30 31 32 34 34 33 31 27 22 17 13 10  9  9 1224 916IK 4 2 321258 3499999999999999 753 302115  999999999999999
 16 21 25 28 29 29 27 26 25 25 26 28 31 33 35 34 31 27 21 16 12  9  8  924 917IK 4 3 291412 3599999999999999 814 252157  899999999999999
 13 18 22 26 27 27 25 22 20 19 20 22 26 30 33 35 34 31 26 21 15 12 10  924 918IK 414 271518 3599999999999999 852 192236  999999999999999
 11 15 20 24 27 27 24 20 17 15 15 16 19 23 28 32 34 34 31 26 21 16 14 1224 919IK 431 271622 3599999999999999 938 142312 1299999999999999
 13 16 20 24 27 27 26 22 17 13 11 11 13 17 22 27 32 34 34 31 26 22 19 1724 920IK 450 271725 34999999999999991028 112342 1799999999999999
 17 18 21 25 28 29 28 25 20 14 11  9  9 11 15 21 26 30 33 33 30 27 25 2324 921IK 510 291829 33999999999999991123  9999999999999999999999
 23 23 25 27 30 31 31 29 25 19 14 10  9  9 11 15 20 25 29 31 31 30 29 2824 922IK 531 321939 3299999999999999 0 2 231221  92343 289999999
 28 28 29 30 32 34 34 33 30 25 20 15 12 11 11 13 16 20 24 27 30 31 31 3124 923IK 549 349999999999999999999991323 11999999999999999999999
 31 32 33 34 35 36 36 35 34 30 26 21 18 15 13 13 15 17 20 23 26 28 30 3124 924IK 559 369999999999999999999991435 13999999999999999999999
 33 34 35 36 37 37 37 36 35 34 31 27 24 21 18 16 16 16 17 19 22 25 28 3024 925IK 520 379999999999999999999991610 16999999999999999999999
 32 34 35 36 37 37 37 36 35 35 33 31 29 26 23 20 18 17 17 17 19 21 24 2724 926IK 429 379999999999999999999991757 17999999999999999999999
 30 32 34 35 36 36 35 35 34 34 33 33 32 30 27 24 21 19 17 17 17 18 21 2424 927IK 426 369999999999999999999991914 16999999999999999999999
 27 30 32 33 33 33 33 32 31 31 32 32 32 31 30 27 24 21 18 16 16 16 18 2124 928IK 412 331140 3299999999999999 846 3120 6 1699999999999999
 24 27 29 30 31 30 29 29 28 28 28 30 31 31 31 29 26 22 19 16 15 14 15 1824 929IK 344 3113 1 3199999999999999 841 282043 1499999999999999
 21 24 27 28 28 27 26 25 24 24 24 26 28 30 30 29 27 24 20 16 14 13 14 1624 930IK 336 281357 3099999999999999 846 242112 1399999999999999
 19 22 24 26 26 25 23 21 20 20 20 22 24 27 29 29 28 25 21 17 15 13 13 142410 1IK 340 261445 2999999999999999 859 202137 1399999999999999
 17 20 23 25 25 24 22 19 17 16 16 18 21 24 27 28 28 26 23 19 16 14 13 142410 2IK 348 251530 2999999999999999 919 162159 1399999999999999
 16 19 22 24 25 24 21 18 15 14 13 14 17 20 24 27 28 28 25 22 18 16 15 152410 3IK 357 251614 2899999999999999 945 132219 1599999999999999
 17 19 22 24 25 24 22 19 15 13 12 12 14 17 21 25 27 28 27 25 21 19 18 182410 4IK 4 5 251658 28999999999999991014 122236 1799999999999999
 19 21 23 25 26 26 24 20 16 13 11 11 12 15 19 23 26 28 29 27 25 22 21 212410 5IK 410 261742 29999999999999991045 112247 2199999999999999
 21 23 25 27 28 28 26 23 19 15 12 11 11 13 16 21 24 27 29 29 28 26 25 242410 6IK 415 281830 29999999999999991119 112251 2499999999999999
 25 26 28 29 31 30 29 26 22 18 14 12 12 13 15 18 22 26 28 30 30 29 28 272410 7IK 423 311923 30999999999999991156 122247 2799999999999999
 28 29 30 32 33 33 31 29 25 21 17 14 13 13 14 16 20 23 26 29 30 30 30 302410 8IK 432 339999999999999999999991238 13999999999999999999999
 30 31 32 33 34 34 33 31 28 24 20 17 15 14 14 15 17 20 23 26 28 30 30 312410 9IK 439 349999999999999999999991331 14999999999999999999999
 31 32 33 34 35 35 34 33 30 27 23 20 17 16 15 15 15 17 19 22 25 27 29 30241010IK 439 359999999999999999999991442 14999999999999999999999
 31 32 33 34 34 34 34 33 31 29 26 23 20 18 16 15 14 14 15 17 20 23 25 28241011IK 428 349999999999999999999991621 14999999999999999999999
 30 31 32 33 33 33 32 32 31 29 28 25 23 20 18 16 14 13 12 13 15 17 21 24241012IK 418 339999999999999999999991758 12999999999999999999999
 27 29 30 30 30 30 30 29 29 28 28 27 25 23 21 18 15 12 11 10 10 12 16 19241013IK 344 3099999999999999999999919 8 10999999999999999999999
 23 26 27 27 27 26 25 25 25 25 26 27 27 26 24 21 18 14 11  9  8  9 12 15241014IK 246 271148 2799999999999999 748 2520 3  899999999999999
 19 23 24 25 24 22 21 20 20 20 22 24 26 28 27 25 22 18 14 11  9  8 10 13241015IK 240 251321 2899999999999999 742 202049  899999999999999
 17 20 23 23 22 20 17 15 14 14 16 19 23 27 29 29 27 23 19 15 12 10 10 12241016IK 249 231432 2999999999999999 8 9 142129 1099999999999999
 16 20 23 24 23 20 16 12  9  9 10 13 18 23 27 30 30 28 24 20 17 14 14 14241017IK 3 3 241538 3099999999999999 848  922 6 1499999999999999
 17 20 23 25 25 22 17 12  8  5  5  7 11 17 23 28 31 31 29 26 22 20 18 18241018IK 322 251641 3299999999999999 933  52237 1899999999999999
 20 22 25 28 28 26 22 16 10  5  3  4  6 11 17 24 29 31 32 30 27 25 24 23241019IK 344 281742 32999999999999991022  32258 2399999999999999
 24 25 28 30 31 30 27 22 15  9  5  4  4  7 12 18 24 29 31 32 31 29 28 28241020IK 4 8 311845 32999999999999991114  32254 2899999999999999
 28 29 31 32 34 34 32 28 22 15 10  7  5  6  9 14 19 24 28 31 31 31 31 31241021IK 431 3420 1 319999999999999912 9  52219 3199999999999999
 31 32 33 34 35 35 35 32 28 22 17 12  9  8  9 11 15 19 24 27 29 31 31 32241022IK 451 3599999999999999999999913 7  8999999999999999999999
 33 33 34 35 35 36 35 34 31 27 23 18 15 12 11 12 13 16 19 23 26 28 29 31241023IK 456 369999999999999999999991413 11999999999999999999999
 32 33 34 34 35 34 34 33 32 30 27 23 20 17 15 14 14 14 16 19 21 24 26 28241024IK 4 3 359999999999999999999991533 13999999999999999999999
 30 31 32 33 33 32 32 31 30 29 28 26 23 21 18 16 15 14 15 16 18 20 23 25241025IK 332 3399999999999999999999917 7 14999999999999999999999
 27 29 29 30 30 29 28 28 27 27 27 26 25 23 21 18 16 15 14 14 15 17 19 22241026IK 3 9 309999999999999999999991826 14999999999999999999999
 24 26 27 27 26 25 24 23 23 23 24 24 25 24 22 20 18 15 14 13 13 15 17 19241027IK 232 271142 2599999999999999 812 231921 1399999999999999
 21 23 24 24 23 22 20 19 19 19 20 21 23 23 23 21 19 16 14 13 13 13 15 17241028IK 218 2413 2 2399999999999999 814 191959 1399999999999999
 19 21 22 22 21 19 17 15 15 15 16 18 20 22 23 22 20 18 16 14 13 13 14 16241029IK 218 2214 2 2399999999999999 825 152028 1399999999999999
 18 20 21 21 20 17 15 13 11 11 12 14 18 20 22 23 22 20 18 16 14 14 14 16241030IK 222 211453 2399999999999999 841 112052 1499999999999999
 18 20 21 21 20 17 14 11  9  8  9 11 15 19 22 24 24 23 20 18 17 16 16 17241031IK 227 221541 2499999999999999 9 3  82112 1699999999999999
 19 21 23 23 21 19 15 11  9  7  7  9 12 16 21 24 25 25 24 21 20 19 19 202411 1IK 234 231625 2599999999999999 928  72131 1899999999999999
 21 23 25 25 24 21 17 13  9  7  6  7 10 14 19 23 26 27 27 25 23 22 22 222411 2IK 243 2517 8 2799999999999999 957  62149 2299999999999999
 24 25 27 28 27 24 21 16 12  8  7  7  9 12 17 22 26 28 29 28 26 25 25 252411 3IK 256 281750 29999999999999991029  622 3 2599999999999999
 26 27 29 30 30 28 24 20 15 11  8  7  8 11 15 20 24 28 30 30 29 28 27 272411 4IK 312 301836 309999999999999911 4  72212 2799999999999999
 28 29 31 32 32 30 27 23 18 14 10  8  8  9 12 17 21 26 29 30 30 29 29 292411 5IK 330 321929 30999999999999991143  82217 2999999999999999
 30 30 32 33 33 32 30 26 22 17 13 10  9  9 10 13 18 22 25 28 29 30 29 302411 6IK 347 339999999999999999999991227  9999999999999999999999
 30 31 32 32 33 32 31 28 24 20 16 12 10  9  9 11 14 17 21 24 27 28 29 292411 7IK 4 1 339999999999999999999991319  9999999999999999999999
 29 30 31 31 32 31 30 28 26 22 18 15 12 10  9  9 10 13 16 19 22 24 26 272411 8IK 4 5 329999999999999999999991422  9999999999999999999999
 28 28 29 29 29 29 28 27 26 23 20 17 14 12 10  9  9  9 11 14 17 20 22 242411 9IK 354 299999999999999999999991540  9999999999999999999999
 25 25 26 26 26 25 25 25 24 23 21 19 17 14 12 10  9  8  8 10 12 15 18 21241110IK 316 2699999999999999999999917 8  8999999999999999999999
 22 23 22 22 21 21 21 20 20 21 21 20 19 17 15 13 11  9  8  8 10 12 15 18241111IK 1 5 239999999999999999999991825  8999999999999999999999
 20 21 20 19 17 16 15 15 16 17 18 20 21 21 19 17 14 12 10  9  9 11 13 16241112IK 1 4 211217 2199999999999999 656 151926  999999999999999
 19 20 20 18 15 13 11 10 10 11 14 17 20 22 23 21 19 17 14 13 12 12 14 16241113IK 116 201345 2399999999999999 722 102016 1299999999999999
 19 21 21 19 16 12  8  6  5  6  9 13 17 22 24 25 24 22 20 17 16 16 16 18241114IK 132 211458 2599999999999999 8 0  52059 1699999999999999
 21 23 23 22 19 14  9  5  2  2  3  7 13 18 23 27 28 27 25 23 21 20 20 21241115IK 154 2416 4 2899999999999999 843  22133 2099999999999999
 23 25 27 26 24 19 13  7  3  0  0  3  7 14 20 25 29 30 29 27 26 25 24 25241116IK 219 2717 6 3099999999999999 930  02157 2499999999999999
 26 28 30 30 29 25 19 13  6  2  0  1  4  9 15 21 27 30 31 31 29 28 28 28241117IK 248 3018 4 31999999999999991018  022 2 2899999999999999
 29 30 32 33 33 30 26 20 13  7  3  1  2  5 11 17 23 27 30 31 31 30 30 30241118IK 320 3319 5 319999999999999911 9  12157 3099999999999999
 31 32 33 34 35 34 31 26 19 13  8  5  4  5  8 13 18 23 27 30 31 30 30 31241119IK 352 3599999999999999999999912 0  4999999999999999999999
 31 32 33 34 34 34 33 30 25 19 13  9  7  6  7 10 14 19 23 26 28 29 29 30241120IK 424 349999999999999999999991253  6999999999999999999999
 30 31 31 32 32 33 32 30 27 23 18 14 10  8  8  9 11 15 18 22 24 26 27 27241121IK 449 339999999999999999999991347  8999999999999999999999
 28 28 29 29 29 29 29 28 27 24 21 17 14 11 10  9 10 12 15 17 20 22 24 25241122IK 445 299999999999999999999991443  9999999999999999999999
 25 25 26 26 25 25 25 25 24 23 21 19 16 13 11 10 10 11 12 14 16 19 20 22241123IK 230 269999999999999999999991542 10999999999999999999999
 22 22 22 22 21 21 20 20 20 20 19 19 17 15 13 12 11 11 11 12 14 16 18 19241124IK 046 229999999999999999999991644 11999999999999999999999
 20 20 20 19 18 17 16 15 15 16 17 17 17 16 15 13 12 12 12 12 13 14 16 17241125IK 037 201123 1799999999999999 728 151746 1299999999999999
 18 18 18 17 15 13 12 11 11 12 13 15 16 17 16 15 14 13 13 13 13 14 15 17241126IK 039 1913 2 1799999999999999 739 111838 1399999999999999
 18 18 17 16 14 12 10  8  8  8 10 12 15 17 17 17 17 16 15 15 15 15 16 18241127IK 043 181419 1899999999999999 755  81918 1599999999999999
 19 19 18 16 14 11  8  6  5  6  7 10 14 17 19 20 19 19 18 17 17 17 18 19241128IK 048 191521 2099999999999999 816  51950 1799999999999999
 20 21 20 18 16 12  9  6  4  4  5  8 12 16 19 21 22 22 21 20 20 20 21 22241129IK 056 2116 9 2299999999999999 842  42018 2099999999999999
 23 24 23 22 19 15 11  7  5  3  4  6 10 15 19 23 25 25 24 23 23 23 23 24241130IK 112 241649 2599999999999999 911  32045 2399999999999999
 25 26 26 25 23 19 14 10  6  4  3  5  8 13 18 23 26 27 27 26 25 25 25 262412 1IK 135 261725 2799999999999999 944  32111 2599999999999999
 27 28 29 28 26 23 18 13  8  5  4  4  6 11 16 21 25 28 29 28 28 27 27 272412 2IK 2 2 2918 3 29999999999999991020  32135 2799999999999999
 28 29 30 30 29 26 22 17 11  7  4  4  5  8 13 18 23 27 29 29 29 28 28 282412 3IK 233 311845 29999999999999991059  42156 2899999999999999
 29 30 31 31 31 29 25 20 15 10  6  4  4  5  9 14 19 23 27 28 28 28 27 272412 4IK 3 4 311931 29999999999999991141  32217 2799999999999999
 28 29 30 30 31 29 27 23 18 12  8  5  3  3  5  9 14 19 23 25 27 27 26 262412 5IK 337 312025 27999999999999991226  32243 2699999999999999
 26 27 28 28 29 28 27 24 20 15 10  6  4  3  3  5  9 13 17 21 23 24 24 242412 6IK 411 299999999999999999999991314  3999999999999999999999
 24 24 24 25 26 26 25 24 21 17 13  9  6  4  3  4  5  9 12 16 19 21 21 212412 7IK 452 2622 9 219999999999999914 4  3999999999999999999999
 21 21 21 21 21 22 22 21 20 18 15 12  8  6  4  4  5  6  9 12 15 17 19 192412 8IK 552 222241 1999999999999999 1 0 211458  499999999999999
 18 17 17 16 16 17 17 18 18 17 16 14 12  9  8  6  6  7  8 10 12 15 17 172412 9IK 753 1823 5 1799999999999999 329 161558  699999999999999
 17 15 14 13 12 12 12 12 14 15 16 16 15 13 12 10 10  9  9 10 12 14 16 17241210IK1041 162327 1799999999999999 514 121711  999999999999999
 17 16 13 11  9  8  7  7  8 10 13 15 17 17 16 15 14 14 13 13 14 15 17 18241211IK1248 172350 1999999999999999 614  71833 1399999999999999
 19 18 15 12  8  6  4  3  4  6  9 13 16 19 20 20 19 19 18 18 17 18 19 21241212IK1433 20999999999999999999999 7 5  31942 1799999999999999
 22 21 19 16 11  7  3  1  0  1  4  9 14 18 21 23 24 23 23 22 22 22 22 23241213IK 018 221557 2499999999999999 754  02033 2299999999999999
 25 25 24 21 17 11  6  2 -1 -1  1  4 10 16 21 24 26 27 27 26 25 25 25 26241214IK 051 251657 2799999999999999 842 -121 6 2599999999999999
 27 28 28 27 23 17 11  5  1 -1 -1  1  6 12 18 23 27 29 29 28 28 28 28 28241215IK 130 281744 2999999999999999 930 -12118 2899999999999999
 29 30 31 31 28 24 18 11  5  1 -1  0  3  8 14 20 25 28 30 30 29 28 28 29241216IK 213 311825 30999999999999991019 -12128 2899999999999999
 29 31 32 33 32 29 24 18 11  5  2  0  1  4  9 15 21 25 28 29 29 28 28 28241217IK 259 3319 4 299999999999999911 6  02152 2899999999999999
 29 30 31 32 32 31 28 23 16 10  5  2  1  3  6 11 16 21 25 27 27 27 26 26241218IK 344 321943 27999999999999991152  12227 2699999999999999
 27 27 28 29 30 30 29 25 20 14  9  5  3  2  4  8 12 17 21 23 25 24 24 24241219IK 428 302022 25999999999999991236  22315 2499999999999999
 24 24 25 26 27 27 27 25 22 17 12  7  5  3  4  6  9 13 16 19 21 22 21 21241220IK 5 9 2721 0 22999999999999991316  3999999999999999999999
 20 21 21 21 22 23 23 22 20 18 14 10  7  5  4  5  7 10 13 16 18 19 19 18241221IK 549 232134 1999999999999999 028 201352  499999999999999
 18 17 17 17 17 18 18 18 17 16 14 11  9  7  6  6  7  9 11 13 15 16 17 16241222IK 639 1822 0 1799999999999999 226 171421  699999999999999
 16 15 14 13 13 13 13 13 14 14 13 12 10  9  8  8  8  9 11 12 14 15 15 15241223IK 821 142215 1599999999999999 446 131442  799999999999999
 14 13 12 11 10  9  9  9 10 11 11 12 11 11 10 10 10 11 12 13 14 15 15 15241224IK1055 122220 1599999999999999 6 5  91446 1099999999999999
 14 13 11 10  8  7  6  6  7  8  9 11 12 12 13 13 13 14 14 15 16 16 17 17241225IK2220 17999999999999999999999 644  6999999999999999999999
 16 14 12 10  8  6  5  4  4  6  8 10 12 14 15 16 16 17 17 18 18 19 19 19241226IK2231 19999999999999999999999 715  4999999999999999999999
 18 17 15 12 10  7  5  3  3  4  6  9 12 15 17 19 19 20 20 20 21 21 22 22241227IK23 1 22999999999999999999999 747  3999999999999999999999
 21 20 18 16 12  9  6  3  2  2  4  7 11 15 19 21 22 23 23 23 23 23 24 24241228IK2347 24999999999999999999999 821  2999999999999999999999
 24 24 22 20 16 12  8  5  2  1  3  5 10 14 19 22 24 25 25 25 25 25 25 26241229IK1736 25999999999999999999999 857  12018 2599999999999999
 26 26 26 23 20 16 11  7  3  1  1  3  7 12 17 22 25 26 27 26 26 25 26 26241230IK 039 271747 2799999999999999 936  12058 2599999999999999
 27 28 28 27 24 20 15 10  5  2  0  1  3  8 13 19 23 26 27 26 26 25 25 26241231IK 131 2818 9 27999999999999991017  02128 2599999999999999
