238207161111 68 43 43 6811216722025927526723920015912811512214517821023224 1 1J91210276234323799999999999999 531 4018 911599999999999999
237221189147104 73 60 69 9914319223426026424821717914412111512614917920624 1 2J91242265999999999999999999999 6 5 59185111599999999999999
222222205176141108 87 83 9712816720723825324922919816413411711412514717324 1 3J9 030224131825399999999999999 643 82194111499999999999999
19620920919617314612210810812314918121223324123321218315312711210911913824 1 4J9 131211135924199999999999999 730106204210999999999999999
162184199204197181161143131130141161185209225229221201173144119103 9810624 1 5J9 253204145123099999999999999 8351292151 9899999999999999
125150176197208208198182164150144149163182203218222214194166134106 87 8124 1 6J9 43121015532229999999999999910 51442256 8199999999999999
 89111141175203222228220202180161148147158177199216222214191159122 88 6524 1 7J9 55422816572229999999999999911351462353 5899999999999999
 58 70 98138181219243251241218188161143140151174201222229218190149104 6524 1 8J9 6552511755229999999999999991243139999999999999999999999
 40 35 53 91142195240267273257225187153132131148178210234240223186136 8424 1 9J9 744273184624099999999999999 043 34133512999999999999999
 39 14 14 41 9115321526429028926422217613811912414918822625025222718012124 110J9 827293193325499999999999999 130 10141911899999999999999
 61 14 -9 -1 37 9817023828630729626121116012210812115720324426626122717024 111J9 9 9307201926899999999999999 215-1015 010899999999999999
103 39 -7-24 -7 4211319226030431529525019314010610112416821926127926522324 112J9 95031621 527999999999999999 3 0-241541 9999999999999999
159 86 22-20-29 -1 57135215280315315284231170120 93 9712917923327228426324 113J91030319215228499999999999999 344-301622 9199999999999999
214146 73 12-22-21 16 81161238293316305265207147102 84 9713518924127628124 114J911 9317224028399999999999999 428-2617 5 8499999999999999
255202134 66 13-10  1 45112188256298308286239180125 88 78 9814019324227124 115J91148309233027599999999999999 511-111749 7899999999999999
271242190127 68 27 15 34 80144211265293291261212155107 78 76 9914119123424 116J91225296999999999999999999999 553 141835 7499999999999999
258255227182129 82 53 50 72116172226264279267234186136 95 74 75 9913818224 117J9 02426013 327999999999999999 637 481926 7299999999999999
219239238216181140106 87 89110146190229253258242209167124 90 72 74 9412824 118J9 125241134325999999999999999 726 862025 7199999999999999
167200221224212189161137124124139165194221236236221193156119 89 71 70 8524 119J9 243225143123899999999999999 8271222135 6999999999999999
114149182207219217205187168155150155169188207219220208185154119 88 68 6224 120J9 424220153622199999999999999 9591502252 6299999999999999
 72 97132169201223231227212193174161156162176193207212206186155119 85 5924 121J9 6 82311658212999999999999991154156999999999999999999999
 49 57 83122166206236250247230205178157147150165186205215211190157116 7524 122J9 720251181321699999999999999 0 4 49131414799999999999999
 46 34 44 7512217422125426826023620216814313314116219021422621919415310524 123J9 8 8268191022699999999999999 1 3 3414 313399999999999999
 60 29 21 38 7813319224227327926322818614912512213916920423023922519114124 124J9 846280195423999999999999999 150 20143912199999999999999
 87 41 14 14 41 9215621826428628125220816212611111914618622424724822417924 125J9 918287203225199999999999999 230 1015 911099999999999999
122 65 22  4 17 5711818624528229027123017913410610312416320724426025021424 126J9 94729121 726199999999999999 3 6  4153710199999999999999
159 98 43  9  5 32 85152219269291283249200148109 9310413818422926026424124 127J91014292214026699999999999999 338  316 5 9399999999999999
195134 73 27  7 19 60122190249284289265220166118 91 8911315620524626625824 128J91039291221426799999999999999 4 8  71633 8799999999999999
223170109 54 21 18 45 97162225270287275237186134 96 81 9312817422125426224 129J911 4288224726299999999999999 437 1517 2 8199999999999999
242200145 89 47 29 42 80137199250278278250205152107 82 8110314318923025124 130J91128282232325399999999999999 5 5 291732 7899999999999999
248221177125 80 52 51 75119174226262272256220172124 90 77 8611515619822924 131J91153272999999999999999999999 534 4818 4 7799999999999999
241230201159117 84 71 80111154202240259254229188144105 82 78 9412516319824 2 1J9 0 1241121826099999999999999 6 5 711840 7799999999999999
221226213186152121101 98113142179215238244230201163124 95 80 8210012816124 2 2J9 046227124724499999999999999 640 971922 7999999999999999
190208212202182158137126127140164190213226224207180147116 92 81 84 9912324 2 3J9 145212132122799999999999999 7251252019 8099999999999999
151177196204201191176162152151157171188202209206193170142115 93 80 78 8824 2 4J9 315204141321099999999999999 8411502138 7799999999999999
109136164188205212210201187173164161165176188197199191173147118 91 72 6324 2 5J9 516213154219999999999999999105316123 7 6399999999999999
 69 88118154189217233236226206183163151151161178194204202185157121 85 5524 2 6J9 6412371720205999999999999991232150999999999999999999999
 40 43 66105152200238260262245215180150133134150177204221222202166119 7124 2 7J9 735264183222499999999999999 020 39132813199999999999999
 32 13 18 4910016122026528628125321016412811211914718622324624521817011024 2 8J9 818287192824999999999999999 118 11141111199999999999999
 51  6-13 -1 42106180247291306289247192138102 9211115220424827126422716724 2 9J9 857306201727399999999999999 2 7-131449 9299999999999999
 96 29-16-29 -6 49126207274312315283228163107 76 7811116522527229227622824 210J9 93331821 329299999999999999 252-301527 7399999999999999
157 79 11-29-31  5 72156238298322309263197128 77 57 7111718124529030127624 211J910 8323214830299999999999999 334-3516 5 5699999999999999
219143 65  3-26-16 32106191265311319289231160 94 53 45 7212719625829629924 212J91042320223430299999999999999 414-271643 4399999999999999
265204129 58  8 -6 16 71146223283310300258193124 67 38 42 7913920626229024 213J91113311232029299999999999999 454 -71722 3599999999999999
285247188120 62 29 28 59115183246286294270220156 95 50 34 48 8914820825424 214J91144296999999999999999999999 532 2418 2 3499999999999999
273263227175122 80 62 71105155210253274267234184128 78 47 41 59 9915120124 215J9 0 8273121427599999999999999 610 621845 4099999999999999
236249239210172134109102115144182219244249234201158113 76 55 53 7110514624 216J9 1 2249124525099999999999999 6511021935 5299999999999999
185212224219202179157143140150168191212222220205178146113 86 69 67 7810224 217J9 212224132022399999999999999 7431402041 6699999999999999
133164189205210206197185175169169175184192197195186170148124101 83 74 7724 218J9 4 3210141719799999999999999 9281692216 7499999999999999
 91115144172197213221219210196182171165165170177183184177161139113 89 7224 219J9 61822116371849999999999999912281642352 6799999999999999
 67 76 99131168202228241239225203178157145145154170186195193177150117 8424 220J9 7242421819196999999999999991332144999999999999999999999
 60 51 61 9013117822024925925122619215913412413115217920321521118815210824 221J9 8 3259191521699999999999999 058 5114 412499999999999999
 68 42 36 54 9414620024426927024821116813111011113016420022723622318914024 222J9 832272195423699999999999999 144 35143010899999999999999
 89 46 24 29 60112174230269281267231182135103 9410814318722825125022417624 223J9 858281202825499999999999999 220 231453 9399999999999999
118 64 26 16 35 81144209260285281250200146102 81 8811916621625426825321224 224J9 921287205826899999999999999 251 151516 8099999999999999
153 91 40 14 20 56115183244282289266219161108 75 70 9413919424427327224224 225J9 943290212927799999999999999 319 131540 6999999999999999
189125 65 26 17 40 91157224272291278237179120 76 59 7110916522226428026424 226J910 429122 028099999999999999 346 1616 5 5899999999999999
221161 97 48 25 34 73134200256286284252198137 85 55 54 8213219124327327424 227J91026289223127899999999999999 413 241631 5199999999999999
245194133 78 44 39 65115177236275284261215156 99 59 46 6210115621325427124 228J9104728423 327199999999999999 439 371657 4699999999999999
258220168114 72 55 66103156212256275264228175118 71 47 49 7712317722525524 229J911 8275233726099999999999999 5 6 551724 4599999999999999
258236197149106 81 79101141190233259259234190138 90 57 47 61 9514219022724 3 1J91130263999999999999999999999 535 761754 4799999999999999
245240216180143113101109135171209237246233201158113 76 56 56 7611015119024 3 2J9 016245115524799999999999999 6 71011829 5499999999999999
218228222202176150133129139160187212226224206175139103 77 65 68 8611414824 3 3J9 1 6229122322799999999999999 6471291917 6499999999999999
179201212211201186170159156161173187200206202187164136109 88 76 75 8510624 3 4J9 22421313 520699999999999999 7541562034 7499999999999999
132159184202212213207197185175169169173181187188183169150126102 83 72 7224 3 5J9 44121314451889999999999999910331682229 7099999999999999
 84108138172202225236235222202179160150151161176189196191174146113 81 5724 3 6J9 62323717 7196999999999999991226149999999999999999999999
 48 57 83124171216249264260237203167137124128148177205223222200163115 6924 3 7J9 716265182722599999999999999 0 1 48131512399999999999999
 34 20 32 68122184240278290274237187139105 9611114719223325625322217110824 3 8J9 756290192325899999999999999 1 3 201353 9599999999999999
 50  9 -3 17 67136209270303304273219156102 72 7310415721726528827723416824 3 9J9 831308201028899999999999999 152 -31428 6899999999999999
 94 30 -9-13 20 83163241297319303254186116 63 43 5910717524429431028823324 310J9 9 4319205531099999999999999 236-1615 3 4399999999999999
157 79 16-14 -5 41115199272315319284220143 74 31 25 5711919626831231828524 311J9 935322213932199999999999999 316-151539 2399999999999999
222143 67 15 -2 21 77155234294318301251177100 39 10 20 6513721628231631124 312J910 5318222331999999999999999 355 -21615  999999999999999
271205130 65 28 26 60121194261300303270209135 65 18  4 27 8115522928330624 313J9103530723 730699999999999999 433 221652  499999999999999
292249187124 75 54 65104162224271289275231168101 45 13 13 4510116823127224 314J911 3290235328499999999999999 510 541730  999999999999999
284266226175128 97 89107145193237264264238192136 82 41 24 33 6711717422224 315J91131267999999999999999999999 547 891810 2499999999999999
251256240209173142126127144174207232241231203163119 80 54 46 58 8612716924 316J9 044257115824199999999999999 6271241855 4699999999999999
204225230221203182165156158169186203213212199177149119 94 77 71 79 9812624 317J9 149231122721499999999999999 7191561956 7199999999999999
156183202212213208199189181177177180184186185178167152134116100 91 90 9924 318J9 33921413 818699999999999999 9271762136 8999999999999999
116138164188207219222218207193179167161160163168173174169156138117 99 8924 319J9 55622216391749999999999999912451592330 8799999999999999
 89101124154187215234240233215190165146136139151168185194192177152122 9424 320J9 6572401819195999999999999991318136999999999999999999999
 76 74 8911915920023425325423720617013911911612915518520922021318915211224 321J9 73225619 722099999999999999 039 73134111599999999999999
 78 60 62 86128178225257268256225182139108 9610613517421223824222518713924 322J9 759268194224399999999999999 123 5814 3 9699999999999999
 92 58 46 61 98152208253276272244198147104 81 8311015420424426325622317324 323J9 822278201326499999999999999 157 461424 7999999999999999
117 69 42 44 73125186241276283261216159106 71 64 8412818423727127825520924 324J9 843284204327999999999999999 227 391447 6399999999999999
149 91 51 38 56101162224270288275234176115 69 49 59 9815521726628827924224 325J9 9 4288211328999999999999999 255 381510 4899999999999999
185122 70 43 48 82139203257287284250194131 75 42 40 6912218724628529226824 326J9 924289214329499999999999999 321 411534 3799999999999999
219157 99 60 50 71119180239278287263213150 88 44 29 45 8915121726829228324 327J9 945288221429399999999999999 348 491559 2999999999999999
247192133 85 62 70105159217263283270229170107 55 27 30 6211618124027828624 328J910 6283224628799999999999999 415 611624 2599999999999999
265222167117 84 78 99141194243271270240189129 74 36 25 44 8614420425227524 329J91028274232027799999999999999 444 771652 2599999999999999
271243199152114 96103131174219252262245205153 98 55 33 36 6411016521625124 330J91052262235926399999999999999 514 951722 3199999999999999
263252223185149124118131159195228245241215174127 83 52 42 53 8412717421424 331J91119246999999999999999999999 5491171759 4299999999999999
239246235212184159144142155177202221227216191155117 84 63 58 70 9613116824 4 1J9 050246115222799999999999999 6351411848 5899999999999999
201222230226213195178167163168179193203205197179154126100 82 74 79 9512124 4 2J9 2 8230124220599999999999999 75416320 8 7499999999999999
151181206222229226216201185172166166172181188190184170149124101 84 77 8224 4 3J9 412229144619099999999999999102516522 4 7799999999999999
101129164198227245248238217190165147141147163183199206199179148114 83 6424 4 4J9 54524917 22069999999999999911581412338 6099999999999999
 61 78111156204244268271253219178140116110125155191223239234208166117 7324 4 5J9 6392721817240999999999999991245110999999999999999999999
 45 40 61105163222268291285254204149104 79 8211215921325527526522917311124 4 6J9 718292191127599999999999999 041 391323 7799999999999999
 58 28 28 59115184249293306286237173109 62 46 6311017524128830528623817124 4 7J9 753306195830599999999999999 130 241359 4699999999999999
101 46 20 30 72139214276310308270205131 65 26 23 5712019826931432329423524 4 8J9 825314204332499999999999999 214 191435 1999999999999999
161 90 41 26 47100173245297314293239164 87 27  1 14 6313822129032832628724 4 9J9 857315212733299999999999999 255 261511  099999999999999
223149 85 48 45 77136207270305303265199121 50  3 -9 19 7916024030132731524 410J9 927309221132799999999999999 334 421547 -999999999999999
271207140 89 65 75114173235281297278229160 87 27 -5 -2 3610117925129931324 411J9 957297225531399999999999999 413 651625 -899999999999999
294250192138101 91109149202250277276245192127 65 21  4 18 6112419325128624 412J91027281234129299999999999999 451 9117 3  499999999999999
291269230183143120120141177218249260247211162108 60 31 25 45 8714319824224 413J91057260999999999999999999999 5311171743 2499999999999999
265265246215181155142146165192218234234216184144103 71 53 54 7310915219424 414J9 031268112923699999999999999 6161421828 5199999999999999
226243243231210188171163165176192205211207192168141113 91 80 81 9512115324 415J9 13224512 621199999999999999 7161621925 7899999999999999
18420922423022521419918617617217417918418718618016815113311610410010712324 416J9 259230131818799999999999999 910172205210099999999999999
14517119621522722922321119417816615915816217017818218017115613712010910724 417J9 4462301613183999999999999991138158223910699999999999999
11613616319221823524023421619216714713613714816618519920219417514912310524 418J9 55624017482029999999999999912271352355 9999999999999999
 9910713016420023124925223721017514312011312214517620522422721218414911624 419J9 6382531840228999999999999991257113999999999999999999999
 93 89103135176218250264256229189146111 93 9611915719923325124622118213824 420J9 7 8264191825299999999999999 045 881322 9299999999999999
101 81 84109151200243268270248206156110 79 72 9013018122926327225621816924 421J9 734272195227299999999999999 123 791346 7299999999999999
120 85 74 89126178229266279264225171116 73 54 63 9815321226128628325320424 422J9 757279202328999999999999999 156 741411 5399999999999999
149102 76 77106154210257281276243190129 75 43 40 6711918324428629928223924 423J9 820283205529999999999999999 227 731436 3899999999999999
183128 89 76 92133188241276283259210148 87 42 26 41 8414721627130130026924 424J9 842284212730599999999999999 256 7615 2 2699999999999999
218160112 85 87117166221265283271230171106 52 22 23 5411017924428930528924 425J9 9 6283215930599999999999999 326 821529 1899999999999999
249195142104 92107146198246275276246195132 72 30 16 32 7613920726329529724 426J9 931279223430099999999999999 356 921558 1699999999999999
272227176132107107132175222259272257216160100 50 22 22 5110216522727129124 427J9 958272231229199999999999999 4291041629 1999999999999999
283253209165131118128157197236259258232187133 81 42 27 38 7212418323526924 428J91028262235627999999999999999 5 511817 6 2799999999999999
279267237200164140135148175208236248238209166118 76 48 41 56 9113918923224 429J911 4248999999999999999999999 5471341749 4199999999999999
258265254230200172155151162183207225230219193158119 85 64 59 7310214218424 430J9 051265115023099999999999999 6441501845 5999999999999999
221245254249232208185167160164177193207213208191165134105 84 76 8210313624 5 1J9 2 625413 321399999999999999 8 916020 4 7599999999999999
173208236251253241220195172157152158172189203209203185159129103 86 83 9724 5 2J9 33725415 120999999999999999 9551522140 8399999999999999
124160200234257264254229197164139128132150177204223227215188152117 89 7824 5 3J9 453264164622899999999999999111312723 6 7899999999999999
 86113154201243270277262229185141109 96105134175217248258246214169123 8724 5 4J9 54927817582589999999999999912 5 95999999999999999999999
 70 78110158212259286287261215159107 72 63 8312718423927728927223117712224 5 5J9 632290185428999999999999999 011 701248 6399999999999999
 82 66 78117172231277298287248188123 67 37 38 7213120126430431228823817724 5 6J9 710298194431399999999999999 1 4 661327 3399999999999999
119 79 68 88134195254293301276223153 84 32 10 25 7314522328732332429123624 5 7J9 745302203132899999999999999 151 6814 6 1099999999999999
171115 82 79108159220272300293254190116 50  6 -3 25 8516424330333132328424 5 8J9 819301211633299999999999999 235 771444 -499999999999999
226164115 91 97132186242283296275225157 85 26 -5 -1 3810418425930932731224 5 9J9 85329622 132799999999999999 317 901524 -899999999999999
270213157118105120158209256284282250195128 64 17 -2 13 5912720326730631524 510J9 927287224631599999999999999 35810516 3 -299999999999999
294251200154126122142180225260274261224169109 55 21 14 37 8515021626829624 511J910 2274233129999999999999999 4391201644 1399999999999999
296273234190155137139162196230253257237200150100 58 36 38 6411116822226224 512J91039258999999999999999999999 5221351726 3399999999999999
280276254220185159148154174201226239236216182141101 71 58 65 9213318022324 513J9 018281111924099999999999999 6 81481810 5899999999999999
252265259239212185165158163178197214221217200173142112 91 82 9011414718524 514J9 11026512 922199999999999999 7 515819 1 8299999999999999
21824225224723221018817116216417318619820520419417515212911210511012815424 515J9 210252132420699999999999999 82116220 610599999999999999
18521323424424323021118917115815515917018319520119818716914913112012113324 516J9 321245151320199999999999999 955155212711999999999999999
15518221023224424423221118616214513814215517519420821220518816514312812424 517J9 42824616502129999999999999911 8137224812499999999999999
13315418321323725024823220517314312311612514717720622623322520317514712724 518J9 5222511756233999999999999991155116235212199999999999999
121131156189222248258249225189149116 97 9711614919022725025524121217514224 519J9 6 32581845256999999999999991231 94999999999999999999999
121117133164202238260262244208162118 85 73 8411616321325327427224921116824 520J9 637264192527699999999999999 04111613 2 7399999999999999
133114117141179221255269260228181128 84 58 57 8212918624027929328124720124 521J9 7 727020 229399999999999999 1221121332 5499999999999999
155122111123156201243270272248203147 92 53 38 51 9115021426829930327923624 522J9 735274203730599999999999999 15811114 2 3899999999999999
186141115114137178225262277265227171111 60 30 29 5711017724229031130226924 523J9 8 3277211231199999999999999 2331111433 2599999999999999
220169130114124157202247274276249200139 80 36 18 31 7213420426430331329424 524J9 833279214931399999999999999 3 711415 5 1899999999999999
253203156125120139178224262278266228172110 56 23 17 42 9215922628030830724 525J9 9 5278222831199999999999999 3431191541 1599999999999999
281237188148127130157197240269273251206148 90 43 20 25 5811418024228630524 526J9 940275231130699999999999999 4211251620 1899999999999999
297267223179145133143172211247266262234187132 80 41 27 39 7713319525028624 527J91020268235829899999999999999 5 313317 3 2799999999999999
298286255214175148140153181216245258249220176126 80 49 40 57 9514720425124 528J911 7258999999999999999999999 5521401751 4099999999999999
281289276246209174151145157182211236246238213174131 91 65 58 7410915620624 529J9 05128912 524699999999999999 6501451847 5899999999999999
248275282269242208175152144152172199223236233214183145109 85 77 8911916024 530J9 150282132023799999999999999 7591441953 7799999999999999
205244270277266240206171145133137155183210230236225201167132106 9410012424 531J9 254277145223699999999999999 9141322110 9499999999999999
16120324226827726623820016112911311513516720223224724422419215512410710824 6 1J9 3562771621248999999999999991023111222810599999999999999
127162204243270278265232188142105 86 9011515520224226526824921517413811524 6 2J9 4522781736269999999999999991121 85233811199999999999999
112130165208249275280261221169117 77 59 6710015220825728629027023218614524 6 3J9 5422811839292999999999999991212 58999999999999999999999
120116135172217258281280252204145 89 49 35 51 9415622127530630828324019024 6 4J9 627284193431099999999999999 0401141258 3599999999999999
147122120143183230268285275238182119 62 26 19 45 9816823829231931728724024 6 5J9 7 8285202432299999999999999 1331181342 1899999999999999
188146124127155198243276285266221159 94 41 12 15 4911018425430432631628124 6 6J9 749286211132699999999999999 2221221425  999999999999999
232181142127137169213255281280252201138 75 28  8 20 6312920326831132430724 6 7J9 829284215532499999999999999 3 612715 8  899999999999999
268218171140132148184227264280271235181119 63 25 14 35 8415122127831131524 6 8J9 9 9280223831799999999999999 3491311550 1499999999999999
292251203162139139161198238266274257218164106 58 30 29 5811017423728430624 6 9J9 949275231830799999999999999 4291361631 2699999999999999
301274232188155140147173209243264264241201150 99 60 42 51 8513719624928524 610J91030266235829799999999999999 5101401711 4299999999999999
297285254214176151144156182214242256250225186141 98 69 61 7711316221425724 611J91114256999999999999999999999 5511431751 6199999999999999
281284267236200168149147161186214235244236212177139105 85 8410413918322624 612J9 03828612 224499999999999999 6361461832 8299999999999999
25927427125222218916314814916218420722523222520517514411910510812815919724 613J9 120275125923299999999999999 728147191910499999999999999
23125626625923921118215814514515717619821522322020518215713612612914617324 614J9 2 5266141322499999999999999 830144201612699999999999999
20423225125825023020217415113713614616518820922222421419617415514414415724 615J9 256258153922499999999999999 937135212814299999999999999
17920523024825224322219416413912312113315518321022923623021319116915515124 616J9 35125317 1236999999999999991039120224615199999999999999
16118020623024725023921518214812010410412015018622024425424822920317615824 617J9 44425118 7254999999999999991130102235415299999999999999
152160181209234250251235204165127 97 83 8811315219723726527426423920617524 618J9 5322531858274999999999999991214 82999999999999999999999
154148160185216243257251227188143101 72 63 7711316221525928629127424120224 619J9 614257194229299999999999999 0491481253 6399999999999999
168147145163194229255263250216168117 74 49 49 7412017923728230430127623524 620J9 653264202230699999999999999 1341441331 4699999999999999
192157140146171208245268268244201146 91 50 32 41 7813520026030131630427024 621J9 73227121 231699999999999999 2151391410 3199999999999999
224178146136150183225261278269235183123 68 31 21 41 8815322228031532130024 622J9 811278214332299999999999999 2551361451 2199999999999999
259209165138136159198241274283266224165103 51 20 19 4810417324229632232024 623J9 852284222432599999999999999 3341341532 1599999999999999
291244194153133140169212254282284259211150 89 40 17 25 6212319426030632424 624J9 93528723 632499999999999999 4151321616 1699999999999999
313278229179144131144178222262284281250200139 81 39 23 38 8214421327331124 625J91022286234932099999999999999 45913117 0 2399999999999999
320302262213166136129147183226263281274242192134 82 47 38 5910516623028124 626J91113282999999999999999999999 5451291747 3899999999999999
310311287246197155129127147183224258274266235189137 92 64 61 8512918524124 627J9 033314121027499999999999999 6361251836 5999999999999999
283303298271229183144122122142177216249264259234194149111 89 8911115120024 628J9 118305131526599999999999999 7311191930 8699999999999999
24628029328425621417013411311313216520423725625623820616913711811713416724 629J9 2 5293143025999999999999999 831110203311599999999999999
20724627328227124220215912310210011715019022725226024922519416414514015124 630J9 257282155526099999999999999 936 98214813999999999999999
176209242264272260232191148110 87 8410113517922125326926624721818816515424 7 1J9 3532721720270999999999999991040 83231115499999999999999
159178207237259265254224183137 97 71 67 8512317222226128328426723820417624 7 2J9 4532661834286999999999999991142 66999999999999999999999
160160177205235257264251219174124 81 55 52 7311717322927429930028124720924 7 3J9 551264193430299999999999999 0281581238 5099999999999999
176157157175206238261267250214164111 66 41 41 6911918124228931231028624624 7 4J9 645267202531499999999999999 1301551329 3799999999999999
203169151155177212246269271249207152 96 52 30 37 7313019725930332131128024 7 5J9 73527321 932199999999999999 2201501416 2999999999999999
235190157145155184223258277273244196137 81 41 27 42 8614921827731432230424 7 6J9 819279214832399999999999999 3 21451459 2799999999999999
265216173145141161196237270283271234181121 68 35 31 5710817424129331931624 7 7J9 9 1283222332199999999999999 3401401539 2999999999999999
287243194155137143171211251279284263220164106 60 37 44 8013720326430431724 7 8J9 941285225631799999999999999 4151361616 3699999999999999
302265217172141133149183225262282278249202146 94 58 48 6711117023228230824 7 9J91020284232731199999999999999 4491331651 4899999999999999
307282239192153132135158196236267278266232184133 89 66 68 9714520225529224 710J91059278235830499999999999999 5231311724 6499999999999999
304291257213170139129140167205241265268251215170126 94 83 9613017722827024 711J91140270999999999999999999999 5591291758 8399999999999999
29229227023219015413212914517420923925725523620316413010910812616120424524 712J9 028295122625899999999999999 638128183410699999999999999
27428427424721017214312813014817620723324624322619816814313113515418522024 713J9 1 0284132024799999999999999 722127191613199999999999999
25026826925422619216013612613014717320122423623622420418116315515917519924 714J9 135271143023899999999999999 813125201115599999999999999
22524625725423821118015213012112414016519221723323823221820018517517518524 715J9 217257155823899999999999999 914120213117499999999999999
20222123824624222720217314412311111412915518521523724924823722020118718124 716J9 313246172725099999999999999102011123 618199999999999999
185198215231240238224198167135110 97 9911614618422125026726825623420918824 717J9 4202411836269999999999999991123 96999999999999999999999
177178191211231243242226196159122 93 77 8110414218923426928828726924020724 718J9 526244192829099999999999999 0241761219 7699999999999999
180167170187214239253251230193149105 71 56 65 9614420125329230830127423624 719J9 623255201230899999999999999 11916613 9 5699999999999999
196166155164190223253269262234188134 84 49 37 53 9415421927631332330727024 720J9 713269205232499999999999999 2 41551356 3799999999999999
223179150144162198239272285272234179117 63 29 23 4910217124229933033130424 721J9 8 1285213233599999999999999 2441431440 2199999999999999
257204159135138166211257290299277230166100 45 15 19 5511819426631934133024 722J9 847299221034199999999999999 3231331524 1399999999999999
292237180138122135173225274305306276222153 85 34 13 27 7314222028933234224 723J9 933309224734399999999999999 4 212216 7 1399999999999999
319272212156120113136182237286312306270211142 77 34 23 4710017224730633724 724J91020313232433999999999999999 4431121649 2399999999999999
333300245184133106108139189245290310299260201136 80 47 47 7813420326931524 725J911 9311235933099999999999999 5251031731 4399999999999999
330315273216158115 96106142193247287301287249195138 94 73 8011416822828124 726J912 0301999999999999999999999 6 9 961814 7299999999999999
311314290245190138103 9210714319224127528727424119615111910711815019624324 727J9 035316125828799999999999999 656 9219 110799999999999999
281298291263219170127 98 9210714118522825927126323920617415114315317821224 728J9 11329814 627199999999999999 748 91195614399999999999999
245270278267240202160123 99 9210413317221124225825924722520218317517819224 729J9 156278153326199999999999999 851 92211417499999999999999
214236253258249227195158125100 90 9812115619422925326426124822920919418924 730J9 25325817172659999999999999910 5 9023 418999999999999999
193206222237245241225197162128 99 84 8710714118322425727728026924822220024 731J9 4122451843281999999999999991123 83999999999999999999999
185183193210229242244231204167127 93 74 73 9413218123027029429828325522124 8 1J9 537245194129899999999999999 0411831231 7199999999999999
191172170182206232250254240209166120 82 60 62 8813419024628831030828524724 8 2J9 644255202431299999999999999 1401691326 5899999999999999
206173156159180212244266267248209158107 67 48 57 9214721126830732030727324 8 3J9 73626921 032099999999999999 2211551411 4899999999999999
227183152143157188228264282277248200142 89 52 43 6310917223829232132129524 8 4J9 818283213032499999999999999 2541431449 4299999999999999
250199157135138163205250283294278238182121 71 44 48 8113720526831132631024 8 5J9 855294215832699999999999999 3231331524 4299999999999999
271219169134124141178226271297297270220159101 60 47 6511017424129432231924 8 6J9 930301222432599999999999999 3521241555 4799999999999999
289240185141118123152197247287303290252197137 86 59 62 9414821327331132124 8 7J910 4303224932199999999999999 4201171625 5699999999999999
301259205154120111129167217264294298275230174120 82 71 8813118924829431524 8 8J91039299231331699999999999999 4491111654 7199999999999999
307273224171129108112140184232272291284254208157114 91 9512317022427330224 8 9J91115292233630799999999999999 5191071723 8999999999999999
30528224119014411410512015419824127128026623419215012111212615920424928224 810J91153280999999999999999999999 550105175311299999999999999
29528325220816312710811013116620724226326524922018615613914015819022625924 811J9 0 1295123626799999999999999 624106182713799999999999999
27727625622318314611911011714017220723525125123821619217216416818520923524 812J9 027279133125399999999999999 7 3110191016499999999999999
25526225423220116813912011412214217019922423924323722420819518919020021524 813J9 058262145324399999999999999 754114201918899999999999999
23024224423521719216414012311612013615918721223224424724123021820720120124 814J9 142244164824799999999999999 9 6116222620099999999999999
20821822723122721519416914412311010912014317320523525626626425223321319824 815J9 3 42311820267999999999999991036108999999999999999999999
191193204218229233225206178146116 95 89 9912516420724827729128626723820724 816J9 452233191529199999999999999 0141901154 8999999999999999
183173178195219240250244221184141101 73 64 7811316422027030331430227022824 817J9 6 9250195731499999999999999 1101721254 6499999999999999
188161153167196232262275265233185130 80 47 41 6311117524229732833030526024 818J9 7 6275203433399999999999999 1511531343 4099999999999999
207161136137163206253289300283239178112 57 26 27 6112219827032434633529424 819J9 75530021 934699999999999999 2271331428 2299999999999999
236176131113127167223278314320292237166 94 39 14 27 7414722830034435232524 820J9 840322214335399999999999999 3 411315 9 1499999999999999
270203142103 97124178243300333330292228151 79 31 19 4410218026132335334424 821J9 925336221635499999999999999 340 951550 1899999999999999
301236166109 81 88128191260315340328282214139 75 39 39 7513921728933634724 822J91010340224734799999999999999 417 801629 3499999999999999
321268198131 84 69 88137204271319335315267201134 83 61 7311617924930533324 823J91057335231933599999999999999 456 6917 9 6199999999999999
327289230163105 70 67 95147212272311319297251194140105 9611515821426830624 824J91145320235031699999999999999 536 641749 9599999999999999
316296253196138 92 69 7410515621326329329727724019615813613615619223527224 825J91239298999999999999999999999 619 68183113399999999999999
291288263222173126 93 78 8711515820624526927426123720818417217318821223924 826J9 022293134527599999999999999 7 8 78192417099999999999999
259267258236202165130104 93 9912015319022324725725624522921320319920421424 827J9 059267152125899999999999999 810 93205519999999999999999
22723724123522019817114312110710511714117120323125126126125223822321020324 828J9 154241172826299999999999999 937104233620199999999999999
20220721522222522020718616013411310310612415419122725727628027125122720324 829J9 3572251849280999999999999991115102999999999999999999999
187181186200217230234225203172138109 91 9211114719223727429429627924921424 830J9 550234193529899999999999999 1 11811229 8999999999999999
183164162175199227247254243214174131 95 76 8010715220725829531030227323124 831J9 65325420 831099999999999999 1401611320 7599999999999999
189157143151176213248271273253213163113 77 64 7811617323328431431729425124 9 1J9 736275203631999999999999999 2 814314 0 6499999999999999
201157132130152192237275293284251200142 91 62 61 8914020526630932431027124 9 2J9 81129321 032499999999999999 2341281432 5899999999999999
218165127114129166217266299305283237177117 73 57 7111417624229632432028824 9 3J9 843307212332699999999999999 25811415 2 5799999999999999
236178130104108139189245292314306270213150 96 65 65 9615121727831732530224 9 4J9 914315214532699999999999999 3221021529 6199999999999999
254195139102 93114158216271309317294247186127 84 70 8813219325630432331124 9 5J9 94531822 632499999999999999 347 921556 7099999999999999
271213154107 86 94129183242290314307273220162112 86 9012117323328631531324 9 6J91017315222731899999999999999 413 851623 8499999999999999
283231172119 87 8210515020726129830728924819614611110211915921226329930824 9 7J91050308224830899999999999999 440 81165110199999999999999
288246191137 97 81 9112417322727129429226722618014212312715319524127829524 9 8J91124296231029699999999999999 5 7 80171912299999999999999
287255209158114 89 8610614419123727028227224621117615214515718522125527624 9 9J912 3282233428099999999999999 536 84175114599999999999999
278258222179137106 92 9912315920023625926525523420818517217218520723225324 910J91250265999999999999999999999 610 92183017099999999999999
26125323019816213010910311213416419722524325024523421820419619520221522924 911J9 0 126114 425099999999999999 655103193419599999999999999
23924023121318816113812111411913315618220822924224824623922821720920620724 912J9 038241161524899999999999999 8 611422 820699999999999999
21321922222021119517515313311911412013716219222124726326926324822820819424 913J9 2 8222175826999999999999999 959114999999999999999999999
188192202215224226217197169139113 98 9711214318322626428829428325722319124 914J9 441226185129599999999999999 0 51881134 9599999999999999
169162172195222244254245219180136 97 73 70 9113318824429031531529124920224 915J9 6 3254193031899999999999999 0531621237 6899999999999999
161138138161200242275287273235182123 75 48 50 8213820627231933732328322524 916J9 65828720 433799999999999999 1291351326 4599999999999999
167124107121161216271309317293241174105 53 30 43 8915823630334234631525724 917J9 745318203634999999999999999 2 310714 9 3099999999999999
188126 87 83114171240301337337301237160 89 41 28 5411219027032935433929024 918J9 82934221 735499999999999999 237 811449 2799999999999999
219144 85 59 70117188264326354343296225146 79 42 43 8114822829934334931524 919J9 913355213835199999999999999 312 581529 3899999999999999
252175103 54 42 69128207284338357336283210137 82 59 7311918826131734232824 920J9 95735722 834299999999999999 348 4216 7 5999999999999999
280210134 72 38 40 79145223293337345318264198137 97 8911216122328231932424 921J91043347223832699999999999999 426 341646 8899999999999999
295240172105 56 37 51 9516123229132332329524719314812412515219624628730524 922J9113032723 830599999999999999 5 5 37172612199999999999999
294258205145 92 58 51 7111417323227729929727323619816815516218521925227524 923J91223301233927999999999999999 547 50181015599999999999999
278260226181135 97 75 73 9312917622125527327225823521119318619020422424224 924J91329275999999999999999999999 634 7119 718599999999999999
251247231205173141115 99 9711013617020323125025725424323021720820420721324 925J9 014251151025799999999999999 737 9621 320499999999999999
22022322221420018116013912311511913315618421323725326125824823321620219424 926J9 115223171526199999999999999 912115235519199999999999999
19119420120821321020018316113912211612214217120523726227527426023620918524 927J9 41321318252769999999999999911 0116999999999999999999999
17016717519221122723222420317314211710511013216821125128029128325822318724 928J9 55423219 529199999999999999 047166121310499999999999999
158145149169199229251256242212172132102 9110213418023127429830027924119524 929J9 647256193430299999999999999 11614413 1 9199999999999999
155129125143178220257277275250208158114 86 8310615020625929731029626020924 930J9 724279195931099999999999999 1411241337 8199999999999999
158121106117152201250286298283245191136 94 76 871241792392883133092772262410 1J9 757298202131599999999999999 2 410614 8 7699999999999999
168120 93 94123173232282309308278227167114 81 781051552172743103162922442410 2J9 827313204231899999999999999 227 901436 7699999999999999
183126 87 76 96142203264307321304261202142 97 80 941351932543003183032612410 3J9 85732121 331899999999999999 250 7615 3 8099999999999999
201138 89 66 74111170235291321320289236175122 92 921211722322843133092752410 4J9 927324212431599999999999999 314 651530 8899999999999999
220156 99 64 59 851362002633073223062652091531141001151562102643003082852410 5J9 958322214530999999999999999 339 57155810099999999999999
238177117 72 55 671061652282823113112842391861421171191461912412823002892410 6J9103031522 730099999999999999 4 5 55162611599999999999999
252197139 89 61 59 851331922482893042932612171731421321451772192602842852410 7J911 4304223128899999999999999 432 56165613299999999999999
260216163112 76 63 751081572112572842882722412041721541541712022362632722410 8J91142290225727299999999999999 5 2 63173015199999999999999
260229186140101 79 76 941291732182522702712552312041831731761922152382522410 9J91230273232825499999999999999 537 75181417299999999999999
251234205169133106 91 93110140176211239254257249233216201193193201213226241010J91343257999999999999999999999 623 90192819299999999999999
232229216195169143121108107117138166196222241252254247235220206197194198241011J9 013233154025499999999999999 737106215419499999999999999
205212215213203186164142123112112124147177209239261271268253230206185173241012J9 2 7215171627199999999999999 930111233317199999999999999
172182198214226226214190160130106 96103127164207249279293286262226188157241013J9 43322718102939999999999999911 7 96999999999999999999999
141144165196229253259246214171127 92 75 83114162218270304313295256205155241014J9 550260185031399999999999999 0201401212 7599999999999999
119107121158207255288294273229172116 74 58 72114175242296325322289233168241015J9 645295192532899999999999999 05710713 2 5899999999999999
112 79 77108164229287322323291234166102 61 52 77130201271320337317266195241016J9 732326195733799999999999999 132 741346 5199999999999999
123 68 45 59107179256317347339296229155 92 58 59 96159233298335334296229241017J9 817349202933999999999999999 2 7 441428 5499999999999999
151 79 32 24 54117200280338359340289217145 90 67 80126193263316335316263241018J9 9 135921 033599999999999999 243 2215 8 6799999999999999
188109 45 12 18 62135220297345356329274205141 98 88111161225284319320286241019J9 946357213132499999999999999 321  91548 8799999999999999
225149 77 26  8 27 79155236303339340309256195144115116144193247291308294241020J9103134422 430899999999999999 359  8162911299999999999999
252190121 62 25 20 47102173243297322317286240192154138145174215256283286241021J91119323223728899999999999999 440 18171113799999999999999
263220164108 63 40 43 73124184241282298292266230195170161170194224250263241022J91212299231326399999999999999 523 38175916199999999999999
257233196152110 78 64 71 98140188231262275270253229204187181186200218232241023J91314275235623799999999999999 611 6419 218199999999999999
237230212185154125103 93 98117148184217242256258249234216201191189193201241024J91439259999999999999999999999 711 92204818999999999999999
209213211203188168147129117116127147174203229247256254242225206190179175241025J9 117213161725699999999999999 83511523 117599999999999999
178187197205208203189170150133124127141166196226250262262249227200175158241026J9 3522081729264999999999999991016123999999999999999999999
152158173194213225224211188161136121120135163198234261274269248216180149241027J9 528226181427499999999999999 0 1152113411999999999999999
131130145173206234248246227196160129112113134169212251277283267234191149241028J9 623250184628399999999999999 035128122611099999999999999
118106116145187229260272262233191149116103112143187235272290283253207156241029J9 7 3272191329199999999999999 1 310613 610399999999999999
113 88 89114159212259287290268227177132104100121163214261290293270225169241030J9 737292193729599999999999999 129 851339 9899999999999999
115 78 67 84127185243288307297262211158116 98107141191244284298284243186241031J9 8 930720 029899999999999999 153 671410 9799999999999999
126 77 53 59 941512162743093152912451891381061021251692232712972932602062411 1J9 841317202329999999999999999 219 52144010099999999999999
143 86 49 41 651151812482983203112752221671241061161502012522882962742272411 2J9 912320204629799999999999999 244 4015 910599999999999999
165103 55 34 44 831442132733113182962521981501191151371802302722922832462411 3J9 944319211129399999999999999 311 33153911399999999999999
189127 72 38 33 591091742392893123062752291791411241321632072512802842592411 4J91017313213728699999999999999 340 32161012399999999999999
213155 97 54 35 45 811361992562933042882542101691421361531862272602752652411 5J9105330422 727599999999999999 410 35164513699999999999999
232183128 80 50 44 631041592162622882902712382001681511531722032352572612411 6J91135292224026299999999999999 444 43172514999999999999999
243207161115 77 57 59 831241742222582762752582302001761641671842082312442411 7J91225278232224599999999999999 525 55181716399999999999999
242223191153115 86 72 77 991351772172482642652532312071861751741842002162411 8J91333267999999999999999999999 616 72193317399999999999999
226225212189159129104 90 911071351712072372572632572402171941761681701812411 9J9 026227145926399999999999999 727 89211716899999999999999
196210217214201178151124105 99106128160197232258270267250222191165148145241110J9 216217161827199999999999999 859 99224214599999999999999
156177201221231225206176143115 99 99117151192234267282278254217175138116241111J9 4102311717283999999999999991029 97233711299999999999999
114131164203238257256235199156118 93 90109148197246282296284249198145102241112J9 52825918 2296999999999999991139 89999999999999999999999
 79 83113162216263288287260214162115 87 85109155212264298303279230167106241113J9 627291184130599999999999999 021 771235 8299999999999999
 61 44 60105170237290317311275221160110 84 87118172232283309302263201129241114J9 719318191831099999999999999 1 1 441324 8199999999999999
 65 25 19 49109185260314336323280218155107 86 97137195254298311290238166241115J9 8 7337195331199999999999999 140 1714 9 8699999999999999
 91 31  0  7 50121204280330344323274210150109 96115160218272304303269207241116J9 853344202930899999999999999 220 -21453 9699999999999999
133 61  9-10  9 62139223293334340312261200146115112137184238282300286242241117J9 93934221 530099999999999999 3 0-10153610999999999999999
178106 42  2 -5 23 82159237297328326294244190146125130159204249281286263241118J91025331214228899999999999999 342 -7161912399999999999999
216154 89 37  9 12 46105177244293314306274229183150137147176215251270267241119J91112314222127299999999999999 424  617 313799999999999999
239193138 84 44 26 37 73128191246283296284255217180156149161187217243253241120J912 029623 425399999999999999 5 8 26175014999999999999999
244218177132 89 60 51 65 99148199243270277266240209181162158168188210227241121J91252278235423399999999999999 554 51184615899999999999999
233224202170135103 82 78 92122161202236257262252232206183167162167180196241122J91349262999999999999999999999 644 77195716299999999999999
209215210195173146122106103113137168201229247253245228205183165156157165241123J9 1 5215145425399999999999999 745102212715599999999999999
179193203206199184164143127121127144169198225243250244227203177155142139241124J9 24820616 125099999999999999 9 1121224513999999999999999
147163183201212212201182160141131132146169198225245252244223194163136120241125J9 4302131658252999999999999991025130233811799999999999999
118131155184211228231220198171147132131145171203232252255242214177139109241126J9 5432321743256999999999999991134130999999999999999999999
 95 99122157196230250251235207173144128128147178214244260256233195149108241127J9 635253181926199999999999999 016 94122712699999999999999
 80 73 88123171218255272267243205166135122128154192230257265250215166116241128J9 716273185126599999999999999 049 72131012199999999999999
 75 54 59 88137194245279289274240195153125119135169211248268264235187132241129J9 753289192026999999999999999 120 53134711899999999999999
 80 46 37 56100159221271298297271227179139118122148190233264272253211155241130J9 828301194827399999999999999 150 36142111799999999999999
 96 50 26 30 641201872492913072942582091611281171321682132522732682351822412 1J9 9 2307201827599999999999999 220 24145411799999999999999
121 65 27 16 35 821462142713033062832401891461221231481892342662742552112412 2J9 937309204927599999999999999 252 16152811999999999999999
153 92 42 15 17 491051732382853062982662201731371231341662092482712672372412 3J91013307212227399999999999999 325 1216 312399999999999999
186126 70 29 14 28 691301962542913012852492031611341291471822232552672542412 4J91051302215926799999999999999 4 1 14164212899999999999999
217164107 57 26 21 44 911522142632912922712341911551361371591932282522572412 5J91134295224225899999999999999 441 20172513499999999999999
238200149 98 55 33 36 631111692242662852822592231841541391431641942242432412 6J91220287233224699999999999999 524 31181613899999999999999
244225189144 99 64 47 54 821271792282632782722492161801531391421601862132412 7J91313278999999999999999999999 613 47191813899999999999999
230232217188149110 80 67 73 981381842272582712652442111771481321321461712412 8J9 037234141227199999999999999 712 66203113099999999999999
197218226219197165131102 87 901101441852242532672622402071701371171131252412 9J9 2 2226151426799999999999999 822 86214411299999999999999
151182211228230215188155125106102116145183222252266260236199156118 92 86241210J9 336231161426699999999999999 9421022249 8699999999999999
100131171210239249240215180145120110119145183223254268260231186136 92 63241211J9 5 224917 92689999999999999911 11102344 5699999999999999
 57 76116167218256272265239199159127113120147186228260271257221169111 62241212J9 6122731758271999999999999991210113999999999999999999999
 33 32 58109171231275294286255211164129113122151194237267273252207147 84241213J9 712295184427499999999999999 033 2913 911399999999999999
 34  8 13 50110182248294311299262212163127113126160206249274273243190124241214J9 8 4311192727799999999999999 120  614 111399999999999999
 59 11 -8  5 51120197264307319301259206156123115133172219259278268230171241215J9 853320201027899999999999999 2 6 -9144711499999999999999
102 40 -3-14  9 63136214277314318293247193146120119144186232267277259214241216J9 938320205227799999999999999 250-15153111699999999999999
152 84 27 -7 -9 23 82157230286313309277229177137119126157200242269270245241217J91021315213427399999999999999 333-12161211899999999999999
196134 71 22 -2  6 45107179245290306293257209162130121136169210246265258241218J911 2306221626599999999999999 415 -3165212199999999999999
227178119 64 26 13 30 74135201255288293272234189149126125145178215244254241219J91141294225825499999999999999 455 13173312399999999999999
242209162110 65 38 36 60105162218260280276251213172141126130152182214235241220J91218281234324099999999999999 534 34181512599999999999999
239224192151107 74 58 64 92135185229259269257230195160136127134154180206241221J91256269999999999999999999999 613 5719 312699999999999999
222223209181147114 90 83 94121159199233252254240213181152132126132149172241222J9 035225133725699999999999999 655 83195912699999999999999
194208210199179153128112109120143174205230243241225200172145127120125139241223J9 140211142224499999999999999 74410821 612099999999999999
160181197204200186167148135131138156180204224233230215192164137118108111241224J9 3 7204151623499999999999999 851131221610899999999999999
125147172194207210202186168153145147159179200218227224209184154125102 91241225J9 44421016162289999999999999910181452316 9199999999999999
 95112139171200220227221205183163150147157176198217226222204175140106 81241226J9 6 22271713227999999999999991141147999999999999999999999
 71 78102139179215240247239217189163146142153175201222230222198161120 82241227J9 65724718 223099999999999999 0 5 71124414299999999999999
 57 51 67101147196237261265249220185154136136153181211232237221188142 95241228J9 741266184423799999999999999 047 51133013499999999999999
 56 34 36 62108164219260280276251213172141127134159194226245242216172119241229J9 819281192324699999999999999 126 32141012799999999999999
 68 31 16 28 67123187243281292278243198155127121138172211243255243206153241230J9 85629220 025599999999999999 2 3 16144612099999999999999
 95 43 10  4 29 79145212266296297271228178137115119147188230259263240193241231J9 932300203926599999999999999 241  3152111499999999999999
