157114 73 42 29 39 6911115719822021920017314512110710812214617419820920124 1 1KG102622222 620999999999999999 4 4 29162610599999999999999
175140104 72 51 48 65 9613617520521520618415913411410510912514717119019424 1 2KG1059215224819599999999999999 438 4617 910599999999999999
183159131102 78 66 70 9012015418620520719417315012610910310812214116217724 1 3KG1135208234018099999999999999 515 6618 110399999999999999
179169152131109 92 86 93111137166190201198185166143120104 9810111313015024 1 4KG1217202999999999999999999999 557 8619 6 9899999999999999
164169165154139122109105111125146170189197194182162138113 96 87 88 9811724 1 5KG 058169131019799999999999999 6521052025 8799999999999999
139156167170166154138125119122132149171188196194182160132104 83 71 70 8224 1 6KG 256170141719699999999999999 8131192135 6999999999999999
104131156174184182170152137127124132149171189200198184157123 90 64 50 4924 1 7KG 421184152420199999999999999 9451242232 4799999999999999
 65 94130164190202200184163141126121129148173196209206187153112 72 41 2524 1 8KG 52020316212109999999999999910551212321 2499999999999999
 28 51 90136179209222215194166138120115125150181208222216189147 97 51 1624 1 9KG 6 82221713222999999999999991149114999999999999999999999
  2 11 43 92148198230238225196161129109108124155192223236224189137 80 2824 110KG 65223918 223699999999999999 0 7  2123610699999999999999
 -7-17  0 42101165218248249227191150116 99102126164207240249229184125 6224 111KG 733252184925099999999999999 052-171319 9799999999999999
  8-25-28 -2 49117185237259251222179136102 8910013117522225425722717411024 112KG 812260193526099999999999999 136-3114 2 8999999999999999
 45 -7-34-29  7 65137206251263245209163119 89 8210113718623326225621816124 113KG 851263202126499999999999999 220-361444 8299999999999999
 97 34-13-31-16 26 88160224258257231191145102 78 7910314319323926024620424 114KG 92826121 626099999999999999 3 3-311527 7599999999999999
148 88 31 -7-15  8 54116183235255243212172127 88 70 7810514619523524822824 115KG10 4255215224899999999999999 344-161611 7099999999999999
187137 85 38 11 14 41 86143201238244225193153111 78 67 7810514418922222724 116KG1041246224122999999999999999 425  91658 6799999999999999
206172132 90 55 39 49 77117166210233228206175138100 72 66 7710213717520124 117KG1118234233620699999999999999 5 6 391749 6599999999999999
204188164135103 79 73 85109141179210221212191163128 93 70 65 74 9412415724 118KG12 0221999999999999999999999 548 731850 6599999999999999
178183177164145123108105115132155182202207199181156124 92 70 62 66 8110724 119KG 049184125020899999999999999 63910520 9 6299999999999999
137159171175171160145134130133142158177192198193179155123 92 68 55 54 6624 120KG 3 117514 119899999999999999 7591302135 5299999999999999
 91121149170182185178165152143139142153169185195194182157124 90 61 43 3924 121KG 44518515281969999999999999910 71392244 3899999999999999
 52 78114150179196200193177158142133134145164184199201188160123 83 48 2824 122KG 55020116392029999999999999911271322339 2499999999999999
 25 41 74117161194212213201178153132122124140164191210211193159115 70 3224 123KG 6352151734213999999999999991218121999999999999999999999
 13 15 39 80131179213226220199169138117110119141173205223219193151101 5124 124KG 7 9226182022499999999999999 024 11125611099999999999999
 15  1 13 46 96153201229232216186151119102102120151188221234221185135 8024 125KG 73823419 023499999999999999 1 2  1132810099999999999999
 32  1 -2 21 65121180222239229202166129101 9110212916620723523821316811324 126KG 8 5239193624199999999999999 137 -41357 9199999999999999
 58 15 -4  6 40 92152206237238215180141107 86 8810914318522324223219514424 127KG 831241201024399999999999999 210 -51426 8499999999999999
 89 39  7  2 25 69126184227241226194155117 88 79 9112116120223323921517124 128KG 857241204224199999999999999 240  01455 7999999999999999
119 69 28 10 19 54104161211238234206169130 96 77 7810113617621323322519224 129KG 922240211323499999999999999 3 9  91525 7599999999999999
146 98 56 28 25 48 89140191227236217182144108 81 72 8411214918721622320324 130KG 947236214522499999999999999 337 231555 7299999999999999
167126 86 54 40 50 81124171211230222194158123 92 73 74 9312215719020920424 131KG1012231222021099999999999999 4 5 401628 7199999999999999
180148114 84 63 62 82114153192218222203172139107 82 71 7910012815818419424 2 1KG1038223225919499999999999999 433 6017 3 7199999999999999
184163138113 92 82 90111140172200213206183155126 98 78 73 8310212615217224 2 2KG11 9214235117899999999999999 5 5 821746 7399999999999999
177169155139122108105116134156179197202190169145119 94 78 75 82 9611613924 2 3KG1146202999999999999999999999 5431051844 7499999999999999
157164163159150139129128134145159176188190181165144119 95 78 71 73 8210024 2 4KG 118165123719199999999999999 6381272017 7199999999999999
123145159169172168158148143142145154167180184181170151124 96 73 59 54 6124 2 5KG 4 117214 418499999999999999 8461412157 5499999999999999
 81109139164183192189177161147137135143159176188192183162130 94 62 39 3024 2 6KG 514193155019299999999999999104413523 4 3099999999999999
 38 63100142179205215208188163140124121132154180202211202174132 86 43 1424 2 7KG 6 321517 22119999999999999911441202357  399999999999999
  4 16 51100155201230236220189154123105105124156193223234219182129 71 2124 2 8KG 6442371757234999999999999991229102999999999999999999999
-12-18  3 50112176228253248221179135100 84 92121164211246255231182119 5424 2 9KG 721254184625699999999999999 044-191311 8499999999999999
  0-30-29  3 61133204252267249210159110 75 66 8412317723126726823317510624 210KG 755267193127299999999999999 127-341350 6699999999999999
 38-14-37-25 19 85163232270269237189133 83 53 54 8213019124827826722316124 211KG 828274201527999999999999999 2 9-371429 5099999999999999
 92 28-17-28 -4 48118195253274257215162105 59 38 49 8514020325627525420624 212KG 9 0274205727599999999999999 248-2815 8 3899999999999999
146 83 27 -5 -2 31 86155222263264233187134 80 41 32 52 9314820925125823024 213KG 931268213926099999999999999 325 -81548 3199999999999999
185134 81 38 22 37 74126186237257242205159109 62 34 35 6010115320423423124 214KG10 2257222323799999999999999 4 0 221628 3199999999999999
204168128 88 61 59 80115159205237239214178137 93 55 38 45 6910615019020824 215KG1033242231120899999999999999 434 561711 3899999999999999
201181158131104 92 98119146179209223214189159124 88 59 49 57 7610513916824 216KG11 6224999999999999999999999 5 9 9118 1 4999999999999999
180177168157141127123132146163183199203191172150122 93 71 62 65 76 9612224 217KG 014180114320399999999999999 5461231914 6299999999999999
144157164167165158151149152156163173181183177167151129104 84 70 65 69 8324 218KG 311167124118399999999999999 64914921 7 6599999999999999
104126146163175179176170163156152152157164171175173162141116 91 69 57 5624 219KG 5 117915121759999999999999910301512234 5599999999999999
 68 90119149174191196191178162146136134141155172184187176152121 88 59 4224 220KG 55819616411879999999999999911421342332 3999999999999999
 41 57 86125164193209208196173148127117119133157184202203187156116 74 4124 221KG 6292101735205999999999999991219116999999999999999999999
 26 31 55 95143187215223212188156125105100111137171203221216189148 99 5424 222KG 654223181722299999999999999 015 25124710099999999999999
 23 15 30 66117171213232227204169131100 86 92114151192225235218180130 7724 223KG 716233185223699999999999999 050 141312 8699999999999999
 32  9 14 42 90148202235239219184142103 78 75 9312717221624324020916110624 224KG 738241192424699999999999999 120  81338 7399999999999999
 53 17  7 26 68124184230247233198155111 77 62 7310414819723725123218913524 225KG 8 1247195525199999999999999 149  714 4 6299999999999999
 81 35 12 19 52103163217247244213169123 82 57 57 8112217121924824521216324 226KG 823250202425199999999999999 217 111430 5399999999999999
110 62 28 21 44 88143200241250226184137 92 59 47 61 9614319323324622718624 227KG 845251205424699999999999999 243 201457 4799999999999999
138 91 52 34 44 78127181227248236198152107 67 45 48 7411516320823523220224 228KG 9 7249212423899999999999999 3 9 331524 4399999999999999
161119 81 55 53 76116163209239239210167123 82 52 42 58 9113317721322521024 229KG 930243215522599999999999999 334 501552 4299999999999999
178143109 81 70 81111149189222235218181140101 67 47 50 7210614418120620724 3 1KG 955235223120999999999999999 4 1 701623 4599999999999999
187161135110 93 93112140172202221218192156121 88 62 52 62 8511414617519024 3 2KG1023223231519199999999999999 429 9117 0 5299999999999999
186170154137121113120138159181200208197171142114 87 67 62 72 8911113716024 3 3KG1055208999999999999999999999 5 31131748 6299999999999999
171170165158149139136142153164177189191180161141118 95 77 70 73 82 9711824 3 4KG 023172114019299999999999999 55113619 7 7099999999999999
140156165171173168160154153153156164174178175166153132108 85 70 62 63 7524 3 5KG 34817313 417899999999999999 8111532128 6199999999999999
 97124150172189195189177162149140139147161174183184174151120 88 60 42 3724 3 6KG 5 019515371859999999999999910391382247 3799999999999999
 50 78116157192214218206183156132117117131155182204211199169127 81 42 1724 3 7KG 54521916552119999999999999911321152341 1199999999999999
 12 31 70122176219240237212176136105 90 95121159200232240221180125 68 2024 3 8KG 6212421749241999999999999991213 89999999999999999999999
 -6 -5 24 76142205248261243204154106 72 63 79118171224260264234181116 5224 3 9KG 654261183626699999999999999 027 -91251 6299999999999999
  3-19 -7 34 98172236271268235183124 72 41 42 7112318824828127523417310424 310KG 725274192028499999999999999 1 9-191329 3899999999999999
 39 -5-16  7 59130207263282260212152 89 39 18 31 7313520626628927122216024 311KG 75528220 228999999999999999 148-1714 6 1899999999999999
 93 34  1  4 38 96168238278275237181118 57 15  7 32 8214922127128125320424 312KG 825282204328399999999999999 225 -21444  599999999999999
146 87 40 22 38 78136203257275252205148 87 33  4  9 43 9616222626225922724 313KG 855275212426599999999999999 3 1 221521  299999999999999
184136 89 58 55 79120172225259255221173120 66 23  8 23 5911017021924022924 314KG 92426222 524099999999999999 334 531558  899999999999999
201168132 99 84 93120155196232244226189146101 58 28 25 44 7712116820221024 315KG 954244225121199999999999999 4 6 841638 2399999999999999
199181160136117115128150176203221218196164131 95 63 45 47 64 8912315617824 316KG1023223235018299999999999999 4381141723 4499999999999999
182178170160147139142153165180194199191173152128102 79 67 68 76 9311613824 317KG1055199999999999999999999999 5121391828 6699999999999999
154163168170168163160160162165169174175171164153137118 99 86 79 79 8710224 318KG 3 0170114217699999999999999 6151602033 7899999999999999
121139156171179181178172164156151150153158164167165153135115 95 79 71 7524 319KG 44618115 81689999999999999910381502210 7199999999999999
 89110137163184195195187172154138130130138153170182182170148120 91 68 5824 320KG 532196163118499999999999999113012923 9 5899999999999999
 63 81111148181203210203184158132114108115134161188203200182151113 76 5124 321KG 55821017222049999999999999911571082350 4599999999999999
 45 57 85126171205222218199169134105 91 93111143180211222211182141 96 5724 322KG 61922218 0222999999999999991221 90999999999999999999999
 37 39 63103153200229233215183142104 78 73 88119162205233235212172123 7524 323KG 639234183423899999999999999 023 351245 7399999999999999
 41 30 46 82132186228244231198155110 73 57 65 9413818823124923720115210024 324KG 7 124419 524999999999999999 053 301310 5799999999999999
 56 32 36 65112169220249245214170120 76 48 46 6811016321625025322618112924 325KG 723251193525699999999999999 121 301335 4399999999999999
 80 45 36 55 96150205246254230186135 85 47 32 46 8213319023825824420615824 326KG 74525520 525899999999999999 149 3514 1 3299999999999999
109 67 45 52 84132187235257243203151 99 54 28 29 5710316021425025222518324 327KG 8 7257203425599999999999999 215 441427 2599999999999999
137 94 63 58 79119169218250250218169117 69 33 22 38 7712718322924823520224 328KG 83025521 424899999999999999 242 561454 2199999999999999
162122 88 72 81111153198235249229186136 89 49 25 28 56 9914819823123421224 329KG 854249213723699999999999999 3 8 711523 2399999999999999
181147116 93 90110142179215237232200156111 71 40 29 44 7611716120022021324 330KG 921239221322099999999999999 336 881555 2999999999999999
191166141119107115137165193218226208173134 98 65 44 43 62 9112516219120124 331KG 950226225920199999999999999 4 71071632 4099999999999999
193178162145130127138156175194208207186156126 97 71 56 58 73 9512215117424 4 1KG1026210999999999999999999999 4441261721 5599999999999999
182180176168157148146152161171183192188174154132108 85 71 68 75 8810813324 4 2KG 013182111619299999999999999 5401461842 6899999999999999
155170180185183174164157153152156165175178175166150127102 82 69 65 70 8824 4 3KG 318185125817899999999999999 8461522058 6599999999999999
115144171192204202190172154139131133146164180190189175148116 84 60 47 5024 4 4KG 42520515271919999999999999910161302219 4699999999999999
 71105145185214226220197167136112102109131162193214218200166123 79 45 2824 4 5KG 5 822616402199999999999999911 61022315 2899999999999999
 34 62107160209240246227191147105 77 71 88123170215243245220176121 69 3124 4 6KG 5442471734248999999999999991146 71999999999999999999999
 16 29 67123186238263256222171115 68 43 45 74124185240269265230176115 5924 4 7KG 616264182127299999999999999 0 2 161225 4099999999999999
 23 16 38 86151217264275251202141 79 32 14 28 7113420426228627122817010724 4 8KG 64727619 628699999999999999 044 1413 3 1499999999999999
 54 26 29 61116184246280272232172106 44  3 -3 24 7714922327528826321716024 4 9KG 719282194828999999999999999 123 231340 -599999999999999
102 57 40 54 94151215266280254202139 73 17-12 -5 32 9216623527627624620224 410KG 750280202928099999999999999 2 1 401418-1399999999999999
150101 68 65 88129183238270264225170110 49  4-11  7 5011018023826325322324 411KG 821273211026399999999999999 237 621456-1199999999999999
186143105 87 95122160206246258237194142 88 37  6  4 28 7212818722824022624 412KG 852259215224099999999999999 311 871534  199999999999999
202173141116111125150182216238235207167123 78 40 21 28 53 9213918421021424 413KG 923241223821599999999999999 3451101613 2199999999999999
202186166144131134148167190211219208181149115 80 54 45 54 7510614217318924 414KG 956219234119299999999999999 4201311658 4599999999999999
191186178165153148151160171184195195184166143118 93 75 69 74 8911013615824 415KG1032197999999999999999999999 5 31481759 6999999999999999
171178180178171164160158159163169174175170162148130111 96 87 85 9210712624 416KG 2 1180113517599999999999999 7 71581941 8599999999999999
146163176184185180172163153147146149156163169169161146128109 94 86 8810024 417KG 336186143417099999999999999 9421462117 8599999999999999
119142166185196196187173154137127126132145163178184177161138113 90 79 8124 418KG 42919715581849999999999999910401252222 7899999999999999
 95119149180202209203187162135114104108122147174196202192170139106 81 7024 419KG 5 1209165220299999999999999111410423 8 7099999999999999
 76 97129168201220219203174140108 88 84 97124159195216218200169131 94 6924 420KG 5282221734220999999999999991142 832345 6399999999999999
 64 79109151193224233220190151110 78 64 71 97136181218235227199160116 8024 421KG 55223418 92369999999999999912 9 64999999999999999999999
 62 66 92132179221242236207165118 76 50 48 6910815820724124722719014510124 422KG 616243184324899999999999999 018 611236 4699999999999999
 70 62 79114162210244249226183133 83 46 31 43 7712818423225624821717412824 423KG 640251191425699999999999999 049 6213 3 3199999999999999
 89 68 72100144194237255242203151 98 51 23 22 49 9515321125125923920215724 424KG 7 5256194626099999999999999 119 661331 1999999999999999
114 82 74 91127174222253253222173118 66 27 12 26 6411817923225825222318424 425KG 730257201825999999999999999 149 7414 0 1299999999999999
142105 85 89116156201240255237194141 88 42 14 14 40 8614220024225323620524 426KG 757255205125399999999999999 218 831430 1099999999999999
168131103 96111142180220246244212165114 67 29 13 26 6010716221123923821724 427KG 826249212724299999999999999 249 9515 3 1399999999999999
189157128110113133163197228240225187141 97 56 28 24 43 7912317221122822024 428KG 85824022 822899999999999999 3211081539 2299999999999999
201179154131123131152176203224225203167128 90 56 37 39 60 9213017120121224 429KG 93422823 221299999999999999 3581231622 3599999999999999
206193176157141137145160178198211208187158126 94 66 51 55 71 9612816318824 430KG1019212999999999999999999999 4461371718 5199999999999999
199199193182165152147149157169185196194181161136107 82 67 65 73 9212015224 5 1KG 028200112319799999999999999 6 51461839 6499999999999999
178194202202192175158146140141151167182189186175154126 98 78 67 69 8411024 5 2KG 227203131318999999999999999 8201402022 6799999999999999
144176201215215202179153131118117128150175194202196176146112 83 65 62 7624 5 3KG 33321715 620299999999999999 9371162141 6199999999999999
105145185216232228207173136105 88 88106138176208224220198161120 83 60 5724 5 4KG 4192331619225999999999999991030 862240 5699999999999999
 74109156203237249236202156109 72 55 61 89134185227248242213170122 81 5824 5 5KG 4582491716249999999999999991114 542331 5599999999999999
 57 80122175226257259233186130 75 38 25 41 81138200248267255221173122 8124 5 6KG 53326218 6267999999999999991156 25999999999999999999999
 61 66 96143200248270258218162 98 43  9  5 32 8315021726427725922017012024 5 7KG 6 8270185227799999999999999 016 601236  399999999999999
 83 70 83118168224265273246196133 69 16-10 -3 34 9316523227227625221216424 5 8KG 643274193627899999999999999 059 701316-1199999999999999
119 89 85105143193242270263225170106 45  0-15  3 4711018124127026523920124 5 9KG 718272201927199999999999999 139 831356-1599999999999999
157119 99104128166212251265244200145 85 31 -3 -6 19 6612919424225824722124 510KG 75326521 225899999999999999 218 981436 -999999999999999
188151122113124149184223250249220176125 72 28  6 12 42 8914620023424022724 511KG 829253214524199999999999999 2551131516  599999999999999
205176147129127142165195224238228197157112 69 36 24 36 6610915819922122124 512KG 9 5238223122399999999999999 3331261557 2499999999999999
209191168147137140154173196215220206178145108 74 51 47 61 8812416319320624 513KG 945221232620899999999999999 4141371642 4699999999999999
206197183165151145148158172189201201188167141111 86 70 69 8010313216218524 514KG1031202999999999999999999999 5 71451736 6799999999999999
196197191180167155149148154164176184185178164144121101 88 85 9311113516024 515KG 040198114018699999999999999 6331481845 8599999999999999
179192196192182169156145140142150160170177177169153134115100 9510011513624 516KG 2 0196133117899999999999999 81614020 3 9499999999999999
159181196201197185168149134125125134148164178184180165146124106 9810111624 517KG 3 320115 518499999999999999 9271242113 9799999999999999
139164189206210202183160134114104107121142167188198193177153128107 9710224 518KG 34921116101989999999999999910161042210 9799999999999999
120146176204219218201174142111 89 83 92115146180205214206184155125103 9524 519KG 42622117 1214999999999999991054 832257 9599999999999999
104128160194221231220193156117 83 65 65 85118160199224229214185151119 9924 520KG 4582311742230999999999999991128 622338 9599999999999999
 96112142180215237236213174130 87 55 44 55 8613118022124223821518014311224 521KG 52824018202439999999999999912 0 44999999999999999999999
 96101125161202235247233197149100 57 32 31 54 9715120424125324021017113324 522KG 558247185625399999999999999 016 951232 2899999999999999
106 98112142183224249248220174121 70 32 16 27 6211417322625525623420016024 523KG 628252193225999999999999999 051 9813 5 1699999999999999
124104105127163205241255240201149 94 46 15 10 33 7713519524126025122418824 524KG 7 025520 826099999999999999 1261021339  999999999999999
149119107117144182223251253225179125 72 29  7 14 45 9515421124825624021124 525KG 733256204625799999999999999 2 11071415  699999999999999
176141118115131161198234252242207158106 57 21 10 25 6111217022024724622824 526KG 810253212725099999999999999 2381141454  999999999999999
200168138122126145174208237246227189143 94 51 23 19 40 7712618022223923524 527KG 850246221424099999999999999 3181211537 1899999999999999
217192163138128135154180210233234213176134 91 53 32 34 55 9113618321823024 528KG 93523723 823199999999999999 4 41281625 3099999999999999
225210188162141133139155178204222221201170134 96 63 47 50 6910014218321324 529KG1028225999999999999999999999 5 11331720 4599999999999999
224221208187162141132135147167192209211197173142108 79 63 64 7910714418324 530KG 012224113521399999999999999 6141321826 6199999999999999
210223222210188160137123121131151177198206200183156125 96 78 76 8811214724 531KG 12422413 220699999999999999 7391211940 7599999999999999
184213227227213186154124105100109132163191208210198174142112 92 85 9411824 6 1KG 229229143821199999999999999 8521002054 8599999999999999
152190221236233214180140104 81 74 86114153191217225216192158125102 9310124 6 2KG 322237155822599999999999999 951 7422 2 9399999999999999
124161200232246238211168121 79 53 49 66102150197230241232206170134109 9924 6 3KG 4 824617 2241999999999999991043 4823 1 9999999999999999
108134172214245254238202151 98 53 28 28 52 9715320724425524321417613911324 6 4KG 4522541757255999999999999991130 25235310599999999999999
105117146186228256257232188132 75 30  9 16 4810016322025626324721617613924 6 5KG 5342601846264999999999999991216  8999999999999999999999
116112127159201241262255221171111 55 13 -1 13 5311117723326226424421117224 6 6KG 615263193226699999999999999 0411111259 -199999999999999
137118120139173214250263246206152 93 39  5 -1 21 6612719224126325723420124 6 7KG 656263201526499999999999999 1251161342 -299999999999999
163134121128152186225254258233189135 79 31  5  8 37 8514620524525724522024 6 8KG 737260205625799999999999999 2 61211423  399999999999999
188154131126138164198232252246216171120 69 30 14 25 5910816521524324623024 6 9KG 818253213624899999999999999 24612515 4 1499999999999999
204174146131132148174205233244231198155108 65 36 30 47 8313018122023723224 610KG 858244221523899999999999999 3251291544 2999999999999999
214190163141132138155180207228231213181142102 67 48 50 7210715019222022824 611KG 939232225522899999999999999 4 61321624 4699999999999999
219201178156139135142159181203217215197168135102 76 65 72 9512816519821724 612KG1023219233822099999999999999 45113417 6 6599999999999999
219209191171151138135142157176195204201185161134108 89 83 9311414417620124 613KG1115205999999999999999999999 5451351752 8399999999999999
21421320318616614713513113715016718319219118016214011810410111012915518224 614KG 027215122219399999999999999 652131184610099999999999999
20221221120118316114112712212613815617318518818316915013111811412213916324 615KG 123213135318899999999999999 8 5122195111499999999999999
18720521421320017915413111410711112514616818519419218016214312812312914524 616KG 221215152019599999999999999 9 910721 112399999999999999
168192210219215199172142115 96 89 9511514217019420720619217215013412713224 617KG 31322016262089999999999999910 1 8922 512799999999999999
150174200219226217194161125 95 75 70 8311014518120922221920217815313412724 618KG 3582261718223999999999999991046 69225912799999999999999
135155183211230233217185145104 71 53 54 7511115519722723823020717815013124 619KG 44023418 3238999999999999991127 51234712699999999999999
126138163195225241237212172125 81 48 34 43 7311917121624425023520717314424 620KG 51924218442509999999999999912 7 34999999999999999999999
126126144174210239250237203155104 58 28 21 39 7813218923525825623420116524 621KG 559250192425999999999999999 0301241246 2099999999999999
136123129152187225252256234191138 83 38 13 14 41 8814920825026525522819224 622KG 64025820 426599999999999999 1111221327 1099999999999999
155129122134162201239261257226177120 65 23  5 14 4910316622425926625021924 623KG 722263204526799999999999999 15212114 9  499999999999999
181146124123141173213249266253215163106 53 16  5 23 6312018323626326224024 624KG 8 5266212526699999999999999 2341211452  599999999999999
207170137121125147181221254264244202150 96 47 17 14 38 8113819824426225324 625KG 85026422 726299999999999999 3171201536 1299999999999999
229196160130118126150184223252256232191142 93 50 28 32 5810215621124725624 626KG 938258225025699999999999999 4 41181621 2699999999999999
243218185150124115125149182219244243220183141 97 61 46 54 8212317321924624 627KG1029247233525099999999999999 45511517 8 4699999999999999
248233208176142117110120142174209231230210181146109 80 70 8010514218522324 628KG1128233999999999999999999999 5521101758 7099999999999999
242241225200167132109102109130161194216219207185157126103 9510412515619324 629KG 024244123922099999999999999 6561011855 9599999999999999
224239236220194159123 98 89 9511414517920421421019617314612611812313916624 630KG 119239141121499999999999999 8 6 8920 411899999999999999
197224237234218189151113 86 73 77 9713016719821521921019016614513513614824 7 1KG 219237154721999999999999999 916 73212613499999999999999
171199225238235217184143102 71 56 60 8111816119922323222520518015714314124 7 2KG 32123917 2232999999999999991019 55224214099999999999999
151173201228242239217179134 89 55 39 45 7111316220623524423621518716114424 7 3KG 41924318 1244999999999999991115 39234514099999999999999
141151175206234248242215173123 75 40 26 36 6711617121824725424221718615724 7 4KG 51224918502559999999999999912 5 26999999999999999999999
140138152179213243255244211164110 60 27 18 34 7212718523325825924121117724 7 5KG 6 2255193226199999999999999 0361371251 1799999999999999
148133136155187223252260242203151 95 47 19 17 41 8614520424626325623219824 7 6KG 64826120 926399999999999999 1191321334 1499999999999999
163137128138162197235260260234189135 80 37 17 25 5710816822225626224521624 7 7KG 731264204226399999999999999 1581281413 1699999999999999
181148128127143173210245263253219171118 68 33 24 42 8113419223825925322924 7 8KG 810263211426099999999999999 2341251449 2399999999999999
197163135123130152184221250259239200152103 60 37 39 6611016321424825523824 7 9KG 848259214525699999999999999 3 81231524 3499999999999999
210178147126122135161194228249246220180135 93 61 49 63 9514018923025024424 710KG 925251221525099999999999999 3431211557 4999999999999999
221192161135121124142169200228240229200163125 91 70 70 9012616821023824424 711KG10 2240224524599999999999999 4191201630 6799999999999999
230204176148127119127146173201221225210184153122 97 87 9511915219022123724 712KG1041226231823899999999999999 45911917 4 8799999999999999
23421619116413912211812814717119521020919617515112811110812014317220322524 713KG1128211235423299999999999999 544118174210899999999999999
23122320418115513211811612514216418519719819017615814012913014116018420724 714KG1232199999999999999999999999 638116182712899999999999999
22222421519817414812611311011713215417518819419318417015614714615416818824 715KG 038225141819499999999999999 747110193314699999999999999
207219220211195170143119104 9910412014416818719920419818517016015515817024 716KG 136220155720499999999999999 9 2 9921 915599999999999999
187206217220213195167136109 91 83 8810813616719321221921319818016515615624 717KG 24822117 22199999999999999910 7 83223015599999999999999
167186207222227219196163127 95 72 64 72 9813417320723023622720718316315024 718KG 35522717532369999999999999911 1 64232914999999999999999
151165188213232238226198157114 76 51 44 59 9213818622624925123620817815424 719KG 4512381837253999999999999991149 44999999999999999999999
141145164194225247251234196147 97 54 29 27 50 9314920424726626123720316724 720KG 542252191726799999999999999 0171401234 2599999999999999
141131140167204240264264238191134 78 34 12 17 4910216622626627826323119024 721KG 630267195527899999999999999 1 01311318 1099999999999999
152127122139173216257279272236181119 60 18  2 17 5811918824828128225721824 722KG 716280203128599999999999999 14212114 1  299999999999999
174135114116141181229271288272228168105 48 11  4 28 7714321326628827624424 723KG 8 128821 728899999999999999 2241121442  399999999999999
201155118103113144189239279289263214156 95 44 16 19 5110417023527828526324 724KG 846290214228699999999999999 3 51031523 1399999999999999
226181136104 95112147194244278278248200147 93 50 33 46 8213519725227927224 725KG 931283221728099999999999999 348 9516 3 3399999999999999
244206162120 93 92113148195241267260230189144 99 68 62 8111716521825927124 726KG1018268225327199999999999999 432 891643 6099999999999999
255225188146108 88 91112146190229247239215184149115 94 9611614818822925524 727KG11 9248233125999999999999999 520 861724 9299999999999999
256237209175135102 87 9110914017821122622120618616113612513014617020123024 728KG1212226999999999999999999999 614 86181012599999999999999
245241224199167130101 87 8910212816119120721020619517816115315516518120224 729KG 016246135521099999999999999 722 86191415399999999999999
223233230217196165131102 86 82 9111314417419620921421019718317316917118024 730KG 11523316 121499999999999999 848 82211216999999999999999
196213225227219199169134102 81 72 77 9813016519621722822521319618016916624 731KG 24322717182289999999999999910 8 72225216699999999999999
172188207224231226205173134 98 70 58 64 8812516720523224223822119817616024 8 1KG 4 72321810243999999999999991111 58235315599999999999999
155163182208231242236212174129 87 56 45 55 8512917922224825424321918916224 8 2KG 51024218492559999999999999912 2 45999999999999999999999
146144158184216244255244213168117 71 42 36 54 9214520024226225923920717224 8 3KG 6 1255192126499999999999999 0361431245 3599999999999999
144132137159193231259265245205154 99 55 32 35 6311116922426026925422418724 8 4KG 644266194927099999999999999 1111311322 3099999999999999
151127123138168208248272268237189134 81 42 30 45 8413819924827226623920324 8 5KG 722274201627399999999999999 1421221356 3099999999999999
163130115121145183226263277260219167112 65 38 39 6711417222926627325221724 8 6KG 757277204227499999999999999 2121141427 3599999999999999
177140114109126158200242271271242196144 95 58 45 61 9915020625327326223024 8 7KG 83027521 727399999999999999 2421081457 4599999999999999
191152120104111136173216252269255218172126 86 62 64 9113518623526526724224 8 8KG 9 3269213227099999999999999 3121031525 5999999999999999
205166131106101118149187226253256232194154116 87 77 9212617021625226525024 8 9KG 935258215626599999999999999 3431001553 7799999999999999
217181145115100105128160196229244236209177144115 9810212515919823425525224 810KG10 9245222225799999999999999 415 991621 9799999999999999
22819516113010710111313616619822222821519316914412511913015418421524024724 811KG1047229225024799999999999999 449101165111999999999999999
23420817814912210610611914016619321021120118617015314214315617519822023524 812KG1134212232423699999999999999 530104172614099999999999999
23321719416914312010811012013615918119519819519018016916216417318520021624 813KG1252198999999999999999999999 622107181516199999999999999
22422020718916814312211010811312514516718419420120219618617917717818319424 814KG 010224154220299999999999999 74810820 617799999999999999
207215214207194173147123106 97 9710813015618020121522021420218917917317424 815KG 126215165522099999999999999 933 96222017299999999999999
185199212219218206182151120 94 78 75 8811615118721723624022921018816915924 816KG 3232201744241999999999999991042 74232115899999999999999
161176197219234236221190150109 75 54 52 7210915620324025925723720717615224 817KG 4392371823261999999999999991135 50999999999999999999999
141148171203235256257235194143 91 51 30 34 6311217122726627926623419415524 818KG 534259185827999999999999999 0 61411221 2899999999999999
129123139173215256280276243191129 71 29 12 26 6612719625528929026422017224 819KG 623282193129499999999999999 04612313 3 1299999999999999
130106108135179232278300286242181114 54 15  7 32 8315322628230328824919824 820KG 7 830020 430399999999999999 1251041344  699999999999999
145103 87 99136189249296310285232167101 44 14 18 5311218525630030327422624 821KG 751310203530799999999999999 2 4 861423 1199999999999999
170117 80 73 96141200262303306272217155 94 46 28 44 8714821827830429024924 822KG 83431021 730499999999999999 243 7215 1 2899999999999999
198143 93 65 69 99148209267298289251202148 96 61 57 8212618424528729326524 823KG 916299213829599999999999999 323 631538 5599999999999999
222172120 78 60 73106155212261279264230190147108 88 9512316321225828127124 824KG10 0279221028299999999999999 4 3 601613 8799999999999999
238197152106 73 65 8211415720724325223721318515512912113415919122725626324 825KG1048253224426499999999999999 447 65165012199999999999999
245214180141103 79 77 9211815419221922421720518916915515516618320422724224 826KG1148225232224499999999999999 536 75173015399999999999999
240223200173141110 92 89 9711514317319420320620619918818018018419120221524 827KG1424207999999999999999999999 643 89183217999999999999999
223221212198177150124105 96 9610612715317619420821521420719819118618418924 828KG 018223162021699999999999999 831 95214818499999999999999
198206212212205188163136111 94 87 9311213916919821923022921920418817416824 829KG 23621317252319999999999999910 3 8723 916899999999999999
172183199215223220202174140108 83 73 8010213717621223624523922119617215524 830KG 41422418 32459999999999999911 6 73235315099999999999999
150158177204228241235212177134 95 68 60 7310414819623425525523921017714924 831KG 5122411831257999999999999991152 60999999999999999999999
134136153183219248258245213168118 76 53 53 7611817122225726725522618915124 9 1KG 556258185526799999999999999 0241331229 5099999999999999
125118130158198240267269244201149 97 59 45 57 9214420225027426924220316024 9 2KG 633271191827599999999999999 05211813 1 4599999999999999
124106110134173220262280268232181126 78 49 49 7512117923627327925721817324 9 3KG 7 7281194128199999999999999 1181051330 4599999999999999
130101 94112147194243278283256210157104 65 51 6610415821626428326923318724 9 4KG 73828520 328399999999999999 145 941358 5199999999999999
141104 85 93123167217262284272234185134 90 64 66 9514119624928027824720224 9 5KG 8 9284202628499999999999999 212 851425 6199999999999999
155113 84 80101140188237272277251209162118 86 75 9313118023026928025821624 9 6KG 839279204928199999999999999 239 791452 7599999999999999
170126 91 75 85116159207249269259226186146112 93 9812616721225327426422924 9 7KG 9 9269211127599999999999999 3 7 751518 9299999999999999
185142105 80 78 9913417621925025523520317014011711212816019723426026323924 9 8KG 941256213526599999999999999 335 76154411199999999999999
200160123 93 80 8911414918722123923421318816414313113715818621524125324224 9 9KG101524022 225399999999999999 4 6 80161213199999999999999
212177144114 92 8810312715618721322221319818316815515116218020022123623724 910KG1057222223323999999999999999 442 87164415199999999999999
219192165139114 9910011213115317819720320019518918017217318019120221422224 911KG12 1203231522399999999999999 528 98172917199999999999999
21920418516614412210910711212314016118019119820420419819018718718819220024 912KG1532205999999999999999999999 642107194318799999999999999
20820820219217715613311510510010512014316819020922222321520219017917317524 913KG 031209163922499999999999999 9 4100221717399999999999999
185198208213210196171141113 91 79 8110013116720223124524322620317915915024 914KG 3122131721246999999999999991021 7823 715099999999999999
156174198221236235216182141101 69 54 60 8612917922625826825522619015513124 915KG 4292381755268999999999999991115 53234712599999999999999
125139170208243264261233187133 82 46 33 47 8514120325628428325621216412324 916KG 52326618272879999999999999912 0 33999999999999999999999
100103129173225270291280240183120 64 29 23 48 9916623528530228524218613024 917KG 610292185830299999999999999 024 981241 2199999999999999
 88 72 86126184247295311288238173106 51 23 29 6512619926730730627121515324 918KG 654311192831299999999999999 1 1 721320 2199999999999999
 95 57 52 79131198266311316283226161 97 50 33 51 9616123429231429324418324 919KG 737319195931499999999999999 139 501358 3399999999999999
119 64 36 44 82141213279314306266212152 96 61 58 8513419726230330326721224 920KG 819316203030899999999999999 217 351435 5599999999999999
151 90 44 29 48 92153223280301284245198148105 84 9312517222727629727823424 921KG 9 130121 129799999999999999 255 291511 8399999999999999
181126 73 38 36 6110616422526827625622418915112211513116220124327427524724 922KG 944277213227999999999999999 335 33154611499999999999999
205159111 69 47 53 7911916821724524623021018616114514716418821624325724724 923KG103124822 525799999999999999 417 46162114499999999999999
218184148110 79 67 74 9512616419921721821220419017616917418519821522923224 924KG1133219224123399999999999999 5 4 6717 216999999999999999
220200176150121 98 89 9210412515317819320120620620019318918919019320020724 925KG1435207233820999999999999999 611 89183018899999999999999
20820319418116113911910610110411713816018019721021621420619818818017718024 926KG1610216999999999999999999999 81010122 117799999999999999
186193199201194178157133113 99 9610512515118020622322922421119317416015524 927KG 24520117 222999999999999999 945 9623 015599999999999999
160173191208217212194168136107 88 84 9612115619322424024022720317515013624 928KG 4 92171732242999999999999991045 84233313399999999999999
135148172202226236227203167127 94 75 76 9513017421724525424321818314812224 929KG 5 12361755254999999999999991128 73235911499999999999999
114123147184222247252234200155111 77 65 7610615120224426325823419615311724 930KG 54125318172649999999999999912 2 65999999999999999999999
 98100121159204245266259230186136 92 66 65 881291822342672712492111641202410 1KG 615267183827399999999999999 024 961232 6299999999999999
 89 81 97131179230267276256215166115 77 63 771121622182622792642271781292410 2KG 64727719 127999999999999999 049 8013 0 6399999999999999
 88 68 75104151205254281274241194144 99 72 731001451992502802762431941422410 3KG 718282192328299999999999999 115 671328 6999999999999999
 95 63 58 80122176231272282261220172126 91 79 951321812332722812572111582410 4KG 748283194628299999999999999 141 571355 7999999999999999
108 68 50 61 95145201251277271239197153115 93 971241662142572782672271762410 5KG 81827920 927999999999999999 2 8 501422 9199999999999999
125 81 53 50 741171692212602702502161781411141061221561972382672692401942410 6KG 848270203327299999999999999 235 48144810699999999999999
145100 65 50 62 941391882322562522271961651381221271511832182492622472092410 7KG 919258205926299999999999999 3 4 50151612199999999999999
164123 86 62 60 801151561982312422302071841611431391511752012282462452202410 8KG 955242212724899999999999999 335 57154513899999999999999
183146112 83 69 75 981281631972192222111961821671561581721892072242322232410 9KG103822322 123299999999999999 411 69162115599999999999999
198168139112 90 82 90108131158185202205201196189179173175182191201211214241010KG1147205224821599999999999999 458 82171417299999999999999
205187167146123104 95 98107123145169187197204207203194185181179179184193241011KG1459207999999999999999999999 613 95202817899999999999999
199198191180162139117102 94 95106128155181203219226220205188172161157163241012KG 01920016 222699999999999999 827 93215415799999999999999
177192204208202183155125 99 81 76 87114150188221242246232206176149132129241013KG 258208164324699999999999999 950 76224112899999999999999
142167197222234229204167125 88 64 58 75110158207247266260233193150115 97241014KG 4132351716267999999999999991045 582320 9699999999999999
101126166211247263253219171119 74 49 48 73119178235274284263221167114 77241015KG 5 72641748284999999999999991132 452357 6499999999999999
 64 79118173231275288269226168110 64 42 50 85141207265295289252195132 75241016KG 5542881820297999999999999991214 41999999999999999999999
 41 38 67120187254297303274223161102 60 47 65109172239289304280228162 94241017KG 639305185130599999999999999 035 361254 4799999999999999
 40 15 24 65129204271308303267214154100 67 65 92141204265301297257196128241018KG 723311192430599999999999999 113 141333 6299999999999999
 63 16  2 24 74143219280305290252202149104 83 92125174231280298276226164241019KG 8 5305195629899999999999999 152  21411 8399999999999999
100 42  6  5 36 89157228277288268233191148115107123156200247280279246195241020KG 848289202928499999999999999 231  1144810699999999999999
139 82 35 12 21 55107169227261263244216184151131133152181216250266252216241021KG 93226621 326699999999999999 312 12152512999999999999999
172124 77 42 31 45 77122174217238236222204181160150156172193218238242224241022KG1021240213924399999999999999 354 3116 415099999999999999
193158121 85 61 56 70 95131170201215215209198184171167171180193208218216241023KG1127216222121999999999999999 442 55165416799999999999999
201180156128101 84 80 88106132161184197203204200191182177175176181189195241024KG1346204233219699999999999999 546 80191217599999999999999
195190179163142121105 97 98109128150172190202208206199187176166161161168241025KG1516208999999999999999999999 724 97212216099999999999999
176185189187176159138118104 99105121144170194211218214202183163147139140241026KG 21319016 721899999999999999 857 99222013899999999999999
151168186200202192172147121101 94100119147180209226229218196168140122116241027KG 34020216402299999999999999910 1 94225611699999999999999
123143171199216218204178146114 93 88 99125161200229241234211179142112 96241028KG 43521917 6241999999999999991047 872324 9499999999999999
 97115147185218235231209175136103 84 86106141184224248248228193151110 82241029KG 5172361731251999999999999991125 832351 7499999999999999
 75 88118161207240250236205164123 92 81 93123166212248260245210164116 77241030KG 5542501756260999999999999991158 81999999999999999999999
 58 62 89133184231258257232193149109 85 86109148196239264259228181129 81241031KG 627261182026699999999999999 018 561229 8299999999999999
 49 42 62102155211253268254220177133 99 87 99132177225260268245200147 942411 1KG 659268184526999999999999999 045 4213 0 8799999999999999
 52 31 39 72122181235267267242203160120 97 971201602062482692582201681132411 2KG 731271191126999999999999999 113 311329 9499999999999999
 64 31 25 48 911472062522692562241851451141021151451872302602642371891352411 3KG 8 2269193726699999999999999 142 24135910299999999999999
 84 43 23 32 651141712252572592382051691361151161371702092442602472091592411 4KG 83426220 526099999999999999 212 23142811399999999999999
109 64 34 28 48 861361892322512432191901591341241341581892222462492241822411 5KG 9 9251203625199999999999999 243 26145912499999999999999
136 92 55 36 41 671051521982292372242031801561391381521742002242382302012411 6KG 948237211023999999999999999 318 35153513699999999999999
162123 86 57 47 57 831181581962192212101961781601491521641801992172232112411 7KG1037222215222399999999999999 359 47161914999999999999999
184152120 90 67 61 72 931221561882062102051971831681591591651751892022072411 8KG1150210225020799999999999999 450 61172915899999999999999
197178155128101 81 74 80 941181491781982082102051921761621551541591711852411 9KG1351210999999999999999999999 6 1 74194515399999999999999
194194184168144117 95 82 80 89110141173199216222217199176154138130134149241110KG 02619515 422299999999999999 740 80211113099999999999999
171190201201188164134104 84 76 82104138176210232238226200165133109 99107241111KG 228203155123899999999999999 9 5 7522 4 9999999999999999
130163196218224212183146109 81 70 77103143189228251251228189143101 73 66241112KG 34922416302549999999999999910 8 702248 6699999999999999
 82117164209240248232198153110 78 67 78110158209250268256220168112 64 37241113KG 44924917 62689999999999999911 0 672330 3499999999999999
 38 64112172228262268246205155108 77 70 87126179233270276251202140 77 29241114KG 5412691742278999999999999991148 69999999999999999999999
  8 18 56116185246279278250205154108 81 80104147202254282274235177109 46241115KG 628283181828399999999999999 011  71232 7799999999999999
  2-10 10 58126201260286278246200150109 89 96125170224268283261213150 82241116KG 714287185428399999999999999 052-111314 8899999999999999
 23-13-15 15 70141214265282268234191146112102115147191239272273241188126241117KG 759282193227799999999999999 133-18135510299999999999999
 63 11-14 -6 30 87156221262269251219181143119117135166206245265254217165241118KG 843270201026699999999999999 215-15143511599999999999999
108 53 11 -3 13 51106169222250249231204172143128132151179213241250231194241119KG 927253204925099999999999999 257 -3151612799999999999999
148 98 53 23 18 37 74123176216233229213191166145138145161184210229229208241120KG1014234213023199999999999999 341 17155913899999999999999
175137 97 61 41 42 62 94136177207217213200183164150146151164181199210207241121KG11 7217221821199999999999999 427 39165214699999999999999
190164134102 76 63 66 83110143175197205203194180165153148150158170183191241122KG1213205232219299999999999999 519 62181214899999999999999
190179161138114 94 83 85 97119146172191199200193181166152143140144154166241123KG1332201999999999999999999999 622 82195614099999999999999
176180176165148127109 98 96106124148171191202203196181163144130123126137241124KG 1 2180143920499999999999999 737 96211212399999999999999
152168180182175160140120106102110127151176198210209197177152127109102108241125KG 245183152821199999999999999 85010222 210299999999999999
124146170188195188171148125108103112132159187210220214194165132103 85 82241126KG 35819516 622099999999999999 9511032241 8199999999999999
 94118150182204210199178150123106103115140172203224228212182144106 75 61241127KG 45021016402299999999999999910411022315 6099999999999999
 65 87123164200222223206178146118102104123154190221236229202162117 76 48241128KG 53322517122369999999999999911231012348 4199999999999999
 42 57 91137184221237231207173138111101110136172210237242222183135 86 47241129KG 61123817422439999999999999912 1101999999999999999999999
 27 31 59104157207240247231200162128105103121153193229247239206159106 57241130KG 646247181224899999999999999 020 25123710199999999999999
 23 14 30 69123181228251247223188150118104110136173213243249228185131 772412 1KG 721253184425099999999999999 052 13131110399999999999999
 33  8 11 39 871462032422542402111741381131071221531922292502432101611062412 2KG 755254191625199999999999999 125  6134510699999999999999
 54 16  3 17 541071672192482482281961611291121161371702082392482301891382412 3KG 831251195124999999999999999 159  3141911199999999999999
 85 38  9  7 30 721271842272452372141831501251161261511832172402402121692412 4KG 9 9245202924399999999999999 235  5145611699999999999999
119 70 31 12 18 46 901431942282372242011731451251231361601902192342261952412 5KG 950237211023599999999999999 315 11153812299999999999999
153108 65 33 21 33 631051541992242272141931671431271281411621882122232112412 6KG1037228215922399999999999999 358 21162812699999999999999
181144105 68 42 36 50 781171611992192192071891651421281271371551792002092412 7KG1131221225720999999999999999 447 35173212699999999999999
199175144111 78 57 52 65 901241641972152162061881641391221181241401631862412 8KG1234217999999999999999999999 544 52185211899999999999999
197193177153124 95 74 68 77 981291661972152182091891601301091001031191452412 9KG 013198134321899999999999999 652 68201410099999999999999
172191196188169142113 91 82 87104134169201220224212187152115 88 75 77 96241210KG 150196144422499999999999999 8 8 822120 7499999999999999
128163191206204188161130105 92 93109138175209229231215181138 94 61 46 51241211KG 324207153723399999999999999 924 912216 4599999999999999
 75115161199221223207178144115 98 98114145184220240237213171119 69 33 19241212KG 4362241624241999999999999991031 9623 7 1999999999999999
 28 60110165211237239221189151119102102120154196232249240207156 98 45  8241213KG 5352411710249999999999999991129 992354 -399999999999999
 -3 13 54112175225251250228193153120103106128165209243255237196140 78 23241214KG 6272531754255999999999999991220102999999999999999999999
-11-16  8 57121188238259253227189149117104112138178221252255230182122 59241215KG 715260183725899999999999999 040-1713 610499999999999999
  7-21-18 13 68136201246260248219180141113107120149190231255250217165105241216KG 759260192125799999999999999 124-23134910699999999999999
 44 -2-21 -9 28 86153213248253235204167132111111129160200236252238200148241217KG 84025420 325299999999999999 2 7-21143010899999999999999
 90 35 -2-11  8 50108170221244240218187153124111117138170207235242221181241218KG 919245204424399999999999999 248-1215 911099999999999999
131 78 33  7  7 33 76131185223235224200171141119113124146176207228226201241219KG 957235212523099999999999999 328  4154911399999999999999
162117 73 38 23 32 60103151195220222207183157132117116129150177202214206241220KG103422422 821499999999999999 4 7 22163211499999999999999
181146109 74 50 44 58 88127167200214209192171147127116118130149172190197241221KG1112214225419799999999999999 446 43172011599999999999999
187165137108 82 67 68 84112145177200206198182162141123114116126142161176241222KG1154206235218199999999999999 527 65181911399999999999999
180173157137115 96 86 90105129156181197200192176157136118108108116130148241223KG1243200999999999999999999999 614 86193310799999999999999
162169167158144127112105107120139162182194197189173152129110 97 95101117241224KG 117169134319799999999999999 7141042048 9499999999999999
136154166171168156141127118118127144164183195198189171146119 96 81 77 86241225KG 3 5171144519899999999999999 8311172149 7799999999999999
105129154173183182170153137125122129146167186200202190167136104 77 61 59241226KG 422184154020299999999999999 9491222238 5899999999999999
 72 98130162187199196181161140125121129148172194208207189158121 84 55 40241227KG 51720016272099999999999999910511202320 3999999999999999
 43 64 99140178205215207187161136120117129153181205217210185146102 61 32241228KG 6 221517 9217999999999999991141116999999999999999999999
 21 32 63108157198223227212185154128113115133162195219226211176129 80 37241229KG 641228174922699999999999999 0 0 21122311199999999999999
 11  8 29 70123177218237233210177143117107115141176210232232206162109 56241230KG 718238182923599999999999999 038  613 210799999999999999
 15 -5  1 33 83143198235245231201163128106103120152191226243233198146 88241231KG 75324519 924499999999999999 116 -6133810299999999999999
