197160115 72 42 32 46 8012817521223022821118215112511011112715418320521224 1 1KO1125231225621299999999999999 456 32172810899999999999999
203178143105 72 53 53 7411015219021522321419316513811710811313115618019524 1 2KO1157223234119899999999999999 530 5118 910899999999999999
198186164134105 82 72 7810113416919721321420218015412911210611312915117024 1 3KO1234215999999999999999999999 6 7 71185910699999999999999
182184175157135113 98 9310212315017819820820519217014612310710110712114024 1 4KO 040184131720899999999999999 652 9320 010199999999999999
158170176172161145129116113120137158180196203200186165140116 98 91 9410724 1 5KO 2 5176141120399999999999999 7501132111 9099999999999999
126147165176179173161146133127130142159178194202199185162134106 84 74 7624 1 6KO 347179151420299999999999999 9101272219 7399999999999999
 91114142168186194191179161145134132141157178196205202186159125 91 64 5124 1 7KO 51319416172069999999999999910391322317 5199999999999999
 55 75107145179203214210194171148132127136155180203214210189155112 70 3924 1 8KO 6142141715215999999999999991152127999999999999999999999
 26 35 63106154196225235227204174144124119131157188215227219191147 95 4624 1 9KO 7 323518 722799999999999999 0 7 26124811999999999999999
 13  2 18 57112170218247253238207168133112110128162201231241227190136 7524 110KO 748254185624199999999999999 055  2133610899999999999999
 22-12-17  8 58124189239265265242202156118 9910313017221724725323218612224 111KO 830268194325499999999999999 141-191420 9899999999999999
 55 -1-31-28  7 69142210257277269236188139102 88 9913518523326026023017624 112KO 911277202926499999999999999 226-3415 4 8899999999999999
107 37-16-39-28 17 87164230270280263222170120 87 8010014419824426625922324 113KO 952280211526799999999999999 311-401547 7999999999999999
164 93 26-20-35-14 39112187244273274248202148102 76 7610415320724826325024 114KO103127722 226399999999999999 355-351630 7299999999999999
210150 83 24-12-16 12 69140206250268259227178127 87 68 7610915820824225124 115KO11 9269225025199999999999999 439-181714 6799999999999999
234195140 82 35 10 14 48103165218249255239203156110 77 65 7811215820022724 116KO1146256234323399999999999999 521  818 0 6599999999999999
232215181135 90 56 42 52 86134184221240238217181138 99 73 65 8011115018524 117KO1224241999999999999999999999 6 5 421850 6599999999999999
206211199173139107 84 78 91120157192216226219197165128 94 72 66 7810413624 118KO 04621113 522699999999999999 651 781949 6699999999999999
165185193188173152131116112122142167191207212204185157124 93 72 64 71 9124 119KO 2 7193135421299999999999999 74611221 0 6499999999999999
118146168183187182170156143138141151167183196201196181156124 93 69 57 5924 120KO 35618715 320199999999999999 9 91382220 5699999999999999
 75101132161183195197190176162150145148159174189198197184159126 91 62 4524 121KO 54219816251999999999999999911 61452332 4299999999999999
 44 60 90127163192210214206188167149138139150169190203205191162124 82 4824 122KO 6492141736206999999999999991228137999999999999999999999
 29 29 50 88133176209227228213188160137125128145171198215215196161115 6724 123KO 734229183121799999999999999 028 26131912499999999999999
 30 13 20 49 96149196228241234211177144119111121147182213228223196152 9824 124KO 8 8241191622999999999999999 114 12135711199999999999999
 47 12  2 18 5911517321924424723019715712210310212315919922923922418713424 125KO 838249195423999999999999999 153  2143010099999999999999
 76 27 -1  0 29 81143200238253244215174132102 9110213417721824224221616924 126KO 9 6253202924599999999999999 229 -415 0 9199999999999999
110 52 10 -5  9 51112175225251251229191147108 87 8711115219823424723519824 127KO 93125421 124799999999999999 3 2 -51529 8499999999999999
145 85 33  4  3 31 84148205242253239206162119 89 79 9212617221524124221824 128KO 955253213224599999999999999 332 -11556 7999999999999999
174119 64 24  9 23 64122182228249244218178133 97 77 8010414519022523822824 129KO101925022 423899999999999999 4 1  91624 7599999999999999
196149 97 53 27 28 54103160209239244226191149109 81 73 8711916220022422624 130KO1042245223622899999999999999 430 241652 7399999999999999
208172128 85 54 43 56 91140189224238229203164124 92 74 76 9813317120121424 131KO11 6238231221499999999999999 458 431724 7399999999999999
209187153116 85 67 68 89126170206226227209178141107 83 74 8310714017219324 2 1KO1132229235519999999999999999 527 6518 0 7499999999999999
199191171143116 96 89 97121154187210218211189159126 98 81 77 8811113916424 2 2KO12 1218999999999999999999999 559 891844 7699999999999999
179184178163145127115114124144168190204206195174148120 96 81 78 8810612924 2 3KO 055184123820699999999999999 6401131944 7899999999999999
150165174174167157146138136142155170184193194185169146121 98 81 74 78 9224 2 4KO 232175133519599999999999999 74513621 7 7499999999999999
112134155171180182177168158151149153162174184189186173153126 98 75 60 5924 2 5KO 44418215 918999999999999999 9461492239 5899999999999999
 70 92122153179197204200187170154143142149164181194197187164131 94 61 3824 2 6KO 6 720416461979999999999999911411412349 3299999999999999
 32 45 75116160197221229221199171145128124136159187209216205176133 83 3924 2 7KO 6582291756216999999999999991243124999999999999999999999
 10  4 24 65120176222248251233200160125106106127163202231240223184128 6624 2 8KO 739252185124099999999999999 044  4132910399999999999999
 14-17-18 11 67136201249270265235188138100 82 9112517422325626023518511724 2 9KO 817272193926299999999999999 132-221410 8299999999999999
 46-10-37-29 13 82161229272284266223165110 72 62 8313019124527527323817724 210KO 853285202527899999999999999 217-381450 6299999999999999
101 28-24-43-24 31110191254287286254199134 80 49 49 8314220926228527423124 211KO 928290211028599999999999999 3 0-431529 4599999999999999
164 87 18-25-32 -1 64145221271288273229167102 54 33 46 9015622226728126324 212KO10 1288215528199999999999999 341-3416 8 3399999999999999
216149 77 20 -9 -4 37105180241275276248197134 75 37 28 5110316822526026524 213KO1033279224126799999999999999 421-111647 2799999999999999
242196136 78 36 21 38 83146207249265252216163106 59 32 34 6411517221724124 214KO11 3265232824499999999999999 459 211727 2999999999999999
240218178131 89 64 61 84127178220243244223185137 90 54 38 47 7712216619924 215KO1132246999999999999999999999 536 591810 3899999999999999
215213195167136110 98104126160193217226218195161123 87 61 52 61 8611915224 216KO 02321612 122699999999999999 613 9819 0 5299999999999999
176189190181166150137133139155175193203204195176150122 94 74 66 71 8710924 217KO 137191123620599999999999999 65513320 8 6699999999999999
132153168177179176169163159160165172180185185181170153131108 87 74 71 7724 218KO 352179134118699999999999999 8171592150 7199999999999999
 92113137159176188192189182173164159158161168175179176165145119 93 73 6124 219KO 6 519216 71799999999999999911431582325 6099999999999999
 62 76101132162188204209203189170153141138146161178190191180156123 89 6024 220KO 6562091739192999999999999991244138999999999999999999999
 45 47 66100140179208223222207182154131119122140166192208209191158115 7324 221KO 727224183221199999999999999 024 43131811999999999999999
 41 27 37 67112161203229237225198162129107102116145182213228221193149 9724 222KO 752237191222899999999999999 1 6 27134610199999999999999
 50 21 16 38 81137190229246241215176134101 86 9312116320623524222318312924 223KO 815247194624299999999999999 141 151412 8699999999999999
 72 28  8 17 53109171221249252232193146103 77 74 9613818823025124521416324 224KO 837254201725299999999999999 212  71438 7399999999999999
102 48 13  7 32 82146206246259245210161112 76 62 7411116321424925723719424 225KO 858259204725799999999999999 242  615 2 6299999999999999
136 76 30 10 21 61122186236260255225177124 80 56 57 8513419023525625021924 226KO 919261211725899999999999999 310 101527 5399999999999999
168109 57 26 22 49101165221254259236194141 91 57 47 6410516021224525323424 227KO 939260214625399999999999999 337 201552 4799999999999999
194142 89 50 35 48 87144202242256243208158106 65 45 50 8012918322424423924 228KO10 0256221724599999999999999 4 3 351618 4499999999999999
212169121 80 56 57 82128182226248245218175125 80 51 45 6310115119622523224 229KO1021250224923299999999999999 429 531646 4499999999999999
218188149111 83 75 87120164207234239223188144100 66 49 54 8012016319721524 3 1KO1043240232721799999999999999 456 751717 4999999999999999
214198170139113 99101119151187215227221197162123 88 64 57 68 9412916318724 3 2KO11 8227999999999999999999999 524 981754 5799999999999999
198196182163142127122128146171195209211200176146115 88 71 67 78 9912615124 3 3KO 017199113821299999999999999 5591221846 6799999999999999
170180182177167157149146150161175188195194184167144120 98 82 75 78 9111024 3 4KO 143183122419599999999999999 6561462010 7499999999999999
131151168179184184179171164160161165171178181180172156136112 89 73 66 7024 3 5KO 424185141618299999999999999 92316022 8 6699999999999999
 85109137166189204208202188171156146145152165180190190179155123 89 60 4324 3 6KO 55420816331929999999999999911391442332 4099999999999999
 42 59 92134176210230233219194163136120120135162191212218205173128 80 3824 3 7KO 6392341748219999999999999991231118999999999999999999999
 15 15 40 87144199239257252225184140105 89 97126169213242248227184125 6324 3 8KO 716258184324999999999999999 029 121311 8999999999999999
 14-10 -3 35 97167229268277258215159106 70 60 8112718624027127124118511424 3 9KO 749278193127599999999999999 117-111349 6099999999999999
 45 -5-23 -5 47122200260289284249191124 68 37 39 7513720826529228424317724 310KO 822291201629399999999999999 2 0-231426 3399999999999999
100 31-13-20 11 76158233282296275225155 85 33 13 29 8115522928230028323424 311KO 85329621 030099999999999999 242-2215 4 1399999999999999
164 88 27 -4  1 45116195259290287251189116 50  9  3 33 9617424328429326824 312KO 924293214429499999999999999 321 -71541  199999999999999
217149 83 37 20 38 89159226270283263217151 82 28  1  8 4911518724427327324 313KO 953283222927699999999999999 359 201618 -199999999999999
245196139 89 59 56 83134193242265261231180118 61 21  8 26 7113219123325124 314KO1020267231425199999999999999 436 531656  899999999999999
245219179137104 89 97127170213240247231196149 98 55 30 28 50 9214118421224 315KO1046247999999999999999999999 510 891735 2699999999999999
222216196170144127123135160190214225220200169131 94 65 50 53 7310513916824 316KO 0 5222111222599999999999999 5451221820 4999999999999999
187195193183171158151152162176191200202194177155129104 84 74 75 8710612824 317KO 115195113820299999999999999 6251511923 7399999999999999
148165176182183180176172170172174177179179175168156141123105 92 87 88 9724 318KO 348183122717999999999999999 8 21702116 8699999999999999
112131151169184193195191183174164158155158164170172170159142120100 85 7824 319KO 55019516 417399999999999999115815523 6 7899999999999999
 83 99123150177198209209198181161144134134144161178189189177154124 94 7224 320KO 6302101732191999999999999991229133999999999999999999999
 63 70 93127164196217224215194165138118112121143172197211208188154114 7824 321KO 655224182021299999999999999 0 3 63125411299999999999999
 54 49 66100145188221236231209176138108 93 97119155193221231219188143 9524 322KO 716236185723199999999999999 043 481318 9299999999999999
 57 39 44 74121174218243245226190146105 79 75 9313117822024424321917612224 323KO 737247192924799999999999999 116 381342 7499999999999999
 73 40 33 53 97154208244256242208159110 73 58 6810315420724525824520815524 324KO 75725620 025899999999999999 146 3214 6 5899999999999999
 98 54 32 40 75131192239261255225176121 74 47 47 7512518423426226223618824 325KO 817262203026699999999999999 215 311430 4499999999999999
130 78 44 38 61110171227260264240195137 83 45 33 50 9415421325426825421724 326KO 83826521 026899999999999999 243 361455 3399999999999999
164108 65 46 56 94150209251265251212157 98 51 27 32 6612118423526226223724 327KO 859265213026699999999999999 310 461520 2699999999999999
193141 94 65 61 85132189236260256226177118 66 32 24 45 9015020724625924724 328KO 92126222 025999999999999999 338 591546 2399999999999999
215170124 90 76 86120169217248254234194141 87 46 27 33 6611717321924324524 329KO 943255223424799999999999999 4 5 761615 2699999999999999
226193154119 98 97117153196230244236207163113 69 41 34 51 8913818421723024 330KO10 7245231323199999999999999 434 951647 3499999999999999
225206177147125116123145177209228229212180139 98 66 48 50 7010614618120424 331KO1033231999999999999999999999 5 51161726 4699999999999999
212207192172153140137146165188206214209191163130 98 75 63 65 8311014016624 4 1KO 0 621211 621499999999999999 5451371819 6299999999999999
185195195189179168160157161170182192195191179159136112 91 78 75 8310012324 4 2KO 13519612 019599999999999999 6571571945 7499999999999999
146168185196199196187176166161160164171179183181172155133108 87 74 71 8124 4 3KO 359199141518399999999999999 9351602143 7199999999999999
101129160188209219216203183161144136139151170187198196181155121 88 62 5124 4 4KO 518219162419999999999999999111513623 8 5199999999999999
 58 82121164204232242234209175140115105113138172204225227208172126 80 4424 4 5KO 6 224217352299999999999999912 3105999999999999999999999
 30 41 75126183230258261241201152106 77 72 92133185230256256229182123 6724 4 6KO 638263182925999999999999999 0 5 301242 7199999999999999
 28 16 35 82146211259279270233178116 66 40 46 8114020625828327724118311524 4 7KO 711280191828499999999999999 053 161320 3999999999999999
 55 19 15 45104176241282289264211143 75 27 11 30 8315622928130028524117624 4 8KO 74329020 430099999999999999 137 131358 1199999999999999
106 50 22 29 70136210267292284243178103 38 -1 -5 29 9517624829330328123224 4 9KO 815293204930499999999999999 219 211436 -899999999999999
166101 55 38 56105173238280288264212141 68 11-15 -4 4211619525829129326624 410KO 846289213329699999999999999 259 381513-1699999999999999
216156102 69 65 92143205254278270235177108 44  1-11 11 6513720625527827224 411KO 916279221827999999999999999 338 631551-1299999999999999
244198149111 92 98129176224255262243202145 85 35  7  7 38 9115320824325524 412KO 94526323 425599999999999999 416 911629  399999999999999
246220184150125118130160197228243238213172124 77 41 26 35 6611316119922324 413KO1014244235422999999999999999 45311717 9 2699999999999999
229221201177156143142156179203219222211186153116 82 59 52 64 9012415818524 414KO1044223999999999999999999999 5311411753 5299999999999999
201206202192178166160161170182194200199188170147121 99 83 78 8610312614924 415KO 1 0206111920199999999999999 6211591852 7899999999999999
169184192194192185177171168169172176179180175167153136119104 96 9610411924 416KO 255194123618099999999999999 8151682028 9599999999999999
138158176190198199194184173163155153156162170175175168155136117102 95 9824 417KO 44220015321769999999999999910591532216 9599999999999999
110131156180199209209200183163145133131139154172187192187170146119 98 8624 418KO 53021117 11929999999999999911421312320 8599999999999999
 89105133165195216223216196169141119109113132159186206212202178145111 8624 419KO 6 02231752212999999999999991212109999999999999999999999
 76 84109146185217233232213182145112 91 89105136175209228229210176135 9824 420KO 625235183123199999999999999 0 4 761238 8799999999999999
 74 70 88124170211239245230198155112 80 67 7710815319923324723820916612024 421KO 64824519 624799999999999999 040 6913 4 6799999999999999
 83 66 73103150199238254246216171120 77 52 53 7812417922725525923819914924 422KO 710254193926099999999999999 113 661329 4999999999999999
103 73 67 87129182229257258235190135 82 45 34 50 9215020825126926123018224 423KO 733261201126999999999999999 144 661355 3499999999999999
131 91 71 78111161214252265250211156 97 49 24 28 6011618023526727325321424 424KO 757265204327499999999999999 215 711423 2299999999999999
163116 86 79 98141194240263260230179119 63 25 15 34 8114420725227226723824 425KO 821265211627399999999999999 246 781451 1599999999999999
194146108 90 95125172221254262243202146 86 39 15 19 5210717122625926725224 426KO 847262215026799999999999999 317 891521 1399999999999999
219177136109102117153198236255249219172116 64 29 18 34 7513218923225425324 427KO 915256222925699999999999999 3491011555 1899999999999999
234202165134118120141176214239245229194147 97 55 31 30 54 9714819622824124 428KO 945246231424299999999999999 4241161632 2899999999999999
237218190162141132139161190217231228208174132 91 59 43 48 7211015419121524 429KO1020232999999999999999999999 5 41321717 4299999999999999
226222208188167152147153170191209216211193164130 97 72 59 63 8311414817924 430KO 01422611 621699999999999999 5581471816 5999999999999999
202214215208194178164156157166180192200198187167141113 89 75 73 8510813724 5 1KO 138216122220099999999999999 7221551937 7299999999999999
167193211219216205187168154147149159174187195194182161134106 85 75 79 9724 5 2KO 316219142319699999999999999 9141472113 7499999999999999
125160192218231230215190162138123123136158183203212206185154119 88 70 6924 5 3KO 42523216 62129999999999999910321212233 6899999999999999
 87120162203234248242218182142109 91 93114150189221237232208170126 87 6424 5 4KO 5132481716238999999999999991124 892333 6099999999999999
 62 84125175222254263248211162111 73 56 66100150203244263256226179127 8424 5 5KO 55226318132639999999999999912 8 56999999999999999999999
 60 62 90139196245272271243193132 75 36 26 48 9616022326728327123518212624 5 6KO 62827519 428399999999999999 025 571249 2699999999999999
 82 62 70106162221265282268227166 98 40  7  7 4110317624228329527723517924 5 7KO 7 3282195229599999999999999 112 611330  399999999999999
123 84 71 87130188243277281255203135 65 13-11  1 4711819425629129627322824 5 8KO 738283203929799999999999999 157 711410-1199999999999999
173123 92 87110156212258279270234175105 41 -2-13 10 6513820926228828626024 5 9KO 812279212529199999999999999 241 851450-1499999999999999
215166125104107135181229262270251208148 83 29 -2 -2 30 8815721826027626924 510KO 847270221127799999999999999 3231021530 -699999999999999
241201161130119129159200236256253227182126 71 29 10 20 5711217122025025824 511KO 922257225625999999999999999 4 31191610 1099999999999999
248222189159138134148177209233242231203161113 70 40 32 47 8413217921523524 512KO 957242234323999999999999999 4431341651 3199999999999999
239228207182160148149163185208222224210184148110 78 58 57 7410614418020624 513KO1036225999999999999999999999 5261461735 5599999999999999
220222213197179164156157168183198206205193172145117 93 79 80 9512014917724 514KO 036223112420799999999999999 6191551827 7899999999999999
198209211206194180167159158164173183190191184170151129110 98 9710712614924 515KO 144212123719299999999999999 7371581934 9699999999999999
17319320520920619518116615514915115816817818518417716214312411110611212724 516KO 3 2209142918599999999999999 919149205710699999999999999
14917319420821421019617815814213213214215717418819419017615613411710911224 517KO 4 321416 7194999999999999991030131221210899999999999999
12815217920321822221319316714112011111413015418020020920518816313711610624 518KO 447222171120999999999999999111411023 910699999999999999
112131160192218231229211182147116 95 8910112716219521922721819616413311124 519KO 5212321759227999999999999991149 89235510499999999999999
104114140175210234241229200161120 86 69 73 9613517921723924222719615912624 520KO 5522411840243999999999999991220 68999999999999999999999
106104122156196230248245221180132 88 58 49 6510215220224025725222819115024 521KO 621250191725899999999999999 0351021251 4999999999999999
118103109136177219248256240204153100 57 34 38 6811817622726026925522318024 522KO 650256195326999999999999999 1121031322 3299999999999999
139112105120156200239260255227180122 68 31 20 37 8014020124827327225021224 523KO 720261203027699999999999999 1491041354 2099999999999999
167130110112136177222254263247208153 93 43 15 16 46 9916422226227726924024 524KO 75126321 827799999999999999 2251081429 1299999999999999
198156125113124155198238261258232185127 69 27 10 22 6112018423626727425924 525KO 825263214827499999999999999 3 211315 6 1099999999999999
226186149125121139173214247259247214163106 55 22 14 35 8014019824126426524 526KO 9 1259223226799999999999999 3411201546 1399999999999999
246214177146130132153187223247250233196147 94 51 26 26 52 9815320424025624 527KO 941252232125799999999999999 4241281630 2399999999999999
253234205173148136141163193222239238218183138 92 56 38 42 6811116020423424 528KO1026241999999999999999999999 5121361720 3799999999999999
247243226200172151141146165190214227226208177139100 69 54 59 8312016320124 529KO 017247112322999999999999999 6101401816 5399999999999999
228240238223199173151139142157179201215217205181149115 87 71 74 9312516324 530KO 120241123821899999999999999 7201391923 7099999999999999
198225238237223198170145129128140162186205214210193165133105 87 8510012824 531KO 226240141221599999999999999 8361272037 8499999999999999
164199227242241224196162130110106118143174202220223210185153122100 9410524 6 1KO 326243154222499999999999999 9461052151 9399999999999999
132168205235249245224188146108 84 79 9512716720523224023020417013410910024 6 2KO 4182501657240999999999999991044 78225810099999999999999
110137176216246258248218174124 81 56 54 7611716821624825824822018214311524 6 3KO 5 325818 0258999999999999991135 51235810599999999999999
105116146188229257264247208155 99 54 30 33 6411617622926327426123018814724 6 4KO 5462641856274999999999999991222 28999999999999999999999
118110124158202243266265240193134 74 30 11 22 6312318924427628326723218724 6 5KO 628269194728499999999999999 05211013 7 1199999999999999
147121116134171216254271262228175112 53 13  2 22 7113720425528328526422624 6 6KO 710271203528799999999999999 1421151351  199999999999999
182144123123146186229261270253213155 92 38  6  3 32 8715521826228327925424 6 7KO 751270212028499999999999999 2291201434  099999999999999
216174141126133160200239262263239195136 77 30  8 15 5110917322926427626724 6 8KO 83126622 227699999999999999 3121261516  799999999999999
239201165139131144174211243258251222176120 68 32 19 35 7613219023526026424 6 9KO 911259224226599999999999999 3531311557 1999999999999999
250221187157139138155185218242249236204159109 66 40 38 6010215420223625224 610KO 950249232025399999999999999 4331361636 3699999999999999
250232205175152140145164192219235235218187146105 72 56 61 8612717121023424 611KO1031238235924299999999999999 5131401716 5599999999999999
242235216191167149143150169193213224220203174140107 83 75 8511114718421324 612KO1115224999999999999999999999 5561431758 7599999999999999
230232223204182161147143151168187203211207192168141116 98 9510713116119124 613KO 041233121021199999999999999 6471431844 9499999999999999
21422622521519717615614313914616017719220019918817114912811511312414417024 614KO 129227132420199999999999999 749139193911299999999999999
19521422422221119217014913513013514816618319519919317916114313012713515324 615KO 222224145519999999999999999 858130204612799999999999999
17619921722522220918716113712111512013615818019820620419217415414013514124 616KO 31622516182079999999999999910 0115215713599999999999999
158180204222229224206179148120101 9610512715618620922121920518416214413824 617KO 4 52301723221999999999999991052 9623 213899999999999999
144161187212230235225201166129 98 79 78 9412516319922623823321619016314424 618KO 4502361814238999999999999991135 76235713799999999999999
137145167196223240241224191149106 73 58 63 8913017721824525424522118915924 619KO 5322431858254999999999999991215 57999999999999999999999
139135148175208237250244218176127 81 49 39 54 9114219623826326625022018324 620KO 612251194026899999999999999 0451341254 3999999999999999
152134134153187223251259244209158103 56 28 26 51 9915921625727727325021324 621KO 652259202127899999999999999 1291311334 2499999999999999
174143129136162201239262263240196139 81 35 13 21 5611317823427128427424424 622KO 73226621 228499999999999999 2111291416 1299999999999999
203163135127140173215252270263232181120 62 21  7 23 6713019624928028626924 623KO 814271214528799999999999999 2531261458  799999999999999
234191153129127147184228261272259221166105 50 15  9 33 8314821225928228124 624KO 858272222828599999999999999 3371251543  799999999999999
259221179144125129154194235263269250209154 95 46 19 20 5010316622426327924 625KO 943270231228099999999999999 4211241628 1699999999999999
273246208167136123130159199237259260239199146 93 52 32 39 7212418223226324 626KO1033263235727299999999999999 5 91221715 3199999999999999
272261233195157130120130159197231250249229192146100 66 53 63 9714519523624 627KO1128252999999999999999999999 55912018 4 5399999999999999
259263249220183148123115126154189219237238222191152115 88 78 9012016220324 628KO 043264123324099999999999999 6551141857 7899999999999999
23625425523920917313811410611714217520522423022019716613611310511514017324 629KO 132256135123099999999999999 755106195810599999999999999
208235249248231201164129103 9410312715919121622822520918515813712813315224 630KO 225251151922899999999999999 9 1 9421 812899999999999999
180210234247244226194156118 90 78 8510914418221323223622520417915714414524 7 1KO 32124816452369999999999999910 7 78222714399999999999999
159183211235247244224189147105 74 60 68 9413517921724225024222119416815124 7 2KO 41824817592509999999999999911 9 60234314899999999999999
148160183213238251246223184137 91 57 43 53 8513218322725526425523120017124 7 3KO 51525118592649999999999999912 5 43999999999999999999999
151147159185217245257249221177125 75 41 30 45 8413819424026827426123319824 7 4KO 6 8257194927599999999999999 0461461255 3099999999999999
165145143159190226253263251217167110 59 28 22 45 9115121025527827926022624 7 5KO 657263203228199999999999999 1381411342 2199999999999999
187155138140163199237262267248208153 94 46 20 23 5410817122826728327625024 7 6KO 742268211128399999999999999 2231361425 1799999999999999
211172143132142171211248269266240194136 78 36 20 33 7313219424527528026524 7 7KO 824271214528199999999999999 3 213215 4 2099999999999999
232192156133130148183225257270259225175117 66 34 29 52 9916021725827527124 7 8KO 9 2270221627699999999999999 3391291541 2799999999999999
247211172142128134159197236260264245206155102 61 41 47 8013118823526326924 7 9KO 939265224627099999999999999 4131271616 4099999999999999
255225189155132127141172209241256251226186138 94 64 57 7311216221124726224 710KO1015257231426399999999999999 4461271649 5699999999999999
257236204169141127130150182215238246234207169128 95 77 8010414418922825024 711KO1053246234425599999999999999 5201261722 7599999999999999
255242216185154133126134157186213230231218192160128105 9710713417120823524 712KO1136232999999999999999999999 5581261757 9799999999999999
24724422620017014412812613715918420621821720518415913612212013315918921724 713KO 016248122921999999999999999 641125183711999999999999999
23524023221318716113812512413515517719520720820118616815114114215417519824 714KO 053240134220999999999999999 734123192714099999999999999
21923123322320518015413211911812814516618620120720519618216815915816718224 715KO 140234151520799999999999999 837117203615899999999999999
20021622722821920117614912511010711513315718220221421721119818317116617024 716KO 238229164821799999999999999 94710622 516699999999999999
181198214226229220201173141113 95 90 9912115218421122923422821219317616624 717KO 3452291756234999999999999991051 90232716599999999999999
166177196216231236226202168130 97 75 70 8311315319422824825224222019417224 718KO 4492361847253999999999999991146 69999999999999999999999
159159173197223242247233203161115 75 52 50 7111116121024826826825122118824 719KO 545247193127199999999999999 0281571235 4899999999999999
161147151172204236258260240201149 95 52 29 33 6411517523127028627925321424 720KO 636261201228699999999999999 1161471321 2899999999999999
175146135146176216253274271243194134 74 30 11 24 6512719625328929828224624 721KO 723276205129899999999999999 2 013514 6 1199999999999999
200157130125144183231271288278241184117 55 14  3 25 7714821927330230127624 722KO 8 8288213030599999999999999 2421241450  299999999999999
232181138115118146194246284296278234171102 42  8  6 38 9917324228830629624 723KO 85429622 730699999999999999 3241131533  399999999999999
261211159120103114152205257290295271223158 92 40 15 23 6312820026029530124 724KO 940296224430299999999999999 4 61031616 1499999999999999
282240188138105 96115158213260286285258210150 92 50 36 52 9716022327029224 725KO1028289232129399999999999999 449 961659 3699999999999999
288261216165121 95 94118163214254274270243199148102 72 67 8913418923827124 726KO1119275235728199999999999999 534 911741 6699999999999999
281269238194148110 91 9512116320724025625223019515512110210412716520824324 727KO1217256999999999999999999999 621 89182610099999999999999
263265249218178137106 91 9612115619322123623622219817114713613915718621624 728KO 036267132923899999999999999 714 90191713599999999999999
239251249233205170134106 92 9511414317520222022722220919117516516517619424 729KO 12125215 422799999999999999 819 91202716499999999999999
213230239238224201169136108 91 8910212715718821222723122521219718417818024 730KO 222240165323199999999999999 936 88221417899999999999999
190205220232234225204174139107 85 78 8711214518221423624524222921019117824 731KO 3442341814246999999999999991055 78235317499999999999999
174180196215232239233212178138100 73 63 7310214218622525126125523621018424 8 1KO 5 423919 72619999999999999912 0 63999999999999999999999
166161170191218240251243218178131 87 58 49 6410115020124326727326023319924 8 2KO 6 6251194727399999999999999 0531611251 4999999999999999
169150148164194228255264251219170117 70 42 40 6511116822326328127725521824 8 3KO 656264202028299999999999999 1361471335 3899999999999999
179149135141167206245270273252210154 97 53 33 41 7713319524827928727223824 8 4KO 737275204928799999999999999 2121341413 3299999999999999
196156130125142179224263281275243193133 77 41 32 5410116422526928828325524 8 5KO 814282211528999999999999999 2441241447 3299999999999999
214169134117123152197244276284266226170110 63 39 44 7913519925228328726824 8 6KO 848285214028899999999999999 3141161519 3799999999999999
230185143117112130169217259281277249202146 93 58 49 6911417423127128527524 8 7KO 92128222 328599999999999999 3431111549 4899999999999999
244201156122107115144189234266276261226178127 86 65 7110315321025527827724 8 8KO 953276222628099999999999999 4111071618 6499999999999999
254216172133109106124161205243263262241203159118 91 8410214119023626627324 8 9KO1026265225027399999999999999 4391051646 8499999999999999
25922818814811810511213717621424225224422018614912010611213617521725026424 810KO11 2252231426599999999999999 510105171510699999999999999
25923720316513311210712114918421423323622620417715113312914116720123125024 811KO1145237234225499999999999999 545107174612999999999999999
25324121618415212611211312915518320621922121319817916315315416718921323224 812KO1242222999999999999999999999 627111182515299999999999999
24123922420117414712611511713015117319320621120920119118117417518419821324 813KO 016242141221199999999999999 722114192417499999999999999
22423022621519617314912911611512313915917919721021621520920019118718919524 814KO 1 9230162221699999999999999 840114211618799999999999999
20421422122221520017915312911110310612014317019721923223522821520018818124 815KO 2392221747235999999999999991013102231818199999999999999
183192206220228226212188156123 96 82 8310013116920723725425624422219717624 816KO 4212281837257999999999999991126 80999999999999999999999
166168183205229244244228195153109 74 55 59 8412717922726227827325121818324 817KO 532246191627999999999999999 0201651221 5499999999999999
156145153178213247267265241198143 89 47 30 40 7713419825328829828324820224 818KO 627269195229899999999999999 1 414513 8 2999999999999999
159131125143182230271291283249194128 66 24 12 33 8415422628131030828023224 819KO 714292202731399999999999999 1441241352 1199999999999999
176130106109140192250294310294249184110 47 10  7 4010418325630532130626424 820KO 8 031021 132199999999999999 2231041434  499999999999999
205145101 85100144208270310319294241170 96 38 10 19 6413621728231732029124 821KO 845320213432399999999999999 3 2 851516  999999999999999
238173115 78 72 99154223283316315284227157 89 42 27 4710117424729731730524 822KO 93032022 631799999999999999 341 701556 2799999999999999
265206142 90 64 68106167233285308301267212149 94 61 59 8814321026729930324 823KO1016309223730599999999999999 421 611636 5699999999999999
279233175118 76 61 75117177234274289279247200150111 92 9913218223427228724 824KO11 528923 828899999999999999 5 2 611715 9299999999999999
279249204152105 75 68 8712917922525426425523019516213712914117020824326424 825KO12 0264234026899999999999999 546 67175512999999999999999
267253223183141105 84 8210013417320622923823422020018016716417519521823724 826KO1312238999999999999999999999 636 80184216499999999999999
246244230206176143116 98 9510813015818420521922322121320219419019420221224 827KO 01924715 722399999999999999 740 9520 019099999999999999
22122722621820318115513011110310511914016518921022423123022221120219519324 828KO 125227171923199999999999999 915102225319399999999999999
196203212218219211194170142117100 9510312415318521423624624523321619718124 829KO 3362201822247999999999999991053 94999999999999999999999
175178190207223232227210180145111 87 79 8911615419523025426225423320517824 830KO 512232185926299999999999999 0111741158 7999999999999999
160154164187215239250243219181136 96 70 65 8212016821625327227125222018324 831KO 6 9250192827499999999999999 0511541243 6499999999999999
153137139161196233259267253218170118 76 54 58 8813719424327428326923719524 9 1KO 651267195228399999999999999 1221351320 5399999999999999
155127120135170215256279277252206149 95 58 47 6510816722727028928325521124 9 2KO 727281201529099999999999999 1501191353 4799999999999999
164125107112142189239277290277239184124 75 49 52 8514120425828929227022824 9 3KO 759290203729499999999999999 2171061423 4699999999999999
178131101 96117160214263291291265217158102 64 53 7211818124128229528124424 9 4KO 830294205829599999999999999 243 951452 5299999999999999
194142103 87 97132184239279293280244191134 88 65 7010415922026929228725824 9 5KO 9 1293211929499999999999999 3 8 871519 6399999999999999
211157112 85 84108154210258285285261219167118 87 8010014420025228328826724 9 6KO 931288213928999999999999999 334 811546 7999999999999999
226175126 91 79 91128179230266279268238195150114 9810513618323326928227024 9 7KO10 227922 128299999999999999 4 0 791612 9899999999999999
238192144104 83 8410815019923926226424621517814412211913717121425127026724 9 8KO1034265222327299999999999999 427 80163911899999999999999
245208164123 95 86 9712616820823724924422619917114914014616719923225325824 9 9KO1112249224625999999999999999 458 8617 714099999999999999
246219183146115 98 9611214117520622523122621219317616416217219121423424324 910KO12 1231231524499999999999999 535 95174116299999999999999
24022520017014111910710812214517119220821521420819919018418419020121422424 911KO1327215235722799999999999999 626106183718399999999999999
22722321119217014812911711412113615417419220521421721621020319719519720124 912KO16 8217999999999999999999999 74711421 219599999999999999
20721221320919918316214012111010811613315618320722623723722921419918618024 913KO 149213173323899999999999999 942107231718099999999999999
182191203216222218202177146116 93 84 9011214618622224926125723921318516424 914KO 4 922218142629999999999999911 7 84999999999999999999999
155161180206231246243223188144101 69 56 6710014820224827728427023719615824 915KO 523247184828599999999999999 0 615512 3 5699999999999999
133128144178220257275269240191133 79 43 34 5410116522927930329926922116724 916KO 616276192130599999999999999 0441271249 3399999999999999
122 99104135187243286303289248186117 58 24 24 5711819326230631929925319024 917KO 7 3303195231999999999999999 120 981332 2099999999999999
129 85 70 88136203269312322299247175102 45 19 30 7614922829232332028422424 918KO 748323202432699999999999999 157 701413 1899999999999999
152 90 53 50 84147223290327328296237163 92 44 30 5311018726131132530625624 919KO 832332205532699999999999999 235 471453 3099999999999999
187114 58 33 44 90163241300328321283222153 93 58 57 9015122328331431227924 920KO 917329212531799999999999999 313 321533 5399999999999999
221150 84 40 28 51106180250297314302263208150105 85 9413219024928930228624 921KO10 3314215530299999999999999 351 271612 8499999999999999
245186122 68 38 37 6812519124728129027624219815612711913517221925928027824 922KO1052291222528299999999999999 431 34165011999999999999999
254212160108 69 50 58 9014019223325626125022519617015415417119923025225924 923KO1147262225525999999999999999 514 50173115299999999999999
250225189148110 83 73 8210914618221122923523021820218818118219321022523424 924KO13 1235233023599999999999999 6 2 73182018099999999999999
234224205180152125105 9610111814116618820621722122021420720019719920320724 925KO1516222999999999999999999999 7 8 9620 919799999999999999
21121220819918516714612711411011612914917119321222523122822020819618818324 926KO 044212171223199999999999999 854110231518399999999999999
18519119920620720118616414011910610411513616419422023824423822220118016524 927KO 3442081759244999999999999991040104235916099999999999999
160166181200217225221202174142112 94 9110513417220923925425423821218115424 928KO 5102251828256999999999999991140 90999999999999999999999
139139156183213237245236210172130 96 79 8210614619223326026725522618815124 929KO 6 0245185226799999999999999 0281371221 7799999999999999
125116128158198236259262243205158111 79 68 8312017122226027627024320115524 930KO 637263191327799999999999999 0551161255 6899999999999999
118 99103130174223260277269238190137 91 67 69 971472042532802822592181672410 1KO 710278193428599999999999999 120 981326 6499999999999999
119 89 83102145199250281286265223168115 77 65 821251832392782892732351822410 2KO 742288195428999999999999999 145 821355 6599999999999999
128 87 69 78115170228273293284251201145 98 73 771081612212682902832512002410 3KO 812293201529199999999999999 2 9 681423 7199999999999999
142 92 63 61 88138199254287293272230177126 91 821001432002532842882642182410 4KO 842294203729099999999999999 234 581451 8199999999999999
161105 66 52 67108167227271290282252206156116 961011321812332722852712342410 5KO 912290205828599999999999999 3 0 521518 9599999999999999
181125 78 53 55 841351942452752812632281851441171111281662132552762722452410 6KO 943282212027899999999999999 326 51154511199999999999999
200147 98 65 54 701081612142522682632412071711421291341581962342602662492410 7KO1016269214426699999999999999 354 54161312899999999999999
215170123 85 65 67 901311792202452522432211931671511471591842152412522462410 8KO105325222 925399999999999999 426 63164414799999999999999
224189149112 86 76 841091461842142302332252091901751661681791992202332352410 9KO1144234224023699999999999999 5 3 75172316599999999999999
225203174142115 96 91 99120148176199213218216208199190184183189200210217241010KO1311218232821899999999999999 555 91183318399999999999999
216209193173150128111103106118137159181199212219220215206196188185187191241011KO1536220999999999999999999999 71610321 918599999999999999
197202203198186168146124108101104118140168196219234239232216197178165162241012KO 139204165323999999999999999 911101225116299999999999999
168182198212216209190162131103 85 83 98127166206238257259243215182152134241013KO 3562161735260999999999999991038 82233613199999999999999
132147175207233244237212173129 89 65 63 84125177228265281272243200153115241014KO 5 824518 9281999999999999991136 61999999999999999999999
 98104133178226262275263228176120 73 48 51 83137200257291297274228169113241015KO 6 1275184129899999999999999 014 971223 4699999999999999
 74 63 83130192251291301281235172109 61 40 53 96161231285309300261200130241016KO 649301191331099999999999999 051 6313 7 4099999999999999
 71 37 38 73137212276314317288233164100 57 45 69122194261305314289235163241017KO 735319194531599999999999999 129 331350 4599999999999999
 89 34 11 26 76152232294324319283224156 98 64 64 96156226283311304265201241018KO 821326201831299999999999999 2 7 111432 6099999999999999
125 56 11  0 28 90170247300321309270212151104 83 92131190250292302282234241019KO 9 7321205030399999999999999 246 -11513 8299999999999999
167 95 36  4  6 44110187253293305289251201152118108125165216262285282252241020KO 954305212228799999999999999 326  0155310899999999999999
201139 77 32 13 26 68130195247276281264232193159138136156191230258267254241021KO1043282215426799999999999999 4 7 13163413499999999999999
222175123 75 44 35 53 93145195232252254241218192170158161178204228243242241022KO1138255222924499999999999999 450 35171915899999999999999
227198160121 87 66 63 80112150186213228231224211196183176178188202214220241023KO1248231231222199999999999999 538 62181617599999999999999
218205185159131107 92 89100121147173194209217218213203193185182183188194241024KO1437218999999999999999999999 641 88201018299999999999999
198199194184168148129113106109121139161183202215221219210197183172166167241025KO 039199161622199999999999999 813106222816699999999999999
173182191195194184167146126112108115132156182206223230226211191169152143241026KO 31719617 623099999999999999 954108231814299999999999999
145157176195208210201180154127108101108130160193221238240227203173144125241027KO 44421117382419999999999999911 0101235111999999999999999
119129153182209226228213186151119 98 94108138176214241251243218182144114241028KO 53622918 3251999999999999991145 93999999999999999999999
 98102124160199231246241218181141107 89 92116156200238258257235197152110241029KO 616246182726099999999999999 019 971221 8799999999999999
 83 77 95132179223253261247213169125 95 85 99135182228259267251215166115241030KO 651261185026899999999999999 045 771254 8599999999999999
 77 59 67100151205249271268243201152111 88 90117162213254272265233184128241031KO 724273191327399999999999999 111 591326 8699999999999999
 79 49 46 70118178233269280266231183135102 901051421932412702732502051472411 1KO 755280193727599999999999999 137 441357 9099999999999999
 91 49 33 46 861442072562812802552121641231001011271722222612752622251702411 2KO 82728320 127599999999999999 2 4 331427 9799999999999999
111 60 31 30 581101732312692822692371921481171061191542012442692672411942411 3KO 859282202727199999999999999 232 26145810699999999999999
136 80 40 25 39 791371982462712722522171751401201201421802232552642502142411 4KO 933275205426499999999999999 3 2 25152911799999999999999
163108 61 34 32 571041612142502632572331991651401301391652012342532502272411 5KO10 9264212325499999999999999 334 3016 213099999999999999
187138 90 55 39 47 781251762182432492392171881631471441571822112342412312411 6KO1051249215524199999999999999 410 39164014399999999999999
205166124 85 60 52 65 961381802122302342252071871691581581691892092232242411 7KO1146234223722599999999999999 452 52173015699999999999999
212188156122 92 72 68 801061401742012182232192081921781671641701831962062411 8KO13 3223234320999999999999999 546 68184816499999999999999
208200183159132106 88 81 881071341641902102212232162021841691601581651772411 9KO1440223999999999999999999999 7 0 81203815899999999999999
189198199190173150124101 88 88100124154186212229234227208183159141134140241110KO 137199155323599999999999999 833 8622 213499999999999999
156177197209209196171140110 89 81 91116151190224245249235207170135110102241111KO 330211164325099999999999999 957 81225610299999999999999
112138173207229234221191152113 85 74 84114158205243263260235194145100 72241112KO 44723517232659999999999999911 1 742340 6799999999999999
 68 88129179225254260243207159112 80 69 84122174226264278264225170110 61241113KO 5452611759278999999999999991155 69999999999999999999999
 35 40 73128192247278282259215160110 77 71 92138196249281284257205139 73241114KO 637284183528699999999999999 022 331244 7099999999999999
 25  6 21 69137210267296294265216158109 80 80109160219267289279240179106241115KO 727299191229099999999999999 1 3  61330 7699999999999999
 40 -3-11 16 75152227280303296262210154110 89 96130184239277287266217150241116KO 815304194828799999999999999 145-131416 8899999999999999
 77 17-16-14 24 90169239284300288251201151115102115153204251277275245192241117KO 9 3300202528099999999999999 226-2015 010299999999999999
124 57  7-15 -3 42110183243278287271236191150123118136174218253267256221241118KO 95028721 326799999999999999 3 9-15154311799999999999999
167105 48 10 -1 19 66129192240265268250219182151133134155188223246250233241119KO1037269214225199999999999999 351 -1162713199999999999999
198149 96 51 25 22 46 91145195230247246230204176154143148167193218231229241120KO1126249222323399999999999999 435 20171214399999999999999
211179138 97 63 46 49 73111154192218230228215195174158151156170189205213241121KO1220230231121399999999999999 521 4518 615199999999999999
209193168136105 81 70 75 95125158187207216215206191174161154155164176188241122KO1323217999999999999999999999 612 70191915399999999999999
194193183165143119100 91 94109132159183200210210203190173158148145150159241123KO 020195143621199999999999999 714 91205314599999999999999
171181185182171154134117107106116135159182200211212204188168148134128131241124KO 2 6185153921399999999999999 83110522 912899999999999999
143159175187190183168148128114111119137162187207218217204182155130113107241125KO 350190162621999999999999999 949111225810799999999999999
114132156180197204197180156132116111120141170198219227220199168134105 88241126KO 45920417 22279999999999999910511112335 8599999999999999
 86101129163194215220209187157130112110123150183213232233217185145106 76241127KO 5502201734235999999999999991140109999999999999999999999
 64 71 98137180214233234217187152123108111131165201230242233205163116 75241128KO 63123618 524299999999999999 0 8 64122210799999999999999
 49 46 66106155202236249242217180143116106116145184221244246225186135 84241129KO 7 8250183524899999999999999 038 4513 010699999999999999
 45 29 38 72123179226254259243209169132109107127163205238252242209160103241130KO 74426019 525299999999999999 1 9 28133610699999999999999
 53 22 17 40 871462042462652612351961551221071151431842252502532311871312412 1KO 818266193625599999999999999 141 16141110799999999999999
 73 29  8 16 521081712252582682542231811421161111271612042392552462131622412 2KO 85426820 825599999999999999 214  7144611099999999999999
103 49 14  4 24 701311922382622632422071671331161181421792192462512321922412 3KO 931266204325299999999999999 249  4152311499999999999999
138 81 34  8 10 39 911522072442592522281921561301201291561932272452412152412 4KO1010259212024699999999999999 327  616 212099999999999999
172119 67 29 13 23 581101672142432512402141811511301261391672002262372272412 5KO105425122 123799999999999999 4 7 12164512599999999999999
198156107 63 33 24 40 761261762152372412282041751481321301441691982182242412 6KO1143241225022499999999999999 452 24173712999999999999999
212185147105 68 45 40 57 921361792122302322201981721471321301411631872052412 7KO1238233235421199999999999999 542 39184012999999999999999
211202180148113 81 61 58 731031421792092262282171961691431261201291481712412 8KO1341229999999999999999999999 641 57195312099999999999999
191201199184159128100 80 74 851111441792082252292181941641341111021081272412 9KO 120202144322999999999999999 750 7421 610299999999999999
153179198204196176148119 97 87 94115147181211230233219191154117 89 76 82241210KO 257204154023499999999999999 9 6 872211 7699999999999999
105138173202217215197169137111 96 99118150186219238238219184139 94 61 47241211KO 4232181631240999999999999991021 9523 7 4799999999999999
 56 85129175213234235218187151119102102122155195229247242216172119 67 31241212KO 5332371719248999999999999991128 992357 1999999999999999
 19 34 73127183228252254234199158123104105126164207240254244209157 96 41241213KO 63325618 4254999999999999991227101999999999999999999999
  5 -3 20 69133196244268266243204159123104108134175219250259241199139 73241214KO 727270184925999999999999999 045 -3132110399999999999999
 18-14-15 17 74145210256277271243200155120104113143188231257258233184120241215KO 817278193326199999999999999 131-18141010499999999999999
 54  2-23-16 24 88160223264278267234190147116106120155200239259252220167241216KO 9 3278201626099999999999999 216-25145510699999999999999
101 39 -6-22 -5 41108177232265271254219176137113110130168210243254240203241217KO 946272205725499999999999999 3 0-22153710999999999999999
148 86 31 -4-10 15 65130192237259258236200161129113117141179216240243223241218KO1026261213824599999999999999 342-11161811299999999999999
184131 75 30  7 11 42 93152203236248240215181147123115125151185216231227241219KO11 3248221823299999999999999 422  5165711599999999999999
203164117 71 38 26 38 72120170209231234220195165138121119132157186208216241220KO1139235225921699999999999999 5 1 26173811899999999999999
208184149110 75 53 50 67101143183211223219203179153131120121135157180196241221KO1215223234720099999999999999 539 48182311999999999999999
199190169141111 86 73 76 95125159189208214207190168145127118120132150168241222KO1255214999999999999999999999 620 72191811799999999999999
181184178163142120102 94 99116142168191204206198182161139121112113123138241223KO 051184134320799999999999999 7 7 94202511199999999999999
155168175174165150134120113117131150172190201202194177155132112101100109241224KO 222176143920399999999999999 8 91132136 9999999999999999
125144162175180176164149135127128137153173190201203193174148121 98 84 83241225KO 4 2180153720399999999999999 9271262237 8299999999999999
 93114140165183193191179162145133130138154174193205206193169137105 78 64241226KO 51919316322079999999999999910471302326 6399999999999999
 65 81110144176199210206191169147132128136155179201213210192160121 84 55241227KO 6152101720214999999999999991151128999999999999999999999
 43 50 76114157194218226218197169143126123136160189212222213187147101 59241228KO 65922618 322299999999999999 0 8 43124112299999999999999
 31 25 41 78126175215237239223195161133117119139170203226230213177128 76241229KO 737241184323199999999999999 047 24132311699999999999999
 33 10 12 40 87145197235251246221185148121110119147184219238235209163106241230KO 814252192324099999999999999 126  814 211099999999999999
 51 10 -6  7 46104167219251259245212170132108105123159201235248236200146241231KO 85026020 224899999999999999 2 4 -6144010399999999999999
