 15 20 36 58 82103117123121115106 99 96 97104113121125123112 95 74 53 3624 1 1KR 71712317 912599999999999999 0 2 151211 9699999999999999
 27 26 36 53 74 95111120122117109100 93 91 93 99106113115110100 85 68 5224 1 2KR 742122175011599999999999999 032 2513 2 9199999999999999
 42 38 42 53 70 89106118122120113103 94 87 85 86 91 97102103 99 90 79 6724 1 3KR 8 7122184210399999999999999 1 0 3814 5 8599999999999999
 58 52 53 59 71 87103116123123117108 97 87 80 77 77 81 86 90 92 91 86 8024 1 4KR 83312420 3 9299999999999999 128 521520 7699999999999999
 74 69 67 69 77 88101113122125122114103 91 80 71 66 66 69 74 80 85 88 8824 1 5KR 9 01252244 8899999999999999 157 671637 6599999999999999
 87 85 83 83 86 92102112121126126121111 98 84 70 59 53 52 56 64 73 82 9024 1 6KR 931127999999999999999999999 232 831740 5299999999999999
 95 98 99 98 98100105112120126129127120108 93 75 58 46 38 38 44 56 70 8424 1 7KR 152 9910 812999999999999999 339 981832 3799999999999999
 97106111113112110111113119125130132129120105 86 65 45 31 24 25 35 50 7024 1 8KR 254113105513299999999999999 5221101920 2399999999999999
 89106117123123121118117119123129134136132121102 79 54 31 16 10 14 28 4924 1 9KR 333124115013699999999999999 65411720 5 1099999999999999
 73 96115127131130125121119121126133139141135121 98 71 42 18  3 -1  7 2524 110KR 410131124714199999999999999 8 31192050 -199999999999999
 51 79104122133135131125120118121127136144145137120 93 62 31  7 -6 -7  524 111KR 447135134114699999999999999 8561182134 -899999999999999
 27 56 86111127135134128120115114119128140148148137116 86 53 22  0-11 -824 112KR 522135143114999999999999999 9391142217-1199999999999999
  8 35 65 94117130134129121112108109116128141149147134110 79 45 16 -3 -924 113KR 55513415201509999999999999910211072257 -999999999999999
 -1 19 47 78104122130130122111102 99102112126139146142127102 71 40 15  124 114KR 62413116 91469999999999999911 4 992334 -199999999999999
  0 13 36 64 92113126129123112100 91 89 94106121133138132116 93 65 39 2024 115KR 6501291658138999999999999991149 89999999999999999999999
 13 17 33 57 83106122128126116102 89 80 79 85 97112122126120105 85 62 4324 116KR 712129175112699999999999999 0 7 131240 7899999999999999
 32 31 40 57 80102120129129121108 92 78 70 69 76 87 99109111107 96 81 6524 117KR 732130185211199999999999999 037 301337 6999999999999999
 54 49 53 65 82101118129133128116100 84 70 62 60 65 75 86 94 98 96 90 8224 118KR 7531332010 9899999999999999 1 3 491443 6099999999999999
 74 69 70 76 88103118130135133125111 95 78 63 54 51 54 62 72 81 87 90 9024 119KR 8161352228 9099999999999999 124 691558 5199999999999999
 88 86 86 90 97107118128135137132123108 91 74 58 47 42 43 50 60 71 81 8924 120KR 845137999999999999999999999 131 861717 4299999999999999
 95 99101103106111119126133137136131121107 90 71 53 39 32 33 40 52 66 8124 121KR 9251379999999999999999999991827 32999999999999999999999
 94104110114115117119123128132135135131122108 88 67 47 31 23 24 33 48 6724 122KR10291369999999999999999999991925 23999999999999999999999
 86102114121123122121121122126130134136133123107 86 61 39 23 15 18 30 4924 123KR 4 6123115413699999999999999 6321212015 1599999999999999
 72 94111123127126123119117118122128135138135124105 81 54 30 14  9 15 3224 124KR 41812813 513899999999999999 8111172058  999999999999999
 55 81103119128129125118113111113119129137141136122100 72 44 21  7  6 1724 125KR 439130135914199999999999999 9 11112136  599999999999999
 38 65 92112125129126119110105104109119131140142134116 91 61 34 13  4  924 126KR 5 2129144314299999999999999 9381042211  499999999999999
 25 50 78103120128127120110101 97 99107120133141140128107 79 50 25 10  724 127KR 5241281523142999999999999991011 972243  699999999999999
 17 39 66 92113124127121110 99 91 90 95107122134138133118 94 67 40 21 1224 128KR 54412716 0138999999999999991043 892311 1299999999999999
 16 32 57 83106121126122112 99 88 83 84 93107122131132123105 82 57 35 2324 129KR 6 31261636133999999999999991116 822336 2199999999999999
 21 32 52 77101118126124115102 88 79 76 81 92107119125122111 93 71 51 3724 130KR 6201261713125999999999999991150 762359 3299999999999999
 32 37 52 74 97115126127119106 91 78 71 71 79 91104113116112100 84 66 5324 131KR 6371271754116999999999999991227 70999999999999999999999
 45 47 57 74 94113125129124112 96 81 70 65 68 76 87 98105107102 92 80 6824 2 1KR 655129184210799999999999999 020 4513 8 6599999999999999
 61 60 66 78 95111124130128118103 87 73 64 61 64 72 82 91 96 98 95 89 8224 2 2KR 7131301947 9899999999999999 038 601358 6199999999999999
 76 75 78 86 98111123130130124111 95 80 67 59 56 58 65 73 81 88 91 92 9124 2 3KR 7331312151 9299999999999999 052 7515 1 5699999999999999
 90 89 91 96103112122129131128119106 91 76 63 54 49 50 55 63 72 80 88 9324 2 4KR 757131999999999999999999999 044 891622 4999999999999999
 98101104107110115121127130130126117104 89 73 59 47 40 39 43 51 62 75 8824 2 5KR 8291319999999999999999999991747 39999999999999999999999
 99108113117118120122125128130129126118106 90 72 54 39 29 25 29 40 55 7324 2 6KR 9241309999999999999999999991857 25999999999999999999999
 91107118124126125123123124126129131129122110 91 69 47 28 16 12 18 32 5324 2 7KR 4 312611 613199999999999999 6551231953 1299999999999999
 76 98115126130129125120118119123129135135129114 92 65 38 17  4  1 10 3024 2 8KR 411130123713699999999999999 8131182042  199999999999999
 55 82106123131131126118112110113121131140142134116 90 59 30  7 -5 -4 1024 2 9KR 431132134314299999999999999 8571102125 -699999999999999
 34 64 92115128132127117106100 99106119133144146136115 85 52 22  2 -6  024 210KR 453132143914699999999999999 935 9922 5 -699999999999999
 19 47 78105123131128117103 91 85 88 99117134146146133110 79 46 19  3  124 211KR 5141311530147999999999999991012 852240  099999999999999
 13 36 66 95117129129120104 87 75 71 78 94114132142140126102 72 43 22 1324 212KR 5331301620143999999999999991051 712311 1399999999999999
 17 34 60 89113127131124108 88 70 60 60 70 88110127134131116 93 68 45 3224 213KR 5501311710134999999999999991132 592338 2999999999999999
 30 40 61 86110127134130116 95 74 57 49 52 64 83103118123118105 86 67 5324 214KR 6 613418 2123999999999999991215 49999999999999999999999
 48 53 67 88110128137135124106 83 62 48 43 47 60 78 94106110106 96 83 7224 215KR 623137185911099999999999999 0 0 4813 2 4399999999999999
 66 68 77 93111127138140132117 97 75 56 44 41 45 56 71 85 94 98 96 91 8524 216KR 6411402011 9899999999999999 018 651355 4199999999999999
 81 82 88 99112126136140137126110 91 72 55 45 41 44 52 63 74 83 89 91 9224 217KR 7 3140999999999999999999999 025 8115 3 4199999999999999
 92 94 98105114124132137137131120106 89 73 58 47 41 41 46 55 65 75 84 9124 218KR 7291389999999999999999999991630 41999999999999999999999
 97102106111116122127131133131126117106 92 77 61 48 40 37 39 47 58 71 8424 219KR 8 313399999999999999999999918 2 37999999999999999999999
 96105112116118120121123124126125123118109 96 80 62 46 35 30 32 41 56 7324 220KR 9231269999999999999999999991911 29999999999999999999999
 89104114120121119117115115116119123124121113100 81 60 40 27 22 26 39 5824 221KR 351121115612499999999999999 74111520 3 2299999999999999
 79 98112121123120114109105106109116124128126116 99 77 53 32 19 16 25 4224 222KR 352123131412899999999999999 8291052044 1699999999999999
 65 88107120124122114105 98 95 98106117127132128116 95 69 43 23 13 15 2924 223KR 4 612414 613299999999999999 9 1 952120 1399999999999999
 52 77100116124123115103 92 86 86 93106121132134127110 86 58 33 17 13 2124 224KR 422125144813599999999999999 929 852151 1399999999999999
 41 67 92112123124116103 89 79 75 80 92109125134133122101 75 48 27 17 2024 225KR 437125152713599999999999999 957 752218 1799999999999999
 35 58 85107121125119105 89 74 66 67 77 94112127133128113 90 64 41 27 2424 226KR 45212516 3133999999999999991025 652243 2499999999999999
 34 54 79103120126122109 91 73 61 57 63 78 97115127128120102 80 57 41 3424 227KR 5 61261640129999999999999991053 5723 6 3499999999999999
 39 54 77100118127126114 96 76 59 51 52 63 81100116123121110 93 73 56 4724 228KR 5201281718124999999999999991122 502326 4699999999999999
 47 58 77 98117128129120102 81 62 49 45 51 65 84101113117113101 86 71 6124 229KR 5351301758117999999999999991152 452345 5899999999999999
 59 65 79 98116128132125110 89 68 51 43 43 52 68 85 99108110105 95 84 7524 3 1KR 5511321844110999999999999991226 42999999999999999999999
 72 75 85 99115127132129117 99 77 58 45 41 44 54 68 83 94101102 99 93 8724 3 2KR 6 7133194310299999999999999 0 1 7213 5 4199999999999999
 84 86 92103115125132131123108 89 70 54 44 41 44 53 64 76 86 92 95 96 9524 3 3KR 6251322140 9699999999999999 0 9 841356 412342 949999999
 95 96101107116124130131127116101 84 68 54 45 41 42 48 56 66 76 84 91 9624 3 4KR 6461319999999999999999999991513 41999999999999999999999
101105109113118122126128127122112 99 85 70 56 46 39 36 38 45 54 66 79 9124 3 5KR 71012899999999999999999999917 2 36999999999999999999999
101109115118120121122123123122119113103 90 75 59 45 33 26 26 32 44 60 7824 3 6KR 7531239999999999999999999991833 25999999999999999999999
 95108118122122120117115115116119120118111 98 81 61 41 25 16 15 23 39 6024 3 7KR 332123105612099999999999999 7351151934 1499999999999999
 83102117124124119112106103104110118124125119105 84 59 35 17  7  9 21 4224 3 8KR 332125124212699999999999999 8111032023  699999999999999
 68 92112123125120109 97 90 88 94105119130133126110 85 56 30 12  5 10 2824 3 9KR 345126135113399999999999999 844 8821 3  599999999999999
 54 81105121126121108 92 78 71 73 84102121134138129110 82 53 28 13 11 2224 310KR 4 1126144813899999999999999 918 712139 1099999999999999
 44 72 99118127124111 91 71 57 53 60 77100122136138128107 79 51 30 21 2624 311KR 416128154013999999999999999 954 532211 2199999999999999
 42 67 95117129129117 97 72 51 39 39 51 73100122134134122101 75 53 39 3724 312KR 4311301631136999999999999991031 372239 3799999999999999
 47 68 93116131134125106 80 54 34 26 30 47 72 98118128126114 95 74 59 5324 313KR 44713417211299999999999999911 9 2623 3 5399999999999999
 58 73 94116132139133117 92 64 40 24 20 29 48 72 95112119116105 90 77 6924 314KR 5 31391812119999999999999991148 202323 6899999999999999
 70 80 96116132141139127106 80 53 32 21 21 32 50 72 91104109106 98 89 8324 315KR 52214219 7109999999999999991230 202338 8199999999999999
 82 88100115130140142134118 96 71 49 32 25 27 37 53 70 85 95 99 98 95 9224 316KR 5431422018 99999999999999991318 242341 9199999999999999
 91 95103114125134139136125109 89 69 51 38 32 34 41 53 66 78 87 92 94 9624 317KR 6 71399999999999999999999991418 32999999999999999999999
 97100105112120127131131126116102 87 71 57 46 40 39 42 50 60 71 81 88 9524 318KR 6321329999999999999999999991544 38999999999999999999999
100104108112116119122122121117110101 89 77 65 53 44 39 40 45 55 66 79 9024 319KR 6581229999999999999999999991726 39999999999999999999999
100107111113113112112111111111110108103 95 84 70 56 43 36 35 40 51 66 8124 320KR 3311139999999999999999999991841 34999999999999999999999
 96107113115113108103100 99101105108110108101 88 72 54 39 30 30 37 52 7124 321KR 25311512 211099999999999999 750 991934 2999999999999999
 89104114117114106 98 90 87 88 94102111115114105 89 69 48 33 26 28 40 5924 322KR 3 0117131611599999999999999 816 872014 2599999999999999
 81100113118116107 95 83 76 74 80 91104115120117105 86 63 42 28 25 33 5024 323KR 31211914 712099999999999999 842 742048 2599999999999999
 72 94111119118109 95 79 67 62 65 76 93109121124117101 79 56 38 29 31 4424 324KR 326120145012499999999999999 9 7 612118 2899999999999999
 65 89108120121113 97 78 61 51 51 60 77 97115125125114 95 72 51 38 35 4324 325KR 339122153012699999999999999 933 502145 3499999999999999
 61 84106120124117101 80 59 44 39 45 60 82103119126122109 88 67 51 43 4724 326KR 35212416 81269999999999999910 0 392210 4399999999999999
 61 82104120127122107 85 61 42 31 32 44 65 88109122125117102 82 65 55 5524 327KR 4 61271646125999999999999991026 302234 5499999999999999
 64 81102119128127114 93 68 44 29 24 31 48 72 95112121121111 95 80 68 6424 328KR 4221291725122999999999999991054 242255 6499999999999999
 70 83101118129131121102 77 52 32 22 23 35 55 78 99112118114104 92 81 7524 329KR 43813118 6118999999999999991123 212314 7599999999999999
 77 86101116128132127111 88 62 40 25 20 26 41 61 82 98109111107 99 91 8624 330KR 4551321853111999999999999991155 202330 8599999999999999
 86 92102115126132130118 99 76 52 34 24 23 31 46 64 81 94102104102 98 9424 331KR 5141321957104999999999999991233 222337 9499999999999999
 94 97105114124130130123109 90 68 48 34 27 28 35 47 61 75 86 94 98 9910024 4 1KR 5341319999999999999999999991323 26999999999999999999999
101103108114120126127124116102 84 66 50 38 31 31 35 44 55 66 78 87 9510024 4 2KR 5571279999999999999999999991437 30999999999999999999999
105108111114117120121121117110 98 85 70 56 44 35 31 31 37 46 58 72 85 9624 4 3KR 6211219999999999999999999991624 30999999999999999999999
105111114114114112111111111110107100 91 78 64 49 37 28 26 29 39 54 71 8824 4 4KR 2471149999999999999999999991756 26999999999999999999999
102112116115111105100 97 98101105108106100 88 72 53 37 25 21 26 38 56 7724 4 5KR 221116111010899999999999999 717 971859 2199999999999999
 96110117117110100 89 82 80 84 93104112114109 96 77 56 37 24 21 29 45 6624 4 6KR 229118125011499999999999999 748 801948 2199999999999999
 89107118120113 98 81 67 60 62 71 88105117122117102 81 58 38 28 28 39 5924 4 7KR 242120135912299999999999999 821 602028 2799999999999999
 83105119123117101 80 59 44 39 46 63 85107122128121105 83 60 44 37 42 5724 4 8KR 256124145712899999999999999 856 3921 4 3799999999999999
 80103120128124109 85 58 36 23 23 35 58 86110125129122105 83 64 53 52 6124 4 9KR 311128155113099999999999999 931 212135 5199999999999999
 80102121132132119 96 67 38 17  8 13 32 59 88111125128119103 84 70 65 6924 410KR 32813316421289999999999999910 8  822 3 6599999999999999
 82102121135138130110 81 50 22  5  1 12 34 62 90111122122114100 86 78 7924 411KR 3471381732123999999999999991046  12228 7799999999999999
 87102120135142138123 98 67 37 14  1  3 16 40 66 91108116115107 97 89 8724 412KR 4 91421823117999999999999991125  02250 8799999999999999
 92103117132141141132112 86 57 31 13  5 10 25 47 70 90103109108102 97 9424 413KR 43414219181099999999999999912 6  523 9 9499999999999999
 96103113126135139135122101 77 52 31 18 14 20 34 52 71 87 97102102100 9824 414KR 5 01392031102999999999999991252 142320 9899999999999999
 99103110118127132132125111 93 72 52 37 27 25 30 41 55 70 83 92 97 9910024 415KR 5291339999999999999999999991347 25999999999999999999999
101103107112117121123121114102 87 72 57 45 37 34 36 44 55 67 79 89 9610024 416KR 55912399999999999999999999915 2 34999999999999999999999
103105106107108110111111109104 96 87 75 64 53 44 39 39 44 53 66 78 89 9824 417KR 6311119999999999999999999991632 38999999999999999999999
104107107105102100 98 98 99 99 98 95 89 81 71 59 48 41 39 43 53 67 81 9424 418KR 133108 854 9999999999999999 644 981747 3999999999999999
104109110106100 92 87 84 85 88 93 96 97 95 87 76 62 49 40 39 45 57 73 8924 419KR 1381101148 9899999999999999 718 841843 3999999999999999
102110113109100 88 78 71 70 74 82 91 99103101 92 78 62 48 41 41 50 65 8324 420KR 15111313 910399999999999999 746 691926 4099999999999999
100111115112102 87 72 60 55 57 67 80 94105109106 95 79 62 49 44 48 60 7824 421KR 2 511514 410999999999999999 812 5520 3 4499999999999999
 96111118116106 89 70 53 43 42 50 65 83101112115109 95 78 62 52 51 59 7524 422KR 219119145011599999999999999 838 412037 5099999999999999
 94110120121112 94 72 50 35 29 33 47 68 90108118119110 94 77 64 58 62 7424 423KR 234122153312099999999999999 9 5 2821 7 5899999999999999
 91109122125118102 78 52 31 20 19 30 51 76 99115122119108 92 78 68 68 7524 424KR 251125161312399999999999999 932 182136 6799999999999999
 90108122129125110 87 59 34 17 10 16 34 58 84106119123118105 91 80 76 7924 425KR 3 912916531239999999999999910 0 1022 3 7699999999999999
 90106121130130119 98 70 42 20  7  7 19 41 67 92110120121114102 91 85 8524 426KR 3291321734122999999999999991030  62228 8499999999999999
 92105119130133126109 84 55 29 11  4 10 26 49 74 96111117116109100 93 9124 427KR 35013318191189999999999999911 3  42250 9199999999999999
 95104116128134131118 97 70 43 21  8  7 16 33 55 78 96107112110105100 9724 428KR 4131341913112999999999999991139  62310 9799999999999999
 99105114124131132125109 86 60 36 19 10 12 22 39 58 77 9210210610610410224 429KR 4381332028107999999999999991221 10232610299999999999999
102106111119126129126116 99 78 55 35 22 16 18 27 41 58 74 87 9710210510524 430KR 5 71299999999999999999999991313 16999999999999999999999
105107109113118121122118108 93 75 56 39 28 22 23 30 41 56 71 84 9510210624 5 1KR 5411229999999999999999999991422 22999999999999999999999
108108108108108110111112109101 90 76 61 47 36 29 27 32 41 55 70 84 9710524 5 2KR 6351129999999999999999999991546 27999999999999999999999
110110108103 99 96 96 97100100 98 92 82 70 57 44 35 31 34 43 58 74 9010324 5 3KR 039110 84810099999999999999 541 9617 5 3199999999999999
111113110102 92 83 78 78 82 88 95 98 97 91 81 67 53 42 37 40 50 66 8310024 5 4KR 0541131119 9999999999999999 635 7718 8 3799999999999999
111116114104 90 74 62 57 58 67 80 93102105101 91 76 61 50 46 50 62 79 9724 5 5KR 110116125810599999999999999 716 561859 4699999999999999
112120120110 93 72 52 39 35 41 56 75 94107113110 99 84 69 59 57 64 78 9624 5 6KR 128121141011399999999999999 754 351942 5799999999999999
113124127119102 78 51 30 18 18 29 50 75 97113120117105 90 77 70 71 80 9524 5 7KR 147127151012099999999999999 832 162021 6999999999999999
113127133129114 90 60 31 11  2  6 23 49 78102118124120108 94 84 81 85 9624 5 8KR 2 813316 412499999999999999 910  22057 8199999999999999
112127137137127105 76 43 15 -2 -7  3 25 53 82106120124119108 97 91 91 9824 5 9KR 232138165512499999999999999 949 -72129 9099999999999999
110125137142137120 94 62 30  5 -8 -7  6 31 60 87108119121116107 99 96 9924 510KR 3 01421744122999999999999991028 -922 0 9699999999999999
108121134142142132111 83 51 23  2 -6 -2 15 39 66 9010711611611110510010024 511KR 33014318341179999999999999911 9 -6223010099999999999999
106115127137141137123101 73 44 20  5  1  8 25 48 72 9210511111110710310124 512KR 4 31411926112999999999999991151  123 210199999999999999
103109118128134135128113 91 66 41 22 12 11 19 35 56 76 9210310710710510224 513KR 4381362028107999999999999991236 10234110299999999999999
102104110117123127126117102 83 62 42 28 20 21 29 44 61 78 9210110510510424 514KR 5141272141105999999999999991325 20999999999999999999999
102102103107111115117114106 93 77 61 46 35 30 31 38 50 65 80 9310110510524 515KR 554117224810599999999999999 0441021422 2999999999999999
104102100 99100101103104102 96 87 76 64 53 43 38 39 45 56 70 84 9510310724 516KR 647104233210799999999999999 3 4 991526 3899999999999999
107104100 95 90 88 89 90 92 92 90 85 78 69 60 51 46 46 52 62 76 9010110824 517KR 840 92999999999999999999999 526 881632 4599999999999999
110108102 93 85 78 74 74 77 82 86 89 88 84 77 67 59 53 53 59 70 84 9810824 518KR 0 01101117 8999999999999999 627 741731 5299999999999999
113112106 95 82 70 62 58 61 68 77 86 92 94 92 84 75 65 60 61 68 80 9410724 519KR 0241131257 9499999999999999 7 4 581822 5999999999999999
115117112100 84 67 53 45 44 51 63 77 90 99103100 91 81 71 67 70 79 9210624 520KR 04511714 210399999999999999 735 4319 8 6799999999999999
116121118107 89 68 48 35 29 33 45 63 82 98108111107 97 86 78 75 80 9010424 521KR 1 6121145211199999999999999 8 5 291949 7599999999999999
117124124115 97 74 50 30 19 18 28 46 68 90107117118111100 90 84 84 9110324 522KR 128125153711899999999999999 835 172028 8399999999999999
116126129123108 84 57 32 14  7 12 27 50 76 99115122121113102 94 90 9310224 523KR 152129161912399999999999999 9 6  721 4 9099999999999999
114126133131119 97 69 41 17  3  1 11 32 58 84106120124121112103 97 9610124 524KR 21813317 212499999999999999 940  12137 9699999999999999
112124133136128111 85 55 27  7 -3  0 15 38 65 9011012112311811110410010224 525KR 2471361747123999999999999991015 -322 910099999999999999
109120131137135123101 73 43 17  1 -4  3 21 45 71 9411011911911510910410324 526KR 3171381836120999999999999991054 -4224010399999999999999
107116126134137131115 91 62 34 12  0 -1  9 28 52 75 9510911511511210710524 527KR 3501371932116999999999999991135 -2231510599999999999999
106111119128134133124106 82 55 30 12  4  5 16 35 57 78 9510711211311010624 528KR 4271342032113999999999999991220  3999999999999999999999
105106111117124128125115 97 75 52 31 16 10 14 25 42 62 81 9610611111110824 529KR 5 8128212911199999999999999 0 510513 9 1099999999999999
105102103106111116118115106 91 72 53 36 24 20 24 34 50 68 86 9910811211024 530KR 6 1118221411299999999999999 12510214 2 2099999999999999
106101 96 94 95 98103106105 98 88 74 58 45 36 32 36 45 60 77 9310511211324 531KR 717106224811399999999999999 315 9415 1 3299999999999999
110103 94 86 80 79 82 87 92 95 94 88 79 68 57 49 46 49 58 72 8810211211724 6 1KR 912 95231611799999999999999 447 7916 1 4699999999999999
115108 96 82 70 62 60 63 71 81 89 93 93 88 80 71 63 60 63 72 8510011212024 6 2KR1126 94234212299999999999999 552 6017 1 6099999999999999
121116104 86 68 51 42 40 46 58 73 87 96101 99 93 84 77 74 78 87 9911212324 6 3KR1314101999999999999999999999 642 401756 7499999999999999
127125114 96 74 50 32 23 23 33 50 70 89102110110104 95 89 87 9110011212424 6 4KR 010128143011099999999999999 727 211848 8799999999999999
132133126110 87 59 34 15  7 11 25 47 72 94109117117111103 98 9710211112224 6 5KR 040133153011899999999999999 811  71938 9799999999999999
133138136125104 76 46 19  2 -3  5 24 49 7610011512312211510810410411011924 6 6KR 114139162112399999999999999 853 -3202410399999999999999
130139142136120 96 65 34  9 -5 -6  5 27 55 8310511912412211610910610811524 6 7KR 15214217 812599999999999999 936 -721 910699999999999999
125135143143133114 86 55 25  3 -7 -4 11 35 63 8910912012312011310810611024 6 8KR 2311441753123999999999999991018 -8215110699999999999999
117128138143140128105 77 47 20  2 -4  2 20 45 72 9511111912011510910510524 6 9KR 3121431835120999999999999991059 -4223310599999999999999
109118128137140134119 96 68 40 18  4  2 12 31 55 80 9911211711511010510224 610KR 3521401915117999999999999991140  2231710299999999999999
103108117126133133125108 86 60 37 19 10 12 24 43 66 8710311211411110610124 611KR 4321341953114999999999999991220  9999999999999999999999
 99100106113121125123114 97 77 55 36 23 19 24 37 55 76 9410611211210810224 612KR 513126203011399999999999999 0 8 991259 1999999999999999
 97 95 96101107113115111102 88 71 54 40 31 30 37 50 68 8510010911211110524 613KR 55711521 411299999999999999 110 951338 2999999999999999
 99 93 90 90 93 97101103100 92 81 69 56 47 42 43 51 64 79 9510611311310924 614KR 651103213711499999999999999 231 891419 4299999999999999
102 94 87 82 80 82 85 89 91 91 87 80 72 64 57 55 57 64 76 9010311211611424 615KR 817 9122 911699999999999999 4 2 8015 5 5599999999999999
108 99 88 78 71 68 69 73 78 83 86 86 84 80 74 70 68 70 77 8810011111711824 616KR1036 86224011999999999999999 517 681559 6899999999999999
114105 92 79 66 57 54 55 62 70 79 87 91 92 90 86 82 80 82 89 9910911812224 617KR1250 92231312299999999999999 6 9 5417 0 8099999999999999
120112100 83 66 51 42 40 44 54 67 81 92100103102 97 92 90 92 9910811712424 618KR14 8103234612699999999999999 651 3918 1 9099999999999999
125121109 92 72 52 36 27 27 36 50 68 86101110113111106100 9810110711612424 619KR15 1113999999999999999999999 729 2619 0 9899999999999999
129128120104 82 58 36 21 15 19 31 51 73 9411011912111711110610410711412224 620KR 023129154612199999999999999 8 7 15195410499999999999999
130134130117 97 71 44 22  8  5 13 31 54 7910211712512512011310910811211924 621KR 1 1134162912699999999999999 847  5204110899999999999999
129136137130113 88 59 32 10 -1  0 12 33 60 8610812212712612011311011011524 622KR 141138171212899999999999999 927 -2212410999999999999999
124134140139128107 79 48 21  2 -6 -2 14 39 66 9211212412712311711110911124 623KR 22214117551279999999999999910 9 -622 510999999999999999
118128138142138123 99 70 39 13 -3 -7  1 20 46 74 9711412312411911310710624 624KR 3 41421837125999999999999991050 -7224710699999999999999
110118129138141134117 91 61 32  9 -3 -3  8 29 56 8110211612212011410710224 625KR 3481411916122999999999999991132 -5233410299999999999999
102107116127135136127108 83 55 29 11  3  6 20 42 67 9010811812011610810024 626KR 4341371950120999999999999991212  2999999999999999999999
 96 96101111121127127117 99 76 52 31 18 14 21 36 57 8010011311911811110124 627KR 524128201911999999999999999 028 951251 1499999999999999
 92 87 87 92101110116115107 92 73 54 39 30 30 39 55 74 9410911812011510624 628KR 623117204512099999999999999 132 861329 2999999999999999
 94 84 77 76 80 88 97103103 98 88 75 61 51 47 50 59 74 9110711812312111324 629KR 738104211012399999999999999 244 7514 7 4799999999999999
100 86 74 65 62 65 73 82 90 94 93 88 81 73 67 66 70 79 9210611812612612124 630KR 921 94213812799999999999999 359 621448 6699999999999999
110 95 78 63 52 47 49 57 68 79 87 92 93 91 87 84 84 88 9610711812713112924 7 1KR1147 93221113199999999999999 5 9 471534 8499999999999999
121107 89 69 51 38 32 35 44 58 73 86 96101103101 99 9910210911712613213424 7 2KR1355103225313499999999999999 611 321635 9999999999999999
131121105 84 61 40 25 20 23 35 52 71 8910211111411311010911111612313013624 7 3KR15 8114234413799999999999999 7 7 20175110999999999999999
137132121102 78 52 29 15 10 15 30 51 74 9511011912211911611411511912513324 7 4KR1556122999999999999999999999 757 10191111499999999999999
139140134120 98 71 43 20  6  3 12 30 55 8010211712512512111711411511912624 7 5KR 041140163512699999999999999 845  3202111499999999999999
134141141134117 92 63 35 13  1  1 13 35 62 8810912212712511911311111211724 7 6KR 135142171012799999999999999 929 -1211511099999999999999
126136143142131112 85 55 27  7 -1  3 19 44 72 9711512412512111410810510824 7 7KR 2251431741126999999999999991010 -1215910599999999999999
115126137142139126104 76 46 21  5  1 10 30 56 8310511812412111410610110024 7 8KR 3101431810124999999999999991048  12240 9999999999999999
104114126136139133117 94 66 39 18  7  8 22 44 70 94111120121116107 98 9424 7 9KR 3521391836122999999999999991123  62320 9399999999999999
 95102113124132132123106 82 57 34 18 14 20 37 60 85105117121117109 99 9124 710KR 43213319 0121999999999999991155 14999999999999999999999
 88 90 99110120125122112 94 73 51 34 25 26 37 55 78 98113120119112102 9124 711KR 512125192212199999999999999 0 3 881224 2499999999999999
 84 82 86 94104112115111100 84 66 50 40 36 42 56 74 94110120121116106 9424 712KR 555115194412299999999999999 049 821252 3699999999999999
 84 78 77 81 88 97103104100 91 79 66 56 51 52 61 75 9110711912312011210024 713KR 64610420 712399999999999999 142 761318 5199999999999999
 87 77 71 70 74 80 87 93 95 92 87 79 72 67 66 70 79 9210611712412411810724 714KR 758 95203112599999999999999 244 701344 6699999999999999
 94 81 70 64 62 64 70 78 84 88 89 88 85 83 81 82 87 9510511612312612311524 715KR 958 89205912699999999999999 353 621410 8199999999999999
102 88 74 62 55 52 54 60 69 78 85 91 95 96 96 96 9710110711412212612712224 716KR2133127999999999999999999999 5 2 52999999999999999999999
112 99 83 67 53 44 40 43 51 62 75 87 9710410810910810811011412012512812824 717KR2219129999999999999999999999 6 3 40999999999999999999999
122111 95 77 58 42 32 28 32 43 58 75 9210511411811811711511511812312813124 718KR1528119231913199999999999999 657 28181911599999999999999
130123111 92 70 49 30 19 17 23 38 57 79 9911412312612412011711711912413024 719KR16 1126999999999999999999999 746 17194111799999999999999
134133126110 88 63 38 18  8  7 17 36 60 8510612112912912512011611511912524 720KR 024135163313099999999999999 833  6203911599999999999999
133139138128109 83 54 27  8 -2  1 15 38 65 9211312613112812211511111111724 721KR 12313917 613199999999999999 918 -2212411099999999999999
127137143141128105 76 45 18  0 -7  0 18 45 7410011912812912311410710310624 722KR 21514317361309999999999999910 0 -722 610399999999999999
115127139145140125100 69 37 12 -3 -5  6 28 57 86109123128125115104 96 9524 723KR 3 514518 3128999999999999991039 -62247 9499999999999999
100112127139143136119 92 61 32 11  1  4 19 44 73 99117126126117104 92 8524 724KR 3541431827127999999999999991116  02330 8499999999999999
 85 93107123134137128110 85 56 32 16 12 20 39 65 91112124127120107 92 8024 725KR 4441371847127999999999999991149 12999999999999999999999
 74 75 85100116126127118101 79 56 38 29 31 43 63 87108123129125113 97 8124 726KR 53712719 612999999999999999 016 731219 2899999999999999
 68 63 66 77 91105114115107 94 76 60 50 47 54 68 87107123131130121106 8824 727KR 636115192513199999999999999 1 7 631246 4799999999999999
 71 59 55 58 67 81 93101103 99 90 79 70 66 69 78 92108123132134129116 9924 728KR 747103194613599999999999999 2 5 5513 9 6699999999999999
 81 64 52 47 49 58 69 80 89 94 94 91 87 84 85 89 9811012213213713512611224 729KR 932 94201213799999999999999 312 471324 8499999999999999
 95 77 60 48 41 41 47 58 69 80 88 94 96 98 9910110611312213013513713312424 730KR2047137999999999999999999999 428 40999999999999999999999
111 94 76 58 43 35 33 38 48 61 75 88 9810510911211411612112613113413513224 731KR2142135999999999999999999999 545 33999999999999999999999
124112 95 76 55 39 28 25 29 41 57 75 9210511411912012012012112412813113324 8 1KR2313133999999999999999999999 653 25999999999999999999999
132126114 96 74 52 32 20 17 24 38 58 80 9911412212512312011711711912312924 8 2KR16 1125999999999999999999999 749 17194311799999999999999
134135129116 95 71 45 25 13 12 21 40 64 8810812112712612111511010911312024 8 3KR 038135162112799999999999999 837 11204210999999999999999
129136137130115 91 64 37 18  8 10 24 47 73 9811612512712211410610110210824 8 4KR 141138164312799999999999999 918  7212310199999999999999
119131139139129110 83 55 29 12  7 14 33 59 86108122127123114103 95 92 9624 8 5KR 23014017 412799999999999999 955  72158 9299999999999999
106120133139136123101 73 45 23 10 11 24 47 75 99117125124116104 92 85 8524 8 6KR 3131391723126999999999999991027  92231 8499999999999999
 92105121133136130114 90 63 38 21 15 22 41 66 92112123125118106 91 80 7624 8 7KR 3521371741126999999999999991056 1523 4 7699999999999999
 79 90106121130130120102 79 54 35 25 27 40 61 86108122126121109 94 79 7124 8 8KR 4311311758126999999999999991122 242338 6999999999999999
 70 76 90105118124121110 91 70 51 39 36 44 61 83104120127125114 98 82 6924 8 9KR 5101241814128999999999999991146 36999999999999999999999
 63 65 75 89103113116111 99 83 67 55 49 53 65 83103119128128120105 87 7224 810KR 553116183112999999999999999 014 6312 6 4999999999999999
 62 59 63 74 87 99106107102 92 80 70 64 65 72 86102118128130125112 95 7824 811KR 641108184913199999999999999 053 591225 6499999999999999
 64 57 56 61 71 82 92 98100 96 90 83 79 78 82 92104117127131128119104 8724 812KR 74410019 813199999999999999 137 551238 7899999999999999
 71 59 53 53 58 66 76 85 91 94 94 93 91 91 94 99107116125130130124113 9824 813KR 933 94193013199999999999999 233 521231 9199999999999999
 82 68 56 50 49 52 59 68 77 85 92 9610010210510811211812312813012712010924 814KR1958130999999999999999999999 347 48999999999999999999999
 95 80 66 54 45 41 43 49 58 70 82 9310210911411611812012212512712812511924 815KR2044128999999999999999999999 514 41999999999999999999999
110 97 81 64 49 38 31 31 38 50 65 82 9711011912312412312212112312512612624 816KR1549124222812799999999999999 629 30184112199999999999999
122114100 82 61 42 27 19 20 28 44 64 8510411812612812612111811611812212724 817KR1551128999999999999999999999 729 18195911699999999999999
130128119103 81 56 33 16  8 10 22 43 68 9311312513012812111410910811212024 818KR 01113016 813099999999999999 818  8204110899999999999999
130136134124104 78 50 24  7  1  6 24 49 77102121130129122111102 97 9810624 819KR 122136162813199999999999999 9 2  12117 9699999999999999
120133141139126103 73 43 17  2  0 11 33 62 91113127130123110 96 86 83 8824 820KR 219141164813099999999999999 941 -12153 8399999999999999
102119135143139124 99 68 38 16  5  8 25 51 80106123130126113 95 79 70 7024 821KR 31114317 6130999999999999991016  52231 6899999999999999
 79 98118135141135118 93 63 37 21 17 26 46 74100121130129117 98 78 62 5524 822KR 4 21411723131999999999999991048 162310 5599999999999999
 59 73 94115130135128111 87 62 42 33 36 50 72 98119132133124106 83 62 4824 823KR 4541351739134999999999999991116 322351 4499999999999999
 44 51 68 89109122125118103 83 65 53 51 60 77 98119133138132116 94 70 5024 824KR 5471251755138999999999999991140 51999999999999999999999
 39 38 47 64 84101112114108 96 83 73 69 73 84101119134140138126107 84 6224 825KR 645114181414199999999999999 036 3712 0 6999999999999999
 44 36 36 45 60 77 92101103100 94 88 84 86 94106120132140141134119100 7824 826KR 756103183514299999999999999 126 351211 8499999999999999
 59 44 37 37 44 56 69 82 90 95 96 96 96 97102110120129137140137127113 9624 827KR19 0140999999999999999999999 228 36999999999999999999999
 78 61 48 40 38 42 50 61 73 83 91 9710210610911411912513013413413012211124 828KR1933134999999999999999999999 349 38999999999999999999999
 97 82 66 52 42 36 37 44 54 67 80 9210211011511812012112312512612612512024 829KR2039126999999999999999999999 522 36999999999999999999999
113102 87 70 54 40 32 31 37 49 65 82 9711011812112111911611511511712012224 830KR1523121232212399999999999999 639 31191811599999999999999
122117107 91 72 52 36 26 25 33 49 68 8910611812312311811210610410511011824 831KR1524124999999999999999999999 736 2520 910499999999999999
124126122110 92 69 46 29 20 22 34 54 77 99115124125119110100 94 93 9710724 9 1KR 053126153812599999999999999 820 202042 9399999999999999
118127130124109 87 62 38 22 17 24 41 65 90110122126121110 97 86 81 84 9324 9 2KR 150130155412699999999999999 857 172112 8199999999999999
107122131132123104 79 53 32 20 20 32 54 80104120126123112 96 82 72 71 7824 9 3KR 235133161012699999999999999 929 182141 7099999999999999
 92110125133130118 96 70 46 29 23 30 48 73 98117126125115 99 81 67 60 6424 9 4KR 316133162512799999999999999 957 2322 9 6099999999999999
 76 95114127132125109 87 62 43 32 34 47 68 93114126128119103 83 65 54 5224 9 5KR 3541321639128999999999999991023 312238 5299999999999999
 61 78 98116127127118100 78 58 45 42 50 68 90112126130124108 87 67 51 4524 9 6KR 4331281654130999999999999991046 4223 7 4599999999999999
 49 62 82102117123121109 92 74 60 54 58 71 90110125132128115 95 72 53 4224 9 7KR 51212417 91329999999999999911 8 542337 4099999999999999
 41 50 66 86103115118113102 87 74 67 68 76 91109124133132121103 81 60 4424 9 8KR 5531181725134999999999999991126 66999999999999999999999
 38 41 53 70 88102110111106 97 87 80 79 84 95109123132134126111 91 69 5124 9 9KR 639111174113499999999999999 0 9 381141 7899999999999999
 41 38 44 56 72 86 97104104101 95 91 90 93100111122130133129118101 81 6324 910KR 739105175813399999999999999 046 381149 9099999999999999
 48 41 40 46 57 69 81 90 96 99 99 99 99102106113121128131130123110 94 7724 911KR1817131999999999999999999999 133 40999999999999999999999
 61 49 43 42 45 53 63 73 82 90 97101105109113117121125127128124117106 9224 912KR1835128999999999999999999999 242 41999999999999999999999
 77 64 52 44 40 40 45 53 64 76 87 9810711411812112212212212212211911410624 913KR1839122999999999999999999999 426 39999999999999999999999
 95 82 68 54 42 34 31 34 43 56 72 8910411512212412311911611411411511611624 914KR15 4124221611699999999999999 6 0 31193511499999999999999
111103 89 72 54 37 26 21 24 36 54 75 9511212212612411711010410210511011724 915KR15 4126999999999999999999999 7 4 21195710299999999999999
121120111 95 74 51 31 18 14 20 36 59 83105120127125116104 94 88 88 9610824 916KR 017121151612799999999999999 753 142026 8799999999999999
120128128118 99 74 48 26 14 13 24 45 71 97116127127118102 86 74 70 75 8824 917KR 129129153112899999999999999 835 122057 7099999999999999
107124134133122100 72 46 26 17 21 37 62 89112126130121104 83 64 53 53 6424 918KR 227135154613099999999999999 911 172131 5299999999999999
 84108127137135121 98 71 47 31 28 38 58 84109126133127110 86 61 43 35 4024 919KR 32013816 113399999999999999 945 2822 7 3599999999999999
 57 82108128136133118 95 71 52 43 47 61 83108127136134119 95 67 42 26 2324 920KR 4121371617137999999999999991014 432245 2299999999999999
 33 54 81107125131127112 92 74 62 60 69 86108128139140129108 80 51 28 1724 921KR 5 41311633141999999999999991039 602324 1699999999999999
 18 32 55 81104119123118106 91 80 75 80 92109127140144138121 95 67 41 2224 922KR 55712316531459999999999999911 1 75999999999999999999999
 15 20 35 57 80 99111114110102 93 88 90 98111126138145142130110 85 59 3824 923KR 655114171414599999999999999 0 6 151117 8899999999999999
 24 20 26 40 59 77 92102105104100 98 98103112123134141142135121102 80 5824 924KR 8 9105173814299999999999999 053 201123 9799999999999999
 41 31 28 33 44 58 73 85 94 99101102104107113120127133135133125113 97 8024 925KR18 4135999999999999999999999 150 28999999999999999999999
 63 49 40 36 38 45 55 67 79 89 97103107111114117120123125125122116107 9624 926KR1831125999999999999999999999 311 36999999999999999999999
 84 71 58 48 41 39 43 51 63 76 88 9910811311611611511411311211211211010724 927KR1439116999999999999999999999 450 39999999999999999999999
100 91 79 65 51 41 37 39 48 62 77 93105114118117113107102 99 9910210610924 928KR1418118234111099999999999999 610 371930 9999999999999999
110106 97 84 67 51 39 34 37 48 65 84101114120120113104 94 87 85 88 9510424 929KR1427121999999999999999999999 7 5 341957 8599999999999999
112115112101 85 65 47 35 32 39 54 74 95111121122116104 89 78 72 72 80 9324 930KR 1 2115144112399999999999999 748 322023 7199999999999999
107117120115102 82 60 43 34 35 46 66 88108121125119106 88 72 61 58 64 782410 1KR 155120145512599999999999999 823 332050 5899999999999999
 96112122124116 99 77 56 42 37 44 60 82104120126123110 91 70 54 46 49 612410 2KR 24012415 912799999999999999 854 372116 4699999999999999
 80101118126125113 94 72 55 45 47 59 78100119128127115 95 72 51 38 36 452410 3KR 320127152312999999999999999 923 442142 3599999999999999
 63 86108123128123108 89 70 57 54 61 77 98117129131121102 77 53 35 27 312410 4KR 359128153813199999999999999 949 5422 9 2799999999999999
 47 69 94114125126118103 85 71 64 67 79 97116129134127110 85 59 37 24 232410 5KR 4381271554134999999999999991013 642236 2299999999999999
 33 53 77100117124122112 98 84 76 75 83 97114128135132118 95 69 44 26 192410 6KR 5171251611135999999999999991035 7523 5 1999999999999999
 24 40 61 85104117121117107 95 87 84 88 99113126135134124105 80 55 34 222410 7KR 5581211628136999999999999991054 842336 2099999999999999
 21 30 47 69 89105113115111103 96 93 95102112124133135129114 92 68 46 302410 8KR 64411516461359999999999999911 9 93999999999999999999999
 23 26 37 54 72 89101107109106103100101106113122129133130120103 82 61 432410 9KR 74710917 513399999999999999 011 23111610099999999999999
 31 28 32 42 56 70 84 94101104105106107110115120125128128122111 95 77 59241010KR1723129999999999999999999999 057 28999999999999999999999
 45 36 33 35 42 53 65 77 88 96103108111114116119121122122120114104 92 78241011KR1732122999999999999999999999 2 2 33999999999999999999999
 63 51 41 36 35 39 47 58 71 84 96106113117118118116114113112110108102 94241012KR14 9118999999999999999999999 342 35999999999999999999999
 84 71 58 46 37 33 34 41 53 69 85100112119120118112105100 98 99102105105241013KR1350121223610599999999999999 519 321910 9899999999999999
101 93 80 65 50 37 30 31 39 54 73 93109119123119110 98 88 82 82 87 96105241014KR1358123999999999999999999999 625 291931 8199999999999999
111111103 89 71 52 37 30 32 44 63 84104119125122110 94 77 65 61 65 77 94241015KR 027112141012599999999999999 716 3020 0 6199999999999999
109119120112 96 75 55 40 36 41 56 78100118127126115 95 72 53 41 41 52 71241016KR 139121142512899999999999999 758 362033 4099999999999999
 94114126128118100 79 59 48 47 57 75 97118130132122102 75 49 29 21 26 43241017KR 238128144013399999999999999 835 4621 7 2199999999999999
 69 97119131131121102 82 66 60 64 77 97118133138132113 86 54 27 10  7 18241018KR 333133145713899999999999999 9 9 602144  699999999999999
 41 71100121132131120103 86 76 75 83 98117134143140126101 68 36 12 -1  1241019KR 425133151714499999999999999 938 742222 -299999999999999
 17 44 75102121129127117103 91 87 90101117134145147137116 87 54 24  4 -3241020KR 51613015391479999999999999910 5 8723 1 -399999999999999
  4 23 50 78102118124121112103 97 97104116130143148144129105 75 45 20  5241021KR 6 912416 5148999999999999991028 962343  299999999999999
  3 12 31 56 81100112117114109104102106114125136144144135118 94 67 42 23241022KR 7 61171633145999999999999991049102999999999999999999999
 13 13 23 40 61 81 96106110109107106107112119128135138135124108 87 65 45241023KR 82011017 313899999999999999 028 1211 610699999999999999
 31 24 25 33 47 63 79 92101106107108109110114119123126127122113 99 83 67241024KR1733127999999999999999999999 122 23999999999999999999999
 52 41 35 35 40 51 64 78 90 99105109110111111111112113114113110104 95 84241025KR18 6114999999999999999999999 232 34999999999999999999999
 72 61 51 44 41 44 53 64 78 90101108112113111108104101 99 99100100 98 95241026KR1246113203510099999999999999 357 411831 9999999999999999
 88 80 69 58 49 45 47 54 67 81 95106114116114107 99 91 85 83 85 89 94 98241027KR13 01162339 9899999999999999 515 4519 1 8399999999999999
 98 95 87 75 63 52 47 49 58 72 88103114119117110 98 85 74 69 69 74 84 94241028KR1317119999999999999999999999 614 471929 6899999999999999
101104102 93 79 65 54 50 54 66 82 99113121121114100 83 67 56 53 57 68 83241029KR 1 3104133312299999999999999 7 0 501956 5399999999999999
 98108112108 97 81 67 57 56 63 77 95111122125119105 85 64 48 39 41 51 69241030KR 159112134912599999999999999 740 552022 3999999999999999
 88105116118112 98 82 69 62 65 75 92109123129125111 90 66 44 30 27 34 51241031KR 24611814 612999999999999999 815 622048 2699999999999999
 74 96114123123113 98 83 73 71 77 90107123131130118 98 71 45 26 17 20 342411 1KR 327124142413299999999999999 847 702115 1799999999999999
 57 83106121128124112 98 85 79 81 91106121132134126107 81 52 28 13 10 202411 2KR 4 6128144313599999999999999 917 792143 1099999999999999
 40 67 93114126129122110 97 89 87 93105119132137132117 92 63 35 15  6 102411 3KR 44512915 313799999999999999 945 872212  699999999999999
 26 50 77101119127126118107 98 94 96105117130137136125104 77 48 24  9  62411 4KR 5241281525138999999999999991010 942243  699999999999999
 15 35 60 85106119124122114106101100106115126135138131115 91 63 37 17  82411 5KR 6 712415481389999999999999910341002317  899999999999999
 11 23 44 67 89106116119117111106105107114123131136133122103 79 53 31 172411 6KR 65711916121369999999999999910541052356 1299999999999999
 12 18 31 50 71 90104112114113110109109113119126131132126112 93 70 48 302411 7KR 8 51141638132999999999999991114109999999999999999999999
 20 18 25 37 54 72 88100108111112112112113116119123125123116103 86 67 492411 8KR17 6125999999999999999999999 042 18999999999999999999999
 35 27 26 31 41 55 71 86 98106111114114113113113113114114112107 97 84 692411 9KR1139114174311499999999999999 141 25144211399999999999999
 55 43 35 33 36 44 56 71 86 99109114116115111106102100100101101 99 95 86241110KR12 1116194910199999999999999 258 33174010099999999999999
 76 64 53 44 39 41 48 60 75 91104114119118112103 93 85 81 82 86 92 96 97241111KR12201192246 9799999999999999 420 391821 8199999999999999
 94 87 76 64 53 47 47 54 67 84100113121122115103 88 73 63 60 64 73 86 97241112KR1237122999999999999999999999 529 461857 6099999999999999
103104 99 88 75 63 56 57 65 79 96112123127122108 89 67 49 39 39 48 65 84241113KR 038105125512799999999999999 625 561932 3899999999999999
101112115110 99 85 73 67 70 79 95112126132130117 96 70 44 26 18 22 38 61241114KR 154115131513399999999999999 712 6720 9 1899999999999999
 86107120124119107 93 83 80 84 96111127137138129109 81 50 23  6  2 12 33241115KR 255124133713999999999999999 755 802047  299999999999999
 62 90113127130124112100 92 92 99112127140145140124 97 65 32  6 -7 -6  9241116KR 35013014 214599999999999999 833 912126 -899999999999999
 35 66 96118130132125114105100103112125139148148137115 85 50 19 -3-12 -6241117KR 441132143114999999999999999 9 810022 6-1299999999999999
 13 42 73100120129130123114108107111121134145150146130105 73 40 12 -5 -9241118KR 53013115 415099999999999999 9411062247 -999999999999999
  1 22 50 79103119126125119112109110117127138147148139121 95 64 35 12  0241119KR 62012615391489999999999999910141092329 -299999999999999
  0 12 33 59 85104117121120115111109112119128137142140129110 85 58 34 16241120KR 7111211615143999999999999991051109999999999999999999999
  8 11 24 44 67 88104114117115112109108112117125131133129117100 78 56 37241121KR 8 6117165313399999999999999 013  8113610899999999999999
 24 20 24 36 54 74 91104112114113110107107108112117120121116105 91 74 57241122KR 9 5114173412199999999999999 1 0 20124710799999999999999
 43 34 32 36 47 63 79 94105111113112109105103102103105107107103 96 86 74241123KR10 1113182710799999999999999 151 32145610299999999999999
 62 52 45 43 47 57 70 85 99108114115112107101 95 91 90 90 92 94 93 90 85241124KR10461152017 9499999999999999 249 431710 9099999999999999
 78 69 61 55 53 57 66 78 92104113117116111103 93 84 77 74 75 79 84 88 90241125KR11201172314 9099999999999999 353 531813 7499999999999999
 89 85 79 71 65 63 66 75 87100112119120116107 95 80 68 60 58 62 70 79 88241126KR1148121999999999999999999999 456 631851 5899999999999999
 94 97 95 89 81 74 72 75 84 97109119124122114 99 81 64 50 44 45 53 66 80241127KR 1 3 97121312499999999999999 554 721922 4399999999999999
 94103107105 97 89 82 81 85 95107119126127121106 87 65 45 33 29 35 49 68241128KR 2 7107123812899999999999999 645 801952 2999999999999999
 87103114117113104 95 89 89 95105118128132128115 95 70 46 28 18 20 32 51241129KR 25511713 313299999999999999 732 882022 1899999999999999
 75 97114123124118108100 95 97104116127134134125106 81 53 29 13  9 16 34241130KR 336125132913599999999999999 814 952053  999999999999999
 58 84107123129127120110103101105114125135138133118 94 65 37 15  4  5 182412 1KR 415130135713999999999999999 8521012125  399999999999999
 40 68 94115128131127119110106106112122133140139129108 80 50 23  5 -1  62412 2KR 454132142614199999999999999 9261052159 -199999999999999
 24 49 77102120129130125117110108111118129138142137121 97 67 37 14  1  02412 3KR 535131145714299999999999999 9591082235 -199999999999999
 11 32 58 85107121128126121114110110115123133140140130111 85 55 28  9  12412 4KR 61912815301419999999999999910311102313  199999999999999
  4 18 40 66 90109120124122117112110112118126134138134122100 74 47 24  92412 5KR 7 712416 41389999999999999911 61102353  599999999999999
  5 12 27 49 73 94110119121119114111109112117124130132126111 91 67 43 242412 6KR 7581211643132999999999999991153109999999999999999999999
 14 13 21 37 58 79 98111118119116112108106108112118122122115102 84 63 442412 7KR 847119172912299999999999999 035 1213 210699999999999999
 30 23 24 33 48 67 86102113118118114109103100 99101105109109104 95 81 662412 8KR 930119183411099999999999999 121 221442 9999999999999999
 51 41 36 38 47 61 78 94108117120118112103 95 88 85 86 89 94 97 96 91 832412 9KR10 51202021 9799999999999999 212 361618 8599999999999999
 73 63 55 51 53 61 74 89104115122122117107 95 82 72 66 67 72 79 87 92 93241210KR10341232249 9399999999999999 3 9 511727 6699999999999999
 91 85 78 71 68 70 77 88102115124127124115100 82 65 52 46 47 55 67 81 92241211KR11 3127999999999999999999999 411 681820 4599999999999999
 99101 99 93 87 84 85 92102114125131132125111 91 68 47 32 26 30 42 60 79241212KR 059101113313299999999999999 515 8419 6 2699999999999999
 96108113112107101 97 99104114125134138135124105 79 52 29 14 10 17 35 58241213KR 22111312 613899999999999999 615 971950 1099999999999999
 82103117123123117111107109115124134142144137121 97 67 37 13  0 -1 11 33241214KR 321124124414499999999999999 7131072034 -299999999999999
 60 88110125130128122116113115121131141147147137117 88 56 25  3 -8 -5 11241215KR 412130132614899999999999999 8 61132117 -899999999999999
 37 67 95116129133129123117115118125135145150147134110 79 46 17 -3-10 -3241216KR 45713314 915199999999999999 8541152159-1099999999999999
 17 45 75102121130131127120115114118127138147150144127102 70 38 12 -4 -6241217KR 539132145315099999999999999 9391142241 -799999999999999
  5 27 55 84107122129127121115111111117127138146146137118 92 61 33 11  0241218KR 61712915351479999999999999910231102321 -199999999999999
  2 16 39 67 93112123125122115109106108114124135141139127107 82 54 30 14241219KR 65312516171419999999999999911 81062359  899999999999999
  8 14 30 54 79101115122122116109103101104111120128131127115 96 73 50 31241220KR 7261231658131999999999999991157101999999999999999999999
 21 20 29 47 69 91108118121118111104 98 96 99105112118119114102 86 67 50241221KR 757121174112099999999999999 035 191255 9699999999999999
 37 32 35 46 63 83101114120120115107 99 93 90 92 96102106106101 92 79 66241222KR 827121183310699999999999999 1 9 3114 6 9099999999999999
 55 47 46 51 63 79 95110119121118111102 93 86 82 82 85 89 92 94 91 86 79241223KR 8571211950 9499999999999999 143 461533 8299999999999999
 71 64 61 62 68 79 92106117122122117108 97 86 77 71 70 72 76 81 85 87 86241224KR 9271232218 8799999999999999 220 611655 7099999999999999
 84 81 78 76 77 83 92104115122125122115104 90 77 66 58 56 59 65 73 81 88241225KR10 0125999999999999999999999 3 6 761756 5699999999999999
 92 94 94 92 90 91 96103113121126127122112 98 82 65 52 44 43 48 58 70 83241226KR 115 94103612799999999999999 412 901842 4299999999999999
 94102106106104102102105111119126130128121108 90 70 51 37 30 32 40 55 72241227KR 230107111613099999999999999 5321011921 3099999999999999
 90104114118117113110109111117124130133129119102 81 57 37 23 19 24 37 57241228KR 314118115913399999999999999 6461091959 1999999999999999
 78 99115124126123118114113115121129135136130116 95 69 44 23 11 10 19 38241229KR 351126124313699999999999999 7491132037  999999999999999
 62 87108124131130125119115114118125134139139129111 86 57 30 11  2  5 19241230KR 427131132614099999999999999 8391142116  299999999999999
 42 69 95116129133130124117113114120129138143140127104 75 45 19  2 -3  4241231KR 5 2133141014399999999999999 9201132155 -399999999999999
