349306238164101 64 62 9515522829834936935431025119215113615219424830033524 1 1KU12 5369234634499999999999999 534 58175813699999999999999
343320271207144 98 80 9413719926532035335432527521917214414316821025930024 1 2KU1232357999999999999999999999 6 4 80183214099999999999999
32332029224419014111210713117623228732834433329824920016314515117721525524 1 3KU 02532513 534499999999999999 639106191514599999999999999
28830429827323419115613613816220225029432333131528023619316114615117220524 1 4KU 115304134933199999999999999 725135201614599999999999999
24127128728727024220918016416418121425329031432030627423319115713913815524 1 5KU 229289144732199999999999999 830161213213699999999999999
18622325728129128426323420618517718721224728330931830827823518814712111524 1 6KU 4 5291155931899999999999999 957177224611499999999999999
130165208252288307308290260225195178181203240279311326318286236179128 9424 1 7KU 53231017103279999999999999911221772349 8599999999999999
 8510414620125730333233631627923519417016819323528232234233329423316510424 1 8KU 6403371813343999999999999991233166999999999999999999999
 64 55 8013320026832535936333729123518615515418423529233936134830022714624 1 9KU 73836519 936299999999999999 045 54133215099999999999999
 77 34 28 6212620528434838438535129422817013714017924130736038136130221624 110KU 83138920 338199999999999999 139 26142613399999999999999
126 51  7  7 5012621730437240740135628721214911812918025332738139937029824 111KU 920410205339999999999999999 231  1151511799999999999999
201103 25-15 -7 4913623532839742540734926918812510212518927134840141136924 112KU10 6425214241399999999999999 320-1816 010299999999999999
285181 80  4-28 -7 61158263355417432399328241158102 9213120529236941441224 113KU1048434222842099999999999999 4 7-281642 9099999999999999
357264156 59 -7-25 11 91193297381428425374293204128 86 9214522631238241624 114KU1126433231141799999999999999 450-261722 8299999999999999
399333236133 47 -3 -3 48135236330399424400336252168105 8110316524632538324 115KU12 1424235440299999999999999 530-1018 1 8199999999999999
402373302210119 50 20 38 98185277354401403363292212139 93 8611918225832624 116KU1234408999999999999999999999 6 8 191841 8499999999999999
370376340273193120 71 60 89152230306363387372322253182125 93 9713319125724 117KU 03937913 738799999999999999 647 591924 9099999999999999
31334634531225519213810710814019626031735436233828922816812310010613818824 118KU 129350134436399999999999999 7291032018 9999999999999999
24329031831929625520917014915217822127031133533631327121916812810610713124 119KU 234322143233999999999999999 823148212710399999999999999
172220265295306296270237206186183197226262294315319303269224176133105 9824 120KU 4 0306154231999999999999999 9421822249 9899999999999999
114150197245284307311296268237210195197215244276302314307279235183134 9724 121KU 5403121710314999999999999991124194999999999999999999999
 82 9312818023628732133432229325421619018219622726530132232129424518512624 122KU 7 1334182832599999999999999 0 5 82125118299999999999999
 81 62 7311317424030134335734330525520717216117821826731233933830524717624 123KU 8 0357192834299999999999999 1 8 61135316199999999999999
110 61 43 6011018125732336637535130224118514814317022228233235935130723724 124KU 846376201736099999999999999 2 1 43144014199999999999999
158 87 40 30 5912220328435038538334428221315612613417624030635637535429524 125KU 926389205937599999999999999 246 29151812499999999999999
214129 61 24 28 7415023731837639637532024717712711213919727033637838134124 126KU 959396213538599999999999999 324 20155111299999999999999
267179 96 37 17 4310719228135439439234928020313910511316023030536338937224 127KU102739922 739099999999999999 357 17162010399999999999999
313227138 64 24 28 76155245327383399370308230158109 9813019326933738138524 128KU1051399223638999999999999999 425 201645 9799999999999999
345271181100 44 29 59126213299365396383331256179120 9410916023130435938224 129KU111239723 438299999999999999 450 2817 8 9399999999999999
363305224140 75 43 55107185270342385388348280203137 98 9713319526632736424 130KU1133392233236999999999999999 514 421732 9299999999999999
365327260183115 71 65 99163242315366383359302229160112 9511416222628733324 131KU1155383999999999999999999999 539 631758 9599999999999999
351335288224159111 9010415021528433836736031925719013510510513618624329324 2 1KU 0 2351121936899999999999999 6 6 90182810199999999999999
32432830425920515812812414919525230434034932828222416812711012015119724424 2 2KU 039330124835099999999999999 63812219 811099999999999999
28330430428224620717515916218622326630432532430025820916413211912715319024 2 3KU 128307132732899999999999999 72015820 611999999999999999
23026428428827625422820519219220623126128930530428625421317214012212113924 2 4KU 243289142930799999999999999 830190213111999999999999999
16920724327128628827725923721820720722024326828929829126723018614411410224 2 5KU 43828916 629899999999999999102820523 510299999999999999
111139181226267298313310292263231205192197219252285308312293252198142 9724 2 6KU 6203141742313999999999999991214192999999999999999999999
 73 7610615721727532134634532027823018916516819724429333034332427420513224 2 7KU 729349185634399999999999999 023 71132416399999999999999
 72 38 40 7714221829235138137733928121616113314018324631236137835429020424 2 8KU 822383195637899999999999999 128 34141813199999999999999
115 43  4  9 58138231318384413398345269189126 9911917925933739440937429624 2 9KU 9 9414204941099999999999999 223  015 5 9999999999999999
194 93 14-24 -9 56151256352417436404332240152 89 7210918628036642343038124 210KU 952437213843499999999999999 313-251548 7199999999999999
287174 68 -9-37 -6 75183294388442442388300199109 57 5911520630639344143424 211KU1030449222344699999999999999 358-371628 5099999999999999
368264149 46-19-27 23117229337418450424351251150 71 38 6213523333341044224 212KU11 345023 444299999999999999 438-3117 5 3899999999999999
416339232123 36 -7  8 76175282375431434384296196106 48 39 8316526135141124 213KU1133440234342599999999999999 515 -91740 3699999999999999
423381298199108 45 29 65142237328395420395328238148 78 45 5811419528135324 214KU12 0420999999999999999999999 548 281813 4499999999999999
392386336260178111 76 83132206286353391387343271191119 72 61 8714421628624 215KU 022395122539599999999999999 620 731848 6099999999999999
338358342296235176135123143191252311352364343294230166115 87 8711516322024 216KU 1 4358125236499999999999999 6531221929 8399999999999999
27230832030627323219617417319322927130732732630226221416713111211213116424 217KU 157320132632999999999999999 733170203010999999999999999
20624527428828627125022921521222123926128129329227925422218815713412412924 218KU 322289142729499999999999999 846212221112499999999999999
14918021524827328828928026424623122222323324826327527826924821617914412024 219KU 5382901648278999999999999991124221235511299999999999999
11212315219323827830731831128925822620219219922125127929829827723718713824 220KU 7 731818313009999999999999913 4192999999999999999999999
101 86 9813418724629933634833229624820216915917521225930232832829724317824 221KU 756348192933299999999999999 1 5 86135315899999999999999
117 74 61 8213220027133136536733628222016613413516822328533536034830123024 222KU 832371201236099999999999999 154 61142913099999999999999
153 87 47 46 8315123130836438737031925018012810812718125232036938235228624 223KU 9 4387204838299999999999999 233 4115 010899999999999999
201118 55 29 47105188275349392394353284205136 95 9614021129035839538833624 224KU 932399212139899999999999999 3 6 291528 9099999999999999
253161 81 32 27 70147239324386406380316234153 96 7710416925233138840537424 225KU 956407215240699999999999999 335 231554 7799999999999999
302209118 51 24 47113203296370409400345264177106 69 7813021029536640439624 226KU1019411222040799999999999999 4 2 241619 6699999999999999
342256163 83 38 40 89172265348401409369293203123 71 62 9917025533338740124 227KU1040412224840299999999999999 428 321642 6099999999999999
368297208124 65 48 78148236321384408383317231146 84 59 7813621529435738824 228KU11 0408231539099999999999999 452 4817 4 5899999999999999
377325249168103 71 82133211292359395387336257173104 66 6811017825432036324 229KU1120397234237299999999999999 516 691727 6299999999999999
371340280209146105 99131192264330372379346280202131 84 70 9314621327832724 3 1KU1140381999999999999999999999 540 971752 7099999999999999
350340301246189147129141182239298342360345299233166113 86 8912217323128224 3 2KU 01335112 436099999999999999 6 61281823 8399999999999999
31632530927423119216816418322026530533133230926320815611810211013918222724 3 3KU 051326123533599999999999999 639163191010299999999999999
26729229928826623821520020021323626529030430328425121017013912212213816824 3 4KU 152299132530699999999999999 733198203012099999999999999
20323826528228527926524923422422122824226027628428126423620116413511811824 3 5KU 351286151428599999999999999 946221223011699999999999999
135167206245279301310303284257230208199206228256284300299277236185136 9924 3 6KU 6 431017273029999999999999912 4199999999999999999999999
 83 9312818023829233235034231126521617715816720125130033534432026719612524 3 7KU 712350184734599999999999999 0 7 83131115799999999999999
 70 43 53 9816824631837039037232225518613411313318725932837738935728619524 3 8KU 8 2390194739099999999999999 114 4214 111399999999999999
106 38  7 24 85174269354409421386315227145 87 7411218827936341842537929024 3 9KU 845423203942999999999999999 2 9  61445 7399999999999999
183 83 10-15 16 95198304392441435378287185 97 45 4910820230639644944438224 310KU 924445212645499999999999999 257-151526 4099999999999999
279164 61 -6-16 34127240346426456426346241135 52 17 4312122733642346344124 311KU10 0456221046499999999999999 340-2016 4 1799999999999999
364254140 46 -3  9 77179290386445447390295185 85 20 10 5915026036343545624 312KU1032453225045699999999999999 419 -61640  699999999999999
416329222119 46 23 58138240339412440412335233130 49 10 26 9218829037842824 313KU11 0440232843499999999999999 454 221713  999999999999999
426373287192111 66 70122205295372415410357271175 90 36 25 6213422431037524 314KU1124419999999999999999999999 525 611743 2399999999999999
401382324248175122105129188262331379390360296215136 77 49 6010517324731224 315KU 0 4401114739199999999999999 5541051814 4899999999999999
353360333283226178151154187238294338358347306246182127 91 8210114219525024 316KU 042362121035899999999999999 6241491849 8299999999999999
29431831729626222620019120122726229531731930026622217914412412113416119624 317KU 129320123732099999999999999 659191194212099999999999999
23326328128627926424723422823124125627027927826825022720217816014914715824 318KU 251286132527999999999999999 8 9228213614799999999999999
17820523325827628528527726424923622822723224125226026225523821218315714024 319KU 5292861647262999999999999991139226234013699999999999999
13715117921625428830931530327924721719518819722024927729329227123218714424 320KU 6493151827295999999999999991255188999999999999999999999
11610912816721927231634134031427222318015415417922227031133232428823217024 321KU 728343191533399999999999999 046109133115199999999999999
117 87 8711917624330635136734930424318313712013718324530735136534128521224 322KU 759367195236599999999999999 129 8314 112099999999999999
139 85 63 80132205282346382379339273199136 9810014020728334838638333826324 323KU 826385202639099999999999999 2 4 631428 9499999999999999
179104 58 54 93165250328383399371308227148 92 73 9916224432538640838231724 324KU 852400205840899999999999999 236 501455 7399999999999999
229141 73 45 64126212301373409398343260172 99 59 6611719828736541141136324 325KU 917411213041899999999999999 3 6 451522 5699999999999999
282189106 55 51 96175267350405414374296203118 59 45 7915224232939442039624 326KU 94141722 142099999999999999 335 461547 4499999999999999
329240151 83 55 78144232320388417395329237145 73 39 5311219628636340840924 327KU10 5417223141599999999999999 4 3 551612 3899999999999999
363286199123 77 77124201288362406404353269176 96 46 41 8215624332338140324 328KU1027411225940399999999999999 430 711636 3899999999999999
380320242167112 93118179258332384399367296207124 65 43 6512420328234638224 329KU1049399232738699999999999999 456 9317 0 4399999999999999
380340276208151120126168233302356382369316238157 92 57 6010116623930534924 330KU1111383235736599999999999999 5211181725 5499999999999999
365346301244191155146168214272324357359328268196130 85 71 8913419525630624 331KU1135362999999999999999999999 5481451757 7099999999999999
335337314275232196177180205244287321336326291238180131101 9511415320124924 4 1KU 03534012 833799999999999999 6221751844 9499999999999999
28831031129627024221920720922424927629830729827323619415612911912615018424 4 2KU 13631313 230799999999999999 72220620 511999999999999999
22325928529829828827024923222121922824526428028728126123019315813112012624 4 3KU 33030015 328799999999999999 93921922 911999999999999999
151188231272303320321305276242212191188203232267296311305277231177129 9824 4 4KU 53132317153129999999999999911411872345 9099999999999999
 9111215721627632535635933528923318214714016421227032335535632125918511624 4 5KU 6373611832360999999999999991244139999999999999999999999
 69 56 81140217295359394391350282206138 97 9513620728835840040035327318124 4 6KU 726397193040699999999999999 051 551332 9199999999999999
 98 43 31 68143236326395425407345257165 89 51 6312521631339443842936827324 4 7KU 8 8426202044199999999999999 144 291416 4999999999999999
170 80 26 25 77166268362425441402320217117 43 17 5013123634242446143836424 4 8KU 84744321 846199999999999999 232 181457 1799999999999999
261155 68 25 40107205308395443437375277168 71  9  4 5715226436844246542824 4 9KU 923448215246599999999999999 315 231536 -199999999999999
344240140 66 42 75153252348418442410329224118 35 -5 13 8318429338844544924 410KU 956443223445499999999999999 355 421612 -699999999999999
399313215129 77 76125208299378424420364273171 79 18  4 4312222131939543024 411KU1026429231243199999999999999 432 701645  399999999999999
415358276193129103122181259336391407378308218129 59 25 35 8616525333238624 412KU1052408234940099999999999999 5 51031717 2399999999999999
399372314245183144140173231297352380371326255176108 64 53 7813220227333024 413KU1117381999999999999999999999 5361371748 5299999999999999
361359328279228188170181216264311343349325278217159113 90 9412216822227424 414KU 026364114235099999999999999 6 71701822 8999999999999999
31132732129626222920720221524127330131430928424720516713912813215318522324 415KU 111328121331599999999999999 646202191212799999999999999
25928529729628326424523222723124325827227827426224221919417416115716418224 416KU 22429813 927899999999999999 8 1227205315699999999999999
20823726328229229128226624923422422222723724925926426124922820217816015524 417KU 4272931611264999999999999991047221225115599999999999999
16518822125628730731230227925021919718719321223926828929528325421417514524 418KU 55131317512959999999999999912 7187999999999999999999999
13414517722126930933333531427522918615715116920625329632533030726320715624 419KU 634337184133299999999999999 0 1134124615099999999999999
12111313518124029934236134830825119114211812616322128333536335631625418524 420KU 7 6361191936499999999999999 046112131711799999999999999
128 97101141204275337375378344283210144 99 8911717725132337439136730823224 421KU 735381195539199999999999999 123 941346 8899999999999999
157103 83106163240316374397379322243161 97 65 7612720528936140440436128724 422KU 8 4398203041099999999999999 158 831415 6399999999999999
204130 85 84126200283357402404360283193112 58 46 8115324132739342040134224 423KU 83340921 642199999999999999 232 791445 4599999999999999
259175109 81100161243326389415392325234143 70 35 4710418828036141342138424 424KU 9 2415214142499999999999999 3 6 811515 3399999999999999
313228150100 92131204287362408408360277182 97 41 30 6613922931638541940724 425KU 931414221442099999999999999 339 891544 2899999999999999
354278199134104118173250327386408382314223133 63 31 4410018126934539640924 426KU 959408224741099999999999999 4111031613 2999999999999999
379318244176130122155218291355393389342262173 96 47 38 7314022230036139224 427KU1026397231939499999999999999 4421201642 3699999999999999
385344282218166141152196259321367382357296215136 77 50 6110817825231836224 428KU1053382235437599999999999999 5121401713 4999999999999999
375356311256205170162184230285333360357320258186121 79 67 8913820226631824 429KU1125363999999999999999999999 5461611751 6799999999999999
349352330291246208186186209248290325340329293239180130 98 9211215420726024 430KU 03835412 734099999999999999 6291831844 9199999999999999
30433033431828825422320420121624227430131531028524619915612511312215119424 5 1KU 141335131531699999999999999 73920020 411399999999999999
24228531532832330327324121419920021624327329730830027523519015012311713424 5 2KU 31332915 730899999999999999 928197214611699999999999999
17122027131333934432829425020817716417520725029332433331727722216612210224 5 3KU 44434516533339999999999999911 2164231210199999999999999
11114820626932636337335230524418413811813217723930335337436031224317111424 5 4KU 54937318 73749999999999999912 5118999999999999999999999
 84 92136205282349391398365301222147 92 74 9816124332438641239333525317024 5 5KU 64040019 641299999999999999 018 821256 7499999999999999
104 72 85140220305376415411362281188104 49 40 8015925634841543841234325324 5 6KU 725420195843899999999999999 113 711342 3799999999999999
165 98 71 93158246333400429409343248148 64 17 22 7917127637043445141433924 5 7KU 8 7430204845299999999999999 2 3 711425 1399999999999999
246159 98 81115188277360416430391310209110 34  2 23 9419329838844344740224 5 8KU 846431213545299999999999999 250 8015 7  199999999999999
323233153104101147223308381421415359270169 78 18  4 4212122031939943943024 5 9KU 923425221944299999999999999 333 961546  299999999999999
378300217150117130184260336393413387319227134 59 18 24 7415625033740042324 510KU 95741323 042399999999999999 4131161623 1499999999999999
401345272201151138164222291354391390348275189110 55 35 5711519327634739024 511KU1029396233839999999999999999 4501371658 3599999999999999
396365310246191161164199255313358375357306235162102 67 66 9815622629434624 512KU11 0375999999999999999999999 5251581732 6299999999999999
371363329279229191178192228276319346347319269209152111 9410413819024830024 513KU 016372113135099999999999999 55917818 8 9399999999999999
33534633230126122420119721424428030932331528824620016013312513716721025524 514KU 05634612 932399999999999999 640196185312599999999999999
29431832431228625622921321122224326828729629027224321018016015215918221524 515KU 14832413 729699999999999999 74021020 115299999999999999
25228430631330628726223721921021322624526427728227525823220518116616618124 516KU 3 0313145628299999999999999 916210213216499999999999999
21024527930531731429626823721019218819922224927529329628425722319016616024 517KU 4183181644297999999999999991045188225015999999999999999
17320424528631833432930426622318516115717420825129131932631027522918515524 518KU 5163341749327999999999999991141156234814699999999999999
14716520525630534235534130324919314812412816021126932035235532928122317124 519KU 6 03551837358999999999999991222122999999999999999999999
139136165217278333368372343287219154107 9111016022729735338237633627520924 520KU 638375192038499999999999999 0351331258 9199999999999999
154126134176239308363390379331259179112 72 7010717425432938340438433226124 521KU 71439120 140499999999999999 1181241333 6699999999999999
191139120141196268338387401372307222138 75 47 6311819828335840641438231924 522KU 750402204241699999999999999 15912014 9 4799999999999999
244174129123158223299365404400353273182101 48 36 7014022731338241941336924 523KU 826408212242299999999999999 2391201445 3599999999999999
300224160126134182253328385409387323234144 71 32 39 8916825733939942240224 524KU 9 240922 242299999999999999 3191241521 2999999999999999
348277205150131154212284352397403363287195110 50 29 5311620028636040741424 525KU 938406224141699999999999999 3571311558 2999999999999999
382323252188147144180242312370399387332249161 86 41 38 7714723131137340524 526KU1013400231940799999999999999 4351401634 3499999999999999
398357296230177152163207270332377390362299217136 74 46 5710517725732837724 527KU1050390235939599999999999999 5121511713 4499999999999999
395377332273216175163183229287340372372336272196126 78 61 8113220127333424 528KU1131377999999999999999999999 5521621757 6199999999999999
372380357312259210179174196239290334358353317259193133 94 8310415121427924 529KU 044381122135999999999999999 6411721850 8299999999999999
33236336734530325521118317719623327731734033931226420715411710412016021724 530KU 138369132834399999999999999 743176195710499999999999999
27632635736334330525721218016717921125429732833832328523418114012012816124 531KU 243364145433899999999999999 9 1167211512099999999999999
21327132335836835131226020716414314818022828232635034731626520815912912924 6 1KU 3523681623352999999999999991018142223212599999999999999
15720927032736738036231725519113810911314920927633537137634729322817013324 6 2KU 4563801738378999999999999991123106234112599999999999999
127155209276338381394371316241166105 74 8112719928035039440237131124117724 6 3KU 5523941842404999999999999991219 72999999999999999999999
135127158217288353396404371305220137 74 45 6111820129036641342038532124624 6 4KU 642405193942399999999999999 04212613 9 4599999999999999
179137132166230304368406406363286195110 49 28 5312021030338142642838832124 6 5KU 730411203243399999999999999 1381291358 2899999999999999
245178139140180247320380411400346263170 88 34 23 5913322631839243142638124 6 6KU 815413212343499999999999999 2291341444 2199999999999999
312237174142151198266337390410387324237146 72 29 30 7615524733440042941524 6 7KU 85941022 943099999999999999 3171401528 2499999999999999
364294222168147167219288352395401366296209125 62 34 4910418427235140441924 6 8KU 939404225141999999999999999 4 114716 9 3399999999999999
393338269205163156187244309365393384337264181108 61 50 7814021929936540124 6 9KU1017395232840599999999999999 4401541647 4999999999999999
400363305241189163172212269328370382359304231158100 70 7611618025532337124 610KU1052382999999999999999999999 5161621721 6899999999999999
389372329272217181171192236290337364361328271204144103 9111015621928433824 611KU 0 0389112536799999999999999 5481711753 9199999999999999
36936934229624520318118421125430033534833629824518914311811914619325030424 612KU 03237312 234899999999999999 622179182811599999999999999
34335834831627222919818619522326029732232831327923419015614114817521926824 613KU 1 6358124732999999999999999 7 3186191214099999999999999
31133934633129925922319718919822125328430631230127523920417616417019423224 614KU 148346135231299999999999999 759189201116499999999999999
27531233533932329325522019418218720723726929430730428625722419618018220124 615KU 242340152030899999999999999 911182212517899999999999999
23627631233534032529425321218016416618722125929431632130827924220818618324 616KU 3453411646322999999999999991023162224018299999999999999
20023527731734334933229524619615713614016721126130633734633129725321218324 617KU 4463501752346999999999999991121135234417799999999999999
17719623628432935836233829023017112610711715621227432836337035030725520724 618KU 53936418463719999999999999912 9106999999999999999999999
175171195242297346375373338278206141 95 8110215422229335238738936131025024 619KU 627378193539299999999999999 0401691254 8199999999999999
197166166198253314365390379331259179110 68 63 9716023831437540640136430524 620KU 713391202240999999999999999 1301621338 6099999999999999
240186157165207269334383401379319236152 83 48 53 9917325733639442040736024 621KU 75840121 942099999999999999 2181561422 4599999999999999
295226173151168219288354399408373301211125 61 34 5110819027835741142840424 622KU 842410215442899999999999999 3 415115 7 3399999999999999
349278209160148176236309373411408361279186101 43 27 5712521330237842442924 623KU 927416223743299999999999999 3481471551 2799999999999999
394331257190150149190257330389418402342255161 81 34 31 7415024032839643024 624KU1010418231843299999999999999 4301441634 2699999999999999
421375305232172144157207277348399415387319229140 70 36 4710018127035140824 625KU1053416235742799999999999999 5111431716 3499999999999999
427404348277208159144169224294358399404367296209129 71 51 7313321429836824 626KU1137407999999999999999999999 5521441759 5199999999999999
410414380320251189151148179236301358390387346278200131 86 7710716824431824 627KU 036417122639499999999999999 6361451844 7699999999999999
37640439635629523117714815018323629634737537033327320614811311014019726524 628KU 117406132237799999999999999 726145193510799999999999999
32937539337933727921917014314617622528233035935933128122517514414116721624 629KU 2 3393143036399999999999999 826141203613999999999999999
27533136938336732727121216313413215820626231434935934130125120417316518324 630KU 258383155035999999999999999 934130214816499999999999999
22427732736437736332426820715311911213618424530434836835932627923119417924 7 1KU 4 0377171236899999999999999104311123 617999999999999999
190224273323361378366326267200140100 9011416623330135438338035030124920524 7 2KU 5 63781825385999999999999991148 89999999999999999999999
183188220270322364383372329264190125 81 71 9715522930536539939936731525724 7 3KU 6 9384193040399999999999999 0191821247 7099999999999999
207180183216269326371391378330258179109 65 57 8915323431437841341137531724 7 4KU 7 7392202741799999999999999 1241771342 5699999999999999
254201172177215274335381400380325247164 95 53 52 9116224732939342441537224 7 5KU 8 0400211742599999999999999 2211701433 4799999999999999
308241187163176222286349393405377313230147 81 47 5510418126934940742840824 7 6KU 84940622 142899999999999999 3101621519 4599999999999999
356287220171157182237305366404404364292206126 69 48 7013021229937341842324 7 7KU 931409223742699999999999999 3521561559 4899999999999999
389327256194158159198261329383408393340261177105 63 60 9916925333439442024 7 8KU10 940923 842099999999999999 4281531634 5699999999999999
405356288221170152172224290353394402370305224147 91 69 8714121729836640624 7 9KU1042404233441299999999999999 45915217 3 6999999999999999
408374314246189157159195254318369394383336266190127 91 9012719126733738724 710KU1113395235740399999999999999 5261531730 8699999999999999
40338433427021016815517622228133637238035430023216812310712517424030836324 711KU1144381999999999999999999999 553155175810799999999999999
39138635029523518616116419524329633936235632327121316413613716621727833324 712KU 021393121936399999999999999 623159182913399999999999999
37138136131826421217616317620925329733034433330125721217816317220324929924 713KU 05038113 334499999999999999 7 016319 816399999999999999
34136436333729524620317516818121124928731532631929526222820319220122626424 714KU 12736714 632699999999999999 75016820 419299999999999999
30433635234732228424020117516617520123627230131831930528025222921521723424 715KU 216353153332099999999999999 859166212421499999999999999
26429832734234132028424120016915415918221925929632233332630527624722621924 716KU 32434417 6333999999999999991016153225421999999999999999
23025628932134234532829124219315313213516120425430233835535132829325522524 717KU 4403471819356999999999999991124131999999999999999999999
21121824528432435236034129723917913110611014219525731535938137534630125324 718KU 548360191838299999999999999 010210122210499999999999999
214195204238286335370379354301231161106 79 8712819326633438440539535630024 719KU 646379201040699999999999999 1111951316 7799999999999999
242196177192236296353392398366301219139 79 53 6812119828135640942740835724 720KU 740401205942799999999999999 2 417714 8 5399999999999999
290223175160184241311375415416373295202115 54 32 5712221030238243344441124 721KU 832421214444599999999999999 2531591458 3299999999999999
348271199151145183252331398436428372282181 92 33 21 5913723433140945345024 722KU 920438222645899999999999999 3381421545 1999999999999999
402326242170130138191270353420449429360261157 71 22 24 7716526836343446324 723KU10 745023 446399999999999999 4211271628 1699999999999999
441378293207142117141207292374434451416337236136 60 27 4611320730839544924 724KU1051452233845999999999999999 5 011717 8 2699999999999999
456415340252172121114154227312388436439392309211124 65 51 8716225534641624 725KU1133444999999999999999999999 5391111747 5099999999999999
448432376296213146112122172246325390424414361282197127 88 9313921429837224 726KU 011448121742699999999999999 6171111825 8599999999999999
42042939733325618413311513618825732637940138433526719914812714219025732524 727KU 04343113 540199999999999999 65811519 512799999999999999
38040740036029823017113212414719425531435737335932026921818317118822828124 728KU 11840914 237399999999999999 746123195417199999999999999
33337038537133327922117213913114918924029233235134732328624922121021924624 729KU 2 1385151935299999999999999 84813121 421099999999999999
28432235136235232227822818114613214117221726831234135034031428225323323024 730KU 3 236216573509999999999999910 8132224222999999999999999
24327030233134934832829024119014812312314919424930334436636534330827023924 731KU 4303511827368999999999999991130120999999999999999999999
22222624928432134935934530825319314110710212817824230635838838936432127124 8 1KU 557359193339299999999999999 019221124010199999999999999
228203204230274323361378365322257187126 88 8311417424832138041040737231724 8 2KU 7 5378202441399999999999999 1282001338 8199999999999999
256205179185223279337382399379325250171106 70 7211418526834640342741236324 8 3KU 75939921 642799999999999999 2191771426 6699999999999999
297229178159178230297361405413381314229147 85 58 7413121230037642543340024 8 4KU 843415214243599999999999999 3 015915 8 5799999999999999
338263196153149186251325388423416367287198119 68 58 9416525434040643742424 8 5KU 922426221243899999999999999 3361461543 5699999999999999
372298222163137155209284358412430403337249161 94 62 7513221530438142943424 8 6KU 955430223743799999999999999 4 61371612 6199999999999999
396327249179138136176244321387424421373295206129 80 7411318527335541343424 8 7KU1025428225843499999999999999 4321311638 7199999999999999
411351274199146128151209283354405421394331249169110 8710716524632839442724 8 8KU1053421231842999999999999999 45612817 2 8799999999999999
41937129822116012913618024631737540640035628721114711211415622430136941224 8 9KU1121409233942099999999999999 519127172610899999999999999
41738432024618113913115921327733737939036731625219014813615820927534038824 810KU1151391999999999999999999999 543130175213599999999999999
40638833927320815913814818523929534136636333428623419216917420525430935624 811KU 0 1406122536899999999999999 611137182116899999999999999
38338135129924018915714916720525129632934433731027423821220321324228132024 812KU 027386131034499999999999999 647148185820399999999999999
35136335232027522818916616317920924628230932332030528226024323624226028524 813KU 1 2363142032399999999999999 73916120 123699999999999999
31233233933030627123319917616817519622726029031132031830628927225825325724 814KU 157339161732099999999999999 9 316822 525399999999999999
27129231232532631328625021217915915517020023927831333634433831829226424424 815KU 33632718 3344999999999999991042154235523899999999999999
23824727029932534033631227021917113712413717222327832836337836933929825524 816KU 52034119 73789999999999999912 0124999999999999999999999
222209220254299341368369340286218153106 8810415021728935339741139434929024 817KU 632372195741199999999999999 1 220913 3 8899999999999999
232190176198248311368403403364293208128 73 54 7813922331038443144040734524 818KU 731408204244299999999999999 1531761357 5499999999999999
269199154148185253332399438432378290190101 42 29 6614424234041946245640524 819KU 823441212446599999999999999 2381451446 2799999999999999
325237161120127183268358430466449379277168 76 21 20 7416727537745148145524 820KU 91246722 248199999999999999 3211161531 1399999999999999
385291195122 93120193290385456481449365255145 58 16 3410520831841447448124 821KU 957481223748599999999999999 4 1 931613 1599999999999999
432345244151 91 82129215316408469479430338228126 54 34 7215626136344247824 822KU104048223 947899999999999999 439 781651 3399999999999999
458389293194114 75 88151243340421465457396304203119 71 7513021731439945224 823KU1121469233746299999999999999 515 731726 6699999999999999
458414333239153 94 7811118126935541844342035627319113110913219427535441424 824KU12 1443999999999999999999999 549 77175910999999999999999
438419360279197131 95 9814020828535339840737832225619816216019224931437024 825KU 0 4438124340999999999999999 625 91183415799999999999999
40440537131224217813211312616622328433536636834430425922320521123928232624 826KU 031409133537199999999999999 7 6113191520499999999999999
36037436433128323118415214014917822026530533133932930728125924724826228624 827KU 1 6375145433999999999999999 8 4140202524699999999999999
31133133833231228124420917916115817220023727430632733532931429427526225824 828KU 2 433817 233599999999999999 941157225125899999999999999
26527929631131931730127323720016815015117220925429933635736034431528125124 829KU 4173201837361999999999999991127148999999999999999999999
23223024527230332934233330425720515812812414719325231136038738736131726624 830KU 6 8342193039199999999999999 037229124012299999999999999
22219619722326731635637536332226019313510110013519526933939141440135829724 831KU 7 837520 841499999999999999 1291931331 9699999999999999
234184162176221283345390405380322244167106 78 9114221830237442142839633424 9 1KU 753405204143099999999999999 2 71621412 7799999999999999
260192148141175239314381421421377302214134 80 6810117125934441044042537024 9 2KU 830427211044099999999999999 2401391446 6799999999999999
293214151123139195273353414440419355266175103 66 7713321830938943744240024 9 3KU 9 4440213544699999999999999 3 91221517 6499999999999999
326241166118114155229314390438441397317223138 82 7010818327536242544842224 9 4KU 935446215844899999999999999 3351101544 6999999999999999
356270186124101125188272355419445424359271181111 80 9615724433340644543624 9 5KU10 4445221944799999999999999 4 01011610 7999999999999999
38229921113910010515423131538843143338931222615010310014221830438243143924 9 6KU1032438223944299999999999999 423 961634 9599999999999999
400325238159108 9712919527535040442440234426719213711814120027835441043024 9 7KU1059424225943099999999999999 445 96165811899999999999999
40734626418512610111616723831036940239936129923217714815319425732638241124 9 8KU1126405231941399999999999999 5 7100172114599999999999999
40435928921315111511514820627132936938236432126721718417719924430035138424 9 9KU1155382234139199999999999999 531110174517699999999999999
38936330924318314112614118023328632935335333129425622521021524127931935124 910KU1231356999999999999999999999 6 0126181520999999999999999
36535532327422217815214816519924028031132732631228926625024324926628931324 911KU 0 7365132732999999999999999 64114619 224399999999999999
33033532529926522719517416717519522425628430331331330629528227126626727424 912KU 051335153031499999999999999 757167212326599999999999999
28630030931130228225522419517416517119122225829231933633933031028526124424 913KU 23931117463409999999999999910 6165234624099999999999999
24025127229831932832029325220516413713215119124329734337237936232628023624 914KU 5 43281847380999999999999991142131999999999999999999999
205198217256304346370366331272203140 99 8911517124431837841441538232425624 915KU 622372193241999999999999999 0471971246 8999999999999999
196159157193255325385417409359279189111 62 55 9416926135041845143838330324 916KU 719419201345299999999999999 1331531339 5299999999999999
218148113125183267355425458439372273169 82 33 37 9418729238845547544136524 917KU 8 9458205247599999999999999 2151111426 2899999999999999
267172101 77109187289387460485452368258147 61 22 4211722233242648048042224 918KU 857486212948899999999999999 256 771510 2199999999999999
327219123 62 57110206316416482494445350235129 54 33 7316027037545548746024 919KU 94249722 348799999999999999 335 511551 3299999999999999
382275167 81 39 57129233343436488482419320212119 64 6612421732141146747124 920KU1024493223447699999999999999 412 381628 5899999999999999
418325218121 55 39 78162265365442474450380287194123 9411818627636443045624 921KU11 547423 145699999999999999 447 3717 3 9499999999999999
431360265169 93 52 6011419829237543044140633825918914514117924632238742424 922KU1144442232742899999999999999 520 49173513799999999999999
421377302217141 89 74 9815522930536740039736030524720118119323428934438324 923KU1225403235239599999999999999 554 7318 818199999999999999
39537332325819214011111013818624430034236135432729025423022423826830533724 924KU1314361999999999999999999999 631107184722399999999999999
35535132728724119716414714816719923827730832432631529727826425926327529224 925KU 022356143732799999999999999 72614520 325999999999999999
30631431129927825222520018217317519121624727830332032632130829127426125524 926KU 11531417 132699999999999999 918172231225499999999999999
25726627828929629628426323320217616316718822326430533635235033130026423424 927KU 4272971822354999999999999991117162999999999999999999999
21621623226029231933132329425020116013714016821627332736638237033428423324 928KU 6 733119 438299999999999999 031214122413599999999999999
19217418421826831835737035230624418013111012216723230236339940237131524824 929KU 656370193540599999999999999 1 917413 810999999999999999
188149143172229297358396398362296219148102 9212418826734440042240434927524 930KU 73440220 342299999999999999 1401411344 9199999999999999
199140114130184259337398425408350268183115 82 931472283143874304283833082410 1KU 8 7425202843599999999999999 2 81141415 8099999999999999
223147101 98140214301379430438398322231147 92 791151892793644244424133432410 2KU 839441205344399999999999999 234 941445 7899999999999999
254167103 78102167255344414447431370283192119 83 971562423334064444333762410 3KU 911448211844699999999999999 3 1 781514 8299999999999999
288195117 73 76126208300382435445406331242159105 951332082983794334424022410 4KU 942447214244599999999999999 326 681542 9399999999999999
323228141 81 64 951652533404074394253682882051401091261832653474104374162410 5KU101244022 543799999999999999 351 63161010999999999999999
351261171100 66 781322112963704164243893242481801381341712393153814194162410 6KU1040426222742499999999999999 415 65163613099999999999999
369290202127 81 751111772563293834073933462822191721551732222883503934052410 7KU11 8407224840599999999999999 439 7217 015599999999999999
376314234159105 841021522202883453793823553072542091841862162663203633832410 8KU1136385231038499999999999999 5 3 84172618199999999999999
3723292641951391061051351872473013413593513222832452182092212512913283532410 9KU1212359233935899999999999999 532102175620999999999999999
356335291236183144126133162204251292321333326307281257241237246266290313241010KU13 7333999999999999999999999 613125184823799999999999999
326325307275236198168153153170198233267295313318313301284268256251255265241011KU 026328145931899999999999999 72715121 725199999999999999
280294303301288264233201174158156171200237275309331340334314286256232220241012KU 22030317 534099999999999999 936155231721999999999999999
223242270298319324309275229182145126133164213270323362379369336287235192241013KU 44632418 9379999999999999991115125999999999999999999999
170176210260314355373358312246177120 91 97139206283353401417394339267195241014KU 6 4373185541799999999999999 0171691220 8899999999999999
140118137192267343400421399336250162 93 61 74132218310390438443400323230241015KU 7 0421193644799999999999999 1 31181313 5999999999999999
145 87 74112190287377441459423344242145 73 45 72146246346425464450385288241016KU 751459201546699999999999999 146 7214 1 4599999999999999
183 94 43 46106203312409471479429337229130 63 49 92179284382451473436351241017KU 839483205247399999999999999 227 371445 4799999999999999
242134 51 15 39117225338432485479417320213122 69 71129223325412463461402241018KU 924490212846999999999999999 3 6 141527 6399999999999999
303191 90 23  8 52142253361444481460390295198122 89110178270361429456428241019KU10 848122 045699999999999999 345  616 7 8999999999999999
352250145 60 15 23 83176281376441459426355268188133122159229312384428429241020KU1050460223143599999999999999 421 12164412099999999999999
381298201113 51 31 57124212303379423423384318247187156164208273339389407241021KU1131429225940799999999999999 456 31171815599999999999999
386328249169103 65 65101164240312367391381343290237200188206247298344371241022KU1212392232837499999999999999 531 60175418899999999999999
370338283219159115 97107142195253306342355343314277243222220237267300327241023KU13 0355999999999999999999999 6 9 97183621999999999999999
337327298257212172146137145171208250287313324320304282261246242248263280241024KU 0 1337141232599999999999999 7 1137195424299999999999999
294299294278256229203182169168180203233265292310317312298280260245236237241025KU 1 029916 431799999999999999 837167222523599999999999999
245258271281284277260236209185170170186215251288317333332316288255225204241026KU 3512841728335999999999999991031168234819999999999999999
199210234264292310311293260219180155151170207255303340358351322277228187241027KU 5343131813358999999999999991141150999999999999999999999
163164189231280322346344314265209160132133164217279335372380357308246185241028KU 625349184638199999999999999 028160122812999999999999999
141125142188250313361381365317252185134112128176245315372399389343274199241029KU 7 4381191540099999999999999 05912513 511299999999999999
135 99100140207284354398404369304226156111104139205285357404413379311227241030KU 739406194341599999999999999 128 94133910299999999999999
147 90 70 95157240325391423410356278196130 99112167246328394424409350265241031KU 813424201142599999999999999 157 701413 9899999999999999
174 98 56 601091882803624184324003322481681141021362052903674184263863072411 1KU 848433204042999999999999999 226 52144610199999999999999
212123 61 41 701382273183924314253763002171481111201712493313964264093462411 2KU 92243421 942799999999999999 255 41151910999999999999999
255160 83 41 46 961772683514094284033432661911371221502142923644104163742411 3KU 956429213741999999999999999 324 37155112199999999999999
295201116 57 40 681352193043734124113713062341741401461902573283834073882411 4KU102841722 440799999999999999 353 39162213799999999999999
327242155 86 50 561041772583313824013823342722111691561792302943513863872411 5KU11 0401223139199999999999999 421 47165215599999999999999
348278196122 73 60 851422142863443773793503012472021771802132633163573732411 6KU113338223 137399999999999999 451 59172317599999999999999
356307238167110 79 821171742392983423613533232802382061942052372793183452411 7KU1212362233835099999999999999 525 7618 219499999999999999
348324277218161118 991071401902452943283433353102772442202112192422723022411 8KU13 8343999999999999999999999 612 9819 221199999999999999
3213233042692231771411231261491872332783123313313162902602342172132232452411 9KU 036324143233399999999999999 723121204621399999999999999
272295307304284250209170142131141170213261303333345337312276237204185186241110KU 21930816 634599999999999999 9 3131222918399999999999999
206240278309325319291246195151123121146193251307350371364331280222172141241111KU 4153261716372999999999999991035119233613599999999999999
138165216275327360363333277210149109100127184255325377400387338267191127241112KU 53536618 8401999999999999991145 99999999999999999999999
 90 92135205285356399403366297215142 94 86120189273351406423396329239149241113KU 636407185442399999999999999 027 861242 8499999999999999
 79 45 59119209304385432432384304214135 87 84128207298378428433388304202241114KU 730438193743799999999999999 113 431334 7999999999999999
106 37 12 43119222326409453445388301208130 88 94150235325400439428366270241115KU 821456201844199999999999999 157 121422 8499999999999999
163 68  8 -2 44133241345424460442379291200129 97116179265350414437408333241116KU 910461205843799999999999999 240 -515 8 9799999999999999
231126 41 -4  2 61155262360430453426359274191132115145213295369417422377241117KU 957453213642699999999999999 323 -8155111499999999999999
293193 98 28  1 23 90184284370425434398331253183140138178245319379408394241118KU1042436221240999999999999999 4 3  0163213399999999999999
338253161 81 31 22 57127215303373409405364300233179154166211273334376386241119KU1123413224638799999999999999 442 20171015399999999999999
358296218140 79 49 55 98165243314365385370328272219182173194237290335359241120KU12 3385232036199999999999999 519 47174817299999999999999
354318260194133 92 79 95138198262316350357337299254215193193215252291321241121KU1245358235933299999999999999 557 79182919099999999999999
332319285237186143117113132170219269309331332313282247219205206223249277241122KU1332334999999999999999999999 640112192420399999999999999
297302292267232196165146143158188227266298316318303279250226210205214231241123KU 052303143531999999999999999 740142205020599999999999999
253271281281268245217190170162169192225261292312318307284254224200188190241124KU 227282155031899999999999999 9 3162222318799999999999999
205229255277288286269241209181165167187221261297322330318288249208175156241125KU 4212891653330999999999999991026163232515599999999999999
158180215255290312314294258216179157157181222271314342347325283229177137241126KU 5343161741348999999999999991129154999999999999999999999
120131166217272318343341312264211166143148182235292340365359323264196136241127KU 625346182036799999999999999 0 8120121914199999999999999
 97 89115168235301351372360317257196150131147194257320366382361306232155241128KU 7 8372185638299999999999999 044 8813 213199999999999999
 94 63 71115184262333380392366311242178135126156214285349388389349278192241129KU 749393193239499999999999999 119 61134312599999999999999
113 59 42 67129210293362401400360296223160126130173241314373400383325241241130KU 82840520 840099999999999999 154 41142312399999999999999
151 77 34 34 781532403233854113963452752021461241431982713413904003652922412 1KU 9 8411204440299999999999999 229 2815 212499999999999999
201113 48 22 411001832713483994103813222501821371301642273003633973893372412 2KU 946411212040099999999999999 3 5 22154012899999999999999
254161 81 31 23 591302163003684043993592952251661361451912583263773943682412 3KU1024407215539499999999999999 340 20161613499999999999999
302214126 58 25 35 861642483253793993803312662021561421662192853443803802412 4KU11 0399223038599999999999999 416 23165214299999999999999
338265178100 47 32 581181972763423823863563022401861551551882433033513732412 5KU113738923 737399999999999999 452 31172915099999999999999
358307233154 88 50 49 851492242953493753683322782231791591692052563083452412 6KU1217377235135699999999999999 532 45181115999999999999999
356334283214145 92 65 721111732423043483653523142652151791641752082532982412 7KU13 3365999999999999999999999 618 6419 516499999999999999
329337317273214155109 88 951311862483043423563423072612141781611671942352412 8KU 04833814 035699999999999999 715 87201516199999999999999
2773103243142802311781351111131411892463003383533433102632131711461441662412 9KU 2 532415 635399999999999999 826108213514299999999999999
206254296323325303260208161129122142186242297340360352318265206153118109241210KU 336327161436099999999999999 946121224710899999999999999
130176235292333348334293237182141125139181240300348372364325262190126 82241211KU 5 134817163739999999999999911 31252348 7099999999999999
 71 97153225297351375364321260196146124135179243309361385374325251168 95241212KU 6123761812386999999999999991210123999999999999999999999
 47 38 72140225307370399388341273203148122135183251320374396377318234143241213KU 71340019 339699999999999999 043 37131112299999999999999
 66 19 16 60138231320387416402350278204147122138191263334385401373305213241214KU 810417195340299999999999999 134 1214 712199999999999999
119 43  1  7 59145242333399425405349274199143122145203277347393400362286241215KU 9 3425204040399999999999999 223 -2145812299999999999999
191 98 27 -5 10 71160259347407425397336260187137126157220294359396392343241216KU 953425212540099999999999999 311 -6154512499999999999999
261167 80 19 -1 26 94185280361409414378312237171132134176242313369393375241217KU103741822 639399999999999999 355 -1162712899999999999999
316232142 65 19 15 55128218304372404394347279210156133150200266329371379241218KU1116405224338199999999999999 435 1117 413399999999999999
348282200119 59 31 44 95170253327375388362309244185147143172225286337363241219KU1149389231736599999999999999 511 31173814099999999999999
355313246171105 64 56 84141214285341369363326270213168148158195246298334241220KU1219371235134599999999999999 543 54181014899999999999999
344324277215153105 82 90127185250307344353333291239193162156174211256295241221KU1248354999999999999999999999 615 81184515599999999999999
319319294250198151119110127166219272315337334307266221184163163182214251241222KU 030322132233999999999999999 650110193116199999999999999
282298296274239199164143140158193238281313325317290253213182164162177204241223KU 12329914 632699999999999999 737139203516199999999999999
235263281283271246215187168164178206243279306317310285250211177155149160241224KU 24128415 631799999999999999 844164215214999999999999999
184217249274287283266239210187177183206240276304318313288250206166137126241225KU 41828716143189999999999999910 817723 112699999999999999
136164204246282303306291261226195177179200236276309327322293247194144109241226KU 53930817183289999999999999911251752356 9899999999999999
 98113150201254300328332312275231191168169194236283322341332295237173116241227KU 6393331812341999999999999991228166999999999999999999999
 80 73 97146209272324353353325278225180156161193244298340356338289220146241228KU 72935619 035699999999999999 043 71132115499999999999999
 86 52 54 90151225295349374366329272212164143156199258317359368339277197241229KU 815375194537099999999999999 128 4814 814399999999999999
117 57 30 43 92165246320372390372323258194147133157211278339377376333258241230KU 859390202938299999999999999 211 29145213399999999999999
169 87 31 14 40103186273346391398367307235170129127165230303362392377319241231KU 940401211139299999999999999 253 14153312399999999999999
