152111 72 43 32 40 6810815118720720919517114412110810812014116718719618924 1 1MK103621022 419699999999999999 4 5 32163310699999999999999
168136101 71 52 50 65 9413116819420419818115713311410510812114216317918324 1 2MK11 8204224918399999999999999 439 49171610599999999999999
174154127100 78 67 71 8911714917719419818816914612510910210611813715516724 1 3MK1144198234617099999999999999 516 6718 910299999999999999
170162147126106 91 86 92109134160181192191180161139119103 96 9911012614324 1 4MK1227193999999999999999999999 559 861914 9699999999999999
155161158148134119108104109123143164180188187175156134112 95 86 87 9711324 1 5MK 110161131918999999999999999 6571042025 8599999999999999
132148159163158147134123118120130146164179187186174153128102 82 70 70 8124 1 6MK 254163142018899999999999999 8141182132 6899999999999999
101125148166175173163149135125124131146164181190189175150120 89 64 50 5024 1 7MK 420175152219199999999999999 9411232229 4899999999999999
 65 91124156180192190178159140126122129145167187198195177146108 71 42 2724 1 8MK 52319316191989999999999999910531222319 2699999999999999
 30 52 88130169198210205188163138121116126147174197209203178140 94 50 1824 1 9MK 6132101711209999999999999991150116999999999999999999999
  5 14 44 90142187217226216191160131112110124152184211221210178130 77 2924 110MK 65722618 022199999999999999 0 6  5123910999999999999999
 -4-13  3 44 99158205233237219187150119102105126160198225232214174118 6024 111MK 740238184823399999999999999 052-14132310199999999999999
 10-21-24  2 51114176222245241215177137106 9310213017121123723921316610524 112MK 820246193424199999999999999 137-2614 7 9399999999999999
 44 -4-28-24 10 67133194235249236204162121 94 8610213618022024323820715524 113MK 9 0249202124499999999999999 221-301450 8699999999999999
 93 34 -8-25-12 29 89155209241245225187144106 83 8210314118722424023019524 114MK 93924721 724199999999999999 3 4-251534 8099999999999999
142 84 33 -1 -9 11 56115175220240234208168126 92 75 7910414418721923021524 115MK1016241215623099999999999999 347-101619 7499999999999999
180132 82 40 17 18 42 87141190223232218188149111 82 70 7810414218020621224 116MK1053232224721399999999999999 429 1417 7 7099999999999999
198167127 88 58 44 51 77117161198218219201170134100 76 67 7610113416618724 117MK1130221234819399999999999999 511 441759 6799999999999999
192182159130102 82 75 84108140173198209204185156124 93 72 65 73 9312114824 118MK1211209999999999999999999999 555 7519 0 6599999999999999
167175171158139121109105113130153176192198192175149119 91 70 61 65 8110524 119MK 1 817513 019899999999999999 6491052012 6199999999999999
130151164168164154142133128131141156172184189185170147118 90 67 54 54 6724 120MK 25816814 518999999999999999 8 81282130 5299999999999999
 89116142162174177171161149141137141151164178186185172149119 87 60 43 4024 121MK 44617715241879999999999999910 01372241 4099999999999999
 52 77110143170186191186172156141133133143160177189190177152117 80 48 2924 122MK 55619116351919999999999999911271322338 2699999999999999
 27 43 74113152183201204193174152133122124138160183198198182151110 68 3324 123MK 6412051733200999999999999991221122999999999999999999999
 15 17 40 79126169200214210192166139119111119140168194209205182143 96 5124 124MK 716215181921099999999999999 024 1413 011199999999999999
 18  5 16 48 95146189215221208181150122105104119148181208218207175128 7724 125MK 747222185921899999999999999 1 3  5133310299999999999999
 33  6  2 23 65119170208225220196163129104 9410312716219722022220016010824 126MK 814226193522499999999999999 139  014 3 9499999999999999
 57 18  1  9 42 92147194222226209177141109 91 9010914117921122621718513824 127MK 84022720 822699999999999999 211  11431 8899999999999999
 86 40 11  7 28 70123175213227217190153118 92 83 9312015719421922320316424 128MK 9 5227204022499999999999999 241  51459 8399999999999999
115 67 31 15 24 55103156199222222201166129 98 81 8210013317120321821118324 129MK 928225211221899999999999999 3 9 151527 7999999999999999
142 96 56 32 30 50 88137183213222208179142108 84 76 8511014518020320819324 130MK 952222214520999999999999999 337 281557 7699999999999999
162123 84 56 44 53 81122165200216212189156121 92 76 76 9212015218119519324 131MK1016217222119699999999999999 4 4 441630 7499999999999999
174144111 83 66 65 81112149184206209196169136105 83 74 79 9712515317418224 2 1MK104221023 418299999999999999 433 6317 8 7499999999999999
176158134110 91 84 90109137167191201197178151122 96 79 74 81 9912314616224 2 2MK1111202999999999999999999999 5 4 841754 7499999999999999
168163151134118107105113130152174188192183165141115 93 78 74 80 9411413324 2 3MK 0 2168114719299999999999999 5431051856 7499999999999999
148157158153144134127126131142156171180182174159138115 93 77 69 71 81 9824 2 4MK 139158124118299999999999999 6441252021 6999999999999999
118138153162164160153145140138143152163172177174162143118 93 72 57 54 6224 2 5MK 35016414 817799999999999999 8421382150 5399999999999999
 80105133158175183180171157144136135142155169180182173152123 90 60 39 3124 2 6MK 51518315431839999999999999910371352259 3199999999999999
 39 63 98136171195204199182160139125122132151174192199189163125 82 43 1524 2 7MK 6 720416561999999999999999911431222354  799999999999999
  7 20 53 99149191217224211184153124108108124153186210219205171122 69 2224 2 8MK 6482241754219999999999999991231105999999999999999999999
 -8-13  8 52110169214238236213176136104 89 95122161202231237216172113 5324 2 9MK 726240184423899999999999999 042-141313 8899999999999999
  3-24-23  9 64131193236252239204157113 81 72 8712417322024824921916610124 210MK 8 1252193125299999999999999 127-271353 7299999999999999
 38 -9-29-18 24 88158218252255229184132 87 61 60 8513118623325725021315524 211MK 836257201625899999999999999 2 9-301433 5799999999999999
 89 30 -9-19  2 52119187236257246209158105 65 46 54 8814019623925424019824 212MK 9 825721 125499999999999999 249-201513 4599999999999999
141 81 31  4  5 35 89153210244249226183130 82 48 39 55 9414819923324022124 213MK 939251214624199999999999999 328  11553 3899999999999999
180129 80 44 30 41 75127181222240231200155106 65 41 39 6110215019321721824 214MK10 9240223222099999999999999 4 4 291634 3799999999999999
198164124 88 67 63 80115158197222225207174132 91 59 43 47 7010614617819424 215MK1038227232619699999999999999 439 621719 4299999999999999
193177153126105 95 99117145176200210205184153118 86 62 51 56 7610413415724 216MK11 8211999999999999999999999 514 951811 5199999999999999
170172164151137127124129143161179191193185167143116 90 71 62 64 76 9611724 217MK 038172114319399999999999999 5521241921 6199999999999999
137151159160158153149147148154161169175176171160143123101 82 69 64 69 8224 218MK 250161124317699999999999999 7 51472058 6499999999999999
101121141157167171170165159153150150154160166168164153134111 87 68 57 5724 219MK 51617114551689999999999999910261502231 5599999999999999
 68 89116143166181187183173159145136134140152166175176165144115 84 59 4424 220MK 6 618716351779999999999999911451342332 4199999999999999
 43 58 86121156183198199188169146128118120133154176190191176147110 72 4324 221MK 6362001734192999999999999991222117999999999999999999999
 29 34 58 95138176202211203182154126108102113136166192206202178140 95 5424 222MK 7 1211181620799999999999999 015 28125010299999999999999
 27 19 34 69115163200218216196165131104 90 94116149185211219205171124 7524 223MK 724220185222099999999999999 050 191317 8999999999999999
 36 15 19 46 92144190220226210178140105 83 79 9512816920522622419815410224 224MK 746226192422899999999999999 121 141342 7899999999999999
 54 22 14 31 71123176215231222192152112 81 69 7710514719022223321818113124 225MK 8 7231195523399999999999999 150 1314 6 6899999999999999
 79 39 19 25 55104159205231230205166122 84 63 62 8312216820823122920215824 226MK 828234202523399999999999999 217 181431 6099999999999999
108 63 34 28 48 89142192225233216180135 93 63 53 65 9714118621922921518024 227MK 848234205522999999999999999 243 271457 5399999999999999
135 90 55 41 49 80126176215232223193150105 69 51 53 7611415919821921819524 228MK 9 9232212522299999999999999 3 8 401524 4999999999999999
158116 81 59 58 78115160200224224202164121 81 55 48 60 9013117120021020024 229MK 930227215821099999999999999 333 561552 4899999999999999
174140107 83 74 83109146184211219207177138 98 67 51 53 7210414117419319524 3 1MK 953220223619699999999999999 359 741624 5099999999999999
181157130107 95 96111137168195209205185154118 86 63 55 62 8211214216617824 3 2MK1018209232518099999999999999 426 9317 2 5599999999999999
178166149132118114119134155177193197187166139109 84 68 63 69 8610913315124 3 3MK1048197999999999999999999999 4581141755 6399999999999999
162165160152143136134139148161174182182173157135112 91 76 68 70 80 9611524 3 4MK 049165113118399999999999999 5491341921 6899999999999999
134149160165165161156151149150155162168171169160145125103 83 68 60 63 7524 3 5MK 32816613 717199999999999999 8101492115 6099999999999999
 95120145166180185182172159147140139146157168176175163142114 84 58 42 4024 3 6MK 5 318515251769999999999999910331392240 3999999999999999
 53 79114152183203207198178154132119119131152176193198186159120 78 42 2024 3 7MK 54920816481989999999999999911321182338 1699999999999999
 17 36 73121169207227225204172136108 94 99122156192218224207170119 66 2324 3 8MK 6252281747224999999999999991214 94999999999999999999999
  0  2 30 80139195233245232197152109 78 69 84120168213242245220172112 5324 3 9MK 658245183624799999999999999 026 -31253 6999999999999999
  9-10  0 40101167223253254225178123 77 50 49 7612518323426125722216610124 310MK 730257192226399999999999999 1 9-111331 4699999999999999
 42  3 -7 15 65132198246263247205148 90 47 27 38 7713619924826825521415524 311MK 8 126320 726899999999999999 149 -714 9 2799999999999999
 92 40 11 12 44100166224257258228176115 60 24 16 37 8614921025126224219824 312MK 831262205026299999999999999 228  81447 1599999999999999
142 88 48 32 44 82138197240255240199143 85 38 13 16 46 9916021224224422124 313MK 9 0255213424799999999999999 3 5 321525 1199999999999999
180133 91 66 62 82122171215241239213168115 65 30 16 27 6111216420422321924 314MK 927243221822499999999999999 339 6116 3 1699999999999999
197164129103 90 96119154192219228215184141 97 58 34 29 45 7812016018819924 315MK 95322823 919999999999999999 411 901644 2899999999999999
194177155134120118127148173196209206189160125 91 64 49 48 63 8912014816724 316MK1020210999999999999999999999 4421171731 4699999999999999
175173165154145140141150163177187190183168146122 98 78 67 66 75 9211213224 317MK 018175104719099999999999999 5171401837 6599999999999999
147158163164162159157157159162166169169166158145130112 96 83 77 78 8610024 318MK 247164113217099999999999999 6431572022 7699999999999999
117135151164172175173167160154149148150154158160155145129110 91 77 72 7524 319MK 5 5175144516099999999999999105314822 9 7199999999999999
 88108133156175186187180167152138130129137150163172172161140114 88 69 6024 320MK 54018816291739999999999999911341282310 5999999999999999
 64 82111143172192200194178155133116110116133156178190188171143108 76 5524 321MK 6 420017231919999999999999912 01102351 4899999999999999
 48 60 87125163193209208191164134108 94 96113141173198208199173135 94 6024 322MK 62521118 3208999999999999991225 93999999999999999999999
 42 44 66104149189214220206176140106 84 78 91120158195217220200164119 7624 323MK 646220183622199999999999999 025 401249 7799999999999999
 46 37 51 85131179214228219191151110 78 64 70 96137181216232223192147 9924 324MK 7 622819 823299999999999999 054 371313 6399999999999999
 60 39 43 69114164208232230205165119 79 55 52 7211116020523323621517512724 325MK 727234193823899999999999999 122 381337 5099999999999999
 82 51 44 60 98148197229237219180132 86 52 40 51 8513318422324023119915424 326MK 74723820 824099999999999999 149 4314 2 4099999999999999
108 71 53 59 87132182221238228195148 98 57 35 36 6110415720423223621617924 327MK 8 8239203823899999999999999 216 521427 3299999999999999
135 95 70 65 83119166208233233208165115 69 38 29 43 7812717721523122319624 328MK 829236211023199999999999999 242 641454 2999999999999999
159120 91 78 85112151192222231215180134 87 50 31 34 58 9814618821522020524 329MK 852231214322099999999999999 3 9 781523 2999999999999999
177144114 97 95110139175206222217192152109 69 43 35 46 7511515718920520324 330MK 916223222220699999999999999 336 941555 3599999999999999
187162137118110116134161188208211197168131 94 64 47 46 60 8812315618018924 331MK 942212231419099999999999999 4 51101634 4499999999999999
186174157141130128136151171189198195178152122 92 69 57 58 71 9312014516424 4 1MK1014198999999999999999999999 4421281727 5699999999999999
174175170162153146145149157169179183179167148125102 83 70 66 72 8710712924 4 2MK 04117611 418399999999999999 5481451854 6699999999999999
149164174178175169161154150150155162168171167157141120 98 79 67 64 71 8924 4 3MK 3 417813 117199999999999999 8251502048 6499999999999999
113140165184194193184168151138132134144158172180178164140111 82 60 49 5324 4 4MK 42619515181809999999999999910141312214 4999999999999999
 73104142177203215209191163135114105111130157184202204188157118 78 48 3324 4 5MK 51121516372059999999999999911 71052313 3399999999999999
 39 66108156199226233217185145108 82 76 91123165203227229208167118 70 3624 4 6MK 5472331735231999999999999991148 76999999999999999999999
 23 35 72124179224247242212166116 73 50 51 78125179225250248218170113 6324 4 7MK 620248182425399999999999999 0 1 231227 4799999999999999
 30 24 45 91150207247258238194137 81 39 23 35 7513419624426525621916510724 4 8MK 651258191126699999999999999 045 2313 5 2399999999999999
 60 35 37 67119180232260256222166104 48 13  6 30 8114821125526925221015624 4 9MK 722262195626999999999999999 126 321343  599999999999999
104 65 49 61 98152207248260240195134 72 23 -2  2 37 9516222025526023819624 410MK 753260204026299999999999999 2 5 491421 -499999999999999
148104 77 72 91131181226250246215165105 50 11 -3 12 5311117322024424221824 411MK 822252212424699999999999999 242 711459 -399999999999999
181142110 95 99122160201231240224187137 84 40 13  9 31 7312617621222621924 412MK 85224022 922699999999999999 318 941538  899999999999999
198169141121115125148179207223220198161118 75 42 26 30 53 9113517219620424 413MK 92022423 020499999999999999 3531151619 2599999999999999
197181162145135135145164185201206197175144109 78 56 47 53 7410413616217924 414MK 950206999999999999999999999 42913317 5 4799999999999999
184181172162153148149157168179186186176159137112 90 75 68 73 8710813015024 415MK 0 6184102618799999999999999 51814818 6 6899999999999999
164172174172167162157155156160164167168163154141124107 93 84 83 9110412224 416MK 157174113416899999999999999 7 91551935 8399999999999999
140157170177179175168159151145144146151157161160152139122105 92 85 87 9824 417MK 349179141916199999999999999 9551442116 8599999999999999
116138160177187188181168151137127124130142157168173168153132109 90 80 8124 418MK 43818916 01739999999999999910481242224 7999999999999999
 94117145172191200195180158134115105108121143166184190182161133105 82 7224 419MK 5 920016561909999999999999911191052310 7299999999999999
 77 97128162191208209194168138109 91 86 98123154184202205190162127 95 7324 420MK 5342101738206999999999999991146 862347 6899999999999999
 68 81110148185211220209183147110 82 69 74 98134173205220214190154115 8424 421MK 5572201814220999999999999991212 68999999999999999999999
 67 71 94131173208227223199160117 79 56 53 7210815319622423121618314210324 422MK 620228184823299999999999999 020 661238 5299999999999999
 76 68 83115159200228233214177130 84 51 37 47 7912617721823823420917012724 423MK 643234192023999999999999999 051 6813 5 3799999999999999
 93 74 78102142187222237227194147 96 54 30 29 52 9615020023324322819615424 424MK 7 6237195324399999999999999 121 731332 2699999999999999
115 88 81 95127170211235235210167115 66 32 19 31 6711817221724023821517924 425MK 730238202624299999999999999 151 8014 1 1999999999999999
140108 91 94117154194226236222186137 86 44 20 19 43 8614019022523722619924 426MK 75623621 123799999999999999 221 901431 1799999999999999
164131108101112140176210230227201160111 65 32 19 29 6010615619822322621124 427MK 823231213922799999999999999 25210115 4 1999999999999999
184154128114116132160191216223210179137 93 55 32 28 44 7712116419721321124 428MK 853223222421499999999999999 3261131542 2799999999999999
196174150133126131148172196211210192161123 86 56 40 41 59 9012716318820024 429MK 927212232220199999999999999 4 41261627 3899999999999999
199187171154142138143156174191199195178152120 90 66 53 54 69 9412515517724 430MK1011199999999999999999999999 4571381726 5299999999999999
190193187175162151145146154166178185183172153128103 81 67 63 72 9111714524 5 1MK 046193112118599999999999999 6241451846 6399999999999999
169187195194185171156144138140149161173179177165145121 96 77 67 69 8410924 5 2MK 223196131617999999999999999 8161382019 6699999999999999
139169192205206194174151131118117127146166183190185166139109 83 66 64 7824 5 3MK 33220715 419099999999999999 9361162138 6399999999999999
105141177206220217199169135107 90 90107135168196210207187155117 84 64 6024 5 4MK 4202211621211999999999999991031 882240 5999999999999999
 77110152194224235224194152110 76 59 65 91132176213232228203165121 84 6324 5 5MK 5 02351720233999999999999991116 592332 6099999999999999
 62 83123171214241243221179127 78 43 31 45 83136190231250242212168122 8524 5 6MK 5362451812250999999999999991158 31999999999999999999999
 66 71 98143193233252243208155 97 47 16 12 36 8514620524626024721316712224 5 7MK 61125219 126099999999999999 019 651239 1099999999999999
 89 76 86119166214246254232187128 69 22 -2  3 38 9415921725326124320716224 5 8MK 645255194726299999999999999 1 3 761319 -499999999999999
122 95 90107143188229251246214163102 46  7 -8  7 4910917322425225323219624 5 9MK 719252203225599999999999999 145 8914 0 -899999999999999
156123105107128164205235245230191138 82 33  3 -1 22 6712618222424323821624 510MK 753245211724399999999999999 2261031440 -299999999999999
184151127117124147180213232232209169119 70 31 12 15 43 8814018721822822024 511MK 82823522 222899999999999999 3 51171520 1099999999999999
200173149133129140162189212222213188150107 67 38 28 37 6510615018620721224 512MK 9 4222225021299999999999999 34512916 2 2899999999999999
204186166149139139150169189203206195171138103 73 53 48 60 8612015418119624 513MK 942207234419999999999999999 4281381647 4899999999999999
198191178163151144146154167181190189179159134107 84 70 68 7910012715417524 514MK1029191999999999999999999999 5221441740 6799999999999999
187190185176164153147145150159168175176170156137116 98 86 83 9110813015224 515MK 051190113917699999999999999 6421451844 8399999999999999
171184188186177165153143138139145154163168168160146129111 98 93 9811213124 516MK 2 6188132516999999999999999 82013820 0 9399999999999999
153173187193190179163146132123123130143157169174170158140121105 9810011424 517MK 3 919315 617499999999999999 9341222113 9799999999999999
135159181196200194177155132114104106118138160178187184169148125106 9810224 518MK 35420116151879999999999999910221032212 9899999999999999
117142170194207207193168138110 91 84 92112141171193202196177151124104 9724 519MK 42920917 6202999999999999991058 8423 0 9799999999999999
105126155186209217209185151115 85 67 67 8411515318821021620417914812010124 520MK 5 02171749216999999999999991131 652341 9799999999999999
 98112139173204222222202168126 87 58 47 57 8612717120722722620717614211424 521MK 52922518272299999999999999912 2 47999999999999999999999
100103124157193220230219188144 98 59 36 34 56 9614519222623822920316813424 522MK 55823019 423899999999999999 019 991233 3299999999999999
109102113140177211232231208167117 70 35 21 30 6311216621123824222519415824 523MK 628235194024499999999999999 05510113 6 2199999999999999
126108108126159196226237225191143 91 47 19 15 35 7713118522524423921718324 524MK 659237201824599999999999999 1311051341 1399999999999999
148122111118142177211234234212171120 70 31 12 17 46 9414919923124223120524 525MK 732237205824299999999999999 2 71111418 1199999999999999
172142122117130157191221234226196152101 56 24 14 26 6111016320623123422024 526MK 8 8234214123599999999999999 2451171457 1499999999999999
194164139125126142169200222228213181136 90 50 26 22 40 7612317020722522524 527MK 847228223022799999999999999 3271241541 2199999999999999
210186160140130133150175201217218201169128 87 54 35 35 54 8913217320421824 528MK 932220232522099999999999999 4151301630 3399999999999999
217203182160142133137151173194207207191163128 92 64 49 50 68 9913717320024 529MK1027209999999999999999999999 5141331726 4799999999999999
213213201181160142131132144163182196198187165135104 79 64 64 7910614017324 530MK 027215114019999999999999999 6261301832 6299999999999999
199212213202181158136122120129147168186194190174149121 96 79 76 8711114324 531MK 133214131119499999999999999 7431191944 7699999999999999
175202216217204180151124105 99108129155180196199188166139112 93 86 9411724 6 1MK 232218144420099999999999999 853 992057 8699999999999999
148181209223222204173137104 82 75 86112146180204213205184154125103 9410124 6 2MK 32422516 321399999999999999 953 7522 4 9499999999999999
124156191219232225200162119 80 56 51 6710014318521622822119816613411010124 6 3MK 41023217 8228999999999999991044 5023 410199999999999999
109133167203230238225192145 96 56 32 31 54 9614719522924123320717313911524 6 4MK 45423818 4241999999999999991132 28235810799999999999999
107117144180216239241220179126 74 33 13 19 49 9915620724025023820917414024 6 5MK 5352431855250999999999999991218 12999999999999999999999
118113127156194227244239210162107 55 17  3 16 5410916821724625223620517024 6 6MK 616245194325399999999999999 04711313 2  399999999999999
139121120137169205234245231196145 89 40  9  2 23 6612418122524824722719624 6 7MK 657245202825099999999999999 1331181345  299999999999999
163136123127149181214237240219180128 75 33  9 11 38 8514119322924323721424 6 8MK 737241211024399999999999999 2151231426  799999999999999
184154133127136159191219235230205163114 66 32 17 27 5810515720122823422324 6 9MK 817235215023599999999999999 25612715 7 1799999999999999
199172147132131144168197219227216188148103 64 38 32 47 8112617120622322324 610MK 857227222922599999999999999 3351301547 3199999999999999
208186161142133136151174197214216201173136 98 67 50 51 7010414418120621624 611MK 93821723 821699999999999999 4161321626 4899999999999999
211196174154139133139154174193204202187161129 98 75 66 71 9212415818720524 612MK1022205235021099999999999999 5 113317 8 6599999999999999
209202186167149136133138152169184192189176154129105 88 83 9111113916719024 613MK1116193999999999999999999999 5541331754 8399999999999999
20320419618016214413212813314416017318118117215513511610310010812614917324 614MK 037205122718299999999999999 6581281847 9999999999999999
19220220219317615713812511912213314916417517917416214512811611312013515624 615MK 130203135717999999999999999 8 7119195111399999999999999
17819520420319117215012811210510812114015917618418317315714012712212714124 616MK 223205152318599999999999999 91010521 112299999999999999
161183200208204189166138113 95 88 9411113616218419619618516714813212613124 617MK 31320816301979999999999999910 2 8822 612699999999999999
145167190207213206185155122 93 74 70 8110613817119721120919517315013312724 618MK 3582131723212999999999999991047 6923 112799999999999999
133151175200216219205176140102 71 54 55 7410714818621422522020017414913124 619MK 43922018 9225999999999999991127 52235012699999999999999
126136158186212226222200164121 79 48 36 44 7211516320423023722520017014324 620MK 51922718512379999999999999912 7 35999999999999999999999
127126141168199224234223192148100 57 29 23 40 7712818022124324322519616324 621MK 558234193124699999999999999 0341241247 2299999999999999
137124128149181213235239219181131 80 38 15 16 42 8814319623425024422118724 622MK 639240201225199999999999999 1151231328 1299999999999999
154130122132158193225243240213168114 63 25  8 16 5010216021124325324021224 623MK 721245205425399999999999999 1571221410  799999999999999
177146126123138168204234247236203155100 52 18  8 24 6311817522124725023224 624MK 8 4247213625199999999999999 2401221453  899999999999999
201167138122124143175211237244229193143 91 47 21 17 39 8113518822824624324 625MK 849245222024799999999999999 3251211538 1699999999999999
222190157131119125146179212234237219182136 89 52 32 34 5810115219923124224 626MK 93823923 424299999999999999 4121191624 3099999999999999
234211179148125116123145177207226227209175134 94 64 50 55 8112116620623024 627MK1032229234923699999999999999 5 51161713 4999999999999999
236225201170140118110117139169197214216201174140107 82 72 8010413917720924 628MK1135217999999999999999999999 6 211018 5 7299999999999999
228230217192161131109100107127155183201207198178151124104 9610312315318524 629MK 038231125220799999999999999 7 410019 4 9699999999999999
211225225211185153122 98 88 9311214016919120320118816714412611812113716124 630MK 130227142220499999999999999 811 88201311799999999999999
188211224223207179145111 85 73 76 9512515818620520920118416314413313314524 7 1MK 225225155121099999999999999 917 72213013299999999999999
166190212225223205175137100 71 56 59 8011415318821222121519917715614213924 7 2MK 32322617 6221999999999999991019 55224513899999999999999
148168193216228225205170128 87 55 40 45 7010915419522323322720818315914324 7 3MK 41922918 7233999999999999991115 39234913899999999999999
138148170197221233228203164117 73 40 27 36 6711316320623424323321018215624 7 4MK 51223418572439999999999999912 6 27999999999999999999999
139136149174204229239229200155105 59 28 19 35 7212317721924424723220517424 7 5MK 6 2239194024899999999999999 0411351252 1999999999999999
147133134152181213237243227192143 91 47 21 19 42 8614019323224924522419324 7 6MK 647243201825099999999999999 1251311335 1699999999999999
161137128135158191223243243220179128 77 38 20 27 5810616121024024823621024 7 7MK 730246205224999999999999999 2 51281414 1999999999999999
177147129126140168202231245237208163112 66 35 27 43 8113118322324324122224 7 8MK 8 9245212424599999999999999 2401251450 2699999999999999
192160135123128148179211235241225191145 98 60 40 42 6610815820323224022924 7 9MK 846241215424099999999999999 3141231525 3899999999999999
204174145126122132156188216232230208172130 90 62 52 64 9413718221723423224 710MK 923234222323599999999999999 3481211558 5299999999999999
214186157134121123138164192215224215191157120 89 72 72 9012316319922323024 711MK10 1224225323099999999999999 4241201630 6999999999999999
220198171144126118124142167191208211200177147119 97 88 9511614818220922324 712MK1043212232522599999999999999 5 411817 5 8899999999999999
22220718415813512111712414216418419719818816914612511110811813916719321224 713MK1135199999999999999999999999 550116174410899999999999999
21921319717415012911611312113715717518618818216915313812812813715517719724 714MK 0 2219124718999999999999999 646113183312799999999999999
21021320518916714412411010711312814716517918618517716515314514315016318024 715MK 047213142218699999999999999 751107194114399999999999999
196207209201185163138117101 9610111613715917819119419017916715615215416524 716MK 145209155619499999999999999 9 0 9621 815299999999999999
179195206209202185160132106 88 81 8610413015918520220920419217616115315324 717MK 25020917 52099999999999999910 4 81222815299999999999999
162178196210215207186156122 92 70 62 71 9512816519721822521820017915914824 718MK 3532151757225999999999999991058 62233014699999999999999
148160180203219224213187150109 73 49 44 58 9013317821523623922620217515224 719MK 4492241841240999999999999991147 43999999999999999999999
140143160186214233236219185140 92 53 29 28 51 9214419523325224922819716524 720MK 540237192125399999999999999 0191391233 2699999999999999
140130139163196228248247223180127 74 34 14 20 5110216121525126325222318624 721MK 62825020 026399999999999999 1 31301317 1399999999999999
151127122137169208243260254222172113 58 20  6 20 6111918223426426824721124 722MK 714261203826999999999999999 14512214 0  699999999999999
170135115116139177220255268254216160100 48 15  9 32 7914220324927026423524 723MK 8 0268211527199999999999999 2271131443  799999999999999
194152119105113142185229260268248205149 91 45 21 24 5410516722325926825224 724MK 846268215126999999999999999 3 91051524 1999999999999999
218175134106 98111145190232258259235193140 90 54 39 49 8313519123626025924 725MK 933262222726299999999999999 353 9716 6 3899999999999999
236198156119 96 93111146190227247244221182138 98 72 66 8111616320924125324 726MK102324923 325399999999999999 439 921648 6599999999999999
244217180140108 90 91110144183215230227208177143114 98 9811514618421823824 727MK1120231234124299999999999999 528 881731 9599999999999999
242228200166130102 88 8910813717019721221220017915613612612814316719421724 728MK1231213999999999999999999999 624 86182112599999999999999
230229214189158126101 86 8710112515417919620219918817316015215216117719524 729MK 02523114 720399999999999999 730 85192915199999999999999
211220219207185157127101 84 80 9011113816518720120520119117916916516717624 730MK 125221155820599999999999999 847 80211216499999999999999
189203213216207188160129100 79 70 77 9612515818720821721620619117616516224 731MK 24421617212189999999999999910 5 70225116299999999999999
168181198213219213194164128 94 69 58 64 8612116019522023122821319317215724 8 1MK 4 321918152319999999999999911 9 57235415299999999999999
152159177199219228222200165123 84 56 45 55 8412617221123524223321118415924 8 2MK 5 822818542429999999999999912 1 45999999999999999999999
144142154179207230239230201159111 70 43 37 55 9214119022824824722920016824 8 3MK 6 0239192725099999999999999 0381411244 3699999999999999
143131135156188221244248231194145 95 55 34 37 6511116421324525524321618124 8 4MK 643249195725599999999999999 1141301322 3299999999999999
149127122136165202236254251224179127 78 44 33 48 8513719123425525323019624 8 5MK 721256202325799999999999999 1461221356 3399999999999999
159130116120143179218248258244208159108 65 42 43 6911516921824925624121024 8 6MK 756258204825799999999999999 2161151427 3999999999999999
172137115110125155195232254253229188138 92 60 50 64 9914819923825524822224 8 7MK 828256211225599999999999999 2441101456 5099999999999999
185148119106111134170209239250239209166121 85 66 68 9213318122324825023124 8 8MK 9 1250213525299999999999999 3131051524 6499999999999999
198161128107103117146182217238239221188149113 88 81 9412516620723724723724 8 9MK 934241215824799999999999999 3431021551 8199999999999999
21017514011410110612515619021722922320217214011410110412315519222323923724 810MK1010229222324199999999999999 415101161910099999999999999
21818915512610710211113316219020921520618716314012412012915017920722623224 811MK1052215225023299999999999999 451101165012099999999999999
22220017214311910610511613616118319720019418016414914114115217019121022124 812MK1148200232422299999999999999 535103172714099999999999999
22020718716213711810710711613315317118419018918217316415916016717919420524 813MK1319190999999999999999999999 634106182415999999999999999
21120919818116013812010710410912214015817518719319318818117517117317918824 814MK 013211152919499999999999999 755104201617199999999999999
197204204198184164142120103 93 9410612514917319320621020519518317316817024 815MK 138205165621099999999999999 925 93221316899999999999999
179191202209207194172144115 91 76 74 8711314618020822522822020318316515624 816MK 3182091746229999999999999991036 73232015699999999999999
158171190209222223208180143104 72 53 53 7210715119522924624522720117215024 817MK 4322241826247999999999999991131 51999999999999999999999
140147167196224242241221183136 88 50 31 36 6511216721725226425422518815324 818MK 53024419 126499999999999999 0 61401218 3099999999999999
130124138169208244263258229181123 69 31 16 30 7012719024227227525221316824 819MK 620264193527799999999999999 04712313 1 1699999999999999
130109110135177224263280268229172109 54 19 13 37 8715221726428427423919124 820MK 7 628020 928599999999999999 1261061343 1299999999999999
142106 91101136187240277288268222160 97 47 20 24 5811518224227928526221824 821MK 751289204128799999999999999 2 5 901423 1899999999999999
164116 85 78 98142198250283286259209149 92 51 35 49 9014921226028227424024 822MK 836288211328399999999999999 245 7715 2 3599999999999999
191138 94 71 73101149205252276272242195142 96 67 63 8412718223426727325324 823MK 921278214427499999999999999 326 681541 6199999999999999
214164116 81 66 75107155205244260251223184142110 93 9812216220724426125524 824MK10 8260221426299999999999999 4 8 651618 9299999999999999
229189144104 77 69 8211415619822723722920717815113112413315618822024124624 825MK11 2237224624699999999999999 453 69165612499999999999999
233206171134102 82 78 9011715118320521321019818116615515416217919921822824 826MK1212214232322999999999999999 545 77174015399999999999999
227214192164134109 92 88 9611413916418319520019819118417817617918619720624 827MK14 9200999999999999999999999 652 87185617699999999999999
211211203188167144121103 93 9410512414616818619920620620119318618118018424 828MK 024212162820699999999999999 825 92214018099999999999999
190198203202194178156131108 92 86 9210913516318920921922021119818317116524 829MK 227203173222199999999999999 959 86231216599999999999999
168178192205212208192166135105 82 73 8010113417020222423322821219016815324 830MK 4 921218 82339999999999999911 5 73235414899999999999999
148155174197217227222201168129 93 68 61 7410414518722124124322820217314824 831MK 5112271836244999999999999991152 61999999999999999999999
133135151179210234242231201159114 77 55 56 7811816621124225224321718214924 9 1MK 55624219 025299999999999999 0261321229 5399999999999999
126118129157194229251252231192143 96 62 49 61 9514319523625725423119515624 9 2MK 634254192325999999999999999 05411813 2 4999999999999999
125108111134171214248262253221173122 78 54 53 7812217522425526224421016724 9 3MK 7 7263194526399999999999999 1211071331 5099999999999999
129103 98113147191234261264243202151103 68 57 7010615720924826425422318124 9 4MK 73826620 626499999999999999 146 971358 5799999999999999
138105 90 96124166212249265256225179130 90 69 71 9714119223626126023519524 9 5MK 8 9265202726499999999999999 212 891425 6799999999999999
150111 87 85103140185228255259239202158116 88 81 9613017722225326124420824 9 6MK 839261204826199999999999999 238 831450 8199999999999999
164122 92 80 89117158202236252244218181142112 9710212616420624025524721924 9 7MK 91025221 925699999999999999 3 4 801515 9799999999999999
179137102 83 82 9913317321123523922519816513611811512815619222524524522624 9 8MK 943240213124899999999999999 333 80154111499999999999999
193154118 93 83 9011314618221122422220618315914013213715418020923023722724 9 9MK1020225215523799999999999999 4 5 8316 813299999999999999
204171138110 93 9010112415318120120920519317716215215115917419421322422224 910MK11 8209222322599999999999999 442 90163915099999999999999
209186159132112100 9910912715017118619319418918117416916917518419620621124 911MK123219423 421199999999999999 534 98172916999999999999999
20719617915813712010810410912013715517118419219519419118618218018318719324 912MK1515195999999999999999999999 658104195518099999999999999
198198194183168149129112101 9810411813816118420121121320719618417417017224 913MK 039199164221399999999999999 852 98221117099999999999999
179190199204199185163136109 88 78 82 9912816219522023323121819717415714924 914MK 3 22041724234999999999999991015 7823 714999999999999999
154170191211223222204174136 98 69 56 62 8812817421624425424321818415313224 915MK 4232251758254999999999999991111 55234712699999999999999
126139167201232249245220178128 82 49 37 51 8814019624226826824420516112324 916MK 5202501830271999999999999991158 37999999999999999999999
103106130171218256273263228175117 65 34 29 5310216422526828427023118012924 917MK 6 927319 128499999999999999 0241011240 2799999999999999
 92 78 91128182237277290272227167105 55 30 35 7012819525328628725820714824 918MK 655290193229199999999999999 1 2 771320 2999999999999999
 96 64 59 84133196254291296269219156 98 56 41 5710016222627329127623417624 919MK 73929820 329199999999999999 140 5714 0 4199999999999999
115 68 44 50 86143209263292289257205148 98 68 65 8913619524928128225420424 920MK 824295203228699999999999999 218 431438 6399999999999999
144 89 50 37 53 95155216262281271238192145108 91 9712617122126027426222524 921MK 9 828121 227499999999999999 257 371515 9099999999999999
174119 73 45 42 6410816321524926024721918314912611913116019823425625623524 922MK 956260213125999999999999999 338 40155111999999999999999
197151106 71 53 56 8012016520522923422420418015914814816118421123224023224 923MK104923422 124099999999999999 421 52162814699999999999999
210177140106 81 70 75 9512616018820521020619618417416917118019420821821924 924MK12 2210223522099999999999999 512 69171416999999999999999
210192168142117 98 89 9110412414716818419419819819418918518318518919419824 925MK1421199234019999999999999999 621 8819 518399999999999999
199195186172154134117104 9910311513315317318920120720620119218317617317524 926MK1625207999999999999999999999 8 3 99221017399999999999999
180186191191184170151129110 98 9610412214617319621221921620418717015715224 927MK 23219217 921999999999999999 944 9523 315299999999999999
157169184198205201185161132106 89 85 9612015218521222822921719617114813524 928MK 4 92051737230999999999999991047 85233413399999999999999
134146169194214223215193160125 95 77 77 9612916920623124023220817714612324 929MK 5 322318 0240999999999999991129 75999999999999999999999
115123147179211233238222191150110 81 69 7810714919422924824522318815011824 930MK 544238182224999999999999999 0 111512 4 6999999999999999
101102122158198232250245220179133 94 71 69 901301782222502552372021591192410 1MK 618251184325699999999999999 026 991234 6799999999999999
 92 85 99132177221251259243207161115 82 69 811141612092462602492171721262410 2MK 65026019 426099999999999999 051 8513 2 6999999999999999
 90 73 79107151200242263259232189141101 78 791031451942372602582311871382410 3MK 721264192426299999999999999 115 731329 7699999999999999
 95 68 64 84123174222256265249213168125 95 85 991321782232542612422021532410 4MK 751265194526299999999999999 140 631356 8599999999999999
106 71 57 66 98145196238260256231192150116 981011251642082432582492161702410 5MK 82126120 725999999999999999 2 6 561422 9799999999999999
121 81 57 56 781171672132442532402101731391161111241531922282502492261872410 6MK 852253202925399999999999999 233 54144811099999999999999
140 97 67 56 66 951381842212402382201911611371251291491792112362432302002410 7MK 925242205224499999999999999 3 1 56151412599999999999999
160118 84 65 64 811131531912182272202021791571431401501701952192322282082410 8MK10 3227211823299999999999999 333 62154314099999999999999
177141107 83 72 77 961261591882062112041911751621561571671832012152182102410 9MK1052211214821999999999999999 411 72161815599999999999999
190163134108 91 84 89105129155176191197196190182174170171176185195202202241010MK1218197223420399999999999999 5 3 84172417099999999999999
195180161139119103 95 95105121141161178191197199195189182176173175180186241011MK1443199999999999999999999999 626 9420 617399999999999999
189189183171154134115100 93 94106125149174195210215211199183168158155160241012MK 02719016 221599999999999999 819 92215115599999999999999
171184195198191174150122 98 81 78 89113146181211229233222200172148132129241013MK 251198164423499999999999999 945 78224112899999999999999
141163189211221216194161123 89 66 62 78111154199234251247223187148117100241014MK 4102221718252999999999999991043 612320 9999999999999999
104126163202234248239209166118 77 54 53 77121174224258267250211162115 81241015MK 5 72481750267999999999999991131 502358 6999999999999999
 69 83120170221258271255217164110 69 49 56 89142201250276272239188129 78241016MK 5572711822278999999999999991215 48999999999999999999999
 48 45 71122184241278285262215158105 67 55 71112170228270283263217156 94241017MK 643286185428399999999999999 036 431256 5599999999999999
 46 23 31 70131199256287287257208152104 75 72 96142200250279277243188123241018MK 729291192528299999999999999 114 221337 6999999999999999
 64 23 11 30 78144211262285277245197148109 91 96126173223262275258216158241019MK 814286195727599999999999999 153 111416 9099999999999999
 96 44 14 13 40 92156217258272259228187148121112124155197236260259233188241020MK 9 0272202826399999999999999 234 10145511299999999999999
133 79 39 20 26 58108165214244251237211180152136135150177210236247236207241021MK 94825121 024799999999999999 315 19153413499999999999999
165118 76 47 36 47 78122167204224227217198177161152155168189210225226212241022MK1042228213422799999999999999 359 36161715299999999999999
186151115 84 64 59 70 95129162189204208203192180171166168176188199206204241023MK1153208221620699999999999999 449 58171516699999999999999
192173148123100 85 80 88105129153174189196197193187179173170171176181186241024MK1341197233718799999999999999 553 80191217099999999999999
186181171155137118104 96 97107124144165182194200199193183171162157157162241025MK1523201999999999999999999999 722 95212815699999999999999
170177181178169153134116103 99104119140164186202209206195178160145137137241026MK 2 8181161320999999999999999 857 99222413699999999999999
147162178189192183166142119101 94100118144173199215218209189163139121115241027MK 34419216452199999999999999910 4 94225811599999999999999
122141165189205207195172142114 95 90100124157191216228223202172140112 97241028MK 4402081711228999999999999991051 892327 9699999999999999
 98115144178206222219200169135105 88 89107140178212233235217185146110 85241029MK 5232231735236999999999999991128 862354 7799999999999999
 77 89118158197226236225198160123 96 85 95123162203232243231201159115 80241030MK 55923617592439999999999999912 1 85999999999999999999999
 62 66 91132179219242244223188147112 91 90110146189226246243216174126 83241031MK 633246182224899999999999999 020 611232 8899999999999999
 54 48 65103152202238252243213174134104 93102132173214243249231192142 932411 1MK 7 5252184525099999999999999 046 4713 2 9399999999999999
 55 38 45 751221762222502532331981581231021021211571992332492412091611102411 2MK 73725519 925099999999999999 113 371332 9999999999999999
 65 37 32 52 931451982362522442181811451181081171441822192432452221811312411 3MK 8 9252193524799999999999999 142 3114 210899999999999999
 82 46 30 37 671141672132402452302001661371201191361662012302412301991542411 4MK 84324620 124199999999999999 211 29143211799999999999999
106 64 38 33 50 861341822182352322131851571361281341551842122312302111752411 5MK 919236203023399999999999999 244 3215 312899999999999999
132 89 57 41 44 671041481882152242171981751541411391491691932142222141912411 6MK10 222421 322299999999999999 319 40154013899999999999999
156118 83 59 50 58 821161541862052112051901731591501501591751932062081982411 7MK1056211214320999999999999999 4 2 50163014999999999999999
176147115 87 69 63 71 911201511781952021991901781661581561601701821921942411 8MK1212202224519499999999999999 456 63175115699999999999999
187171148123 99 82 75 78 931171441691892002031971861721601521501551651762411 9MK1347203999999999999999999999 610 74194315099999999999999
184184176160138115 95 82 80 90110137166190207213207193172151136129133146241110MK 03318515 121399999999999999 741 7921 812999999999999999
164181191191179157130104 85 77 84104135170200221226216192162131109100107241111MK 229192155022699999999999999 9 3 7722 410099999999999999
128157186206212201176143109 84 73 80104141182217237237217182140102 76 70241112MK 35121216312409999999999999910 8 732249 6999999999999999
 84116158198226234221191151111 83 72 82112155200236251242209162111 67 43241113MK 45223517 82519999999999999911 2 712331 3999999999999999
 42 67112166215246253235199154111 83 75 91127175221252258237192135 78 35241114MK 5462541743259999999999999991150 75999999999999999999999
 15 23 60116178231262264241200153112 87 85106147196239262256223169106 48241115MK 635267181926399999999999999 012 141236 8399999999999999
  9 -3 16 62126191243269266238196151114 95 99126168215250262245202143 80241116MK 723271185526299999999999999 054 -31320 9499999999999999
 27 -5 -8 19 72139202247266258229188148118107116146187227252253227180120241117MK 810267193225699999999999999 136-1114 310799999999999999
 61 16 -7 -1 33 88151208244255243215179146125120134163200231246237206158241118MK 85725520 924699999999999999 218 -8144511999999999999999
103 52 17  3 16 52105161208234239226200171146132133148175204226232217185241119MK 944240204723299999999999999 3 1  3152813099999999999999
141 94 53 27 22 38 74120167202221222209188165148139143157179201214214198241120MK1033223212821699999999999999 345 21161413999999999999999
168131 93 62 45 44 61 93132168194207206196180163150145148159175190198195241121MK1127208221719899999999999999 432 42171014599999999999999
181157129100 77 64 66 81107138166187197197189177163152146146153164174181241122MK1230198232418299999999999999 523 63182614599999999999999
180171154133111 93 83 84 96117141164182192193187176162149140137140148159241123MK1340194999999999999999999999 625 8220 013799999999999999
168171168158142124107 97 96105121143165183194196189175158141127121123133241124MK 1 5171144319699999999999999 737 95211512199999999999999
147161171174168154136118106102109125147170189200200190171147125108102106241125MK 249174153120299999999999999 85110222 610199999999999999
121141163179185180165144123109104111129154180200209204186159129102 85 82241126MK 4 318516 920999999999999999 9531042245 8199999999999999
 93116145173193199191172147123108104115138166194212215202175140104 77 63241127MK 45719916422169999999999999910441042318 6299999999999999
 67 87120157189209212199174145120105106122150182209221216192156114 77 52241128MK 54021317122229999999999999911271042349 4599999999999999
 45 59 90132175208224220200170138114104111134167199222226209175131 85 50241129MK 61822517422279999999999999912 5104999999999999999999999
 31 35 60102151196225234222195161130110106121150185215230223196152103 58241130MK 654234181223199999999999999 021 30124110599999999999999
 27 19 34 70120172214236236216184150122108112134168203227232214176127 762412 1MK 729239184323399999999999999 052 18131610799999999999999
 35 13 15 41 861411912262402312051721391171111231501852162322261981541022412 2MK 8 5240191523399999999999999 126 11135011099999999999999
 54 20  8 20 551051602052322362211921591321161171351651982232302151801322412 3MK 842237194923199999999999999 2 1  8142611499999999999999
 82 39 14 11 31 721241742132312282081801501281191261471772062242222001622412 4MK 921232202622699999999999999 238  915 411999999999999999
115 69 33 16 21 46 891381832142252181971701451281241341551832072182101852412 5MK10 422521 721899999999999999 318 15154812499999999999999
147104 64 35 25 34 621041491872112172081891651431291271371571812002071982412 6MK1053217215620799999999999999 4 2 25164112699999999999999
173139101 67 45 38 50 771151551872072112021841621421281251341511721891952412 7MK1148211225819599999999999999 452 38174612599999999999999
188168139107 78 59 54 64 891231581872042082001821601381221161221371571752412 8MK1248209999999999999999999999 550 5419 211699999999999999
185183170147120 94 76 69 77 98128160188205210201182156130109 991021171402412 9MK 021186135021099999999999999 658 692016 9999999999999999
163180186179162137112 92 83 87105132163191210214203179147115 89 75 78 96241210MK 159186144721499999999999999 812 832121 7599999999999999
124155180195194180156129106 93 94110137169199217219204173134 94 63 49 53241211MK 328196153822199999999999999 926 922217 4899999999999999
 76112153187208212198173143116101100115143178208226224202163116 70 37 23241212MK 4412131625227999999999999991033 9823 7 2299999999999999
 31 62107157199224228212184151122105104121152188219233225196149 96 46 13241213MK 54222917102339999999999999911321022355  299999999999999
  2 17 56109166211237239220189153123107108128162199228238223186133 76 26241214MK 6352411754238999999999999991225105999999999999999999999
 -6-11 12 58118177222245243221186150121108113137173210235238216173116 58241215MK 724247183824099999999999999 042-12131310799999999999999
 11-15-14 16 68131189230246239213178143118109120147184218237233205157100241216MK 810247192123999999999999999 126-18135810999999999999999
 44  3-16 -6 30 85146199232242229200166135115112127157192222234223190141241217MK 85324220 323499999999999999 210-16144011199999999999999
 86 36  3 -7 10 51105162206230231214185153127114117135165197220225208173241218MK 933233204422699999999999999 252 -7152011399999999999999
125 76 35 11 10 33 75127175209223217197169141122114122142170197213211190241219MK1011223212421499999999999999 332  816 011499999999999999
155112 71 40 26 33 60100146184207213202181155133118116126146170191200194241220MK104821322 720099999999999999 410 26164211599999999999999
173141105 73 51 46 58 86123160189203202188168145127116116126144164180185241221MK1125204225518599999999999999 448 46173111599999999999999
178159133105 81 68 68 83109140169189197192178159138122113113122137154166241222MK12 5197235717199999999999999 529 66182911299999999999999
171165151132111 95 86 89103126151174188192186171152133116107105113126141241223MK1252192999999999999999999999 615 86193810599999999999999
154161160152139123110104106118136157175186189182167147126108 96 93 99113241224MK 125162134718999999999999999 7141042048 9399999999999999
130147159164160151137125117117126141159176187189181164141116 94 80 77 84241225MK 3 6164144418999999999999999 8301162148 7799999999999999
101124147165174173164150135124122128142161179190192181160131102 77 61 60241226MK 426175153719299999999999999 9481222238 5999999999999999
 72 95125155177189187175157139125121128144165185196195179152117 83 56 42241227MK 52319016241989999999999999910521212320 4199999999999999
 45 64 96134169194204198181158136121118128149174195204198175140 99 61 34241228MK 6 820417 7204999999999999991144118999999999999999999999
 24 34 63104149187210216204181153129115116132157185206212198167124 78 38241229MK 648216174821299999999999999 0 0 24122711499999999999999
 14 11 31 69119167205224222203174143119109116138169199217216194154105 56241230MK 725225182822099999999999999 038  913 610999999999999999
 17 -1  5 34 82137187220232222196162130109105120149184213227218187139 85241231MK 8 123219 722799999999999999 116 -2134310599999999999999
