181165138100 63 34 22 32 62103141166177174159135107 84 72 76 9512515317124 1 1MO1217177235317699999999999999 6 4 221817 7299999999999999
175169151123 89 59 40 38 55 87124153169172164146122 97 80 74 8110112714924 1 2MO1248173999999999999999999999 636 371858 7499999999999999
162164156139113 85 63 53 58 78108137158167166155136114 93 79 76 8410112224 1 3MO 044164132416899999999999999 712 521949 7599999999999999
140151153146131111 89 74 69 77 96120143158164160149131110 92 79 75 80 9524 1 4MO 14615314 816499999999999999 754 692055 7599999999999999
113130141145142131115 99 88 85 91106125144156161157147130110 90 75 68 7124 1 5MO 3 414515 516199999999999999 851 852214 6899999999999999
 83102121135143144138125112101 95 98108125142155161159149131109 86 67 5624 1 6MO 4381451615161999999999999991014 952328 5599999999999999
 57 70 92115135147152148137122108 99 97105122142158166164153133105 77 5324 1 7MO 6 41521723166999999999999991144 96999999999999999999999
 39 40 57 85115140156164160147129110 95 90 99121146165174172158132 99 6424 1 8MO 712164182017599999999999999 028 371253 9099999999999999
 36 20 23 47 83120149168175170153129104 86 81 95123155177185180162129 8924 1 9MO 8 717619 918599999999999999 121 191347 8099999999999999
 48 16  1  9 42 87129160179186177154123 94 74 72 9313116719019618716312324 110MO 857186195519699999999999999 210  01435 7099999999999999
 76 30 -3-16  0 43 96140171189193178148112 80 61 66 9714218120120419116124 111MO 943193204120499999999999999 258-161520 6099999999999999
114 61 13-20-27  0 52109153181196195174137 97 65 51 6410515619220820819224 112MO1027198212921099999999999999 343-2816 4 5099999999999999
156103 46 -1-30-28  9 69125165189200192163121 81 52 44 6711616719921120824 113MO11 9200221921299999999999999 427-331646 4399999999999999
188145 89 34 -9-30-17 29 90142175194199183147104 66 42 43 7512617219920824 114MO1146199231020899999999999999 5 9-301729 3899999999999999
202177132 77 27 -8-18  5 57114156182195191167129 88 55 37 46 8313117119224 115MO1220196999999999999999999999 550-191813 3699999999999999
199191163119 70 29  4  5 36 86134167185190179150113 77 49 38 52 8813016324 116MO 0 0199125119099999999999999 629  11858 3899999999999999
181186175148109 70 40 26 35 68111149172183181164136102 71 48 42 57 8812324 117MO 051186132118499999999999999 7 9 261949 4199999999999999
150166169159136107 79 60 54 66 95128155171176169152127 98 71 52 46 58 8224 118MO 147170135517699999999999999 750 542050 4699999999999999
111135150154147132113 95 82 80 91111135155166168161146125100 75 56 47 5324 119MO 253154144116899999999999999 840 8022 5 4799999999999999
 72 97120136143143136125113103100104116133149159162157147129105 79 57 4424 120MO 427144155316299999999999999 9581002327 4299999999999999
 45 59 83108128141147146139129117108106112125142155161160152135110 80 5324 121MO 6251471724162999999999999991150106999999999999999999999
 36 33 47 74103128146156158152138121106 98101117138156166167159140111 7624 122MO 747158183716899999999999999 039 321313 9799999999999999
 44 24 21 39 71107136155167168158138114 94 85 9111314116417517516514110524 123MO 839169193217699999999999999 138 2014 8 8599999999999999
 65 31 11 12 37 77118148167176173156128100 79 73 8711815217518318116613524 124MO 919177201618499999999999999 227  81451 7399999999999999
 92 49 15  0 10 45 92134161177182171144111 82 65 66 9113116618518918216024 125MO 952182205418999999999999999 3 9  01527 6299999999999999
121 73 31  2 -5 17 63113151173184181160126 91 65 55 6810514817919219117824 126MO1020185212719399999999999999 345 -61559 5599999999999999
146100 52 14 -6  0 36 89136167182185172141103 71 52 53 8012316418819418824 127MO104418622 019499999999999999 417 -81628 4999999999999999
166126 77 32  3 -5 18 65118157179187179154117 81 55 46 60 9714217619119224 128MO11 4187223219399999999999999 446 -51655 4599999999999999
178147102 55 19  2 10 46 98144173186184165131 93 62 45 48 7411615618118924 129MO112318723 518999999999999999 513  11723 4399999999999999
183162124 80 41 17 13 36 80129164182185173145108 74 50 43 57 9113116317924 130MO1142186234018299999999999999 539 111753 4399999999999999
181169142104 66 38 26 36 68113152176184177156123 89 61 46 48 7010413916224 131MO12 2184999999999999999999999 6 5 261824 4599999999999999
172169152124 91 63 45 45 64 99137165178177163137106 77 56 48 57 8111213924 2 1MO 016172122418099999999999999 633 4319 1 4899999999999999
156161154138113 89 70 62 69 91122151169173165148123 96 73 57 54 64 8611124 2 2MO 057161125117399999999999999 7 3 621945 5499999999999999
132145148142129112 95 84 82 91110133153164163154137116 94 74 62 59 66 8324 2 3MO 148148132716599999999999999 741 812047 5899999999999999
103121133138136130120109101100106118133147155154147135118 98 79 65 58 6024 2 4MO 313138142515699999999999999 8401002217 5899999999999999
 72 89108123133138138133125117111110114125137147151150142126106 83 64 5024 2 5MO 53113916151529999999999999910481102350 4699999999999999
 46 54 73 96118135147152148139126112103102112129146157161154137113 84 5624 2 6MO 7 31521750161999999999999991234101999999999999999999999
 34 26 34 57 89120145161167162147125103 87 85100126153171176168149118 7924 2 7MO 8 5167185317699999999999999 1 2 261338 8499999999999999
 41 14  3 15 47 91130159176181172147115 86 67 68 9213116718719218215811724 2 8MO 854181194819299999999999999 2 0  31428 6599999999999999
 68 23 -9-18  3 49102145174190192173137 97 64 46 55 9314318320220519316024 2 9MO 937194204320699999999999999 250-181512 4599999999999999
109 52  3-27-30  4 62121162188202196165119 74 40 28 5010215819621221419724 210MO1015202213721599999999999999 335-331554 2899999999999999
155 95 35-12-37-28 20 87142178200207189147 96 51 20 18 5411517020321721524 211MO1050207222721899999999999999 416-391634 1599999999999999
191141 79 23-19-33 -8 51116163191207203172122 72 30  8 18 6612817620321424 212MO1121208231321499999999999999 454-331714  799999999999999
208176123 65 17-13-13 25 87144180199205188148 98 52 17  5 28 8013617519724 213MO1148205235520499999999999999 531-171753  599999999999999
204191155106 59 23  7 21 66122165189199192166124 78 40 14 13 43 9113716824 214MO12 9199999999999999999999999 6 5  71832 1099999999999999
185186169136 96 62 40 37 60103147176189189173143105 68 38 22 28 57 9713224 215MO 036188122819199999999999999 637 351915 2199999999999999
156167165148123 96 75 65 71 95129158176180172154127 97 68 46 36 44 67 9624 216MO 120168125018099999999999999 7 9 6420 5 3699999999999999
122140148145135120105 94 92100118139157165164155140121 99 77 60 51 54 6824 217MO 215148132316699999999999999 745 912115 5199999999999999
 88108123131134131126120115114117125135144149149145137125109 91 74 61 5724 218MO 358134143315099999999999999 8491142255 5799999999999999
 62 76 93110123132138139137132125120118120127135142145144136123103 81 6224 219MO 6541391711146999999999999991155118999999999999999999999
 50 50 62 82105125140150154150139123109101102112129145154156150134109 7924 220MO 8 3154184415699999999999999 030 49132610099999999999999
 53 37 36 51 79111136153164165154133110 91 81 8710813515616716916013810424 221MO 839166194216999999999999999 136 351410 8199999999999999
 67 38 22 25 50 89125151167175169147118 89 69 65 8211614917117917816313124 222MO 9 8175202518099999999999999 222 201444 6499999999999999
 89 49 20  8 23 62108144167180180162130 95 66 51 58 9013316718418918115624 223MO 933182205918999999999999999 258  81514 5099999999999999
113 67 28  4  5 35 85132163181187176145105 70 45 41 6410915318119319317524 224MO 956187212919499999999999999 329  11542 3999999999999999
138 89 43 10 -2 15 62115156179190185160119 78 46 31 42 8113217119119718824 225MO1015191215819799999999999999 357 -216 8 3199999999999999
159113 64 24  1  5 41 96146176191192172134 90 52 29 28 5610515318319619524 226MO1032193222719799999999999999 423 -11633 2599999999999999
175136 88 44 14  6 29 78132171190195182149105 63 33 21 36 7712816718819424 227MO1049195225619499999999999999 447  517 0 2199999999999999
185155111 67 33 16 25 63116161187195188162121 77 43 23 24 5410114617518824 228MO11 4195232518999999999999999 512 151726 2099999999999999
186167132 91 56 34 32 56101148180193190171136 94 57 32 23 38 7512015517524 229MO1119194235418199999999999999 536 301754 2399999999999999
181172147114 81 57 47 57 90132168187189175148111 75 47 31 33 55 9313015724 3 1MO1136190999999999999999999999 6 2 471825 2999999999999999
169168154130104 81 67 68 86118152175183175156127 96 67 47 39 47 7110213124 3 2MO 025170115918399999999999999 628 6619 1 3999999999999999
150157152139122104 91 86 92110135157170170159139116 91 70 55 50 58 7710124 3 3MO 1 4157123017299999999999999 7 0 861951 5099999999999999
122136141139133124114107105110122137150157156147134117 98 80 66 60 62 7224 3 4MO 2 8141131915899999999999999 7461052116 6099999999999999
 89106120129134136135130125120118120126134142146145140129113 94 76 62 5524 3 5MO 5 713615241469999999999999910 81182318 5499999999999999
 57 68 86105124139148151147138125113105106115131146155156147131107 80 5524 3 6MO 6581511733157999999999999991225104999999999999999999999
 38 34 45 69100130151164168161143118 95 81 82100129157173176168147114 7524 3 7MO 754169184517699999999999999 047 341328 8099999999999999
 39 16  9 26 63108144168182184167136100 70 54 60 9313717419219518515711224 3 8MO 836185194619699999999999999 148  91415 5399999999999999
 62 20 -7 -9 20 73126163186198192162117 73 40 27 47 9715219020821119715824 3 9MO 913199204421199999999999999 236-121456 2799999999999999
102 46  2-23-14 31 95149182203208189144 91 44 12  9 4610916820221822019724 310MO 947209213622199999999999999 318-241536  699999999999999
148 87 32-10-25 -1 59125172199213208173118 62 17 -8  3 5612517820822221924 311MO1018214222322399999999999999 356-261614 -999999999999999
187132 73 23-10-11 30 96155191210214194147 89 37 -3-16 12 7313818320721824 312MO104621523 421899999999999999 432-161652-1699999999999999
207168114 63 23  3 19 70133178202212204171119 65 19-10 -9 30 9114618120124 313MO11 7212234320699999999999999 5 6  31729-1499999999999999
205186146100 61 34 30 59111161192204203182143 94 49 13 -4 10 5210514817524 314MO1124205999999999999999999999 538 2818 6 -499999999999999
188184162128 94 68 55 64 97141175193195184157120 80 45 20 14 34 7211314424 315MO 019189114019699999999999999 6 8 551844 1499999999999999
163169161142119 97 83 81 97126156176183177161136107 78 53 37 38 56 8411324 316MO 05716912 218399999999999999 637 801928 3599999999999999
135147149143132119108103107120138155164164157143126107 87 69 59 59 69 8724 317MO 145149123216599999999999999 7 71032030 5899999999999999
105121130134134132128124122124128135141145145142136128117103 89 77 71 7224 318MO 333135133114599999999999999 8 31222220 7199999999999999
 80 93106119129136140141139134127122119120125131138141139132120103 86 7224 319MO 6461411710141999999999999991216119999999999999999999999
 65 68 79 97117134146154155148134118104 97100112130145153154148132108 8224 320MO 739155184015599999999999999 014 651317 9799999999999999
 62 51 54 72 99127147161167162146122 99 81 76 8711314015916816915813310024 321MO 8 9167193317099999999999999 119 501351 7699999999999999
 69 45 36 46 76113144163175175160132101 74 58 62 8812515717518217815812324 322MO 834177201218299999999999999 2 1 361421 5799999999999999
 83 50 28 27 52 94135163179185175146109 74 49 42 6110214517418819117814724 323MO 856185204519199999999999999 234 241448 4299999999999999
104 62 31 17 31 72121159181191186162122 81 47 29 37 7412416418819719316924 324MO 916191211519899999999999999 3 2 171514 2999999999999999
127 81 42 18 19 51103150180194195176138 92 52 25 20 46 9714718019720118624 325MO 935197214620199999999999999 328 141540 1899999999999999
150103 59 28 16 36 84137176195201188155108 62 27 11 24 6712216619120219724 326MO 953201221520299999999999999 354 1616 7 1199999999999999
170127 81 45 24 29 67121167193203197170125 77 37 11 10 41 9414517819620024 327MO10 9203224420099999999999999 420 221633  799999999999999
184149105 67 40 33 56104155188202200181142 94 51 20  7 22 6511916118519524 328MO1024203231219699999999999999 446 3217 1  799999999999999
190165128 90 61 46 54 89138178198200187156113 70 35 15 15 43 9113716918524 329MO1039201233918899999999999999 512 451729 1299999999999999
187173145112 84 65 62 82121162188196189166131 91 56 30 20 32 6610914616924 330MO1059196999999999999999999999 539 6118 0 2099999999999999
178173155131106 87 78 85109143172187186171145113 80 53 36 34 51 8211814524 331MO 0 8178112518999999999999999 6 8 781837 3399999999999999
161164157142125109 98 96106127151170177171155132107 82 61 49 50 64 8811424 4 1MO 04616412 117799999999999999 642 951927 4899999999999999
135146149145138129120114113119131145156161157146132114 94 76 64 61 67 8224 4 2MO 151149125916199999999999999 7381122050 6199999999999999
100118131139143144141135128121119121128137146150150143130113 93 75 62 5924 4 3MO 44614515251519999999999999910 61192250 5999999999999999
 66 81101122139152158157149135118105 99103118138155163162151132105 77 5524 4 4MO 62415917201649999999999999912 4 99999999999999999999999
 43 45 62 92124150167175172157130102 80 70 79105140168182183171146110 7224 4 5MO 718175183318499999999999999 022 4213 4 7099999999999999
 41 24 27 53 96138168185191182153114 76 49 41 6010315218520020118715310624 4 6MO 759191193720299999999999999 123 221350 4099999999999999
 60 25  8 18 59114160187202203181138 89 46 18 17 5311216619921321419415024 4 7MO 835204203521699999999999999 211  81432 1399999999999999
 97 49 14  2 26 81141182204213204168114 59 16 -7  6 5812617820722121919024 4 8MO 9 8214212522399999999999999 253  21512 -899999999999999
140 85 40 10 10 49113168200215217194145 86 32 -8-20  9 7314018521122321424 4 9MO 937218221022399999999999999 331  51550-2199999999999999
178126 76 37 17 32 84146190211219209173118 60 11-20-18 25 9215018821021724 410MO10 3219225021799999999999999 4 7 171628-2499999999999999
200160113 71 42 36 65120172202214212191147 92 41  1-18 -2 4810915718720324 411MO1024215232820599999999999999 442 3417 5-1899999999999999
202179142104 73 56 64100149187205208196166122 75 33  3 -2 24 7212215918224 412MO1043209999999999999999999999 514 551742 -499999999999999
190182159130101 81 76 93128165190198193174143105 67 36 18 23 51 9112915624 413MO 0 319011 619899999999999999 545 751819 1799999999999999
171173163144123105 95 98117144169182183173154128 99 71 49 40 49 7210212924 414MO 039174113518499999999999999 617 9419 1 4099999999999999
148157156149138125114111116130146160166164155141124103 83 68 63 69 8410424 415MO 125158121416799999999999999 6541111957 6399999999999999
123137144146144139132126123125130137143147148145139129115100 87 80 80 8724 416MO 3 1146133614899999999999999 8 61232133 7999999999999999
 99113126137144147146142135128122118119124131140145146141130115100 87 8024 417MO 51214816371469999999999999911201182323 7999999999999999
 81 89105123140151157156150137122108 99 98108125143154158154142124102 8324 418MO 6271571758158999999999999991232 97999999999999999999999
 71 70 82104130151163168165151129105 86 77 82102130154168172166149123 9424 419MO 7 7168185517299999999999999 036 691312 7799999999999999
 71 59 62 82114145166177178166142111 82 62 58 7510814416918118317114611224 420MO 736179193918499999999999999 121 581343 5799999999999999
 80 57 49 62 95135165182188181157122 85 56 41 48 8012416118319318916913424 421MO 8 0188201619399999999999999 155 491412 4099999999999999
 96 64 45 47 75119159184195193174138 95 57 32 27 51 9714417719520018815824 422MO 824196205220099999999999999 226 431441 2699999999999999
117 79 51 41 58100147181198202189156111 67 32 15 26 6711916318920320117924 423MO 846202212620599999999999999 255 4015 9 1499999999999999
141100 65 44 47 81131173198206200174130 82 40 13  9 37 9014217819820619524 424MO 9 9207215920699999999999999 324 421538  799999999999999
164123 85 57 47 66111160193207206189150102 56 21  3 16 5911416018820320324 425MO 929208223120599999999999999 353 4616 8  399999999999999
182146108 76 56 60 93142182203208197168124 76 37 10  6 33 8413517219320124 426MO 94920823 120199999999999999 423 541639  499999999999999
192165130 98 74 65 82121166195206201181145100 59 27 10 19 5510514917719224 427MO1011206233219499999999999999 454 651712 1099999999999999
192177150120 95 79 81105144179198200188162125 85 51 27 20 38 7612015517624 428MO1038201999999999999999999999 526 771748 1999999999999999
184179162139116 98 90 99125157182193189173146114 81 53 35 35 55 9012615324 429MO 0 6184111319399999999999999 6 2 901830 3399999999999999
168172166153136120107103113134157175181176161139113 86 62 49 50 67 9412224 430MO 05017212 218199999999999999 6471031925 4799999999999999
144157161159152141127116112117130146161168166158143123 99 77 63 60 70 8924 5 1MO 2 7161132116899999999999999 7591122043 5999999999999999
112133148158161159150137123112109114127143157165164155138115 91 72 62 6524 5 2MO 4 6161152816599999999999999 9541092219 6299999999999999
 79101126148163170170160142121101 90 91105129153171177171155131101 75 5924 5 3MO 52517117 0177999999999999991126 892343 5599999999999999
 55 68 94127156175184182167141108 80 63 64 85121158182191188171142105 7324 5 4MO 6211841813191999999999999991229 61999999999999999999999
 52 46 61 97139172191197191168129 87 53 34 40 7312316719320420118214610424 5 5MO 7 5197192020599999999999999 048 461319 3399999999999999
 68 45 41 65112159190205208194159110 62 25  9 24 7213117720221421018514324 5 6MO 744208201921499999999999999 139 3914 4  999999999999999
 99 63 41 45 80134180205215212187141 86 37  2 -7 22 8114218520821921118124 5 7MO 819216211021999999999999999 224 391446 -899999999999999
136 94 60 44 58105159198215219208172119 63 16-13-10 31 9515318921121920524 5 8MO 850219215521999999999999999 3 5 441527-1799999999999999
170128 89 61 54 81132180209219216195152 97 45  4-16 -1 5011116119221021224 5 9MO 919220223621499999999999999 344 5316 6-1699999999999999
193157119 86 66 72106155194213216206176131 80 34  1 -7 19 7112616719220424 510MO 946217231420599999999999999 420 651645 -899999999999999
199177145112 87 77 93130171199210207189157113 69 31  8 12 44 9213717018924 511MO1016210235019499999999999999 456 771723  699999999999999
194184162135109 92 92113146177196201192171140103 65 36 25 36 6810914517024 512MO1049201999999999999999999999 530 9018 1 2599999999999999
181181169150128109101107127153176188187176156130 99 69 49 46 60 8812014824 513MO 027182112718999999999999999 6 61011843 4599999999999999
165171169159143127114110117133152167174172163148127102 79 66 66 7810012524 514MO 111171121617499999999999999 6501101932 6499999999999999
146158163162154142129120117120130142153160161157146130110 93 82 81 8910524 515MO 216163134216199999999999999 7571172038 8099999999999999
124141153160161155145133123117115119128139150156157151137120105 93 88 9324 516MO 337161153815899999999999999 94911522 2 8899999999999999
105121139154163165160149135120108101103113129147159164159147130112 97 8924 517MO 44516516571649999999999999911181012320 8899999999999999
 90102121143161171173166151131109 91 83 87103128152168173168155135112 9424 518MO 53717318 1173999999999999991213 83999999999999999999999
 84 86102127154173182180168146118 90 71 64 7510113416217818317715913310724 519MO 619183185518399999999999999 020 831254 6499999999999999
 87 78 85109141170187192184164133 98 68 49 50 7210914717519019218115712624 520MO 654192194219399999999999999 1 6 781330 4799999999999999
 98 78 74 90124160186199198182152112 74 45 32 43 7912416218719919818014924 521MO 727200202420099999999999999 144 7314 4 3299999999999999
116 88 71 76104145180200206198172133 89 50 25 22 48 9414117619720619817324 522MO 75720621 420699999999999999 220 701437 2099999999999999
138105 79 70 86124167196209208191156110 65 30 12 22 6111215718720520819224 523MO 827210214220999999999999999 255 691512 1299999999999999
162127 95 74 75103147186207213204178135 88 46 16  8 31 7913117019520820424 524MO 855213221920999999999999999 330 711547  799999999999999
182150116 88 75 87123167199213211195161115 70 32 10 13 46 9814617919920624 525MO 925214225620699999999999999 4 5 751624  799999999999999
196171139108 86 82103143182206213205182144100 58 25 11 24 6411415618419824 526MO 957213233420099999999999999 442 8017 3 1199999999999999
199185159130104 88 92118157190207208195169132 90 52 26 20 40 8112616218424 527MO1035209999999999999999999999 521 871745 1999999999999999
193190175151125104 94102129163189202200185160125 87 54 34 33 56 9313316324 528MO 016193112120299999999999999 6 4 941831 3199999999999999
180186182168147124106 99109132160182193191179156125 91 62 46 48 6810113524 529MO 1 6186122019399999999999999 656 991924 4499999999999999
161176182178166147125108101107125150171183185177158131100 74 60 60 7710524 530MO 2 9182134218599999999999999 8 41012027 5899999999999999
135159174181179168149127107 95 97111134157175182179165141113 88 72 70 8224 531MO 317182151318399999999999999 925 942140 6999999999999999
106134160177186184172151125100 82 79 91117146171185185174153126100 81 7524 6 1MO 4201861633186999999999999991044 782256 7599999999999999
 83106137166185193191177151118 86 64 57 71103141172189193185165137108 8624 6 2MO 5151941749193999999999999991150 57999999999999999999999
 77 84109144177196202197179146106 68 43 36 55 9514117619520119517414311224 6 3MO 6 420219 220199999999999999 0 7 771247 3699999999999999
 88 77 86116157189206210201176136 90 49 23 20 47 9614618120120820117714424 6 4MO 64921020 520899999999999999 1 7 771337 1899999999999999
112 88 78 92129172201214214200168122 73 32  8 12 4810315318620621320317624 6 5MO 731215205821399999999999999 158 781424  699999999999999
141109 86 80102144185210219214195156107 58 19  1 14 5811416119120921319924 6 6MO 810219214521499999999999999 244 7915 8  099999999999999
169135104 85 87116159196215219210184142 92 46 12  2 24 7312716919621020924 6 7MO 848219222721199999999999999 326 821550  199999999999999
190160126 99 86 96131173203217216201171127 79 38 11 11 42 9214117719820724 6 8MO 92521823 620799999999999999 4 6 861631  799999999999999
200178148117 95 91109145182206214208189157114 70 35 18 28 6311115418319824 6 9MO10 2214234020199999999999999 444 901710 1899999999999999
200188165135110 95 99122156187205207197176143103 64 38 32 49 8612916518624 610MO1041208999999999999999999999 520 941747 3199999999999999
194191176152125106 99108132163187199197186163131 95 65 48 50 7210714417124 611MO 013194112319999999999999999 557 991824 4699999999999999
185188181164141119105104116138164182189187175153124 94 71 62 70 9312415324 612MO 048189121219099999999999999 63710319 3 6299999999999999
173183182173155135117107108119138158173179177167147122 98 82 78 8810913524 613MO 128184131618099999999999999 7261061947 7899999999999999
158173180178168151132116108107116132149163171171163146125107 95 9310211924 614MO 216180143417299999999999999 8311062041 9299999999999999
14116017317917716614913111510410110812213915616717016415013311710610310924 615MO 312180155117099999999999999 948101214810399999999999999
124143162176182179167149129109 95 90 9611113215316817417015814112511210724 616MO 4 918217 51749999999999999911 0 9023 210799999999999999
112126146167181187182169147122 99 81 75 8310413115617418117816614812911324 617MO 5 41871812181999999999999991157 75999999999999999999999
106111128152175189193186168141111 83 64 60 7410313616418319018617115012824 618MO 552193191019099999999999999 0 81061244 6099999999999999
110102110133161185199200188164130 95 65 47 48 7110714517419319919217314724 619MO 63620120 019999999999999999 1 21021328 4599999999999999
122103 98112142174197207204186155116 77 47 32 41 7311715718520220619417024 620MO 716208204620699999999999999 148 9814 9 3299999999999999
141114 96 96118155188208214205181143100 60 31 22 40 8112916819520920919224 621MO 754214213021199999999999999 231 931451 2199999999999999
164132105 90 98129169201217217203173130 84 44 18 16 45 9314217920221320824 622MO 832219221321399999999999999 312 901533 1399999999999999
187155122 96 87104142183212222218199163116 69 31 10 18 5510715518820721424 623MO 912223225621499999999999999 354 871616  999999999999999
204178144112 90 88112155195218224216192153104 58 23  9 26 7012316619420924 624MO 954224233821399999999999999 435 851659  999999999999999
211197167133103 86 91122165201219222211185143 94 51 22 17 41 8813817619824 625MO1041223999999999999999999999 518 851742 1599999999999999
209206187156123 96 84 95129170201216217205176134 89 51 29 31 6010715118324 626MO 019210113521899999999999999 6 3 841826 2799999999999999
200207199177146115 92 84 98131168195209210197169130 90 59 44 51 8212416224 627MO 1 0207123421199999999999999 653 841911 4399999999999999
187201203192168139110 89 84 98127160185199201190164131 98 73 63 7310113724 628MO 141203133920299999999999999 748 8320 1 6399999999999999
169190200199186163134107 86 80 92118148174190194185164137110 90 83 9211624 629MO 224201144919499999999999999 851 802057 8399999999999999
145173191199196183161132104 82 73 8110413416318218918417014812610810110624 630MO 31419916 51899999999999999910 2 7322 610199999999999999
124149175193200196184161131100 75 63 68 9012315517718718817816114012211224 7 1MO 4102001731189999999999999991114 62232611099999999999999
112126151177195202199186162129 94 66 50 54 7811515117619019418817115012924 7 2MO 5122031854194999999999999991219 49999999999999999999999
115113126152180200207204190162125 86 55 38 43 7211315218019620219617815324 7 3MO 61120720 120299999999999999 0411121317 3799999999999999
129112109125155186206212208191160118 77 43 28 37 7111815818620320820017824 7 4MO 7 5212205620899999999999999 14210814 9 2799999999999999
150123106105126161194212217210189154109 65 33 21 37 7812816819420821119824 7 5MO 753217214221299999999999999 2331031457 2199999999999999
172140113 98103131171203218219209184143 96 54 25 20 45 9314217920121221024 7 6MO 837220222221399999999999999 317 971541 1999999999999999
191160127103 93107142183210221219204173129 82 43 22 27 6111215919020721224 7 7MO 917221225621299999999999999 357 931620 2099999999999999
203177144114 94 93116156194215221214194158112 69 37 26 42 8413517519820924 7 8MO 955221232421199999999999999 433 911656 2699999999999999
208190160127102 90 99129169201216217206180141 97 59 37 38 6611115718820424 7 9MO1034218234920899999999999999 5 7 901728 3599999999999999
208198174142113 94 91109143179203212209194164124 85 57 46 59 9313717519724 710MO1113213999999999999999999999 539 901759 4699999999999999
206202185157127103 91 97120153183201205199179148112 81 63 64 8512115918724 711MO 013206115520599999999999999 613 911829 6199999999999999
201203192170142116 98 93104128157181194196187166137108 86 77 8611014317324 712MO 039204124219699999999999999 650 9319 1 7799999999999999
193200196181158132110 97 96109131155174185186176158134112 97 9610813115824 713MO 1 9200133618699999999999999 734 951938 9599999999999999
180193196188172150127108 98 9810912814916617617817015613812211311312514324 714MO 146196144217899999999999999 829 96202611299999999999999
164181190191183168147126108 97 9510412114115817017417116114713412712613324 715MO 23319216 517499999999999999 938 95213412599999999999999
148165179187188182168147125106 92 88 9511213315316817717717015814513513124 716MO 3381891733178999999999999991053 8823 813199999999999999
134146162178188191185170148123100 83 76 8310312815317218418718016715213724 717MO 45219118451879999999999999912 0 76999999999999999999999
128129141161180193198191174148118 90 69 61 71 9612715818119419718917215224 718MO 555198194419799999999999999 0261271257 6199999999999999
132120121137163188204207198176145109 75 52 45 60 9213216719120520619417224 719MO 647207203620799999999999999 1251181349 4599999999999999
145121108113137171200216217204177139 96 58 34 31 53 9514217920221421219524 720MO 733218212421599999999999999 2151081438 2999999999999999
166133107 96108142183214227224208175129 81 41 18 21 5410615519121222221524 721MO 81922822 822299999999999999 3 1 961524 1699999999999999
190154118 93 87108152197226235230209169116 65 26  7 20 6412217120222122624 722MO 9 6235224922799999999999999 344 8616 8  799999999999999
212178138102 79 81114165209233239231205158103 52 17  6 31 8414318621222724 723MO 957239232722999999999999999 427 761650  699999999999999
225202162120 86 69 81123175215234239228196145 91 45 17 18 5311016419922024 724MO1050239999999999999999999999 5 9 691730 1399999999999999
228218186144104 74 65 85132181215231233219183133 85 47 29 41 8313818220924 725MO 0 0228114123499999999999999 551 6418 9 2999999999999999
223223204169128 92 68 66 92137180209223223205169126 86 59 52 7211416119524 726MO 031225123122499999999999999 635 631847 5199999999999999
214221212188153117 85 67 71 98138174198210208190160126 97 80 8110414017624 727MO 059221132321199999999999999 722 651927 7799999999999999
201213213200175144112 85 71 76 9913216318519519318015813411410410912815624 728MO 129214142219699999999999999 816 70201310499999999999999
182200207203190168142113 89 76 78 9512214917018218317716314813412712914224 729MO 2 8207154118499999999999999 922 75211612799999999999999
160180193199196186169145119 94 78 75 8711013615817318118117416315114213924 730MO 3 91991729181999999999999991042 75225713999999999999999
143156172186194195189175152125 97 77 68 76 9712615217218518918617616114624 731MO 43919619 71899999999999999912 2 68999999999999999999999
136135145163182196201196183159128 95 70 58 65 8912215517819320019718316224 8 1MO 6 2201201220099999999999999 03613413 9 5899999999999999
140126123135160186203209205190162124 87 59 46 56 8712816418820320920118024 8 2MO 7 5209205820999999999999999 14212214 5 4699999999999999
152127111111131164195212217211192157114 74 46 37 55 9514217720021221419824 8 3MO 756217213621599999999999999 2311081451 3799999999999999
169137110 97105136177207221223213186144 98 58 34 34 6411316019221021821124 8 4MO 83922322 721899999999999999 311 971531 3199999999999999
186151118 94 89109150192218226224208173125 79 45 29 42 8513818020521821824 8 5MO 917227223322099999999999999 346 8816 5 2999999999999999
200166129 99 83 89122168206224228220195152104 63 37 35 6311416519821522124 8 6MO 951228225422199999999999999 417 821635 3299999999999999
210181143108 84 79 98140185214226225209175129 85 52 39 53 9414618821222124 8 7MO1024227231222199999999999999 446 7817 2 3999999999999999
216194158120 91 76 83114159197217223216192153110 74 53 54 8212917520521924 8 8MO1058223233022199999999999999 514 761728 5099999999999999
219203172135102 80 76 95132173201215215202172134 98 73 64 7911616019521524 8 9MO1133217234921999999999999999 542 751754 6499999999999999
219209184150116 90 77 83109146179200208203185155123 96 82 8510914618220624 810MO12 9208999999999999999999999 613 771820 8199999999999999
215211193165133105 86 81 9412215417919319718917014512110510011113616819424 811MO 010216124919799999999999999 647 811850 9999999999999999
207208198177151124102 89 8910412815417318318517716214512911912113315517724 812MO 035210133718599999999999999 729 87192511899999999999999
194201197185167145122104 95 9610812714716317217417116315214213613814716124 813MO 1 7201145317499999999999999 823 94201613699999999999999
176187191188179165146126110 99 9710411813615116317017317116415615014815024 814MO 15819117 317399999999999999 945 9722 814899999999999999
157168178184185181170153133114 98 90 9210412214216017418318317716815714624 815MO 3471851835184999999999999991120 90999999999999999999999
142145156171184192191181163139113 90 75 74 8711013816518519519718917315324 816MO 528193193819799999999999999 0 51421235 7399999999999999
135126130147171193206206194171140105 74 55 53 7110514417719820920919516924 817MO 630207202821199999999999999 1141261336 5299999999999999
141117107116144180209222220205176135 91 54 33 35 6311015719221322221719224 818MO 721223211122399999999999999 2 41071426 3199999999999999
157121 96 88107149195225236232213175124 73 34 15 26 6812617620822623221724 819MO 812237215023299999999999999 249 881511 1599999999999999
181137 98 73 74107161211238246240215167108 56 19  6 30 8715019522223723524 820MO 9 6246222523999999999999999 331 701553  699999999999999
207161113 75 55 67115176222245251242208152 93 44 13 12 5211617521223324224 821MO10 0251225824299999999999999 411 541632  899999999999999
228188137 90 55 44 70127187226245250234193137 83 41 20 35 8514919822523924 822MO1049250232624199999999999999 451 4417 8 2099999999999999
237211165114 71 44 44 81140192224239240219176125 80 49 42 6912317821423224 823MO1134242234923699999999999999 530 391744 4199999999999999
236223188142 97 61 42 53 95148191216228224199160120 87 69 7410815619722124 824MO1217228999999999999999999999 610 421818 6799999999999999
229224203167126 88 60 51 68107150183203211203181152124103 9610914117820524 825MO 0 923013 221199999999999999 653 511853 9699999999999999
218219207184153120 90 69 65 8211314517118719118517115213512412413816118424 826MO 032220135619199999999999999 741 64193112399999999999999
201207203191172149124100 84 80 9111213515616917517517016115214614615316524 827MO 1 6207152617699999999999999 845 80203214599999999999999
178187191189183172155135115 98 89 9110412214015616817517717416916215515324 828MO 2101911755177999999999999991018 8923 215399999999999999
155162170178184185180168150127105 89 84 9110813015217118318918818016615124 829MO 4401851924189999999999999991155 84999999999999999999999
141137144158175188194192181160132103 81 72 78 9913015918119520119718115924 830MO 614194201020299999999999999 05113713 7 7299999999999999
137121118131156182200207204190163126 92 67 58 6910114017319420821019817224 831MO 716207204321199999999999999 1441171359 5899999999999999
142116101104129165196213218212191154112 75 51 48 7211515919020821721218824 9 1MO 8 2218211221899999999999999 222 991438 4699999999999999
153119 94 85101139182211223225212181136 91 57 40 49 8814018120621922120324 9 2MO 839225213622299999999999999 255 851511 3999999999999999
168128 95 76 79110159200222230225203161113 71 43 39 6511716820221922521424 9 3MO 911230215622599999999999999 324 741541 3799999999999999
183141102 75 66 85130180214229231217184137 91 56 40 52 9515119421822722224 9 4MO 941231221322799999999999999 352 6516 7 3999999999999999
197156113 79 61 67102154198222230225201160113 74 50 50 8013218321422722724 9 5MO1011230222822999999999999999 418 601632 4699999999999999
208171127 89 63 57 79125175208224226212180137 96 68 57 7411716820622522824 9 6MO1041227224422999999999999999 445 561656 5799999999999999
216185143102 71 56 65100148188212221216194158120 89 72 7610615319522022724 9 7MO111122123 022799999999999999 511 561721 7199999999999999
220196159118 85 64 60 81122164194210212200174141112 93 8810414018021022224 9 8MO1142213231822299999999999999 539 591746 8799999999999999
219202172136102 78 66 7310113817219320219818315913411510511013316519521224 9 9MO1213202233921599999999999999 610 66181210599999999999999
214204182153122 97 80 76 8911614617118518918316915213712612313315417819724 910MO1251189999999999999999999999 645 76184312399999999999999
204200187166143120101 89 8910112114416217217417116415614714114214916217724 911MO 0 8204135017499999999999999 732 87192714099999999999999
187191186176162145127111100 9710311613214715816416816916616115615315315724 912MO 053191164616999999999999999 848 97212915399999999999999
165172177178176169157140122107 97 9410111413114816317518118117616615414524 913MO 2541781828182999999999999991047 94235714199999999999999
141146156170182188185173154130106 86 76 79 9411914717218919719618516514224 914MO 5121881923198999999999999991217 76999999999999999999999
125118125146173196206204190165131 96 67 53 57 8111915918820621420718515324 915MO 61820720 521499999999999999 1 11181319 5299999999999999
121 98 92109145186215225222204169124 79 46 31 42 8013317820722322621017424 916MO 713226204222799999999999999 148 9214 8 3199999999999999
130 93 69 70102155204232241235211165110 61 28 17 41 9615620022523723120124 917MO 8 8241211723799999999999999 229 661450 1799999999999999
152102 63 44 57106170219243251242208153 95 47 17 18 5812418421923824322624 918MO 9 2251214924499999999999999 310 431530 1399999999999999
181125 74 37 27 56119185228248254239196138 83 41 20 36 9115820823424524024 919MO 953254221724699999999999999 349 2616 7 2099999999999999
208154 97 50 20 22 67135194229246248226179124 77 45 37 6912918822424124324 920MO1038250224124499999999999999 427 161643 3699999999999999
225183127 75 35 15 32 84148196224238234206162116 80 60 6710816420923223824 921MO112023923 123899999999999999 5 6 151717 5899999999999999
230202157107 63 32 24 51103156193215223213185149116 92 8410314318821722924 922MO12 1223232022999999999999999 544 231750 8499999999999999
226210178137 96 62 41 44 7311615718520020319217014512411111313416719621324 923MO1242204234521699999999999999 625 39182310999999999999999
216207188160129 98 73 60 67 9112315217218218317516314913713213815417419124 924MO1334184999999999999999999999 711 6019 113299999999999999
198197188173154132110 91 82 8610012114115616616916916515915315015215816724 925MO 020199152317099999999999999 813 8220 915099999999999999
174178178175169159144127110 99 9510011212814315616617217417216615915214824 926MO 130179175517499999999999999 954 95232414899999999999999
148153160168174175171160143124105 94 9210011613615617218318718317115513924 927MO 45017619 2187999999999999991142 91999999999999999999999
128126134150169182188186174153126101 84 79 8911214116718519619718716514024 928MO 614188193919899999999999999 0441261251 7999999999999999
118105106125153180196202198181151117 88 69 67 8612015718420020720118014824 929MO 7 820220 720799999999999999 1251031337 6599999999999999
117 93 84 96129167195210213203177139100 70 55 63 9614017820121321319516124 930MO 749213203121599999999999999 158 841412 5599999999999999
123 91 70 72100145185210220218199162119 81 55 50 731201671992162202081772410 1MO 823221205122099999999999999 228 681442 4999999999999999
135 95 66 55 72116166202220225215185141 98 64 47 58 981511932162252191922410 2MO 85422521 922599999999999999 256 551510 4799999999999999
150105 68 47 51 86140186214226224203164118 80 54 52 811321822132262252062410 3MO 925227212622899999999999999 322 451536 4999999999999999
166119 77 47 39 61110163201221227216184141100 69 56 711141672072252292152410 4MO 955227214322999999999999999 349 3816 1 5699999999999999
182136 90 55 36 44 82136182210222221200162122 88 68 701001501952212282212410 5MO102522422 022899999999999999 416 351627 6599999999999999
195153107 68 42 37 60108158193212218207179143110 86 78 941341802122252222410 6MO1054218221822599999999999999 443 361653 7799999999999999
203169125 85 56 41 49 84131172198209207189160130106 93 961221631982172192410 7MO1122210223722099999999999999 511 411720 9299999999999999
207181144106 74 54 50 691061471781951991911721481261111071191471802042122410 8MO115119923 221299999999999999 542 49174810799999999999999
206187159127 98 74 62 66 881211531751851851751601451311231251391621841972410 9MO1227186233620099999999999999 618 61182212299999999999999
199189171148123100 83 75 81 99124148164171171166159150142137139148162175241010MO1326172999999999999999999999 7 6 75191413799999999999999
183183176164148130111 96 87 89100117134149158164167166162155148144145150241011MO 029184162116799999999999999 821 87212614499999999999999
158166171172169160145127108 94 87 89100117136153168177180175165150136127241012MO 2491721754180999999999999991015 87233412699999999999999
127136151168180184178163141115 91 75 71 81103132160181193195187167141116241013MO 4541841845196999999999999991148 71999999999999999999999
101 99115144175196203198180150114 81 59 52 66 99140176199210208190157119241014MO 6 3203192521199999999999999 035 981251 5299999999999999
 87 69 73102148190214221215191152106 67 42 38 62109161197217224215183137241015MO 7 222120 022499999999999999 122 681340 3699999999999999
 90 55 39 54101160205228235226194145 95 54 31 35 73133186217232232210165241016MO 759235203323499999999999999 2 4 391424 2899999999999999
109 59 25 17 47110174216237243228189135 84 47 29 46 99163209232240230195241017MO 85224321 424099999999999999 245 1615 4 2999999999999999
139 80 32  3  7 54124185221240243222176124 78 47 40 72132191225239239218241018MO 941244213124199999999999999 325  01542 3899999999999999
171111 56 13 -7 12 70139191221237234207162115 77 55 63105164210232238228241019MO1025238215523899999999999999 4 4 -71619 5499999999999999
197145 89 40  5 -2 29 89150192216227218188148111 83 73 92137187219231228241020MO11 7227221923199999999999999 443 -41654 7399999999999999
210173124 75 35 11 16 53107156188207211198171140113 95 96121161197216220241021MO1146212224622199999999999999 522  91728 9299999999999999
211187152111 72 42 28 41 76120157181193193180159138119111118142172195205241022MO1227195231920699999999999999 6 3 2818 411199999999999999
203190168140109 79 57 52 66 94126153170177176168155141130127135151169182241023MO1319178999999999999999999999 648 51184712799999999999999
187183173158138115 93 78 75 84103125145158164166164157148141138140147156241024MO 0 1187145816699999999999999 746 7420 513899999999999999
164168168164157145128110 97 90 93103119135148159166168164157148140133132241025MO 129168165016899999999999999 914 90224413299999999999999
136144153161166165156142125108 96 92 97110128147163173176173162147130117241026MO 4201661759176999999999999991055 92999999999999999999999
112116129148164174176168153131109 92 84 89106130155174184186178160135111241027MO 539176184118699999999999999 0 411112 9 8499999999999999
 95 90101125153175186187178157128101 82 74 84110143171189196192175146114241028MO 636188191219699999999999999 049 901258 7499999999999999
 87 71 74 97133167189198196180151117 88 70 68 88125163189202204190161124241029MO 720199193620599999999999999 123 701335 6699999999999999
 88 61 52 68105149182201207199174138102 74 61 71105149185205212204178138241030MO 757207195921299999999999999 154 5214 7 6199999999999999
 96 60 40 43 75123167196210211194160121 86 63 61 86131175204216214194156241031MO 832213202121799999999999999 223 381436 5999999999999999
110 67 37 27 47 92144184206216208181143104 74 60 721111601982162202071742411 1MO 9 6216204422099999999999999 252 2715 5 6099999999999999
128 81 43 21 26 62116164196213215198164125 91 68 67 941411862122212151902411 2MO 93921621 622199999999999999 321 201534 6499999999999999
147 99 56 26 17 38 86139179203214207182146111 84 71 831221692032182182012411 3MO1011214212822099999999999999 350 1616 4 7199999999999999
166120 75 39 19 24 58110157188205208194165131103 83 821061491892112162072411 4MO1042209215021799999999999999 421 171634 8099999999999999
181141 97 59 32 22 40 82130168191201197177150122100 90 991301691982112072411 5MO1113201221621199999999999999 453 2217 5 9099999999999999
190160121 83 52 33 34 601021431721881911821631401191041021171471781982032411 6MO1145192224920399999999999999 528 31174010199999999999999
194173144110 79 54 42 50 771141471701801791701551381221131151301541761902411 7MO1226181233319199999999999999 6 8 42182211299999999999999
190180161136109 83 62 55 64 871171431611691691641541421291211221321491652411 8MO1331170999999999999999999999 658 55192512199999999999999
175177171158139116 93 75 67 72 891121351521621671671611491361251201221332411 9MO 041178152816799999999999999 8 7 67211212099999999999999
147160168170164150130106 86 73 72 83102125147163173176171157139120106102241110MO 243170165217699999999999999 936 71225210299999999999999
109127149167177177166145119 93 74 66 73 92121150173185188180161132103 82241111MO 42617817471899999999999999911 3 662358 7499999999999999
 74 84111145174190192182159127 94 70 58 64 88126163188200200186156116 79241112MO 5401931831202999999999999991212 58999999999999999999999
 53 45 62102149184203206195168130 92 63 51 60 94141182205213208184142 93241113MO 646206191021399999999999999 050 4513 8 5099999999999999
 51 23 20 49103158195213217204170127 87 58 48 65110163201218221209174121241114MO 747217194522299999999999999 137 181356 4899999999999999
 67 24 -1  5 48111167202220223205166121 82 56 52 80134185215226223201156241115MO 841224201922799999999999999 220 -31439 5099999999999999
 98 44  2-16  3 57123175205222222198158115 79 58 64103158202223228218186241116MO 930224205122899999999999999 3 3-161520 5699999999999999
135 77 26-10-18 12 72134179206219214186147109 79 66 82126177211224222205241117MO1015220212322599999999999999 344-1916 0 6699999999999999
167115 62 17-11 -8 31 90144181203211200172137105 82 79103147188212218211241118MO1057211215621899999999999999 425-141638 7799999999999999
187148100 53 16 -1 12 53106151181197198184158129103 89 94122160191206207241119MO1137200223120899999999999999 5 6 -11715 8899999999999999
195169133 91 52 24 17 36 75119155177187184170147123105 98109134164186195241120MO1217187231119599999999999999 547 161754 9899999999999999
191178155123 88 58 39 39 59 93128155171175171159141122110108118138159174241121MO13 2175999999999999999999999 630 37183910799999999999999
179175164145120 92 69 57 61 78105132152163166163153138124115113120133148241122MO 0 017914 116699999999999999 718 57194411399999999999999
159164163156142122101 83 75 77 90111132148158163161153140128118112113121241123MO 118164151516399999999999999 818 74212211299999999999999
132144153157155145129111 96 87 86 95111129146158165164156143128113102 99241124MO 313157162216599999999999999 934 852253 9999999999999999
104117133148158159152138121104 92 89 95110130150165171169159143122101 86241125MO 4381601716172999999999999991053 892355 8199999999999999
 81 88107131152164167160146126106 91 86 92111136160175180175160136107 82241126MO 5461671759180999999999999991158 86999999999999999999999
 65 63 77105136161174176168149125102 85 81 92118149173186188177153121 87241127MO 643177183618999999999999999 039 621248 8199999999999999
 59 45 50 75112147172184184171147118 93 78 79 99132165187196191172139 99241128MO 73018619 919699999999999999 116 441328 7699999999999999
 63 37 29 46 83126161183193188168139108 83 72 82113151182199201188159118241129MO 812193194020299999999999999 150 2914 4 7299999999999999
 75 39 19 22 52 97142174193198187160127 96 75 72 93132170196206201178140241130MO 850199201020699999999999999 223 171439 7099999999999999
 94 52 20  8 25 66116157185199198179148115 86 70 781101531872052071931622412 1MO 926201203920899999999999999 257  81513 7099999999999999
118 71 32  7  6 36 85133169192201192167135103 79 72 911301711982082031812412 2MO10 220121 920899999999999999 331  31548 7199999999999999
143 96 52 18  2 13 53104148178195196182154122 94 76 791071491852042061932412 3MO1038198213920799999999999999 4 7  11623 7599999999999999
165124 79 38 11  4 27 72121159182192188170142112 89 79 911231631922031992412 4MO1113193221320499999999999999 444  317 0 7999999999999999
181150109 66 31 11 14 44 89134165182186178158132106 88 851021351691911972412 5MO1151186225319799999999999999 523  91740 8499999999999999
189169137 99 61 31 18 28 60103141166178179169150126104 90 911091391671842412 6MO1234180234418899999999999999 6 5 181827 8899999999999999
188179160131 95 62 38 30 43 74112144165173173163145124104 92 931081331582412 7MO1327174999999999999999999999 653 301926 9199999999999999
173177171155130 99 69 49 44 57 84116144162171171162145124104 90 88 991202412 8MO 054177143017299999999999999 748 442041 8799999999999999
143161169168156135108 82 63 57 66 89117143162172173164147124101 82 74 812412 9MO 223170153517499999999999999 854 5722 3 7499999999999999
101127150166170162145121 95 76 67 72 90117145167178179169150122 92 67 55241210MO 35117016351799999999999999910 9 672316 5499999999999999
 59 80113145166175172157134107 85 73 73 90119151175186186175150115 78 48241211MO 5131751730187999999999999991127 71999999999999999999999
 32 37 64105144170182182170145116 90 74 73 91125161185195193178147104 61241212MO 632183182019699999999999999 018 311235 7199999999999999
 27 10 19 54103147175190192178151119 90 72 72 95135173196203198177138 89241213MO 74019319 620399999999999999 112  91332 6999999999999999
 43  7 -7  8 53107152181196198182151117 87 70 73103147184204208199171126241214MO 837199195020899999999999999 2 1 -71422 6899999999999999
 74 26 -8-17  7 59116159186201199179146111 82 67 78115160194209209195162241215MO 927202203121099999999999999 248-1815 7 6799999999999999
113 60 13-16-17 16 71126166190201195171137102 76 68 87128172200210205186241216MO1012202211121099999999999999 332-211549 6899999999999999
149 98 47  5-17 -9 32 88138172191197186159124 92 72 73 99141180201206197241217MO1053198214920699999999999999 415-181629 6999999999999999
173134 84 37  3-10  8 53106149176190189173144111 85 72 81112152183198198241218MO1130191222819999999999999999 456-1017 8 7299999999999999
185158118 72 32  7  6 31 77124158178184178158128100 80 76 91123157182190241219MO12 318423 819099999999999999 534  31745 7599999999999999
186171143104 65 34 19 27 57100139164176177165143116 93 80 82100129157174241220MO1233178235417999999999999999 610 191823 7999999999999999
179173156129 95 63 42 37 51 82118148166172167153131108 90 83 88105129151241221MO13 5172999999999999999999999 646 3619 8 8399999999999999
163166160144119 92 68 56 57 74101130152164166159144124104 91 85 90104123241222MO 048166134416799999999999999 724 5420 3 8599999999999999
140151155150137117 96 79 72 76 92114136153162162154139121104 90 84 86 96241223MO 158155143316399999999999999 8 9 722116 8399999999999999
112128141147145136121105 93 87 90102119137152160161153139121102 86 77 76241224MO 319148153316199999999999999 9 9 872235 7599999999999999
 84100119135145147141130116104 97 97105120137153162163155140120 97 77 64241225MO 4441471637163999999999999991030 962342 6199999999999999
 62 72 91114135149154150139125110100 97103119139157167168158140115 87 63241226MO 6 31541735169999999999999991150 96999999999999999999999
 48 47 62 88116141157164160147129110 96 92101121145164174173160136105 73241227MO 7 6164182517599999999999999 034 461250 9299999999999999
 46 32 35 57 90124151168173166149127104 88 86101127155175183178158128 91241228MO 75617319 818399999999999999 118 311338 8599999999999999
 55 27 17 28 59 99135163178180168146119 93 79 82105138168185189178153115241229MO 839181194619099999999999999 2 0 171420 7799999999999999
 73 35 10  6 27 67112149174186183166138107 81 71 83115152181195193176143241230MO 920187202319699999999999999 240  415 0 7199999999999999
100 54 17 -4  1 33 81127162183190181157124 92 69 66 88128168193201194170241231MO 95919021 020199999999999999 320 -61538 6499999999999999
