 87 53 31 26 41 73114155185199195175147120101 9610512314616617817916714324 1 1NG 917200203318099999999999999 244 251452 9699999999999999
112 79 54 41 45 66 98135168188194183160133111 99 9810712414315916716515324 1 2NG 948194212216899999999999999 317 411535 9799999999999999
131105 80 63 58 67 89119150175187186171148125107 97 9710611913414715515424 1 3NG1023188222615599999999999999 352 581630 9699999999999999
144127107 89 78 78 88109134159176183178162141120104 94 92 9810912213514524 1 4NG11 3183235114899999999999999 434 771745 9299999999999999
147142131117104 96 96105122143162176179172157137117 99 87 82 84 9410912624 1 5NG1150179999999999999999999999 531 9519 9 8299999999999999
140148149143133121112110115128146163175177171155135111 90 73 66 68 80 9924 1 6NG 137150124817899999999999999 6501102018 6599999999999999
121142157163160150136123116119130146163176180173156131103 76 55 46 50 6624 1 7NG 310163135218099999999999999 8161162113 4699999999999999
 92123151172181178164145127117117128147167181186178156125 90 57 35 26 3324 1 8NG 414182145318699999999999999 92811522 3 2699999999999999
 57 91130165190200192172146124111112126149174191195183155116 74 37 13  724 1 9NG 5 320015461959999999999999910261102250  799999999999999
 20 52 95142183208214200172141115103107127156184203204186151104 57 18 -624 110NG 54721516352069999999999999911161022337-1099999999999999
 -8 13 53105158200223223200166130104 94104131166197214211187144 91 40  124 111NG 62822617222159999999999999912 0 94999999999999999999999
-20-16 13 62121175215232223193152115 91 87104138177208222213182133 77 2624 112NG 7 923218 822299999999999999 022-211242 8699999999999999
-11-26-15 23 79139191225233215178135100 81 83108147186214223210174121 6524 113NG 748234185522399999999999999 1 5-261323 7999999999999999
 17-15-22 -2 43101158204228227200159117 86 73 8311315319021421820016111024 114NG 826231194321999999999999999 146-2314 4 7399999999999999
 57 15 -7 -5 22 70125175211225213181140101 76 70 8511715418720620618614824 115NG 9 3225203220999999999999999 226-101447 6999999999999999
101 56 24 11 22 54 99147187212215196161122 89 70 69 8611614917719219117124 116NG 938216212619499999999999999 3 4 111533 6799999999999999
137 98 64 43 39 55 86126164193206200178144110 83 68 69 8511013816117517424 117NG1013206222617699999999999999 341 381626 6799999999999999
158132103 80 69 71 88115145173191196185162133104 80 68 67 79 9912314415824 118NG1049196234016099999999999999 420 681732 6699999999999999
160150134117103 97101114134155174184184173153128103 80 66 62 68 8510612824 119NG1130186999999999999999999999 5 6 971852 6199999999999999
144152152145136127122123130142156169176176168151129104 79 61 52 55 70 9224 120NG 126153122917799999999999999 6201222014 5299999999999999
116138153161161155146138134134141151162170173168155132104 75 52 40 41 5724 121NG 330162135517399999999999999 8211332123 3999999999999999
 82112141163176178170157143133129133144158170177174160133100 66 39 26 2924 122NG 440179151617799999999999999 9571292219 2599999999999999
 48 80117152179192191177157137123119125140159176185181162130 90 52 25 1324 123NG 524194161418699999999999999105411923 7 1399999999999999
 21 47 87130169196204195173146123109108121143168187195186159120 76 37 1124 124NG 55820416591959999999999999911331072348  499999999999999
  5 20 56103150188209208189159129106 96103124153181199201184149104 57 2024 125NG 62921117372029999999999999912 6 96999999999999999999999
  1  3 30 74126172204214203174139108 90 89105135168194206200174132 84 3924 126NG 658214181120799999999999999 024 -11235 8799999999999999
  8 -3 12 49100152192213211188152116 90 79 88114149182203207192157111 6324 127NG 724215184320899999999999999 056 -313 2 7999999999999999
 24  3  5 32 78130176206214199166128 95 76 76 95128164192205201176136 8924 128NG 750214191520699999999999999 125  01330 7399999999999999
 46 17  8 24 61110159195212206179142105 78 69 8010714217419520018715611524 129NG 814212194820099999999999999 152  81358 6999999999999999
 72 38 20 25 52 95142181205208189156118 86 69 70 8811815117719118816913624 130NG 838209202319299999999999999 218 191428 6799999999999999
 97 62 40 35 51 85127166194205195168133 99 75 67 75 9712615317318017315224 131NG 9 220521 218099999999999999 243 3415 0 6799999999999999
121 89 64 53 59 82115151181197196178147114 87 71 69 8110212714916416715824 2 1NG 927199214816899999999999999 310 531536 6899999999999999
139113 91 76 74 86109138166185191182160131102 81 71 72 8410212214015215524 2 2NG 955191224715599999999999999 339 731623 7099999999999999
148133117103 96 98110129151170181181168147121 98 81 72 72 80 9411112714024 2 3NG1028182999999999999999999999 415 961729 7199999999999999
146145138130122118119127139153166173171159141120 99 82 71 66 69 80 9611424 2 4NG 020146111617399999999999999 51711819 4 6699999999999999
131144151152149143136132132138148158165166159145125103 81 64 53 52 62 7924 2 5NG 248153123416699999999999999 7241312035 5199999999999999
103128150166173170160146134128129138151163170167155134105 76 50 34 31 4224 2 6NG 413173141717099999999999999 9171272145 3199999999999999
 65 97133164186194187168145126115116129149169182183169141104 65 33 12  924 2 7NG 5 019415351849999999999999910231142241  899999999999999
 24 57100146184208211195166134110 98103124154182200200182145 98 50 13 -924 2 8NG 5402131633202999999999999991111 982330-1299999999999999
 -9 15 59113166206226220193154116 89 81 94126165199218215189143 87 34 -524 2 9NG 6162271723219999999999999991153 81999999999999999999999
-24-17 18 73134189226236218179133 92 68 67 91133179215231222188134 73 2024 210NG 652236181023299999999999999 014-251232 6499999999999999
-17-28-10 36 97160210237235205157107 68 51 60 95144191225236220179121 6124 211NG 726240185623699999999999999 054-281310 5199999999999999
 12-17-17 12 65128185225239223182130 81 49 41 6110215319822623120916410724 212NG 758239194123299999999999999 131-211348 4099999999999999
 53 14 -3  9 47102158204230229201154103 61 38 40 6711115819721821719114724 213NG 828233202622099999999999999 2 6 -31426 3599999999999999
 97 54 28 25 47 88137182213223209174127 82 49 36 46 7511615618720219617024 214NG 856223211320299999999999999 237 2315 5 3699999999999999
132 94 65 53 61 87125163194210207185148107 71 48 42 55 8211514817118117424 215NG 92221122 418199999999999999 3 7 531549 4299999999999999
152125101 86 85 98122151176193197187162130 98 71 55 52 63 8310913415215924 216NG 94719823 816099999999999999 334 841642 5199999999999999
155143128117112116128145162176182180167147123 99 79 65 61 65 78 9711713324 217NG1015183999999999999999999999 4 21121759 6199999999999999
143146145141138137139145152159165167164156143127108 90 74 63 61 68 8310124 218NG 1 3146105616799999999999999 4451371944 6199999999999999
120136148156159158154150146145146149153155154149138120 98 76 59 52 55 6924 219NG 411159132315599999999999999 9 11452111 5199999999999999
 91116140160173176171159146135129130136146157163162150128 99 70 48 38 4224 220NG 45017615231649999999999999910251292212 3899999999999999
 61 89123154178190187172152131117111117131150168178175158127 91 57 33 2524 221NG 51819016191799999999999999911 01112258 2599999999999999
 35 61 99140175196201187162134110 97 98112137164185193184157117 75 39 1824 222NG 54320117 0193999999999999991127 952335 1499999999999999
 16 36 74120163196209201176142110 88 81 93119152182201202183146 99 55 2224 223NG 6 82091734204999999999999991153 81999999999999999999999
  8 18 50 97147188212212191155116 86 70 74 98134172200212203172127 78 3624 224NG 63121518 521299999999999999 0 6  81218 6999999999999999
 11  9 32 76128176208218203169127 89 65 60 77112154190212214193153104 5724 225NG 654218183521699999999999999 035  61243 5999999999999999
 23 10 22 59110161201219213184141 98 65 51 59 89131173203216207176130 8224 226NG 71522019 521699999999999999 1 1 1013 8 5199999999999999
 42 19 22 49 95146190215218196156111 72 49 47 6810615018620821119115410824 227NG 736220193721299999999999999 125 171334 4599999999999999
 65 37 29 46 84132177208218204170126 83 53 42 53 8312416319220519817113224 228NG 75621820 920599999999999999 149 2914 0 4299999999999999
 91 59 45 51 79120163196213208181141 98 63 44 45 65 9913716919019418115224 229NG 816213204519599999999999999 212 441428 4299999999999999
116 85 65 64 81112150183203205188155115 78 53 45 55 7911114216818117916324 3 1NG 837207212418299999999999999 236 621457 4599999999999999
137110 90 82 89110139168190198189166132 97 69 54 53 65 8811413915816716424 3 2NG 9 0198221416799999999999999 3 1 821534 5199999999999999
150132115105105115133155174185184171147118 91 71 61 61 71 8810812814415224 3 3NG 928186233115399999999999999 3301041626 6099999999999999
152146138130126127134145157167172169157139117 96 80 69 65 69 79 9411112824 3 4NG10 9172999999999999999999999 4151261759 6599999999999999
141149153154151147143142143148154159159154143128110 91 74 62 57 61 74 9324 3 5NG 232154113615999999999999999 7 214220 3 5799999999999999
115138157170175171161147136130131138149158163159147125 99 72 50 38 39 5324 3 6NG 4 217514 616399999999999999 9201292127 3799999999999999
 79112146175193196185163138118108112126148169182182168138101 63 33 16 1824 3 7NG 44219715321849999999999999910161082225 1599999999999999
 38 75120164199215211187152118 93 84 95121156187206206184144 95 49 14 -224 3 8NG 5172161630209999999999999991057 842313 -399999999999999
  5 36 84139189222231213175130 89 65 63 85125171209228223192142 85 34  024 3 9NG 5502311719230999999999999991135 612355-1299999999999999
-11  5 48107167214239235202152100 59 40 49 84136189227243230191133 73 2424 310NG 62124118 4243999999999999991212 39999999999999999999999
 -5 -6 23 76138195233245224179121 68 32 23 45 92150203238247226180120 6424 311NG 652245184824899999999999999 033 -91248 2399999999999999
 22  4 15 55112171217242237202148 89 41 15 18 5110416221023823921216310824 312NG 720243193224299999999999999 1 8  41325 1299999999999999
 61 31 27 50 95149197229236216172116 62 24 10 24 6311716920922822119114624 313NG 747237201522999999999999999 140 2514 1 1099999999999999
101 67 52 60 91134178211226219188141 90 47 20 17 39 7812516819820919816924 314NG 811227205920999999999999999 2 9 511437 1699999999999999
133101 82 80 97128163193210211194159117 75 44 29 33 56 9012816118218617524 315NG 834213214618799999999999999 235 791517 2899999999999999
153129111104111130154176192198189168137104 74 53 45 51 70 9512314716216524 316NG 854198224516599999999999999 25910416 4 4599999999999999
158145134127128137150163174180178167149127104 84 70 63 66 76 9311313114424 317NG 914180999999999999999999999 3211271715 6399999999999999
150151149147146148151155158161161158151142130116101 86 76 71 74 8510011724 318NG 039151 93416199999999999999 34614619 8 7199999999999999
133146155161163161157151146142141142144146146142132116 97 79 68 66 73 8924 319NG 4 1163133314799999999999999 9551412044 6599999999999999
110132153168176176167153138127121123131142154161159146124 98 73 58 54 6324 320NG 42417715201619999999999999910171212147 5499999999999999
 84113143169186190180161138117104102112130152170179174154123 89 61 44 4424 321NG 44719016 91799999999999999910401022231 4299999999999999
 60 90127162189201195173144114 93 84 91112141170190195181151112 74 45 3424 322NG 51020116461959999999999999911 3 8423 7 3399999999999999
 42 68108151186207207188155118 87 70 71 91124161191207203178139 94 56 3324 323NG 5322101719208999999999999991127 682337 2999999999999999
 30 50 89135178208217202169128 89 62 54 68101143183210217202166120 75 4224 324NG 5532171750218999999999999991152 54999999999999999999999
 29 39 72119167204221214185141 96 61 43 48 77120166203222218191148100 6024 325NG 613222182022499999999999999 0 5 281217 4299999999999999
 36 36 60104153196221222199157108 66 39 34 54 94143187217225210173127 8224 326NG 634225185222599999999999999 031 321242 3399999999999999
 51 40 55 91139184216225210173124 77 42 27 36 6911616420122221919415310824 327NG 653225192422399999999999999 056 4013 7 2799999999999999
 72 53 57 84126171206223216186141 92 51 28 27 49 8913617920821720517413424 328NG 713223195721799999999999999 121 511333 2499999999999999
 96 71 66 82116158194215216196157110 66 37 26 37 6710915118520520518715524 329NG 733218203220899999999999999 145 6514 0 2699999999999999
121 94 81 88111145179203211199170129 86 52 34 34 52 8412215718319418917024 330NG 755211211219599999999999999 211 811430 3299999999999999
143117102100113137164188200197178146109 74 51 41 47 67 9512615317217917324 331NG 81920022 217999999999999999 238 9915 6 4199999999999999
158140124118121134152170183187179159131101 76 59 54 59 74 9611914115716524 4 1NG 849187232016599999999999999 3111171559 5499999999999999
164156147140136138145154164170171164149129108 88 73 65 65 72 8610512514324 4 2NG 936171999999999999999999999 4 81361732 6499999999999999
156164166163157151145142143147153157157152141125106 87 71 62 61 71 8811124 4 3NG 153166113315899999999999999 7211421934 6099999999999999
136158175183181171156139127122126137151162167163148124 96 70 52 46 53 7424 4 4NG 32118314 516799999999999999 9 21222057 4699999999999999
105139171194203196175147120101 96106127154177191188170137 98 63 39 31 4124 4 5NG 4 4203152319299999999999999 951 962156 3099999999999999
 69110154192215219200166125 91 71 71 91126166199216211185142 94 53 27 2224 4 6NG 4392201618217999999999999991031 682244 2199999999999999
 40 78128177216233224191143 95 58 42 51 85134183221237226191140 88 46 2324 4 7NG 51123317 72379999999999999911 9 422326 2099999999999999
 24 52100155204235240217170113 62 28 20 42 89147201237248230188133 81 4424 4 8NG 5412421753249999999999999991146 19999999999999999999999
 28 40 77130184225244235197140 80 32  6 10 44100162214245249224177124 7824 4 9NG 611245183725199999999999999 0 5 281223  499999999999999
 49 45 67111163208237241216168108 52 12 -3 12 5611517422024323920916311724 410NG 639243192124599999999999999 040 4313 0 -399999999999999
 80 64 71101145189222236225190138 81 33  4  1 26 7312918121723222119015024 411NG 7 523620 423299999999999999 113 631336 -199999999999999
113 90 85101134172204223223201161112 63 27  9 16 46 9013918020721420017224 412NG 730225204821499999999999999 143 841414  999999999999999
140116104110130158186206212201175137 95 58 33 26 37 6610314217419219318024 413NG 753212213419599999999999999 2111041453 2599999999999999
159138124122132150170187195193178153122 91 64 49 46 58 8111014016317517524 414NG 817196223017799999999999999 2391221540 4599999999999999
166153142137139147158169176177171159140119 97 79 68 65 73 8911013315116124 415NG 843178235716499999999999999 3121371644 6599999999999999
164162156151149149151153156158158155148139126111 96 84 78 79 8910512414124 416NG 926158999999999999999999999 4271491820 7799999999999999
155163166165162156149143138137139143147149147140126110 93 81 78 84 9911924 417NG 21716613 914999999999999999 8521371951 7899999999999999
139157171177176167154139126118118125136149159162155138116 94 77 72 79 9624 418NG 320177144816299999999999999 9311172057 7299999999999999
120146169184189182164141119103 97103119141162176178167143114 87 70 66 7724 419NG 353189154017999999999999999 959 972145 6599999999999999
100131162187199196178150119 94 80 81 97124155181194191172140106 77 62 6324 420NG 4192001620195999999999999991026 782224 6099999999999999
 82114151184204208193163126 92 68 61 73102139175201209198169131 94 67 5824 421NG 4422091656209999999999999991052 612258 5899999999999999
 69 98137176205217208179139 97 64 47 51 76116160196218217196159117 82 6224 422NG 5 52171730220999999999999991119 462329 5999999999999999
 62 84122164200220219195155108 66 39 33 51 88136182215228217186144103 7424 423NG 52722318 3228999999999999991146 332359 6399999999999999
 63 75108150191219226209172124 76 40 24 30 61108158201227230209172129 9324 424NG 5492261837232999999999999991213 23999999999999999999999
 72 73 97136178211227219189143 92 50 23 18 38 7913017821423022319515511624 425NG 611227191223199999999999999 028 701241 1799999999999999
 88 79 91123163200221223202162113 66 31 16 24 5410014919121922521017814124 426NG 634225194822699999999999999 056 791310 1699999999999999
109 91 93114148184211220209179135 87 48 24 20 38 7311816219621521419416324 427NG 658220202721799999999999999 125 901341 1999999999999999
132109102112136168195211209190155112 72 41 27 31 54 8912916619320419918024 428NG 725212211120599999999999999 1561021416 2699999999999999
154131117117130153177195202193171137100 68 45 38 45 67 9813216218419218724 429NG 75720222 519299999999999999 23111515 0 3899999999999999
171153137129131142158175186187178157130100 74 57 51 57 74 9912815417318224 430NG 840188232118299999999999999 3171281559 5199999999999999
181171159147140139143152163171173168154134111 89 71 62 63 74 9411914516524 5 1NG 950173999999999999999999999 4411391725 6299999999999999
179183179169157145136132136144155163166162149129106 85 69 64 70 8711214024 5 2NG 1 0183115616699999999999999 7 113219 0 6499999999999999
165184193191179160138120111112124142161174178169150122 94 72 61 64 8111024 5 3NG 219194134917899999999999999 8221102017 6099999999999999
143174197208202182152120 95 83 88107136167190199191168134 99 71 58 62 8224 5 4NG 3 920815 419999999999999999 914 832118 5799999999999999
116155190214220206175133 93 65 55 67 97138179209220210180140100 71 58 6524 5 5NG 34922116 222099999999999999 958 5522 9 5899999999999999
 91131174209229227201157107 63 36 32 53 95147194226236221186141100 72 6324 5 6NG 4242311654236999999999999991039 302255 6399999999999999
 76109152195226237223185132 77 35 13 18 50102159208239244223184139100 7724 5 7NG 4572371742245999999999999991119 112336 7399999999999999
 75 95132176214236236210162105 51 13  0 15 5611417221924424321817713410124 5 8NG 5292391828247999999999999991159  0999999999999999999999
 86 91118157197226237225189137 80 32  2 -2 23 7012818322424223420616713024 5 9NG 559237191224299999999999999 015 851238 -399999999999999
105 98111141178210229228206165113 62 22  3  8 39 8714219022223222019115624 510NG 629231195623299999999999999 051 981318  199999999999999
127111113131161191214222212185143 96 53 23 13 26 5910515219121521820217624 511NG 659222203921999999999999999 1251101357 1399999999999999
148127120128148173195208208193164126 87 53 33 30 46 7811915818820420218624 512NG 729210212320599999999999999 1581201439 2999999999999999
164143131130140157176190196190174149117 86 61 48 49 66 9412815918219218824 513NG 8 3196221219299999999999999 2341291524 4799999999999999
175158144137138146158170178180174160140116 92 74 65 67 8110513215817518224 514NG 846180231018299999999999999 3191361618 6499999999999999
179169157147141141144150157162164162154140122103 88 79 80 9111013415517124 515NG 959164999999999999999999999 4391411726 7899999999999999
178177170161150142136134136141148154157155146132115 99 89 87 9611313515624 516NG 02317912 915799999999999999 7 11341840 8799999999999999
172180181175163149135123117119126138151161164158144125107 93 90 9811613824 517NG 136182135116499999999999999 8191171947 9099999999999999
161178188188179162140119104 98103117137157172177171154131109 94 9110112124 518NG 230189145817799999999999999 9 4 982044 9199999999999999
146171190198194177151123 98 82 80 92115143170188192182160132107 93 9210624 519NG 3 9198154819299999999999999 939 792133 9099999999999999
130160186203206193167133 99 73 61 67 88121157187205205188160128103 91 9624 520NG 3412071631207999999999999991012 612215 9199999999999999
115146178203214208184148108 72 50 46 61 94135176206219212188154122 99 9224 521NG 4102141710219999999999999991043 452253 9299999999999999
103130165197216219201167123 80 48 32 38 65107154195222228213182146115 9724 522NG 4382201747229999999999999991115 322329 9499999999999999
 97116149185213224216187144 96 55 29 22 39 7612417321123223020817313610924 523NG 5 52241825234999999999999991147 22999999999999999999999
 98107133169202223224205167118 72 36 17 21 47 9114218922223522519716112824 524NG 53422619 423599999999999999 0 4 981221 1699999999999999
107104120152187214226217188144 96 53 24 14 27 6110815820022623121518515024 525NG 6 5226194423299999999999999 0391021256 1499999999999999
122109113136168199218221204170125 79 42 20 19 38 7612216820422422320317324 526NG 638222202722699999999999999 1151081335 1799999999999999
143121115125149178203215211189154111 70 39 25 29 52 8913317420321721219224 527NG 715216211421899999999999999 1531151417 2499999999999999
165140124122135157181200207199177143105 69 44 34 42 6510013917519920920324 528NG 8 020722 620999999999999999 23712115 5 3499999999999999
185161140128128138156175190195188169140107 76 55 47 55 7610714217419520424 529NG 85719523 520499999999999999 33312616 2 4799999999999999
198182161142130127133146163177184182168144116 89 69 61 66 8511314417319424 530NG1016185999999999999999999999 45012717 8 6199999999999999
202197182162142125117119130147164177181174155131105 85 74 76 9211814717524 531NG 0 8202115118199999999999999 6201171819 7399999999999999
196205200185161135113100 98110130154175186185171148121 98 85 85 9912315324 6 1NG 110205132418799999999999999 735 971930 8399999999999999
182202211205185155122 93 77 75 90118150179197200188164135110 95 9310713124 6 2NG 2 5211144220199999999999999 834 742035 9299999999999999
162191211218207180143103 70 53 54 7511015118721021520317714511810210111524 6 3NG 253218154821699999999999999 925 512134 9999999999999999
142174203221222205170125 81 47 32 38 6711015719722222821318415112310810824 6 4NG 3362241645229999999999999991012 31222810699999999999999
125154187214228223198156106 60 28 17 30 6611516720923323521718515112511224 6 5NG 4162281736237999999999999991057 17231611199999999999999
116137168199223230218185138 87 42 15 10 31 7312617821823923621418014712424 6 6NG 4552301823241999999999999991142  9235911699999999999999
116125149181210227228208170121 71 31 10 12 39 8514018922523923020417114124 6 7NG 53223019 7239999999999999991225  7999999999999999999999
122120134161191215226220194153105 59 26 12 21 5410215419822623321919115924 6 8NG 6 9227194823499999999999999 03911913 6 1299999999999999
134122126144171198216220208179138 93 53 27 21 37 7312016720422422320417624 6 9NG 645221202722699999999999999 1161211347 2099999999999999
148128123132153178200212210193163124 85 52 34 36 57 9413817820621721018924 610NG 72321321 521799999999999999 1521231426 3299999999999999
162139126126139159180196202197179150115 81 57 46 54 7811415218520520819724 611NG 8 3202214320999999999999999 22912415 6 4699999999999999
175152134126129142159176188191184166140111 84 66 62 73 9813116318820120024 612NG 850191222320299999999999999 3111261547 6299999999999999
186166146132127130140154167176179173158136113 92 79 79 9211514317018919724 613NG 95017923 719799999999999999 4 61271632 7899999999999999
193179160143131125126133144156166170167156139120103 94 9510712815217519024 614NG11 8170235619599999999999999 5211241726 9399999999999999
19518917515814012611711612113214515816716816114813111610710711813715917924 615NG1238169999999999999999999999 646115182810699999999999999
19219518817415513511710510110712013815617017517115914312711611612514316524 616NG 04919514 417599999999999999 753101193511599999999999999
184196198189172149123102 88 85 9411313716117918818517115213412212013014924 617NG 141198151318899999999999999 844 84203711999999999999999
171190202201189166137107 82 69 70 8511114217219420319718015713612312213424 618NG 22920316 820399999999999999 928 67213312199999999999999
156180199209204186156120 87 62 52 58 8111515318721021720718415713412212424 619NG 31220916542179999999999999910 8 52222312199999999999999
139164190209215205179141101 66 44 38 52 8312416720322422721118315312911924 620NG 3532151737228999999999999991047 3823 811999999999999999
125146175202219219201167124 81 47 28 29 51 8913718321823523120917614512324 621NG 4322211818236999999999999991128 26235011799999999999999
117129156187214226220194154106 63 32 18 26 5510015119822924123020116713624 622NG 51122618592419999999999999912 9 18999999999999999999999
118118136166199222229216184139 91 49 21 13 28 6411416620923624022319115524 623NG 552229194124199999999999999 0311151252 1399999999999999
127114120143176208227228210174127 79 40 17 16 37 7812917921823823521217824 624NG 634230202323999999999999999 1121141335 1399999999999999
144120113124151183211226223201163117 72 37 20 25 52 9514519022223522620024 625NG 72122721 523599999999999999 1541131418 1999999999999999
166135116113127154185209220215192155111 70 42 31 41 7111315919822322921524 626NG 812220214822999999999999999 23911215 2 3199999999999999
187155127112112127153180201211206184150111 76 54 49 62 9213117120322122124 627NG 910211223122499999999999999 3301101548 4899999999999999
204176146121108108122145170190201197179150117 89 73 71 8511214718020621824 628NG1016202231521899999999999999 4291061637 7099999999999999
214195168139115101100111132156178192192179156130108 95 9410713015918620624 629NG1132193999999999999999999999 536 991733 9399999999999999
214208189162133108 92 87 9711714216718519118416814712811611412414316718924 630NG 0 3214125719199999999999999 649 87183911499999999999999
206211204186158127 99 79 72 8010213016018319519418316614713412913515017124 7 1NG 057211142819699999999999999 757 72195512999999999999999
191206211204184154119 87 64 56 65 8912315718620420819918116014413714015324 7 2NG 155211154720899999999999999 858 56211213799999999999999
173193208213205183149110 74 50 42 54 8212016019421622121119016614713814024 7 3NG 255213164922199999999999999 954 42221813799999999999999
154175197213217207180141 98 61 37 32 47 8012416920622723021619016414313424 7 4NG 3502171739231999999999999991046 31231213499999999999999
138155179203219221206174131 86 49 27 26 47 8613518221823623321318315513524 7 5NG 4392221821238999999999999991133 24235612899999999999999
128137159186211224222202165119 74 39 22 27 5510015119722924022920217014224 7 6NG 5232261859240999999999999991217 21999999999999999999999
125124140166195218227219193152105 62 32 22 35 7011917021123523621718615324 7 7NG 6 4227193423899999999999999 0341231257 2299999999999999
129118124146176204222225211180137 91 53 30 29 51 9314218922123522620016724 7 8NG 64222620 623599999999999999 1 81181334 2799999999999999
137118115129155185209221218199164121 80 49 36 45 7511916520422622921118124 7 9NG 719222203623099999999999999 14011414 7 3699999999999999
148123112116136163190209216207183148108 74 52 49 6710214518521422521719424 710NG 75721621 522599999999999999 2131111439 4899999999999999
162133115110120142168190204206193168134101 75 63 69 9312916719921821920324 711NG 838207213522199999999999999 2471101510 6399999999999999
176147123111111124145167185195194180156127101 84 81 9311915218320621520924 712NG 92419622 521599999999999999 3271091542 8099999999999999
18916213611710911212514316117718518317115012811010010211714116819220720924 713NG1020186223921099999999999999 4141091620 9999999999999999
19817715213011410711012013615316817617616815313712411912213515517719520424 714NG1130177231920599999999999999 51410717 811999999999999999
20218916914612611110310311112614316017217617216315214113613714716318019424 715NG13 1176999999999999999999999 628102181713599999999999999
200197184165143122104 94 9210011513615617318218417816715514714515116417924 716NG 0 9200144118499999999999999 741 92194414599999999999999
192198195183164140115 94 81 78 8710613115818019519919318016415114615016224 717NG 112198155519999999999999999 843 7821 414699999999999999
178193201199186164135105 80 65 63 75 9913116519321121520618616514814114524 718NG 220201164721699999999999999 938 6222 714099999999999999
160180198208206190162126 91 63 47 48 65 9713717721022822821218615913913224 719NG 3212091731230999999999999991029 45225813299999999999999
140160186208219215193158116 75 45 31 35 6010014819322724223521117814712724 720NG 4142201811242999999999999991116 30234312399999999999999
123137164196221231222194151103 59 29 17 28 6111016421124225023520216413224 721NG 5 323118502509999999999999912 2 17999999999999999999999
114116138172208233240225190141 89 45 17 11 30 7212718322825225122618714724 722NG 550240192825599999999999999 0251131245 1099999999999999
116103113142182218241243223183130 77 36 13 14 42 9114920224025524421116824 723NG 63724520 425599999999999999 1 51031327 1099999999999999
128102 96113148190224243241216172119 70 34 19 30 6511717221824725123019124 724NG 725245204025299999999999999 145 9514 6 1999999999999999
148111 91 93116153193224239233205161112 69 42 37 56 9514519322924623921124 725NG 814240211424699999999999999 226 891443 3699999999999999
170129 99 85 92118154190217229220193153111 78 62 65 8912717020723223822324 726NG 9 6229214723899999999999999 310 851520 6099999999999999
191152116 91 83 93118150182205214206182150119 96 89 9812115418721322722524 727NG10 3214222122899999999999999 357 831558 8999999999999999
205174140109 89 83 9211314116919019919417715513412111812814717219521221824 728NG11 8199225821899999999999999 454 83164111899999999999999
211191164134108 89 82 8810412815417518718818016715514614415016317819420524 729NG1235189234620799999999999999 6 4 82174314499999999999999
207200184162135110 90 79 80 9211414016318018919018417516616116116617618724 730NG1435191999999999999999999999 725 78193216099999999999999
196200196185165139111 87 72 69 8010213015818219920520119017716616016016724 731NG 1 320016 720599999999999999 842 68212415999999999999999
179191199200191171142110 81 62 57 68 9312716219221322021319717716015014924 8 1NG 239201165922099999999999999 947 57223214899999999999999
159174192205209199176141103 70 50 46 61 9213317420822823021619216614613624 8 2NG 3502091738231999999999999991042 46231713599999999999999
139154177200215218205175134 92 58 39 40 6210114719222423923220917814912924 8 3NG 4422191811239999999999999991128 37235212399999999999999
123133157186212227225204166121 77 45 32 41 7211916921223824222519315812924 8 4NG 52422818412439999999999999912 7 31999999999999999999999
114116136167200224234224195151104 62 36 32 52 9314419322924423620817013524 8 5NG 6 123419 924499999999999999 0231121241 3199999999999999
111104117145181213233234216179132 86 51 35 42 7412217321524024122118514524 8 6NG 635236193424499999999999999 0511041312 3499999999999999
114 98102124159195223235227201159113 73 47 44 6410515420023124223019915924 8 7NG 7 9235195824299999999999999 119 971340 4299999999999999
122 98 93107137173205225229214182140 98 67 54 64 9513918421923723421017324 8 8NG 742230202123999999999999999 148 9214 6 5499999999999999
135105 90 94116149182208221218197163124 92 72 72 9212816920622923421818724 8 9NG 818222204423499999999999999 217 891431 7099999999999999
149116 94 89101126157185205212203180148118 95 88 9712315819221722822119824 810NG 85721221 822899999999999999 248 891457 8899999999999999
165131105 91 9310913316018219719918816714212110911012515017920321821920524 811NG 941200213322199999999999999 323 90152510899999999999999
178147120101 94 9911313415617418618717816314613412913414816818920521120624 812NG103718822 421199999999999999 4 5 94155912999999999999999
189164138116102 9710111212914716417517917516715815214915316217518919820124 813NG1158179224620199999999999999 5 3 97165414999999999999999
194178158137118104 97 9710511813515316817718118017617016516316617318218924 814NG1418181235619299999999999999 629 96185716399999999999999
192188177161142122104 92 87 9110412314516718419519919418417216315916317224 815NG1552199999999999999999999999 8 4 87205815999999999999999
182190192185171149123 98 79 70 73 8811314317419921521720718816815214615124 816NG 143192164021899999999999999 917 7022 414699999999999999
164182197204200183154120 87 62 50 54 7510914918922023523121118215413513024 817NG 3102041718235999999999999991015 50225112999999999999999
140162189211222216193155111 71 42 31 40 7011416521024125023620516713411524 818NG 41022217532509999999999999911 4 31233211299999999999999
114133166202230240230197150 98 54 25 17 35 7613118723325825723018814411024 819NG 5 12401827261999999999999991149 17999999999999999999999
 95103133177219247254236195140 85 40 14 15 43 9515521225226725221416411824 820NG 54825519 026799999999999999 010 941229 1199999999999999
 87 79 98139189233259260235187128 73 33 16 27 6612418423426326423718913624 821NG 634263193226799999999999999 048 7913 7 1699999999999999
 93 69 71101149200241261256225174117 68 37 32 5410015721024826325021216124 822NG 71926320 326399999999999999 125 661343 3099999999999999
110 73 59 71108157205240254244210161111 73 54 61 9113718722825225222818424 823NG 8 6254203125599999999999999 2 3 591416 5499999999999999
134 91 63 58 78116161203231239225193151114 89 83 9813017020823524423320224 824NG 853239205824499999999999999 242 571447 8299999999999999
159116 81 63 65 8612115919321521920617914912511311613416219121622922821024 825NG 945220212523099999999999999 324 61151811299999999999999
179143108 83 71 75 9312115117819519919017415614414114716218019821121520824 826NG1047200215321599999999999999 415 71155014199999999999999
190165137112 92 82 83 9511513916117718418317817116616516917618419219719824 827NG1222185223419899999999999999 524 81164216599999999999999
192180163143123104 91 86 9110412414516417818719018918518117617417417718124 828NG1515190999999999999999999999 7 2 86202217499999999999999
184184181171156135113 93 82 81 9211113616118319920620519618317016115716124 829NG 036185161920799999999999999 834 8022 015799999999999999
169179188191185169143114 88 72 69 8010413516819721522021219417215314114024 830NG 255191165222199999999999999 942 68223813999999999999999
149165185200206198176143107 77 59 58 7610714618521523022820918115213112224 831NG 3582061720232999999999999991032 5623 812299999999999999
127146173199217220205174133 93 62 48 54 8112216720723323922419415812810924 9 1NG 4422211746239999999999999991112 47233510699999999999999
108124154188217232227203162116 76 49 43 60 9814619322924423720917013110424 9 2NG 5182331810245999999999999991146 42999999999999999999999
 93103132170207233240225191144 97 61 43 49 7912617721924424522318414110524 9 3NG 551240183324899999999999999 0 1 931216 4299999999999999
 85 86109148190224243240214172123 80 52 47 6710916020623924923419915411224 9 4NG 622244185424999999999999999 027 831243 4699999999999999
 83 74 89123167208236244230196150104 70 55 64 9714419323024724121216812324 9 5NG 653244191524899999999999999 053 7413 8 5499999999999999
 87 70 74101142185220238236213174130 92 70 69 9213217921824124322218313724 9 6NG 725240193424599999999999999 118 691332 6699999999999999
 97 72 66 83117159197224233222193154117 90 81 9412516620523224022719615324 9 7NG 758233195424099999999999999 145 661356 8199999999999999
111 80 67 73 98134172202220221204174141113 9910212415719221923222820416824 9 8NG 833223201423399999999999999 212 661419 9899999999999999
128 94 74 71 8511214517619921020518716213712111712815218020522122220818024 9 9NG 913210203622399999999999999 241 70144411799999999999999
145112 89 78 81 9812214917319019619017615814313614015217119120521120518824 910NG10 119621 221199999999999999 315 77151213699999999999999
162133108 92 87 9110412314416317618218017316515815616016817818919619718924 911NG1114182213819799999999999999 4 2 86155315699999999999999
174154133115101 95 9510211513114816317418018118017717317117117317718118324 912NG14 1181225618399999999999999 526 94184117099999999999999
180172159144127111 98 91 91 9911413415517418919819919318217016115716016724 913NG1539200999999999999999999999 731 9021 415799999999999999
176182182176161140115 93 77 72 79 9712515618520821921720117915714113614324 914NG 136183161822099999999999999 856 72215513699999999999999
159178195203198178148113 80 58 51 61 8812616820623123822519716313311511424 915NG 3 8203165123899999999999999 956 51223411299999999999999
130159191216227219191149103 64 40 35 52 90139190230252249222180137104 8824 916NG 4 52271723254999999999999991043 342311 8899999999999999
 96125168210240249234196144 91 49 26 28 56105163217253264247205153105 7324 917NG 4542501753264999999999999991126 242347 6599999999999999
 66 86129182230260264240192134 79 40 24 36 76133193241267264231178120 7424 918NG 53926618232709999999999999912 5 24999999999999999999999
 48 52 85139198245270267235182123 72 41 36 60108167221258269250204145 8924 919NG 624273185327099999999999999 023 461241 3499999999999999
 48 33 49 93152209252270260222169115 74 54 61 9514519924126325822517311424 920NG 7 9270192026499999999999999 1 0 331315 5399999999999999
 64 34 31 57106163214249259243205157114 85 79 9613317922024725323519514324 921NG 753259194625499999999999999 137 291347 7899999999999999
 91 52 33 40 7111816821023624022118715012010511013316720222824023420816724 922NG 840241201024199999999999999 214 32141610599999999999999
121 80 53 44 56 8612616719921721720117515113413114116318820922222320918324 923NG 929220203322499999999999999 255 44144413099999999999999
148113 83 65 62 74 9812815918319619618617215915315516517919220220620118724 924NG1030198205620699999999999999 343 61151315399999999999999
166141117 97 84 80 8610212314616617818318117717317217317617918318518518124 925NG1212183212418599999999999999 451 8016 417299999999999999
173162147131115101 92 91 9811413315216818018718918818417817216616416416624 926NG1510189999999999999999999999 638 90212216499999999999999
169171169162148130111 95 87 9010312314616918719920319818617015514514214624 927NG 1 7171155420399999999999999 815 87215314299999999999999
157170181185179162137111 89 78 80 9612115118020321421219817515113212212424 928NG 258185162121599999999999999 920 77221912199999999999999
138159181198202192168135102 78 67 74 9613016719922022521218615412510610324 929NG 35020316452269999999999999910 7 67224410299999999999999
115141172200216216197163123 88 65 61 76108150190221234226200163126 98 8624 930NG 42921817 8234999999999999991044 6023 8 8599999999999999
 93118154192220231221191150107 74 58 63 90132177215237237215176133 96 742410 1NG 5 32311730240999999999999991115 572333 7199999999999999
 73 94131175213236238217178131 90 64 58 77115162206236244228191145101 702410 2NG 5342401751244999999999999991144 582358 5999999999999999
 59 72106152197231245235203159113 78 63 70101147194230246238206160111 722410 3NG 6 62451810246999999999999991211 62999999999999999999999
 52 54 81125175217242244223184139 99 74 72 93134180220243243219176126 812410 4NG 637246183024699999999999999 024 501237 7099999999999999
 52 44 61 99148194229243235206164123 92 81 92124167208235242227191143 952410 5NG 7 9244185024399999999999999 049 4413 2 8199999999999999
 60 43 49 77121168207232236219185147114 95 971181551942242372302021591132410 6NG 74223719 923799999999999999 115 421327 9399999999999999
 73 50 46 63 971401812122262222001681361141081191461802102272272081741322410 7NG 816227193022999999999999999 141 45135210799999999999999
 92 63 51 57 811151531852072142041831561351231261431681942132182081841502410 8NG 855214195321899999999999999 210 51141812399999999999999
113 83 64 61 72 961261561801961981891721551421391461611801962042021881652410 9NG 943199202020599999999999999 244 60144913999999999999999
136108 86 74 74 85103126149169182185181172163157156160169178186189185174241010NG105518521 018999999999999999 331 73153915699999999999999
156135115 98 88 84 89100117136155170179183182178172167164162164168172172241011NG1314183224417399999999999999 454 84185516299999999999999
169160147131114 98 88 84 89102122144166184195198193182167153144142148158241012NG1452198999999999999999999999 658 84204314299999999999999
169177177168151128103 83 72 73 87112142173199214216203180153130117117131241013NG 133178153621799999999999999 825 71212811599999999999999
153177195201193169136101 73 57 59 78111151190220234227201165127 99 87 95241014NG 256201161023499999999999999 925 5622 6 8799999999999999
121157193219227214181137 94 61 46 52 79122171214242247226186137 94 65 60241015NG 3532271642248999999999999991014 452243 5999999999999999
 79120169214243248227185133 86 54 43 57 94145197238257248213160104 59 36241016NG 4422491712257999999999999991057 432320 3499999999999999
 41 74127186234260259230181127 81 53 50 74119174223254260237188127 70 30241017NG 5282641742262999999999999991137 482358 1699999999999999
 16 33 78140201247268260224173120 81 62 69102151202242260251214157 95 42241018NG 6132691811261999999999999991214 61999999999999999999999
 11  8 37 90154212251265250211162117 88 80 97134181223249253231185126 69241019NG 658265183925499999999999999 035  61249 7999999999999999
 26  6 14 51106165215246252233195153119101104127164203232244235204156103241020NG 74325319 624499999999999999 113  51322 9999999999999999
 55 24 14 31 69120171211233233212180148126119129154184211227228211177135241021NG 829236193223099999999999999 152 14135411999999999999999
 91 55 34 32 52 87129170200215212194170149137138151171192207212205186157241022NG 918216195821299999999999999 233 30142613699999999999999
123 90 65 52 54 71100133164186196194182167155151154163175186192191183168241023NG1015197202719299999999999999 321 5115 315199999999999999
147123100 82 73 74 85106130154172182183178171165162162164167170171171167241024NG1137183211617199999999999999 425 72162916299999999999999
159147132116101 90 86 92105125145163175181182179173166159152149149151156241025NG1338182999999999999999999999 556 86203114899999999999999
160161157147132115 99 90 91102120141162178189191187175160144132126128137241026NG 049161145119299999999999999 726 89211312699999999999999
151164172172162144121100 88 87 98119144170190201200188168144122108105115241027NG 231174152820299999999999999 834 86214210599999999999999
133156177189188173148119 95 82 83 99125157185205212203180150119 95 85 90241028NG 326190155621299999999999999 924 8122 9 8599999999999999
111140171195206199176144111 87 77 84108141176205219216195161123 90 70 68241029NG 4 720616202219999999999999910 4 772236 6799999999999999
 85117156191214218203172134100 79 77 93125164199222227210176133 92 62 51241030NG 4432191643227999999999999991039 7523 3 5199999999999999
 61 91133177212229224199161121 91 77 84110149189220232223193148101 63 41241031NG 51723017 5232999999999999991111 762329 3899999999999999
 41 65106155199228236221187146109 85 81 99134176212233231207165116 70 392411 1NG 5502371727235999999999999991141 802356 2899999999999999
 29 42 78128178217238235210172131100 86 93122162201228235219183134 84 462411 2NG 6232401749235999999999999991210 86999999999999999999999
 25 28 54 99150196228238226194155119 97 94113147186218232225197153103 602411 3NG 657239181223399999999999999 024 231238 9399999999999999
 31 22 37 73120169208230231210177141113101109135170203224226207171125 792411 4NG 731233183622799999999999999 052 2213 710199999999999999
 44 27 30 53 931391812112242171931621321141131281561872102202111851461032411 5NG 8 822419 222099999999999999 122 25133611199999999999999
 65 40 32 43 711101501852072122011781521321221271451701932072071921641272411 6NG 849213193120999999999999999 155 3214 912299999999999999
 91 61 45 44 58 861191531811971991891701511371341411551731881951911751502411 7NG 93920020 919599999999999999 234 42145013499999999999999
119 90 68 56 57 70 931211501731871901831701571471431471551651751791761652411 8NG104619021 717999999999999999 325 5516 014399999999999999
146123100 81 70 68 76 931171421651801871851771651541461411421481561641672411 9NG121718723 416799999999999999 441 67181914199999999999999
164154137116 96 81 73 76 89110136161181193195187172154136124120125138154241110NG1341195999999999999999999999 616 73195512099999999999999
167174171157135110 88 74 72 83106135165190205207195171142115 97 92102124241111NG 112174143720899999999999999 739 712049 9299999999999999
151176191193178152120 91 72 68 81107142177206220217195160120 85 65 64 83241112NG 235194151922199999999999999 844 682133 6299999999999999
117156191212215197164126 92 71 68 84116157195223232219185138 90 53 35 41241113NG 337216155623299999999999999 939 672215 3499999999999999
 71117167209232232209170127 92 73 74 95133177215237237211165110 58 23 11241114NG 4302351630240999999999999991027 702255 1199999999999999
 28 69125181225246242213170126 93 78 85113155198230243232195140 81 31  1241115NG 51924817 3243999999999999991111 782336 -499999999999999
 -2 25 75137194236252242209165124 96 88102135177215239241218172114 56 12241116NG 6 72531736243999999999999991152 88999999999999999999999
 -9 -3 32 88150204239250234199157122101101121156194224237229198148 92 40241117NG 65325018 823899999999999999 017-111231 9999999999999999
  4 -8  7 47103161208236239219185149121109117140173204224227211175127 76241118NG 738241184022899999999999999 058 -813 810999999999999999
 34  7  4 25 66118168207226223202171142123119132155183205215211190155112241119NG 822227191321699999999999999 139  2134411999999999999999
 70 36 19 22 46 85130172201212206185160139128130143163183197200191170140241120NG 9 7212194820099999999999999 221 18142112799999999999999
104 71 47 37 44 67101138171192198190173154139133137148162174182182173156241121NG 954198203018399999999999999 3 6 3715 613399999999999999
132104 79 62 56 64 84112142168183187180166152142137139144152159164165160241122NG1048187213716599999999999999 357 56161613799999999999999
148131111 92 78 73 79 96119144164177181176166154144136132132136142148153241123NG1153181234015499999999999999 458 73183113299999999999999
154149138122106 92 86 89103123144164176181178168155141128118114117126138241124NG13 3181999999999999999999999 610 8620 311499999999999999
149156157149135117102 93 95107126148167181186182170151130111 98 94101116241125NG 13215714 318699999999999999 722 932051 9499999999999999
135154166169162145125106 96 97110131155176190193185166139112 88 76 76 90241126NG 247170144719499999999999999 824 952128 7499999999999999
113141166181184173152127106 96 99115140166189200198182154119 87 64 55 64241127NG 341185152220199999999999999 916 9522 1 5599999999999999
 87120155183198196179152124103 95103124153182202208197170133 94 61 42 41241128NG 42419915522089999999999999910 0 952232 3999999999999999
 60 94135174201212203179147118 99 96111138170198212209188151107 66 37 25241129NG 5 32121621214999999999999991039 9523 3 2599999999999999
 35 65108154193217220203172138110 96101123155188211217203171126 80 41 19241130NG 5392211649217999999999999991116 962335 1599999999999999
 17 38 77126174210226221196161127104 97110139174203219214189148100 55 232412 1NG 6152271718220999999999999991150 97999999999999999999999
  9 18 49 95146191220228214184148117101103123156190213219204170124 76 362412 2NG 651228174821999999999999999 0 7  91224 9999999999999999
 11  7 26 64114163202223223202169135111102112138172201216212189150102 582412 3NG 728226181921799999999999999 041  6125810299999999999999
 24  8 13 40 82131175207220213188156126109108124152182204211200172131 862412 4NG 8 7220185421199999999999999 116  7133410699999999999999
 47 21 13 25 55 981431822062132001751461221111161341601852002011861561172412 5NG 849213193320399999999999999 154 12141311199999999999999
 77 44 25 23 39 711111511842022041891651401221151211381601801901881731462412 6NG 935205202219199999999999999 237 2115 111599999999999999
111 76 49 35 36 54 841201551821971961821601391231171211341511671771771652412 7NG1027198212817899999999999999 325 3416 511799999999999999
142113 84 61 49 51 67 941261571811931921791591381221121121211361521641692412 8NG1124194225816999999999999999 422 49173111199999999999999
163147123 98 77 66 66 79102131159181193192179159136115100 951011161361552412 9NG1225194999999999999999999999 529 641857 9599999999999999
167168158139116 95 81 78 88108135163185196195181157128100 80 71 77 96123241210NG 038169132519799999999999999 644 7720 5 7199999999999999
150171180175158135111 94 88 95114141169191203200182152115 80 55 46 55 80241211NG 2 9180141920399999999999999 757 8821 0 4699999999999999
115152180195193177150123103 95101120148177200210203179141 96 56 30 22 37241212NG 32419615 721099999999999999 9 4 952150 2299999999999999
 70114158192211209190161130108 99106128158188209216203171125 75 33  8  5241213NG 42621215522169999999999999910 4 992237  399999999999999
 26 67119168206224220197164132110102112136169199217219199159108 56 14 -7241214NG 51922516342209999999999999910561022323 -999999999999999
 -4 24 72128180217232223196160129108104118147180208222216189144 90 39  2241215NG 6 72321715222999999999999991143104999999999999999999999
-14 -5 31 84141191224233218187151122106108127157190213221208176128 75 27241216NG 652233175422199999999999999 0 8-15122510499999999999999
 -4-13  4 45100155200225226206173139114105113136167196213214196160112 62241217NG 733229183321699999999999999 051-1313 310599999999999999
 21 -3 -3 21 65118168205221214190157127108106119145174197208202180143 98241218NG 812221191120899999999999999 132 -6133910599999999999999
 54 21  6 14 43 88137178205211198172141117106109126151175192197187163127241219NG 849212195019799999999999999 211  6141610599999999999999
 87 51 28 22 36 68110152184201199182155129112106114131152171182182170147241220NG 924202203218399999999999999 248 21145410699999999999999
115 82 55 40 42 61 92129163186194186167143122109108115130147161168167156241221NG10 0194212316999999999999999 325 39154110799999999999999
135110 84 65 58 64 84113143169184186175156136119109107112123136147154155241222NG1038187223215599999999999999 4 3 58164310799999999999999
146131112 93 80 77 85103127152171181179168150132116106101103111122134144241223NG1121182999999999999999999999 449 77181010199999999999999
147144134121107 97 94101116136156172178176164148129112 98 90 89 96109124241224NG 0 3147121117999999999999999 548 941934 8899999999999999
139148150145134122112107111123141159172178175163146124102 84 74 73 82 99241225NG 14715013 917899999999999999 7 21072035 7299999999999999
121141156162159149134121114116127143161175181177163141114 88 66 55 57 71241226NG 31216214 718199999999999999 8181142122 5499999999999999
 95124150170178174160141124115116128146166180186179160132 99 69 47 38 45241227NG 410178145818699999999999999 92311422 4 3899999999999999
 67 98134166187193185165141121112115130152174189192180153118 80 48 27 24241228NG 45519315421929999999999999910161112243 2399999999999999
 38 68108149183203204189162135114107114134161185198196176142100 59 27 11241229NG 53420616221999999999999999911 11072321 1099999999999999
 14 37 76123167200215208185154124105102116143173197206196168127 80 39 10241230NG 61221517 0206999999999999991141102999999999999999999999
 -1 11 43 90141185213220205175140111 97101122155187207210193157110 61 21241231NG 648221173921299999999999999 0 1 -11218 9699999999999999
