156152135108 77 49 32 28 38 58 83108128136132116 95 77 68 69 81 9811613124 1 1QF 011156131013699999999999999 644 281820 6799999999999999
142145137119 94 69 48 39 42 55 75 97117130132123107 89 75 70 74 85 9911324 1 2QF 048145134113399999999999999 716 3819 3 7099999999999999
125132132123107 86 67 53 50 56 70 88107122130128117102 87 76 73 76 84 9524 1 3QF 131133141813099999999999999 750 501958 7399999999999999
105115121120113100 84 70 62 62 70 82 98113125130126116101 87 77 73 74 7924 1 4QF 22812115 413099999999999999 830 612116 7399999999999999
 86 95104110112108 99 88 78 72 73 79 90103117127131127117103 88 76 69 6724 1 5QF 34911216 113199999999999999 924 7223 1 6799999999999999
 69 75 84 94104110110105 96 87 81 80 84 94107120131136132121105 87 72 6124 1 6QF 53311017 4136999999999999991039 79999999999999999999999
 56 56 62 74 88102113117113104 93 85 82 85 95110125138143139126105 83 6324 1 7QF 7 211718 614499999999999999 027 551159 8299999999999999
 48 41 42 51 66 86106121127123111 96 84 79 83 95113133148154148130104 7524 1 8QF 8 412719 215499999999999999 125 4113 5 7999999999999999
 50 33 25 28 42 63 90115133139131113 94 79 73 80 96119142160165156133 9924 1 9QF 854139195516599999999999999 213 251357 7399999999999999
 64 35 16 10 17 36 64 97127146148134110 86 69 66 77 9912715417217716313224 110QF 937150204617799999999999999 258 101443 6699999999999999
 92 51 19  0 -2 10 36 70108141157153132102 74 59 60 7610413616518418616624 111QF1018158213518899999999999999 340 -31526 5799999999999999
128 82 38  5-11 -9 10 41 81122153164152123 89 61 49 56 7811014417519319024 112QF1058164222319599999999999999 422-1216 9 4999999999999999
164120 70 25 -5-16 -8 17 52 95135161164144110 75 50 43 55 8111515118119524 113QF1138166231019699999999999999 5 3-161651 4399999999999999
187156109 59 17 -7-12  3 31 68110145163158132 96 63 42 41 57 8511915318024 114QF1216164235819099999999999999 542-121734 3999999999999999
190177143 96 50 16 -1  2 20 50 86123151160147118 84 55 40 43 60 8711814924 115QF1255160999999999999999999999 620 -21820 3999999999999999
171176160127 85 47 22 14 23 43 71103132151152135107 76 52 42 47 63 8611324 116QF 045177133415499999999999999 657 141910 4299999999999999
139156157141112 79 51 36 35 47 66 90115136147143126100 74 55 47 51 63 8124 117QF 135159141414799999999999999 732 3420 9 4799999999999999
103123136136124102 79 61 54 58 70 86104122136141136120 99 76 60 52 52 6024 118QF 23213815 014199999999999999 8 7 542125 5199999999999999
 73 89105116119112 99 85 75 72 77 87 99112124133137132120102 82 65 54 5124 119QF 345119155913799999999999999 847 7223 5 5199999999999999
 53 62 75 89101108108102 95 89 87 90 96103113122131136134124108 87 68 5324 120QF 532109171913699999999999999 950 87999999999999999999999
 45 44 50 62 77 93105112111105 99 95 94 96102110121131139140131113 90 6724 121QF 722112183714199999999999999 039 431152 9499999999999999
 48 36 33 39 53 72 93111121121113103 94 89 90 97108122136146148138116 8824 122QF 829122194014999999999999999 147 331320 8999999999999999
 60 37 24 23 33 51 76102123132128115 99 86 80 83 9310812614415615614111424 123QF 912132203115899999999999999 236 221412 8099999999999999
 81 49 25 14 17 32 57 87116136140130110 89 74 69 77 9211313515416516013924 124QF 947141211416599999999999999 316 131451 6999999999999999
105 67 34 13  7 17 39 69103132146143124 98 74 61 62 75 9712114516417015824 125QF1018147215217099999999999999 350  71526 6099999999999999
129 90 51 20  4  7 24 53 87121145151137111 81 60 52 60 8010513215617116924 126QF1047151222617399999999999999 421  31558 5299999999999999
149113 72 34  9  2 14 39 72107137152146124 93 65 48 49 64 8811614316417224 127QF1114152225717299999999999999 451  21629 4699999999999999
161133 93 53 21  6  9 29 59 94126147151135106 75 52 43 51 72 9912715116624 128QF1140152232716799999999999999 518  517 0 4399999999999999
164145112 73 38 16 11 24 50 82114140150142118 87 60 44 44 59 8210913415324 129QF12 3150235616099999999999999 544 111730 4299999999999999
160150125 91 57 30 19 25 45 73104131146145128100 72 51 43 50 68 9111513624 130QF1226148999999999999999999999 6 8 1918 1 4399999999999999
148148132105 75 48 32 31 45 68 95121140145135113 86 62 48 47 58 76 9711624 131QF 027150125014599999999999999 632 301835 4699999999999999
132138131114 90 66 48 42 49 66 89112131142139123101 77 59 51 54 65 81 9724 2 1QF 1 1138131714299999999999999 657 421913 5099999999999999
112122123116100 82 65 56 57 68 85104122135138131114 94 74 60 55 59 68 8024 2 2QF 141124135013899999999999999 725 5520 2 5599999999999999
 91102109110104 94 82 73 69 73 84 97112125133133125110 93 76 64 59 61 6624 2 3QF 237110143313499999999999999 758 692114 5999999999999999
 73 81 89 96100 99 96 90 85 83 86 93102113123129130124113 97 81 68 60 5724 2 4QF 425100153813199999999999999 851 832324 5699999999999999
 57 60 67 76 87 96102104102 97 94 92 94100109119128132130121105 87 69 5524 2 5QF 6551041712133999999999999991054 92999999999999999999999
 46 43 45 53 66 83100113118115107 97 90 88 93103117131141142133115 90 6624 2 6QF 8 7118183914399999999999999 111 431249 8899999999999999
 45 31 25 28 41 61 87111128133125109 92 79 76 83 99119139154158147123 9024 2 7QF 852133194715899999999999999 2 8 251350 7699999999999999
 57 30 12  7 15 35 64 98128145145129104 79 63 62 74 9712515217117515912624 2 8QF 929148204317699999999999999 253  71437 6199999999999999
 85 44 12 -6 -6  8 37 74115147160151124 90 60 46 49 68 9913416618818816524 2 9QF10 5160213219199999999999999 333 -81519 4599999999999999
124 74 28 -4-17-11 12 48 92135164168147110 70 41 30 40 6610314417919919424 210QF1039170221920199999999999999 410-1816 0 3099999999999999
163114 60 14-13-19 -5 25 67114155175167135 92 50 24 20 37 6810915218720224 211QF111417523 420299999999999999 446-201641 1999999999999999
190152 99 47  7-13 -9 12 48 91136168176157118 72 34 15 17 39 7311415618624 212QF1147177234719499999999999999 521-141723 1399999999999999
194175134 84 38  8  0 12 39 75115152172168140 99 57 26 13 21 45 7811715224 213QF1220173999999999999999999999 553  018 5 1399999999999999
175175152114 71 37 20 22 40 68101133158166153123 85 49 26 20 30 52 8211324 214QF 031178125216699999999999999 622 191850 2099999999999999
141155150128 97 66 45 40 50 70 94120142155153136109 77 50 34 31 41 58 8124 215QF 115155132415699999999999999 648 401939 3199999999999999
104123130125108 87 69 61 64 77 94112129141145139124102 77 57 46 44 50 6124 216QF 2 4130135514599999999999999 712 602043 4499999999999999
 75 91102108105 97 87 79 79 86 97108119128133133128118102 85 69 58 53 5324 217QF 311108143513499999999999999 733 782232 5399999999999999
 58 65 75 84 92 96 96 94 93 95100106111116120123125124120109 95 80 67 5624 218QF 534 96162612599999999999999 752 93999999999999999999999
 50 49 54 62 73 86 97104106106105104103104106110115122128128120105 87 6824 219QF 827106183012999999999999999 038 49121110399999999999999
 52 42 39 44 55 71 90107116118114106 97 92 91 95103114127137139130111 8624 220QF 843118194014099999999999999 151 391340 9199999999999999
 61 41 30 29 38 56 79104122129125112 97 83 77 78 8710212013815014913410824 221QF 9 6129202815199999999999999 234 281416 7699999999999999
 77 48 27 19 24 41 65 95121137137124102 81 66 62 70 8610813115216115413124 222QF 93113921 716199999999999999 3 5 191447 6299999999999999
 98 61 31 15 14 27 51 83115139147137114 85 62 50 54 69 9211914616416715124 223QF 955148214016899999999999999 333 121516 5099999999999999
120 80 43 17  8 16 39 70105136153149127 96 65 45 40 52 7410313315917216624 224QF1019154221117299999999999999 359  81545 4099999999999999
140101 59 26  8 10 28 58 94129152157140109 74 46 33 37 57 8511714816817224 225QF1042158224017399999999999999 424  71614 3299999999999999
155120 79 40 15  9 22 49 84120148160151123 87 53 32 28 42 67 9913115817024 226QF11 316023 817099999999999999 448  91642 2799999999999999
162136 98 58 28 14 20 43 75110142160158136101 65 37 25 31 51 8011214116024 227QF1124161233716499999999999999 511 141710 2599999999999999
163145114 77 44 25 24 40 68102133156161146116 80 48 29 27 40 64 9312114524 228QF1145161999999999999999999999 533 221738 2699999999999999
155148125 93 62 39 32 42 65 94124148159152128 96 63 39 29 34 52 7610112524 229QF 0 615512 715999999999999999 554 3218 8 2999999999999999
140142129106 79 56 45 48 65 89115139153153138111 81 54 38 35 45 63 8310424 3 1QF 037143123015599999999999999 617 441841 3599999999999999
120128125111 92 73 60 58 68 86108128143149142123 99 73 53 43 45 55 69 8524 3 2QF 113128125814999999999999999 640 581922 4299999999999999
 99109113109100 88 77 72 75 87102118131139139131115 94 74 59 52 53 60 6924 3 3QF 159113133214099999999999999 7 7 722020 5199999999999999
 78 87 94 98 99 96 92 88 87 91 99108118126131131125114 99 83 69 60 57 5724 3 4QF 341 99143113299999999999999 742 872221 5799999999999999
 60 65 71 80 88 96102104103101100101104109116123127128122111 95 79 64 5324 3 5QF 7 010416371289999999999999910 1100999999999999999999999
 47 45 48 57 70 87104116120116108 99 92 91 96106118131139138128108 85 6124 3 6QF 759120182914099999999999999 053 451243 9199999999999999
 42 30 27 32 47 69 96120134135123105 87 75 73 81 98120141156158145118 8524 3 7QF 833136193915999999999999999 153 271340 7299999999999999
 52 26 12 11 23 46 78113141152144121 92 66 52 54 70 9612715617617715712124 3 8QF 9 5152203417999999999999999 234 101424 5199999999999999
 77 37  9 -3  2 23 56 97136162165145110 71 42 30 38 62 9713717319319016124 3 9QF 937167212219599999999999999 311 -315 5 3099999999999999
115 65 22 -4 -9  5 34 75121160179169136 90 47 19 13 29 6110314918620419224 310QF101017922 720499999999999999 345 -91545 1299999999999999
155103 51 12 -7 -3 20 56102147179185162118 67 24  2  4 26 6411115819320324 311QF1042186225120399999999999999 418 -81625  099999999999999
183140 88 40  9  2 15 44 84129168188179145 96 46 10 -5  4 31 7111716118824 312QF1113188233319399999999999999 450  117 6 -599999999999999
190164121 74 36 18 21 42 74113151178184164125 77 33  5 -1 13 41 7912115624 313QF1144185999999999999999999999 519 161747 -299999999999999
173167140102 65 41 35 48 72103135162175169144105 64 30 11 11 27 53 8511824 314QF 015174121317699999999999999 546 351830  999999999999999
142151141117 88 65 54 59 76100124146161163150125 92 60 36 26 28 42 62 8624 315QF 057151123916499999999999999 610 541916 2599999999999999
109123126117101 83 72 72 83100118134145150145133112 88 66 50 43 45 54 6724 316QF 14412713 215099999999999999 630 712014 4399999999999999
 82 95103106102 94 87 85 91101113124131135134130121109 93 77 65 59 57 5924 317QF 250106132313599999999999999 645 852157 5799999999999999
 65 72 81 88 94 97 97 97100104110115118120120121121119113103 91 78 68 6024 318QF15401219999999999999999999999999999999999999999999999999
 57 57 62 70 81 92102107110110109107105105105108113120125123115101 84 6824 319QF 847110181712599999999999999 016 5613 410599999999999999
 55 49 49 55 67 84101114120119113104 95 90 89 93102114128136135124105 8224 320QF 821121192513799999999999999 130 481338 8999999999999999
 60 45 39 42 54 73 96117129131122106 90 77 72 76 8710312314014814412610024 321QF 837131201014999999999999999 2 8 3914 3 7299999999999999
 71 47 33 32 42 62 88114135142134115 91 70 59 59 69 8811213615415814612024 322QF 858142204615999999999999999 236 311430 5799999999999999
 87 55 33 25 32 51 78109135150147128100 71 51 44 51 70 9612615116516214024 323QF 920151211916699999999999999 3 1 251457 4499999999999999
106 69 39 23 24 41 68101132154158142113 78 50 34 36 52 7811014116417115724 324QF 942159214917199999999999999 326 221525 3399999999999999
126 87 51 27 21 33 58 92126154165155128 91 55 31 24 35 59 9112615617216824 325QF10 2165221917399999999999999 350 211553 2499999999999999
144107 68 37 24 29 51 83119150169166143106 66 35 20 22 41 7110614016517124 326QF1023170224817299999999999999 413 231620 1999999999999999
156125 87 52 31 29 46 75110144167172156122 82 45 22 16 28 53 8612115016624 327QF1044173231816799999999999999 436 281648 1699999999999999
162139105 70 44 35 44 69101134162174165138 99 61 31 17 21 40 6710013115324 328QF11 6174234915999999999999999 459 351716 1699999999999999
158146120 88 60 45 48 66 93124152169169150117 79 46 25 21 32 53 8010913324 329QF1130171999999999999999999999 522 441746 2099999999999999
146144128103 78 60 56 66 88115140159166156132 99 67 41 29 31 45 65 8811024 330QF 022147115516699999999999999 546 551820 2899999999999999
127133127112 93 76 68 72 86107128146156155141117 89 63 44 38 43 55 72 8924 331QF 1 0133122315799999999999999 612 6819 2 3899999999999999
104114117113103 92 83 81 88102117132143147142130110 88 68 54 49 52 60 7124 4 1QF 15311713 014799999999999999 642 8120 3 4999999999999999
 82 92100104105103 99 95 95100108117126132135133126113 96 79 66 58 56 5724 4 2QF 34910614 913599999999999999 726 9522 2 5699999999999999
 62 69 78 88 99107112111108105103103107112120127132132125111 93 76 61 5224 4 3QF 6211121632132999999999999991019103999999999999999999999
 47 49 56 68 85103119127125117105 94 88 89 96109123137145142128105 80 5824 4 4QF 719127181514599999999999999 016 471224 8899999999999999
 41 34 36 47 66 91118137143135117 94 75 66 68 81102126149163160142112 7824 4 5QF 756143192316499999999999999 118 331319 6599999999999999
 48 28 22 28 46 74108139158157138107 75 51 42 49 7010013416418017615011224 4 6QF 829160201718199999999999999 2 0 2214 3 4299999999999999
 70 37 18 16 30 56 92131163175164131 89 50 25 20 35 6410314517919418315024 4 7QF 9 117521 619499999999999999 236 151444 2099999999999999
105 60 27 14 19 41 75116157183185160116 67 26  4  6 28 6410915518919918124 4 8QF 934187215219999999999999999 311 131526  299999999999999
142 93 51 24 19 33 62100143178194183147 96 45  7 -8  1 29 6911716219119424 4 9QF10 7195223619699999999999999 344 1816 7 -899999999999999
170127 82 46 29 33 55 88126164191194171128 76 28 -2 -9  5 36 7812416318424 410QF1039196231918599999999999999 416 281649 -999999999999999
179151111 73 47 42 55 81113148177191183153108 60 21  0  0 17 48 8712715724 411QF1110191999999999999999999999 447 411731 -399999999999999
168158131 98 70 56 61 79105134160178180165133 92 53 24 11 15 33 61 9312424 412QF 0 1168113918299999999999999 515 561813 1099999999999999
144148136114 90 73 71 82101124145161168163145117 84 54 34 27 34 49 71 9524 413QF 04514912 616899999999999999 540 701859 2799999999999999
116127128118103 89 82 87100117133145153153145130108 83 62 49 45 50 61 7624 414QF 133129123115499999999999999 6 5 821955 4599999999999999
 92104112113108100 94 94101111122131136138137131121106 90 74 64 59 60 6624 415QF 23911313 013899999999999999 629 932119 5999999999999999
 75 85 94102106107105103105109113117121122124125125121112 99 86 75 67 6424 416QF 436107152812599999999999999 7 11032310 6499999999999999
 65 71 79 89100108113114112110108106105106109114120126126120109 94 79 6724 417QF 64611417371279999999999999912 1105999999999999999999999
 60 60 66 77 91106118124123117108 98 92 89 92 99110123133136129114 95 7524 418QF 722124184813699999999999999 030 6013 0 8999999999999999
 61 54 56 66 82101119132135128114 97 83 74 74 82 96114132143145134114 8924 419QF 747135193714699999999999999 116 541332 7399999999999999
 67 52 49 56 72 94118137145141125103 80 64 58 63 78 9912314415415113310724 420QF 811145201615599999999999999 148 4914 1 5899999999999999
 78 56 45 48 63 86113138153154139114 85 60 46 46 59 8110913615616215112624 421QF 833156205116299999999999999 217 451431 4499999999999999
 94 65 47 43 55 77106135157165154129 95 63 41 33 41 61 9012215016616414524 422QF 855165212416899999999999999 244 4315 0 3399999999999999
113 80 54 43 48 68 98130157172168146111 73 43 26 26 42 6910313716217116024 423QF 918173215717199999999999999 310 431529 2499999999999999
133 98 67 48 46 61 88121153175178162129 88 51 26 18 27 49 8211815016916924 424QF 942179222917199999999999999 336 441558 1899999999999999
149117 83 58 48 56 79110144171183175147108 67 34 17 18 34 61 9613115816824 425QF10 718323 316899999999999999 4 2 481628 1599999999999999
159135102 73 56 56 72100132162181182163128 87 50 24 16 24 45 7410813815824 426QF1033184233816299999999999999 429 5317 0 1699999999999999
160146119 90 68 61 69 91120149172181172147110 72 40 23 22 35 57 8611513924 427QF11 2181999999999999999999999 457 611734 2099999999999999
151148131107 85 71 72 86109135158172173159131 97 64 39 28 32 46 67 9211524 428QF 017151113417599999999999999 527 701814 2899999999999999
132139134120101 86 80 86101121142158165162146120 91 63 45 38 43 55 73 9124 429QF 1 4139121216699999999999999 6 0 8019 3 3899999999999999
109122127124114102 93 91 97110125139150154151138117 93 70 55 49 51 60 7224 430QF 2 912713 415499999999999999 643 902010 4899999999999999
 86100112120121116109102100103110119129138144144137122101 81 65 56 54 5824 5 1QF 343121143314599999999999999 7551002146 5499999999999999
 67 79 93108120126125118109102 98100105115126137144143132113 92 73 59 5324 5 2QF 5191261624144999999999999991015 982322 5299999999999999
 54 61 74 92112129138136126111 95 85 82 87 99116134149153145126101 76 5824 5 3QF 6221391752153999999999999991151 82999999999999999999999
 48 49 58 75 99124144153147129104 80 64 60 68 86111137158166158135105 7524 5 4QF 7 615319 016699999999999999 027 471250 6099999999999999
 54 44 47 61 84113142163168154125 90 59 41 39 52 7710914316817816713910424 5 5QF 745168195817899999999999999 115 441338 3899999999999999
 71 49 43 51 71100133163181177153113 71 37 20 22 42 7311215017818517013824 5 6QF 821182204918599999999999999 156 431423 1999999999999999
 99 66 48 47 61 87120155182193179144 98 52 19  6 13 38 7411715718318716624 5 7QF 857193213818899999999999999 234 4515 7  599999999999999
131 92 63 51 56 76106141173195196173131 80 36  7 -1 12 40 8012416218318124 5 8QF 933199222418599999999999999 310 501551 -199999999999999
157121 86 63 58 70 95126158186199190160115 66 26  3  1 18 49 8813016317724 5 9QF10 819923 817799999999999999 345 571635  099999999999999
169143110 81 67 70 87113143170190193178144100 56 23  8 11 30 61 9713315824 510QF1043194235216699999999999999 419 661719  799999999999999
166154129101 80 75 84104129154174185181161128 89 52 28 19 26 45 7310413224 511QF1117185999999999999999999999 452 7418 2 1999999999999999
149151138116 96 84 85 98118139157170173165145116 83 55 37 33 42 60 8310824 512QF 036152115117399999999999999 524 831848 3399999999999999
128138137125109 95 90 96110126141153159159150133108 83 62 50 48 56 71 9024 513QF 123139122816099999999999999 556 901937 4899999999999999
108121128127118107 99 98105115127136143147146139125106 87 71 62 61 67 7824 514QF 218129132014799999999999999 635 982037 6099999999999999
 92106117123122117110105105108114120126131135136133123109 93 79 70 68 7224 515QF 327123145213699999999999999 7351042150 6899999999999999
 81 93105116123124121115110106105106109114120127132132126113 99 85 75 7124 516QF 446124163213399999999999999 95910523 3 7199999999999999
 74 82 94108120129131127119110101 95 93 96103113124133136131118102 86 7524 517QF 5511311751136999999999999991155 93999999999999999999999
 71 75 85100116130139140132119104 90 81 79 84 96111127139142136121102 8424 518QF 635140185214299999999999999 0 2 711247 7999999999999999
 73 70 77 91110129144151147133112 91 74 66 66 76 94115134147149139120 9824 519QF 7 7151194015099999999999999 047 701325 6599999999999999
 79 69 71 82102125146159160148126 99 75 58 52 58 74 9712314415615413911524 520QF 736161202215799999999999999 124 6814 0 5299999999999999
 91 74 68 75 93117143163171164143113 82 57 43 42 54 7610513415516415613524 521QF 8 417121 116499999999999999 158 681433 4099999999999999
107 83 69 69 83107135161177178162132 96 63 40 31 37 56 8411614616516715324 522QF 833180213816899999999999999 230 6715 6 3199999999999999
126 98 76 68 75 95124154177187179153116 78 46 28 25 38 62 9412815617016624 523QF 9 4187221617199999999999999 3 2 681540 2599999999999999
145116 89 72 70 85110141170188190173140100 61 34 21 25 43 7110513816317024 524QF 937192225517099999999999999 335 691615 2199999999999999
160135106 82 72 78 97126156181193187163126 84 49 27 20 30 51 8111414516324 525QF1012193233616799999999999999 4 8 721653 2099999999999999
165150124 98 80 76 88111139166186191179151113 74 43 26 25 37 60 8912014624 526QF1050191999999999999999999999 443 751734 2399999999999999
159156140116 94 82 84 99122148170184185169140103 68 42 30 32 47 69 9512224 527QF 020160113218699999999999999 521 811819 2999999999999999
142152147131111 94 87 92107128149167177175160132 99 68 47 38 42 55 75 9824 528QF 111152122217899999999999999 6 4 871910 3899999999999999
120138145141127110 97 93 98110127144159168167153129100 73 55 48 51 63 7924 529QF 2 8146132416999999999999999 658 9320 8 4899999999999999
 99119135142140128113101 95 98106119134148158160150130105 81 64 57 59 6824 530QF 313143144016199999999999999 813 952115 5699999999999999
 83101120136145143133117103 93 90 95106120137151157151135112 90 73 64 6524 531QF 42114516 315799999999999999 950 902225 6399999999999999
 73 87105125143152151138119100 84 77 79 90107127146157155142120 97 79 6924 6 1QF 5211531724158999999999999991116 772330 6899999999999999
 69 78 93113135154164160143118 91 71 61 62 75 95121144159161149127103 8324 6 2QF 6131641838162999999999999991221 60999999999999999999999
 73 74 84102125149168175167144111 79 55 44 47 62 8811714616416815513110524 6 3QF 7 0175194216899999999999999 026 721316 4399999999999999
 85 75 78 92113138163182185171140102 65 39 29 35 55 8411815017017215813224 6 4QF 743186203917499999999999999 115 7514 7 2999999999999999
104 85 78 84101125152177193191170133 90 52 27 20 29 52 8512215517417415624 6 5QF 826194213017799999999999999 2 0 781456 1999999999999999
128101 83 80 91112138165188199191164123 79 42 20 16 29 56 9112916017617224 6 6QF 9 7199221717799999999999999 243 801542 1599999999999999
151122 96 83 84 99123150175194200186154112 69 35 17 18 35 6410013616417524 6 7QF 94820023 117599999999999999 323 811627 1599999999999999
165142113 92 83 90109133159181195195176142100 61 32 20 26 46 7511014216424 6 8QF1029197234316999999999999999 4 2 831710 2099999999999999
168155130105 89 87 98119142165182191185163129 90 56 34 28 38 60 8912014624 6 9QF11 8191999999999999999999999 439 861751 2899999999999999
161159143119 99 89 92107127148166179182172149117 83 56 40 40 53 7510112724 610QF 023162114718299999999999999 515 891831 3899999999999999
147154148131111 97 92 99114132149163171171159136108 79 59 50 54 68 8811124 611QF 1 3154122817299999999999999 552 921911 5099999999999999
131145147139123107 98 97105118133146156161158146126102 80 65 61 67 81 9924 612QF 143148131316199999999999999 633 961952 6199999999999999
118134142142133120107101101108118128138147151148137120101 84 73 72 79 9224 613QF 22614314 915199999999999999 7251002039 7299999999999999
108123136142140131120109103102105112120129137142141132119103 89 82 81 8824 614QF 315142151914299999999999999 8411022132 8199999999999999
100114129140144142133122110102 98 98103110120130137138132121107 95 88 8824 615QF 4 91441640138999999999999991025 982233 8799999999999999
 94106121135146150146137123108 96 89 88 92101114127136140136125112 99 9224 616QF 5 31501759140999999999999991148 882333 9199999999999999
 92 99112128144155158152138120102 87 78 76 82 9411112714014514113011410124 617QF 55115819 4145999999999999991244 76999999999999999999999
 93 94103119138155165166156137114 91 74 65 65 74 9111213314815314713211424 618QF 634167195815399999999999999 026 921330 6499999999999999
 99 92 95108128149167176173157131103 78 60 52 56 70 9211814115716015013124 619QF 714176204416199999999999999 113 921410 5299999999999999
111 96 90 97115138162180185177154123 90 63 46 42 50 70 9712615216616515024 620QF 755185212716899999999999999 156 901450 4299999999999999
127105 91 89101123150175191192177148111 76 49 35 35 48 7310413616217316724 621QF 83619422 917399999999999999 236 881530 3399999999999999
147120 97 86 90107133162186200196175140 99 63 37 27 32 50 7911314617017624 622QF 919200225017699999999999999 316 851610 2799999999999999
164139111 90 83 92114143172195205196169130 87 52 29 23 33 56 8712315517424 623QF10 4205233217799999999999999 356 831652 2399999999999999
175158130103 85 83 97122151179200206193162120 78 44 26 25 39 64 9713116024 624QF1050206999999999999999999999 437 821734 2499999999999999
175170149121 96 83 86102128156182200202186153111 71 42 29 33 49 7510713924 625QF 015175113920499999999999999 519 821817 2999999999999999
163172163140113 92 83 89106130156180195195176144105 70 46 38 45 63 8811724 626QF 059172123019799999999999999 6 6 8319 1 3899999999999999
145164168156134109 91 84 91106128151172185184166136102 73 55 51 60 7710024 627QF 145168132518799999999999999 7 0 841946 5199999999999999
126149163164151130108 91 85 90102121142161173172157132104 80 67 67 76 9224 628QF 233165142717599999999999999 8 3 852034 6699999999999999
112134153164163150130108 91 83 85 94110129148161162151132109 91 81 82 9024 629QF 325165153816399999999999999 920 832127 8099999999999999
104122141157166165152132109 90 79 77 83 97116135150155150135117102 94 9424 630QF 4231671659155999999999999991043 762229 9399999999999999
101114130147162171169156134109 86 72 67 71 8510412514315315214112611110324 7 1QF 52217218241549999999999999912 0 67233810199999999999999
102108120136153169178176161136107 81 62 55 60 74 9612014215615814813211724 7 2QF 62117819391589999999999999913 6 55999999999999999999999
107105111124141160177186182164135102 73 53 45 51 67 9212014616216415313524 7 3QF 716186203916599999999999999 04410414 3 4599999999999999
117105104111127147167185193187165132 95 64 43 37 45 66 9412515316916915524 7 4QF 8 8193212917199999999999999 1411031454 3799999999999999
133112101101112131153175192199189163125 86 54 35 33 45 6910113516317617024 7 5QF 856199221217699999999999999 230 991539 3299999999999999
151126104 95 99114136160182199202187155115 76 45 31 34 51 7911314717117824 7 6QF 941202225117899999999999999 313 941620 3099999999999999
166142115 96 90 99119143167189202199179144102 65 40 31 40 62 9312715817624 7 7QF1023203232717899999999999999 352 901657 3199999999999999
175156129104 89 90104126150173192200191166129 89 57 39 38 53 7811014116624 7 8QF11 1200999999999999999999999 428 871732 3699999999999999
175166143116 95 87 93110133157177191193179150113 78 53 44 50 69 9612615324 7 9QF 0 0175113719499999999999999 5 3 8718 4 4499999999999999
169169154129106 90 88 99118140160177185181162133100 72 56 54 67 8811414024 710QF 030171121218699999999999999 538 871835 5399999999999999
160167160141118 99 90 93106124142160172175166146119 92 72 64 69 8510613024 711QF 1 0167124817599999999999999 615 9019 6 6499999999999999
150162162150131111 97 93 98110125141155163163152133111 91 78 77 8610212224 712QF 129164132816499999999999999 657 931938 7699999999999999
141156162157143126109 98 96101111123135146152150141126109 95 88 9110111624 713QF 2 2162141815299999999999999 747 962014 8899999999999999
133148159160153140124109100 97100107116127137142142135125112103 9910311224 714QF 241161152614399999999999999 855 9721 0 9999999999999999
125139153160161153140125110100 95 9610010711812813613813612911911210911124 715QF 33116117 1138999999999999991027 9522 510999999999999999
118130143156163163156142126110 97 90 87 90 9811012313414114113612711911424 716QF 4311641837142999999999999991159 87232711399999999999999
114120132146160168169161146126106 90 80 76 79 8910412213714815014413312224 717QF 53417019461509999999999999913 5 76999999999999999999999
114113120133151166176177167148124100 80 67 63 69 8310312614615816015013524 718QF 634178203716199999999999999 0391131356 6399999999999999
119109109118136157175187187173149119 89 66 53 51 60 8010613415817016815224 719QF 730188212017199999999999999 1341081441 5099999999999999
131112101103117140165186199197178147111 77 51 39 41 56 8111314617118017124 720QF 82220022 018099999999999999 2211001522 3899999999999999
149122101 92 98118146174198210205180142100 62 37 28 36 57 8812516018318624 721QF 913211223918899999999999999 3 5 9216 3 2899999999999999
169140110 89 84 96121152184209220209178133 87 50 27 24 37 6410014017419224 722QF10 1220231619299999999999999 347 831642 2399999999999999
186162127 96 78 79 96125159192217223207170122 76 41 24 27 46 7711615518524 723QF1049224235419499999999999999 429 761721 2399999999999999
194180150114 85 71 77 98128163196218220198158111 68 40 30 40 63 9513316824 724QF1136222999999999999999999999 512 711758 3099999999999999
190191170137102 77 69 78100130164194212209184145102 66 47 45 59 8411514924 725QF 031193122321399999999999999 558 691834 4499999999999999
177190183159126 95 75 70 81102129159185198192168133 98 72 61 66 8310613324 726QF 1 9190131219899999999999999 646 701910 6199999999999999
160180185173149119 93 77 74 83101124150170179173153126101 84 81 8910512524 727QF 14818514 618099999999999999 742 731946 8199999999999999
146166178178166144118 96 81 78 84 9711613615316015714412610910010110912224 728QF 231180151216199999999999999 850 782026 9999999999999999
137153166174173163144122101 87 80 82 9010412113614514714113112111611712324 729QF 3251751643147999999999999991018 80212011699999999999999
132142154165172172165149128107 90 79 76 81 9210712313714514514013312712524 730QF 4361731832146999999999999991154 7623 012599999999999999
127133141152163172176171156134110 89 74 68 71 82 9911813715015414914013124 731QF 5581761954154999999999999991311 68999999999999999999999
125124128138150164177183179163137109 84 66 58 62 76 9712114516016315614224 8 1QF 7 8183204516499999999999999 04212314 8 5899999999999999
127117115122134151169185192186166136103 74 55 50 58 7610213215717217015624 8 2QF 8 5192212417399999999999999 1431151453 5099999999999999
136117106106117134155177194200190164128 91 62 46 45 59 8311414717118017124 8 3QF 853201215818099999999999999 2281041530 4499999999999999
149123103 94100116139163187203205187155114 77 50 40 47 68 9713216318218224 8 4QF 935206223018599999999999999 3 6 9416 4 4099999999999999
164136108 90 87 99121147173196208202177139 98 63 43 42 57 8311615117718724 8 5QF1012209225918799999999999999 340 861634 4099999999999999
177151119 93 81 86103129156183202207192161120 81 53 43 51 7310313716818524 8 6QF1046207232518799999999999999 413 8117 3 4399999999999999
184164133103 83 78 90112139166189202198176141102 69 52 52 68 9412615717924 8 7QF1117203235018699999999999999 445 781729 4999999999999999
185173147116 90 78 81 97121148172190195183156121 88 65 58 68 9011814717124 8 8QF1148195999999999999999999999 517 771754 5899999999999999
183178158130102 83 78 88106130153173184181164137107 82 70 73 8811213916324 8 9QF 012184121918599999999999999 549 781819 6999999999999999
179180167143116 94 82 84 96114134154168173165147123100 85 82 9111013215424 810QF 036181125217399999999999999 624 811844 8199999999999999
172178172154131108 92 86 90102118134149158159150134116101 94 9811012714624 811QF 1 1178133216099999999999999 7 3 861911 9499999999999999
163173173163146125107 95 91 9610511712914014614513912911810910811312413824 812QF 132175142614699999999999999 751 91194310799999999999999
152164170168158142124109 99 96 9810311112012813413713513112512112112513224 813QF 21417016 613799999999999999 9 1 96203312099999999999999
142153162167165157144128114103 96 94 9610010811812713513913913613212912924 814QF 31616718311399999999999999911 7 94222812999999999999999
132139149159166167162151135118103 92 85 83 87 9711112614014915114613813024 815QF 4451681946151999999999999991248 83999999999999999999999
126126133145159170176173161141119 97 81 71 68 75 8910913215116316315313824 816QF 611176203016499999999999999 0241251345 6899999999999999
123115116126143163180189187171145115 87 65 54 54 66 8711514416717717115224 817QF 71919021 617799999999999999 1251141428 5299999999999999
129110101105121145171193205201179145106 72 48 38 44 63 9212816218518817224 818QF 815206214018999999999999999 21110015 7 3899999999999999
144114 92 85 95119150182209221212182138 93 55 33 29 42 6810514618219919324 819QF 9 6221221420099999999999999 253 851544 2899999999999999
166129 94 74 72 89120157194222231215177127 78 42 25 28 49 8312516819920724 820QF 953232224820799999999999999 334 701619 2499999999999999
189152110 75 59 64 88123164203230234210166113 67 36 27 39 6610414718720924 821QF1038236232221199999999999999 415 581654 2799999999999999
206177135 92 61 51 62 89127169207229226197150101 61 40 41 60 9012916919924 822QF1123231235621099999999999999 457 511727 3899999999999999
210196161117 78 54 50 65 94130170203218209177135 94 65 55 64 8711715118324 823QF12 8218999999999999999999999 541 491759 5599999999999999
203202181145105 72 55 56 72 98131164190198186158124 94 77 77 9111414016724 824QF 029205125419899999999999999 627 531829 7599999999999999
188197189166133100 75 63 66 79101127153170174163143119101 9510211713515524 825QF 1 2197134517599999999999999 718 621857 9599999999999999
172184186176155129103 84 75 76 8510011813614915214713512211511512313514724 826QF 138186145215299999999999999 822 74192611499999999999999
159169175174167152132112 96 87 84 86 9510712013113713913613112913113614224 827QF 22617516481399999999999999910 1 8420 312999999999999999
148154160165167164156141124107 94 85 82 86 9410612013314114414314113913824 828QF 4 416719 9144999999999999991157 82232213899999999999999
138140145151159166169165152133113 94 81 74 76 8510011913715015515214513724 829QF 55716920 5155999999999999991316 74999999999999999999999
129126128135146159172179175160137111 87 71 65 69 8210312815016316515614124 830QF 710179203716699999999999999 1 712614 5 6599999999999999
125115112117130147166183190183163133102 75 60 58 68 8811514316617516915124 831QF 8 219021 517599999999999999 1491121440 5799999999999999
128109 98100112130154177195199185157121 86 61 51 56 7410113316218118116524 9 1QF 844199213218399999999999999 222 9715 9 5199999999999999
138110 91 85 93112137165190204201179143104 70 51 49 63 8812015418019017924 9 2QF 920205215819099999999999999 253 851536 4899999999999999
152120 91 76 78 94119148178201208195165124 85 57 47 55 7810914417519218924 9 3QF 953208222219399999999999999 324 7516 2 4799999999999999
167133 99 75 68 78100130161189206204181145104 70 52 53 7110013416719019524 9 4QF1024208224419599999999999999 354 681627 5099999999999999
179148111 81 65 67 84111143173196204191162124 87 63 56 68 9312515818519624 9 5QF105320423 519699999999999999 423 631650 5699999999999999
187161126 92 68 62 72 94123154180195193173140105 78 64 69 8911815017719324 9 6QF1123197232519599999999999999 452 621713 6499999999999999
192172140106 78 64 66 82106134161181187176152122 94 77 75 8911314216918824 9 7QF1152187234619399999999999999 522 631736 7499999999999999
192180154122 92 72 67 75 93117141162174172158135111 92 86 9311113515917924 9 8QF1224175999999999999999999999 553 661759 8699999999999999
188183164137109 86 74 74 86103122141156161156142124108 9910011213015016824 9 9QF 01018813 016199999999999999 626 731823 9899999999999999
179181170151127104 87 81 84 9410812213514414614213212211311111612814215624 910QF 037182134814699999999999999 7 8 81184911199999999999999
168173171160143124106 94 89 91 9810611512313013313413112712412512913714524 911QF 113173153413499999999999999 8 7 89192512499999999999999
154161164163156144129114102 95 93 94 9710211011912713413813813713513513624 912QF 2131651835139999999999999991013 93214713599999999999999
139145152158161160152139124108 96 87 83 83 88 9911312914315115114613813024 913QF 4141611933152999999999999991227 82999999999999999999999
125127133145157167171167152132110 89 74 67 68 77 9411714115916716214813124 914QF 6 017120 716799999999999999 0201251324 6699999999999999
116108111123142162180189183164136104 76 57 50 56 72 9812915917818016614124 915QF 7 9189203818199999999999999 11410814 4 5099999999999999
114 94 88 96116144173197207198171133 93 60 41 39 51 7711114918119518816124 916QF 8 420721 919699999999999999 156 881439 3899999999999999
125 91 71 68 84113150186214223207171124 79 46 31 36 57 9113217320220718624 917QF 852223214120899999999999999 236 671514 3199999999999999
147102 66 49 54 78115158199227231207163111 66 37 31 44 7411315819621620824 918QF 939232221321799999999999999 316 481548 3099999999999999
174126 79 45 34 47 77119165207232228197149 98 58 39 42 63 9813918121221924 919QF1023234224622099999999999999 357 341621 3799999999999999
199156105 60 33 29 47 81124170208226215180134 89 59 51 63 8912516419821724 920QF11 8226231821899999999999999 439 271653 5099999999999999
212182137 88 49 30 33 54 87128170200209194160120 87 69 71 8911714918120424 921QF1152210234921199999999999999 522 291723 6899999999999999
211196163120 79 49 37 44 64 94129162184186170143113 92 86 9611614016518624 922QF1238188999999999999999999999 6 7 371751 8699999999999999
198196177147112 80 59 52 59 75 9912514916216215013111310410711913615417024 923QF 020199133016499999999999999 657 52181610499999999999999
181184178162138112 89 74 69 73 83 9911713214114313712812011912513514615624 924QF 052184144214399999999999999 8 1 69184011999999999999999
164168168164154138119102 90 83 82 86 9410511612613213413313113313614014424 925QF 134169165713499999999999999 944 8219 613199999999999999
148150153155157154145131116102 90 84 82 86 9510712013214014214214013713524 926QF 3531571917142999999999999991144 82999999999999999999999
133133136142150158160155142125106 90 79 75 79 9010612514115115314813912824 927QF 550160194315399999999999999 0231331258 7599999999999999
120116118125138153166171164148126102 81 70 68 76 9211513815616315914612824 928QF 65817120 716399999999999999 1111161339 6899999999999999
112102100107122141162177180170147118 90 70 61 66 8010413115617117115713524 929QF 745181203117399999999999999 13910014 9 6199999999999999
110 92 84 89103125151174188186168138104 76 59 58 70 9312215217418117114724 930QF 824189205518199999999999999 2 7 841435 5799999999999999
117 89 73 72 84107135164186195185158122 87 63 54 62 831121451731881841612410 1QF 858195211818899999999999999 235 7115 0 5499999999999999
128 94 69 60 67 87116148177195195176142104 72 56 57 751031371681891931762410 2QF 930198214019499999999999999 3 4 601525 5499999999999999
143105 73 54 54 69 96129162188198188160123 87 63 57 69 951281611871971872410 3QF10 119822 119799999999999999 332 521549 5799999999999999
159120 83 56 47 55 77109143174193193174141105 76 62 67 881191531821981952410 4QF1031195222119999999999999999 4 1 471613 6199999999999999
172136 97 64 47 47 63 90122155180190180155122 91 72 70 841111431731941982410 5QF11 1190224319999999999999999 429 441637 6899999999999999
183152113 78 54 46 54 75103134162178179163137108 85 77 851061341631861962410 6QF113218123 619699999999999999 458 4617 1 7799999999999999
189165131 95 67 52 52 66 88114140161169164146122101 88 891031261521741882410 7QF12 5170233119099999999999999 528 501725 8799999999999999
188173146114 85 64 57 63 78 98120140153155147132115102 981051211421611752410 8QF1244156999999999999999999999 6 2 571751 9899999999999999
181175157133106 83 69 67 74 871031191321401411351261161101111201341481612410 9QF 0 0181133714199999999999999 644 66182010999999999999999
169169162147127106 89 78 77 81 90100110120127131131127123121123129137145241010QF 036170153013199999999999999 744 7619 312199999999999999
152157158154145131114 98 88 82 82 85 91 98108119128135136135131129128129241011QF 143158175413699999999999999 937 82215312899999999999999
133139146152154151141126109 93 82 75 74 78 88102119135147150145135125116241012QF 4 21541851150999999999999991143 74999999999999999999999
113116125138152163165156138115 93 75 64 61 68 83104129151163163150130110241013QF 544165192716599999999999999 0 11131245 6199999999999999
 96 92 98114136159176182172148117 86 63 51 51 64 86116147171180171146115241014QF 651182195918099999999999999 053 911327 5099999999999999
 87 70 69 82107139170193198183152113 76 51 42 49 69100136170192192171134241015QF 746199203119599999999999999 135 6814 4 4299999999999999
 93 61 45 50 71105145182207209188149104 66 43 40 55 83120160193207196161241016QF 83621121 420899999999999999 216 451439 3999999999999999
114 68 36 26 37 66107153193216213184140 94 58 43 48 70104145184211214190241017QF 923218213721699999999999999 257 261514 4299999999999999
145 92 46 18 14 32 67112159198216207173128 85 57 51 64 92129168202218210241018QF10 9217221121999999999999999 340 131548 5099999999999999
176125 73 31 10 13 35 72118163197208192158116 81 63 66 86116151185209215241019QF1055208224421599999999999999 423  91621 6299999999999999
196157108 60 26 13 20 45 80122161187191173141107 83 76 86109138167192205241020QF1140192231720699999999999999 5 7 131653 7699999999999999
201178140 96 57 32 24 34 57 89123154171170153128104 91 92107129152173188241021QF1227173235019299999999999999 553 241723 9099999999999999
192183160127 91 62 44 41 51 69 94120141152150138120107102109123140156169241022QF1320153999999999999999999999 643 41175210299999999999999
175175165146121 94 73 61 58 65 78 95113128136136129120114115122132142151241023QF 025176143013799999999999999 744 58182311399999999999999
156159158152139122103 86 76 72 74 82 93105117126130129125123124127131135241024QF 116159161313099999999999999 9 7 72191412399999999999999
138140143146146140128113 98 86 79 77 80 88100113124132135133130126123121241025QF 32714718 0135999999999999991049 77234912099999999999999
120122126134142147145136121104 89 79 75 77 86100116131141144139131120111241026QF 51614718501449999999999999912 5 75999999999999999999999
105104108117131144153152142124104 85 73 70 76 89107127144153151141124107241027QF 626154192015499999999999999 0431031251 7099999999999999
 93 87 89 99115135152161158144121 97 77 67 68 79 98122144159163154134110241028QF 716162194616399999999999999 115 871324 6699999999999999
 88 74 72 80 97120144162169161140112 86 68 63 71 89114141162172167148119241029QF 758169201017299999999999999 144 711353 6399999999999999
 90 68 58 62 77102130156172173158131100 75 62 64 80106135161178179163133241030QF 834175203418199999999999999 213 581420 6199999999999999
 99 69 50 47 58 81111142167178172149117 87 66 61 73 96127157179187177149241031QF 9 8179205618799999999999999 243 461448 6199999999999999
113 76 50 38 43 62 91124155176180164136103 76 63 67 871161491761911881652411 1QF 941180212019299999999999999 312 371515 6399999999999999
130 90 56 36 32 45 70103138166179174152120 90 70 66 801061381681901941792411 2QF1014180214419599999999999999 342 321542 6699999999999999
148108 69 41 29 34 53 83117149171176163137106 81 70 76 961261571821951882411 3QF1047176221119599999999999999 412 2916 9 7099999999999999
164127 87 54 34 30 42 65 95127154168166148122 96 79 77 901151431701881902411 4QF1122170223919299999999999999 443 301637 7699999999999999
175146109 73 46 34 37 53 77105133153160153134111 92 83 891061301551751852411 5QF12 0160231018599999999999999 516 3317 6 8399999999999999
180160129 95 65 46 40 47 64 86110132145148140124106 94 921021201401591722411 6QF1244149234617699999999999999 554 401738 9199999999999999
175166146118 89 65 51 49 57 72 901091251351371311191071011031121271421552411 7QF1343137999999999999999999999 639 48181810099999999999999
163163155138115 90 70 59 58 64 75 891031171271311291221141091101161251352411 8QF 03416415 913199999999999999 740 57192210999999999999999
144151153149137118 97 79 67 63 66 73 84 971111241321341291211141101101132411 9QF 154153164313499999999999999 9 5 63213210999999999999999
121130140147149142127107 87 72 64 63 68 79 94112129141144138126112100 94241110QF 3441491749144999999999999991039 632322 9499999999999999
 95103116132147155152138116 93 73 61 58 64 77 97120142155157145125102 83241111QF 5161551835158999999999999991150 58999999999999999999999
 73 74 85105129152165164149123 95 71 57 55 64 82107135160172167147116 84241112QF 627167191517299999999999999 023 721241 5499999999999999
 59 49 53 71 98130159176175157126 93 67 53 55 69 93124155179186173141100241113QF 728178195218699999999999999 112 481324 5299999999999999
 62 36 27 37 61 96134167186183160124 89 63 53 60 80110144175195195171129241114QF 822187202919899999999999999 157 2714 4 5399999999999999
 82 41 16 11 27 57 97140174191184157119 83 61 57 70 95128163192205195162241115QF 91219221 620599999999999999 242 111443 5699999999999999
114 64 24  3  4 24 58101145178191179148111 79 63 65 84113146178201206188241116QF10 1191214420799999999999999 328  11521 6299999999999999
149 99 50 14 -1  4 28 64107148177184168137103 77 68 77100129160187202199241117QF1048184222220499999999999999 413 -21558 6899999999999999
175134 86 42 13  3 12 37 73113148170172154124 96 78 77 91115142167187195241118QF113417423 019599999999999999 459  31634 7699999999999999
186159120 77 40 18 14 26 50 82116145159157139114 93 83 88104126148167180241119QF1220160233918399999999999999 545 1317 9 8399999999999999
182170144109 73 45 29 29 41 63 90117138147142126107 94 91 99114132148160241120QF13 8147999999999999999999999 632 271745 9099999999999999
167166154131103 75 53 43 45 56 74 95115130135131119106 98 98106118130140241121QF 02216814 113599999999999999 721 421826 9799999999999999
148152150141123101 79 63 56 58 67 81 97112124128125117108103104109115122241122QF 11615215 412899999999999999 817 56192410399999999999999
129134138139133120103 86 73 67 67 74 85 98111122127125120112107104104106241123QF 236139161612799999999999999 923 66212910499999999999999
110115122129132130121107 92 79 73 72 78 88101114125131130124115106 98 94241124QF 4 91331723132999999999999991034 722341 9399999999999999
 93 96103114124131132124111 95 82 74 74 80 91106122134139137127113 98 86241125QF 5321331812140999999999999991136 73999999999999999999999
 79 78 84 96111126135136128113 96 81 73 74 83 98117134146149141125105 85241126QF 637137184814999999999999999 036 781225 7299999999999999
 70 63 65 76 93113131142142131112 92 77 71 76 89109131148157155141117 91241127QF 729143191815899999999999999 116 6313 5 7199999999999999
 68 53 49 57 74 97121140149145130107 86 73 70 80100124147163167156133103241128QF 813150194716799999999999999 151 491341 7099999999999999
 73 51 39 40 54 77104131150155146125100 79 69 73 89113140163174170151120241129QF 852155201617599999999999999 224 381415 6999999999999999
 86 55 35 28 36 56 84115142158157142116 90 72 68 78101129157176180168140241130QF 929160204718199999999999999 257 281447 6899999999999999
103 67 38 23 23 37 63 95127152162155133105 81 68 71 881151451701841811592412 1QF10 5162211918599999999999999 330 211520 6799999999999999
125 85 50 26 17 24 43 73106137158161147122 94 74 68 781001301581801861752412 2QF1042162215318699999999999999 4 4 171553 6899999999999999
147108 69 37 19 16 29 52 84117144158155137110 85 71 72 881131421671831832412 3QF1120159223018599999999999999 439 151626 7099999999999999
165133 93 56 29 17 20 37 63 93123145154146125100 80 73 79 981241501701802412 4QF12 0154231018099999999999999 516 1617 2 7399999999999999
175153119 82 48 27 20 28 47 72100125143146136116 94 80 77 881071301511672412 5QF1245147235617399999999999999 556 201741 7799999999999999
173164142109 75 46 30 28 38 56 79103125138139128110 93 83 83 931101291462412 6QF1335140999999999999999999999 640 271828 8199999999999999
159163154133104 73 50 37 37 47 64 84105123134135125109 95 86 86 931061222412 7QF 050163143213699999999999999 730 361931 8499999999999999
136148153146128103 77 56 46 46 55 70 87106123134135126112 97 86 83 86 962412 8QF 157153153613599999999999999 827 452058 8399999999999999
109123137144142128107 84 65 55 55 62 75 91110127138140131115 97 82 74 732412 9QF 317145163914099999999999999 933 542233 7299999999999999
 80 93110127139141132114 92 74 63 61 67 79 96116135147148137117 94 73 59241210QF 4421421737149999999999999991043 612350 5699999999999999
 56 62 77 98120137144139122100 81 68 65 72 85104126146158158143117 86 59241211QF 6 31451828160999999999999991148 65999999999999999999999
 42 37 45 63 89117139150146130106 85 71 68 76 92114138159171166145112 75241212QF 715151191517199999999999999 052 371246 6899999999999999
 44 24 20 31 54 84117144157153134109 85 71 70 80100125151172181172144104241213QF 81615820 118199999999999999 146 201337 6999999999999999
 63 29 10  8 22 49 84121150163157135107 83 70 71 85108136163183188173139241214QF 911163204618899999999999999 236  61424 6899999999999999
 95 51 17 -1  1 19 50 88127156166156131101 78 68 73 92118146172189189168241215QF10 0166213119199999999999999 325 -215 7 6899999999999999
130 84 40  8 -5  1 23 56 96134159165150122 92 72 67 78 99126154177190185241216QF1045166221419099999999999999 411 -51548 6799999999999999
159119 72 32  5 -3  7 32 67106140159158139110 83 68 69 84107134159178185241217QF1127162225718599999999999999 455 -31627 6799999999999999
175146106 62 27  7  5 20 46 80115143155148125 98 77 68 74 92115138159173241218QF12 7155233817699999999999999 536  417 4 6899999999999999
175161131 93 55 27 14 18 36 62 93122142146134112 89 73 71 81 99120139155241219QF1245147999999999999999999999 614 141741 7099999999999999
164161144115 82 51 32 26 35 54 78104126138136122102 84 74 76 87103120135241220QF 018164132213999999999999999 651 261820 7499999999999999
146151145128102 75 52 40 41 52 70 91111127132127113 96 83 78 81 91103116241221QF 05915114 013299999999999999 728 3919 5 7899999999999999
127135137130115 94 73 58 52 56 67 83101116126128121108 95 85 81 83 90 98241222QF 145137144112899999999999999 8 6 5220 5 8199999999999999
107116123124119107 92 77 66 64 68 79 93107119126126119108 96 86 81 81 83241223QF 245124152912799999999999999 851 632139 8099999999999999
 89 96105112115113106 94 83 75 73 77 86 99112123129128122110 97 86 77 73241224QF 4 8116162612999999999999999 949 732330 7299999999999999
 73 77 86 96106112114109100 90 82 79 82 91103117128134133126112 96 81 69241225QF 54311417241359999999999999911 0 79999999999999999999999
 62 61 66 77 91104115119115106 95 85 81 84 93107123135142140129111 91 72241226QF 7 2119181614299999999999999 041 6012 8 8199999999999999
 57 49 49 57 72 91109122127122110 96 85 80 84 96113131145150145130107 81241227QF 8 012719 215099999999999999 130 4813 4 8099999999999999
 59 43 36 39 52 72 96117132135126110 93 80 76 84100121142156159149127 98241228QF 845135194415999999999999999 212 361350 7699999999999999
 69 44 29 25 33 51 77105129142140126105 85 73 73 85107132154166165149120241229QF 925143202616899999999999999 250 241431 7199999999999999
 86 53 29 16 17 31 55 86117140149142121 96 76 66 72 90116143165175168145241230QF10 214921 817599999999999999 327 1515 9 6699999999999999
110 72 38 15  7 14 34 64 98130150152137111 84 65 61 73 96126154175181168241231QF1038154215018199999999999999 4 2  71545 6199999999999999
