129 87 52 31 29 46 7912016018920119717915312810910210812514817118618917524 1 1QG1012202213919099999999999999 336 2716 210299999999999999
149115 82 56 44 50 7110414117319219618516514011810410110912514616517617424 1 2QG1045196222317799999999999999 410 44164610099999999999999
160137109 84 66 62 72 95125155179190188175154131112100 9810612113915516324 1 3QG1121191232116499999999999999 448 621741 9799999999999999
161151133112 93 82 82 93114139163180186181167147124106 94 91 9811112814324 1 4QG12 3186999999999999999999999 532 811847 9199999999999999
152154148137122108 99100109126146165178182177162141118 98 84 79 84 9711524 1 5QG 045154125518299999999999999 629 981958 7999999999999999
133147155155148136123114112118131148165177181175160137110 86 69 62 67 8224 1 6QG 231156135618199999999999999 74711221 4 6299999999999999
104128149163168163151137124118121131148165179184177159131 99 69 49 41 4824 1 7QG 358168145818499999999999999 91311822 0 4199999999999999
 69 98131159178185179164144127117118130148169185191182158123 84 49 25 1924 1 8QG 5 118515541919999999999999910251162250 1999999999999999
 32 60 99139174196201192171145124112114129152178196201187156113 66 25  124 1 9QG 55120216462019999999999999911221112336 -399999999999999
 -1 19 57105153192213215199171140115104110131161190210211191151 99 46  324 110QG 63521717342139999999999999912 9104999999999999999999999
-19-15 14 61117170209227222199164129104 96108136172204223219191143 84 2724 111QG 717228182122499999999999999 021-211252 9699999999999999
-16-33-21 17 72133187223235222191151115 93 91110144184217233223187133 6924 112QG 75823519 823399999999999999 1 5-331334 8999999999999999
 12-26-36-16 29 89152203232236215178135100 83 8811315219422523622017912124 113QG 837238195423699999999999999 149-371417 8299999999999999
 58  5-26-28  0 49110170215235229202161118 87 76 8711615719822623121016724 114QG 916236204223399999999999999 233-3115 0 7699999999999999
110 52  7-14 -8 25 75133186220230216184142103 77 71 8611815819621921919624 115QG 954230213122299999999999999 316-151546 7099999999999999
154104 55 21  9 22 55103154196219220200165125 90 69 68 8511615318620320124 116QG1031222222420599999999999999 358  91635 6699999999999999
180145104 67 43 39 55 87129170200212206183149112 82 65 65 8110914216918424 117QG11 8212232518599999999999999 441 381730 6399999999999999
183167141111 86 71 72 88115147177197201191168137104 77 62 61 75 9812615024 118QG1149202999999999999999999999 527 701833 6099999999999999
164168160144126109100102113133156176189190180159131101 75 59 55 64 8410824 119QG 047168123719199999999999999 622 991946 5599999999999999
132150160161155143132124123128140156171181183174156130100 72 53 46 51 6824 120QG 238162134218399999999999999 74212221 4 4699999999999999
 93120144161169169161150139132132138150164176181175158131 98 67 44 33 3724 121QG 42517015 018199999999999999 9331312213 3299999999999999
 55 84116147170182183174159143131126131144161177185180161131 93 57 30 1924 122QG 534184161018599999999999999105912623 9 1999999999999999
 25 48 83122158184196194179158136121116124142164184193186163126 83 43 1524 123QG 61919717 61939999999999999911521162354  799999999999999
  7 19 50 92137175199206197175147122107107122146174195202190160116 67 2624 124QG 6552061753202999999999999991231105999999999999999999999
  2  1 22 62110157192210209191161130106 96104126157188207208188149 99 4824 125QG 725212183321199999999999999 033 -213 3 9699999999999999
 10 -6  3 35 82133178207215203176141110 92 91108137172202216208178131 7824 126QG 75221519 921699999999999999 1 8 -61333 8999999999999999
 30  0 -4 17 57109159198216212189155119 93 83 9211715218821221719916010924 127QG 818217194321899999999999999 141 -614 1 8399999999999999
 58 18  0  8 39 86138183211216199168131 98 80 80 9913116819921521018213824 128QG 842217201521699999999999999 211 -11428 7899999999999999
 88 43 15 10 30 70119167201215207180144108 82 74 8410914417920421019516124 129QG 9 6215204821099999999999999 240  91457 7499999999999999
116 71 37 23 31 60103149188210210190157120 89 72 73 9012015418420019717524 130QG 929213212120199999999999999 3 8 221528 7099999999999999
140100 64 43 40 58 92134173200209197170135101 77 68 76 9812815818118918024 131QG 954209215818999999999999999 336 3916 1 6899999999999999
156125 93 68 58 65 88121157187202199179150117 88 71 68 8010213015517117424 2 1QG1020203224217599999999999999 4 5 581640 6899999999999999
163143118 95 81 79 91114143170189194184162134105 81 69 69 8110212514615824 2 2QG1049194234116199999999999999 437 781728 6899999999999999
160153139122107100102114133154173183183171150125 99 79 68 68 77 9411413224 2 3QG1125185999999999999999999999 518 991832 6799999999999999
145151150144134125120121128141155168174173163145123 99 78 65 61 66 80 9924 2 4QG 120152121917599999999999999 6211191956 6199999999999999
119137150157157152144136132133139149160168170164149127101 76 56 46 47 6024 2 5QG 330158134617099999999999999 8191322122 4599999999999999
 82109136158172176171159145134128131140154167175173159134102 68 41 25 2524 2 6QG 45417615201769999999999999910121282231 2399999999999999
 41 70107144174192196186167144125116119133154176189189173141 99 55 20  024 2 7QG 54519616311919999999999999911161152325 -299999999999999
  2 25 65113159195213212193164132109 99108131162191209208185144 91 38 -324 2 8QG 62621517282119999999999999912 1 99999999999999999999999
-22-13 19 70128180216230220191151113 88 84101134174210229224193141 79 2024 2 9QG 7 4230181823099999999999999 012-221242 8399999999999999
-22-35-18 26 86150203235239217177129 89 68 72 99142189227244232192132 6524 210QG 73924119 524499999999999999 056-351321 6699999999999999
  6-30-34 -7 45111175224245237204154103 65 51 6510115120223925023018312024 211QG 813246195125099999999999999 138-3714 0 5199999999999999
 53  1-25-19 17 75141200237245224181127 77 46 41 6310615920924024421816924 212QG 846246203724699999999999999 218-271440 4099999999999999
108 49  8 -5 11 52109169217239233202154100 57 35 39 6711216420723122819924 213QG 917241212323399999999999999 257 -61521 3399999999999999
153101 55 28 26 49 91143191223231213176127 80 45 32 42 7211616119621220524 214QG 947231221121299999999999999 334 2316 3 3299999999999999
179141101 70 57 63 88126167201217213189151108 69 43 37 49 7811515217818824 215QG101721823 518899999999999999 410 561650 3799999999999999
181162136111 93 89100122151179198203191167134 98 68 49 46 57 8010913615624 216QG1047203999999999999999999999 446 891745 4599999999999999
165163154140127119119128143161177186184173153127 99 75 59 54 60 76 9611824 217QG 020165112318699999999999999 5281181857 5499999999999999
136148154155151146142141143149157165170169162149130108 86 68 58 57 66 8224 218QG 233155122617099999999999999 6471412034 5699999999999999
102123142156164166163157150144142145150157162162155140118 94 70 54 47 5324 219QG 450166143416399999999999999 95914222 3 4799999999999999
 69 93121147167179180174160146133127129139152165171167152126 94 64 42 3424 220QG 54218116 917199999999999999111512723 2 3499999999999999
 41 63 94129161183193189174153131115111118136158177186180159125 86 50 2724 221QG 61319317 81869999999999999911521112345 2199999999999999
 22 36 67107148181200202189164135110 97 99116143172194200188157115 69 3224 222QG 6392041751201999999999999991221 96999999999999999999999
 13 17 41 82129171201211203178144111 89 83 96124159191210209187146 96 4824 223QG 7 2211182721399999999999999 021 121247 8399999999999999
 16  7 23 59107157196216214192156117 86 72 79103140179209221209175126 7324 224QG 72421719 022199999999999999 052  71312 7299999999999999
 30  8 12 41 86139185215221204170128 90 66 64 8311716019822222219915510224 225QG 745222193122599999999999999 120  71336 6299999999999999
 53 20 12 31 70121171209224214184141 98 66 54 65 9413617921222521418013224 226QG 8 622420 222599999999999999 148 1214 1 5499999999999999
 81 41 22 29 59105156199222221196155110 71 50 51 7311015519421821919615724 227QG 826225203222199999999999999 214 211427 4799999999999999
110 67 40 36 56 93141185216223206170125 82 52 43 56 8612716920121320417524 228QG 84722321 421399999999999999 239 351454 4399999999999999
135 94 63 51 60 87127170204219211182141 97 62 43 45 6610114117719820118524 229QG 9 9219213720299999999999999 3 5 511524 4199999999999999
155121 90 71 71 88119155189209209190156116 78 52 43 53 7811214717518818424 3 1QG 931212221618899999999999999 332 691557 4399999999999999
167142115 96 88 96115143172194201192168134 99 69 52 50 63 8711714516417224 3 2QG 95620223 717299999999999999 4 0 881637 4999999999999999
168155137121111110119137158177188187174150122 93 70 58 57 68 8711113314924 3 3QG1026189999999999999999999999 4341091732 5699999999999999
157158152144135130130137147159170175172161143121 98 78 65 60 65 78 9611524 3 4QG 034158111017599999999999999 5271301859 6099999999999999
133148157161159155149145143145150157162164160149132110 88 68 56 52 59 7524 3 5QG 312161124816499999999999999 7551432051 5299999999999999
 98123148167178179173161148137132134143155166171166150125 95 65 42 31 3624 3 6QG 44118015 21719999999999999910101322213 3199999999999999
 55 86123158185199199185162138119111117134157178191189171137 96 54 22  824 3 7QG 52720116231929999999999999911 511123 9  799999999999999
 15 43 86135179209220211185150116 93 88102131167199216213187143 89 38  124 3 8QG 6 32201722218999999999999991145 872356-1099999999999999
-10  5 44 99156204232234212172126 86 65 68 94136183221240231196141 78 2224 3 9QG 6362361812240999999999999991222 63999999999999999999999
-12-16 10 60122184229247236200147 94 54 40 54 93146201241255239195132 6624 310QG 7 8248185825599999999999999 038-181259 4099999999999999
 13-13 -6 30 88153211246251225175115 60 27 23 49 9815921525225923418512124 311QG 739253194326099999999999999 118-141337 2199999999999999
 59 15  1 19 62122184232252241202144 82 33 10 18 5310817022225125022016924 312QG 8 8253202725499999999999999 156  11415  999999999999999
111 60 30 29 54101157209241244219171111 55 17  5 22 6311917621923823019924 313QG 837246211223999999999999999 233 261453  599999999999999
154107 71 55 64 93137184220235224190141 86 40 14 13 35 7612717420621720624 314QG 9 5235215821799999999999999 3 8 551533 1099999999999999
179144111 89 86100128164197218218198162117 73 39 23 28 52 8812916518719224 315QG 932221224919299999999999999 342 851615 2399999999999999
182163141122112115130152177196203195173141106 73 50 41 47 66 9412414916524 316QG 959203999999999999999999999 41511217 5 4199999999999999
169166156146137135139149162175183182173155132107 84 67 59 62 74 9311313224 317QG 0 1169102818499999999999999 4541351813 5999999999999999
146155159159157154152151153157161164163158149135118100 84 73 69 73 8410024 318QG 229160112116499999999999999 6361511959 6999999999999999
118136152163169170166159151145142142146151155154148134116 95 78 67 65 7324 319QG 43717014241559999999999999910191422141 6499999999999999
 90113138160176183180170155139127122126137151163169164148124 97 72 56 5324 320QG 51518316 41699999999999999911 41222241 5399999999999999
 65 88119150176191194183163139118106105117138161179186178156123 88 58 4324 321QG 54119416591869999999999999911311042323 4199999999999999
 45 65 97135171195205197176146116 94 87 96119150179199201185153112 71 4324 322QG 6 32051739202999999999999991156 872356 3499999999999999
 34 46 76117160194212210190156119 88 73 76 97131169200215209182140 93 5424 323QG 6242141813216999999999999991219 72999999999999999999999
 32 34 58 98145188215220204170128 88 63 58 75108151191219224207169121 7424 324QG 645221184522599999999999999 025 301243 5799999999999999
 41 32 47 82129177212226216185140 94 59 45 54 8412717421123022419515010024 325QG 7 5226191623199999999999999 053 3213 7 4599999999999999
 60 39 43 70114163205227225199155105 62 37 37 6010014919522523221417712924 326QG 725230194623399999999999999 120 371331 3499999999999999
 84 54 47 65101148193223230211171121 72 38 26 40 7412117021022922419715524 327QG 746231201723099999999999999 146 471357 2699999999999999
111 76 59 66 93134178213229219186139 88 46 24 27 52 9314218621622320817724 328QG 8 7229204922399999999999999 212 591424 2299999999999999
137101 78 75 91123163199221221197157108 63 32 23 37 6911215719321120918924 329QG 830224212321399999999999999 239 731453 2399999999999999
159126100 89 96118149182207215203172130 85 50 30 31 51 8512616319019919224 330QG 85321622 219999999999999999 3 7 891527 2899999999999999
173148124109107119140167191204201181149111 75 49 38 44 65 9613015917818324 331QG 920205225518399999999999999 33810616 7 3899999999999999
177163146132124127138154173187191183163135104 77 57 50 56 73 9712314616224 4 1QG 952191999999999999999999999 41712417 2 5099999999999999
169169163154146141142147157167175176169155135111 89 71 61 61 71 8710913024 4 2QG 025170104217699999999999999 5251411831 6099999999999999
149163171173169162154148145146152159164165159147128106 84 67 58 59 71 9124 4 3QG 247173123916599999999999999 8 71452024 5799999999999999
117144168184190186173157140129126132145159171175168150124 93 65 46 42 5324 4 4QG 4 5190145417599999999999999 9491262147 4199999999999999
 79114151183203208198175146120103101113137164188199194172136 95 57 32 2624 4 5QG 44920916131999999999999999910391002245 2699999999999999
 43 77122168205224222200163122 89 72 76100137177210224217188142 90 46 2024 4 6QG 5242261711225999999999999991118 712332 1699999999999999
 19 44 88142193228240226189139 89 54 42 57 94144194232246232194140 83 3824 4 7QG 55724018 1246999999999999991156 42999999999999999999999
 17 25 59111169218246245216165106 53 22 20 47 96156212249258237192134 7724 4 8QG 628249184825899999999999999 014 161233 1799999999999999
 38 26 43 85140197238253238195134 70 21 -1  9 4810517022425625823118312624 4 9QG 659253193326199999999999999 054 261311 -199999999999999
 77 48 46 71117171219248248218165100 41  1 -9 11 5711818122925224721617024 410QG 729252201825499999999999999 133 431349-1099999999999999
121 83 66 74104148195231245230191134 73 22 -5 -4 24 7313218722523922819824 411QG 75924521 223999999999999999 210 661428 -899999999999999
158120 95 90104134173209231230205162108 56 18  2 12 43 9014118521221820624 412QG 828233214821999999999999999 246 8915 7  299999999999999
181151125112114130157186210218208179138 93 53 27 20 34 6410414417719419724 413QG 858218223919799999999999999 3221111549 2099999999999999
186168149135129134148168187199199184158124 90 61 45 43 56 8011114116417624 414QG 928201234617999999999999999 4 11291637 4299999999999999
179173164153146143147156167177182178166146122 98 78 65 63 72 8911113315124 415QG10 5182999999999999999999999 4531431740 6399999999999999
163169170166161155151150152156161163162156145130112 96 83 77 80 9010612424 416QG 139170111516399999999999999 6521501912 7799999999999999
142158169174174169160150143139139143149155157153144128110 94 82 79 8510024 417QG 327175135515799999999999999 9261382050 7999999999999999
120142163177184182172156140126120121130144158167168159141118 95 79 73 8024 418QG 41618415351699999999999999910191192157 7399999999999999
 98124152176191194186167143120104100108126149170183183170146116 88 70 6724 419QG 44719516321859999999999999910511002243 6699999999999999
 79104137169193204199180151120 95 82 85103131162188200196175143107 78 6324 420QG 5122041715201999999999999991118 812319 6299999999999999
 66 87120158191210212195164126 91 69 64 79108146182207214201172133 95 6824 421QG 5352131752214999999999999991144 632351 6199999999999999
 61 74104144183211221209179137 94 61 47 55 82122166203223221199161119 8324 422QG 55722118262259999999999999912 9 47999999999999999999999
 64 67 91128171206225221195152103 61 36 34 55 9414218822123222018814610524 423QG 620226185923299999999999999 022 631234 3299999999999999
 76 68 82114156197224229210170119 69 33 20 32 6611316520823223221117313124 424QG 643230193123599999999999999 051 6813 1 2099999999999999
 95 77 81104141182216231221188139 86 41 16 16 40 8313518522023422419615724 425QG 7 723120 423499999999999999 120 761329 1399999999999999
119 93 86 99128166203225226203161109 58 23 10 22 5610315519822422721017924 426QG 732229203922899999999999999 150 8614 0 1099999999999999
144114 98101120151186213224212180134 84 41 17 15 36 7412116820221821419524 427QG 759224211721999999999999999 221 971433 1399999999999999
166137116109118140169197214214193157112 69 36 21 27 52 9013317219820720024 428QG 82921622 220799999999999999 2551091512 2199999999999999
182158137124123134154178198206198175140101 65 41 32 42 66 9913616718719424 429QG 9 320623 119499999999999999 3341221558 3299999999999999
189176159144135135144160177190193184163134101 73 53 46 54 7310113115817724 430QG 947193999999999999999999999 4281341658 4699999999999999
185185177165153144141145154166176180174160138112 87 68 58 60 73 9612214924 5 1QG 026186105618099999999999999 5561411820 5799999999999999
171184189185175160146137134139149161171174167152130105 82 66 61 68 8811524 5 2QG 2 3189125017499999999999999 7511341954 6199999999999999
145173192200196182160137120112116130150169182184173151121 91 68 57 62 8224 5 3QG 311201143918499999999999999 9101122112 5799999999999999
114150183206214205182150117 93 84 91114144175197205195169134 96 67 54 6024 5 4QG 35821415562059999999999999910 3 842212 5399999999999999
 84122164200223225207172128 88 61 54 70103146187216225213183141 98 66 5424 5 5QG 4372271657225999999999999991047 5423 2 5499999999999999
 64 95138183220237229199152 99 54 29 30 56101154202233241225189142 97 6824 5 6QG 5132371749242999999999999991128 262348 6099999999999999
 60 77113159205236243224181124 66 23  4 15 52106165215245249228188140 9824 5 7QG 54724418382519999999999999912 8  4999999999999999999999
 74 73 96135182223245240209157 95 37  0 -9 12 5711717722525024822218113624 5 8QG 621246192525299999999999999 031 701248-1099999999999999
101 85 91118158201233244228188130 69 17-11 -9 20 7013018722924623821117224 5 9QG 655244201124699999999999999 113 841328-1499999999999999
133107 99111140177213235234209163106 50  9 -8  2 36 8714319322523422319624 510QG 729238205523499999999999999 153 9914 8 -899999999999999
163133115114130157190217228218187141 89 43 12  5 21 5610415319321521920624 511QG 8 3228214022099999999999999 2331131449  499999999999999
182156134124128145169194212214199167125 82 46 25 24 43 7711915818820320324 512QG 839215222820599999999999999 3131241532 2299999999999999
190172152138133139153172190200197180152117 83 56 43 46 65 9412815918119124 513QG 917201232319299999999999999 3581331618 4299999999999999
190180166152142139144155168180185181166143117 91 71 62 66 8110513215717424 514QG10 4185999999999999999999999 4541391712 6299999999999999
183183176166154145141142148158166171169159143123103 87 78 80 9211113415524 515QG 030184111317199999999999999 6161401818 7899999999999999
171180182177167155143135133136144153161164160150134116100 90 89 9711413524 516QG 145182125916499999999999999 7551331936 8899999999999999
156173184186180168151135122117120130144157166168160145126108 95 92 9911624 517QG 246187144016899999999999999 9 71172048 9299999999999999
139162181192192182163140118103 99105121142162176180172155132110 96 9210224 518QG 331194155118099999999999999 954 992145 9299999999999999
122148174194202196178150120 95 81 81 95119148174190194183160133108 94 9324 519QG 4 62021643194999999999999991030 792232 9299999999999999
107132162189206208193165129 94 69 60 68 92125161190206205188160129104 9224 520QG 43620917262089999999999999911 2 602312 9299999999999999
 97117148180205216208183144102 65 45 44 63 9713917920821921218815412210024 521QG 5 621618 5220999999999999991132 422349 9399999999999999
 94106132166198219220201164117 71 38 26 36 6611015819822322721218114511524 522QG 53422218422289999999999999912 3 26999999999999999999999
 98100119150186214226216185139 88 44 18 16 37 7812817721423222820617113624 523QG 6 4226191923399999999999999 024 961235 1499999999999999
110101110135169203224226205164112 61 23  6 15 46 9314619322523422319516024 524QG 635228195623499999999999999 05910113 9  699999999999999
128109108123152186215228219189142 89 41 11  4 22 6011016220422823021318424 525QG 7 8228203623199999999999999 1351061346  399999999999999
151125113117137167198220225208171122 71 30  8 10 34 7612517320822422120224 526QG 743226211922599999999999999 2131121426  699999999999999
174146125119128149177204219216194155108 63 29 14 21 48 8913617820621721224 527QG 82222122 721899999999999999 2541191510 1499999999999999
193168144128125136156181202212205181145102 63 35 26 35 6210014217820221024 528QG 9 621223 321099999999999999 34312516 0 2699999999999999
204187165145131129138156177195202195173141105 71 48 40 49 7410814517719824 529QG10 1202999999999999999999999 4421281657 4099999999999999
206201186165145130126132147166183191188171146115 85 64 55 62 8311314617624 530QG 0 5206111319299999999999999 55612618 3 5599999999999999
197206202187165141123115118131150170183186177157130102 80 69 73 9011714924 531QG 110206124418699999999999999 7151141916 6999999999999999
179200210205187161132108 96 97111134159180190188172147119 95 81 81 9612324 6 1QG 2 9210141819199999999999999 826 942029 7999999999999999
155186208216208185152116 86 71 72 90120153182200202189164134107 90 8910324 6 2QG 3 1216153920399999999999999 925 692135 8799999999999999
131164196217222208178136 94 60 44 50 74111153190212217204177144115 97 9624 6 3QG 3462231645218999999999999991016 442234 9499999999999999
112141176208226226205165117 69 34 21 32 6411015920022522921418515011910324 6 4QG 42922917432309999999999999911 3 21232610199999999999999
104122153189219233225196149 95 45 13  5 24 6311516821123423621818615012124 6 5QG 5102331834238999999999999991147  5999999999999999999999
107112134166201228235220182130 73 26 -1 -1 24 7012617922023923621418114724 6 6QG 551235192224099999999999999 0151071231 -499999999999999
121112121145179211232232209166111 56 14 -5  2 34 8313919022523823020517324 6 7QG 63123520 623899999999999999 1 01121313 -699999999999999
142121117131157189218232224195149 95 45 10 -1 14 5010115419822523121919324 6 8QG 711232204823299999999999999 1431171355 -199999999999999
162136122124140167197219226212179133 83 40 14 12 32 7111916720322122120524 6 9QG 751226212822399999999999999 2241211436 1099999999999999
179152132124130148174200216216198163120 76 41 25 30 54 9313717720421420824 610QG 83121922 721499999999999999 3 41241517 2499999999999999
191167145130126135154177198208203182149111 74 49 41 51 7711315118320220624 611QG 912209224620699999999999999 3451261557 4199999999999999
197179158139128128138156176191197189169140107 79 61 59 72 9813016218719924 612QG 956197232820099999999999999 4311271640 5899999999999999
199188170151136127128137152169181185177160136110 89 77 78 9111514316918824 613QG1049185999999999999999999999 5251261726 7599999999999999
196193182165146131123123131144159170174170157138118101 92 9410712815217424 614QG 014196115917499999999999999 6301221820 9299999999999999
18919519117816014112411411312013314816216916916114612911410610711813615824 615QG 1 5195132917099999999999999 740112192310599999999999999
178191196190176155132112100 9810612114015817117517015714112511611512514224 616QG 157196145717599999999999999 842 98203211499999999999999
163183196199190171146118 96 82 81 9311313816217918618216815013212111912924 617QG 24719916 718699999999999999 934 80213611999999999999999
147169190202202189164132100 74 62 65 8311114317219320019417715413412212124 618QG 33220417 1200999999999999991018 62223212099999999999999
133154178199209205185152113 77 52 43 53 7911515418720821320218015413212024 619QG 4132101747213999999999999991058 43232011999999999999999
122138162189209216205176136 91 53 30 28 46 8112516920422222220517814912724 620QG 4532161829224999999999999991137 26999999999999999999999
118125145174202220220201164117 69 31 13 19 46 8913918621823222620317214224 621QG 533223191023299999999999999 0 41181216 1299999999999999
122117130155187214228222195150 97 48 14  3 16 5210215520122923722419716324 622QG 613229195123799999999999999 0451171257  299999999999999
134118119137166199225233220185135 80 32  3 -1 21 6311617021323623721818724 623QG 655233203323999999999999999 1261161339 -299999999999999
153127115122144176209231234214174121 66 23  0  4 31 7713218322123723220924 624QG 738236211523899999999999999 2 81151422 -199999999999999
177144121114125151184214233230205163110 59 22  6 16 47 9414719422523522424 625QG 824234215823599999999999999 25211415 7  699999999999999
199166135116113127154186214228222195154105 60 29 20 34 6711316120222522924 626QG 912229224223099999999999999 3401121554 2099999999999999
215188156128111110125151182208219211186149106 68 44 40 56 8813017320622324 627QG10 7219232722599999999999999 4331091643 3999999999999999
223206178147120104104118144172196207201181150114 84 65 64 7910914618120824 628QG1110207999999999999999999999 5311021735 6299999999999999
220216198170138111 95 94107131158182195194180157129104 89 8810112615718724 629QG 015220122719699999999999999 636 931834 8799999999999999
208217211191162130101 83 80 9111414316918619218516914612511110911813816424 630QG 1 6217135719299999999999999 743 79194310899999999999999
189208215208187156120 89 68 63 74 9812915918319519518316414412912312914524 7 1QG 2 0215152819799999999999999 849 6321 012399999999999999
168191209215207184149110 75 52 46 57 8411915618620420719817915713913013424 7 2QG 257215164520899999999999999 951 45221413099999999999999
148170194212218207181142 99 60 36 30 45 7611715919421421920818716314213124 7 3QG 3532181746219999999999999991046 29231813199999999999999
134149173198217222208177133 86 45 21 19 38 7512216920522522721318816013824 7 4QG 4462221837228999999999999991136 17999999999999999999999
128133151178205224225207170122 72 31 11 14 40 8313418221623323021018115224 7 5QG 535227192023499999999999999 0111281222  999999999999999
130123133156186214230227202160108 58 21  6 17 50 9815119622623622620116924 7 6QG 621231195823699999999999999 05512313 4  699999999999999
140122121136164196222233224193146 93 46 16 10 29 6811816921023123221518624 7 7QG 7 4234203223499999999999999 1341201344  999999999999999
154128117122143174205228232215179130 79 38 17 21 48 9114218822023122320024 7 8QG 74323321 423199999999999999 2101171421 1699999999999999
168139119115127152183212228225201161114 69 37 27 40 7311816520322422520924 7 9QG 821229213322799999999999999 2441141455 2799999999999999
182151126113116134161190214222212184144101 65 44 44 6510114518521322321524 710QG 85822222 222399999999999999 3191121529 4199999999999999
193164136117111119139166192210211196167131 95 68 58 67 9212916719921721724 711QG 936213223121999999999999999 35511116 2 5899999999999999
202177149125111110122142167189200197181154124 97 80 78 9211915218320621424 712QG101920123 221499999999999999 4351091637 7799999999999999
208189164138118107109121141163180188184170148125106 9710011614016819220624 713QG1110188233820999999999999999 5221071715 9699999999999999
20819817815413011210310511713515417017717616615113412111612013415417619424 714QG1220178999999999999999999999 61810318 311699999999999999
203201190170146123105 97 9810812514416017117417016014713713213514516117824 715QG 022203135517499999999999999 723 96191013299999999999999
192199197185166141117 97 86 86 9611413515517118018017316215014314214916224 716QG 117199153118199999999999999 832 85203614299999999999999
177190198197185163136108 85 71 70 8210313015717919219518717415914714314724 717QG 222199164319599999999999999 935 69215914399999999999999
160176192202201187162129 96 68 53 53 68 9713116619320820919918016014413824 718QG 3262031736210999999999999991029 5123 213899999999999999
143159179199211209191159119 79 48 32 36 59 9613917921022422220518015413624 719QG 4232121821225999999999999991118 31235113099999999999999
131140161187211223218194154106 60 27 14 24 5610215219722723822920417214324 720QG 51422419 12389999999999999912 3 14999999999999999999999
125124139167199225236226194146 91 41  8  1 20 6011417021524224622919615924 721QG 6 2236194024799999999999999 0341221247  099999999999999
129114119142176213240247230190134 75 25 -3 -3 24 7313218923225224722118324 722QG 649247201825399999999999999 1151131330 -799999999999999
143114104116146186225250252228181122 62 16 -5  4 39 9315420924525624120824 723QG 735254205425699999999999999 1561041412 -599999999999999
165125100 97116151194232253250220170111 55 17  6 23 6311917722525125122824 724QG 821255213025499999999999999 238 951454  699999999999999
189145108 89 92116154197233249240208159105 58 30 28 51 9314619723424924024 725QG 9 924922 624999999999999999 321 881535 2699999999999999
211170127 95 82 90116154194225236225195152107 71 53 58 8312417021123624024 726QG10 0236224124199999999999999 4 8 821617 5399999999999999
224192152114 87 78 87113149185210219209184151117 92 83 9111615018721623024 727QG1057219231923199999999999999 458 7817 1 8399999999999999
227208176139105 82 75 8410813917019220119617915713411811312214116719421324 728QG12 7201999999999999999999999 556 75175111399999999999999
221214195166133102 81 73 79 9812515217418718918216915414313914415617419224 729QG 0 2221134418999999999999999 7 3 73185813999999999999999
206211205188163132102 79 68 70 8510913616118019019118417416315515416017124 730QG 059211153619299999999999999 820 67204015499999999999999
185198205202189165134103 76 60 59 71 9512615618219820420018817316015315424 731QG 21620517 120499999999999999 937 58222215399999999999999
164178194205206194170136100 68 49 46 60 8812416119221121721019317315414424 8 1QG 3362071756217999999999999991041 45232614399999999999999
145156176197212215202173134 92 56 36 35 54 8913217420722522621318916314124 8 2QG 4412161836228999999999999991132 33999999999999999999999
131136154180206223224206171125 79 42 25 30 5710014819222323522820717614624 8 3QG 53322619 823599999999999999 0101311215 2499999999999999
126121133159191219234230204162111 63 30 20 35 7112017021223623822219115624 8 4QG 617235193824099999999999999 0461211253 2099999999999999
127113116137170205232242229194145 92 48 23 24 50 9414619522924223320617024 8 5QG 65624220 424299999999999999 1181121327 2099999999999999
135111105119147184219241241219177125 75 39 26 40 7512417521724023921818424 8 6QG 732244202824299999999999999 1471051358 2699999999999999
146115100104127161199229242233202156106 63 39 40 6510715620223324122819724 8 7QG 8 5242205224199999999999999 216 991428 3799999999999999
159123100 95109138174209232235217181136 92 61 51 64 9614018622223923320924 8 8QG 838237211523999999999999999 245 941456 5199999999999999
173135106 92 96117149185214227221197161121 87 69 72 9312917120823123421724 8 9QG 912228213823699999999999999 315 911523 6899999999999999
187150116 95 89101126158189210216204179146115 93 87 9812415819322023022124 810QG 94921622 323099999999999999 348 891552 8799999999999999
198165132104 90 9110713216118620020018816614111910810912515017920522022024 811QG1031202223022299999999999999 425 89162210799999999999999
205180149120 99 90 9511013315717718718617716114513212713214716718920521224 812QG112618823 321299999999999999 510 90165912799999999999999
206190167140116 99 92 9610912814816517517817416615614914615016017418819824 813QG1255178235020199999999999999 6 8 92175314699999999999999
201195182162139116100 91 9110011613515316817718117917316616116016417218124 814QG15 6181999999999999999999999 728 90194216099999999999999
190194192182165142118 97 83 79 8410012114616818519519618917916816015916324 815QG 111194163619699999999999999 857 79214715899999999999999
173185194197190173148118 90 69 60 65 8411314617720121321320118316515114624 816QG 25019717272159999999999999910 8 59225514699999999999999
153168187203211205184152113 75 48 37 46 7311215519522223322620617815213424 817QG 4 621118 62339999999999999911 3 37234013199999999999999
132145169197220230221194151101 56 25 17 33 7112117321724324723120016313124 818QG 5 42301842248999999999999991150 17999999999999999999999
115119141175212240249235197144 86 36  7  5 32 8014019724026025422618313924 819QG 554249191626199999999999999 0191141232  299999999999999
107 97110142186229259264241194133 70 21 -2  7 4410116522325926825020915924 820QG 641265194926999999999999999 057 971313 -299999999999999
113 85 82105148198244271269239185120 59 17  4 23 6913019424427026523418524 821QG 727274202127299999999999999 135 801353  499999999999999
131 88 67 74106155208252273264228173110 57 26 25 5210216221925826925121124 822QG 813274205226999999999999999 214 661432 2299999999999999
157105 69 57 72110161212251264250213161107 66 48 57 8913819123626025722924 823QG 859264212326299999999999999 255 571510 4899999999999999
184132 86 58 55 76115163209239246230196154113 86 80 9412716921124125023724 824QG 947246215425099999999999999 338 531548 7999999999999999
204160114 77 58 60 8211816019721922321018415412811311413015719021823423324 825QG1042224222523699999999999999 424 56162611199999999999999
215183145107 78 65 68 8711715117919720119418016214814114415717619721321924 826QG115220123 221999999999999999 518 64171014199999999999999
214197171140110 87 75 76 8911113615917618618718317616916416517118019119924 827QG1347188999999999999999999999 626 74182416499999999999999
203199188169146121 99 84 79 84 9912014216318019019419218617917317017117724 828QG 0 120316 519499999999999999 758 7921 817099999999999999
184191193189177157132107 86 74 74 8610713416118520120820519518116715815624 829QG 157193171120899999999999999 931 73224315699999999999999
162174188198200190169140108 80 63 62 7510213617019921622021219317115114024 830QG 3402001748221999999999999991037 61232713899999999999999
140152173195211214202175139 99 67 50 52 7310814918821723022720818015113024 831QG 4452151817231999999999999991124 49235912299999999999999
122130152181209227227208173128 84 52 40 51 8212517221123423822319415812824 9 1QG 53122918422399999999999999912 1 40999999999999999999999
110111130161197227241233205160110 66 40 39 6110215219923224523620817013224 9 2QG 61024119 424599999999999999 0271081233 3699999999999999
105 97109139178216242248230191140 89 52 37 49 8313118322424724522218414124 9 3QG 644249192624999999999999999 053 9713 3 3799999999999999
106 88 92116154197233251246217171118 73 47 47 7211416621324325123319815324 9 4QG 716252194725199999999999999 119 871330 4499999999999999
112 85 79 96130173215244251234196148100 66 54 6810315019823525124221116824 9 5QG 74725220 725199999999999999 144 781357 5499999999999999
122 88 72 80107147191227246241215174128 90 70 73 9713818422424724622218224 9 6QG 818247202824999999999999999 210 721422 6899999999999999
137 97 72 69 88121163203231238224194154117 91 85 9913017020923724422919624 9 7QG 850239204924599999999999999 238 681448 8499999999999999
153111 80 67 7510013717620822622420517514211510210712815919422323723120624 9 8QG 924227211223799999999999999 3 7 67151410299999999999999
170129 95 74 71 8611314818120421320618716313912412113215418120722422621124 9 9QG10 1213213622799999999999999 339 70154112099999999999999
183149115 89 77 80 9712215117719319719017616014613914215417219220821520924 910QG105019722 421599999999999999 418 76161313999999999999999
192167138112 93 85 8910212314616517818318217516716115816116817919119920124 911QG1214183224320199999999999999 510 8517 115899999999999999
194180161139118101 92 92 9911413215016517618318518217817417117217518018624 912QG1454185999999999999999999999 633 91192517199999999999999
189187180167149128109 93 85 86 9611413615918019420120119318217116316116524 913QG 012189162220299999999999999 825 85214716199999999999999
174184191192183165139112 86 70 66 76 9913016319321422221620017815714414224 914QG 23319317 422299999999999999 948 65224214199999999999999
151169190206212204181146107 71 48 44 59 9213517921523723922419516213311924 915QG 3572121738241999999999999991044 43232011899999999999999
122141172204229237224192146 95 52 28 28 53 9815120324125724922017713410324 916QG 45523718 9257999999999999991129 252356 9399999999999999
 93106138181224253259239196139 81 36 15 25 6111617723126326824620214910124 917QG 5452601840270999999999999991211 15999999999999999999999
 72 71 97142196244272273244193129 68 28 17 37 8314520725527726722917411424 918QG 631276191127799999999999999 033 681251 1699999999999999
 68 48 58 95150210259283276240183118 63 33 33 6311517723427127725220214024 919QG 717284194127899999999999999 110 471329 2999999999999999
 81 42 33 54100160220264281267227171113 69 51 62 9815120725327326422717124 920QG 8 2281201127499999999999999 148 3214 7 5199999999999999
109 57 29 30 59109169224259268249210161115 85 80 9813518222825826324119724 921QG 848268204126499999999999999 227 261444 7999999999999999
142 87 46 29 38 7111917321824424622719415712510911213316620423524924221424 922QG 936248211025099999999999999 3 8 28152110899999999999999
171122 78 48 40 53 8412617020422122120718416014213614316118621122823121724 923QG1030223214023299999999999999 353 40155813699999999999999
190153115 82 62 58 70 9512716018419820019318216916115916417619120421120924 924QG1143200221521299999999999999 445 57164515999999999999999
196175148121 97 81 76 83 9912214516517918718918718217817417417718318819124 925QG1356189231819199999999999999 554 76183317499999999999999
190184172155135115 99 89 88 9611113115117018519519819518817917116616516924 926QG16 0198999999999999999999999 735 87213816599999999999999
175181183180169152130109 93 85 8810112214817319420620920218817115614614524 927QG 2 0183164721099999999999999 915 84223514599999999999999
153167182193195185165138109 87 75 78 9512315618620922021720117715313312524 928QG 3411951716220999999999999991018 7523 812599999999999999
130147170194209211197170135100 75 65 74 9913517420722622921518915612711024 929QG 43821217402309999999999999911 1 65233510799999999999999
108124151183211226223201165123 85 63 61 7911415719822723822920216512810124 930QG 52022718 2238999999999999991136 59999999999999999999999
 91101128165203230239227195151105 71 57 66 96140186223243240217178134 982410 1QG 556239182324599999999999999 0 0 9112 6 5799999999999999
 78 80103141185223245244221180132 89 63 62 831231712152432482301921451012410 2QG 628248184324999999999999999 024 761234 5999999999999999
 71 64 80115161207240252240206160113 79 66 781101552022372522402071601102410 3QG 7 025219 325299999999999999 048 6413 1 6699999999999999
 72 54 61 90134183225249250226187140100 78 791031421882272492472201761242410 4QG 730253192425299999999999999 113 541327 7699999999999999
 79 52 48 68107156203237249238207166125 97 881011321732142422482301921422410 5QG 8 1249194624999999999999999 138 461353 8899999999999999
 94 58 43 53 841271752152382392201871501181031061271611982292432352051612410 6QG 83324220 824399999999999999 2 5 43141910199999999999999
113 72 49 47 671021461882192312232011701411211171281531842132322332131782410 7QG 9 6231203123599999999999999 234 45144611699999999999999
135 93 63 51 59 831191581922122162051851611421321351501721972172242141902410 8QG 944217205722499999999999999 3 6 51151513199999999999999
155118 86 65 61 73 971291611861992001911771621511471531661831992092091962410 9QG1034201212721199999999999999 345 61155114799999999999999
172143114 90 76 74 84104129154173185188185179171164162165172182191195193241010QG1159188221119699999999999999 437 73165516299999999999999
182165143121101 88 83 88101119140159175185190189185178172167167170175180241011QG1423190235818399999999999999 6 0 83193916799999999999999
183180170156136116 98 86 82 88104126151174193204206199185170157149150158241012QG1541206999999999999999999999 752 82212614999999999999999
170181188187176155128101 80 69 72 89117151184210223221206182155133123127241013QG 222189162322499999999999999 917 68221412399999999999999
143167191207211199172136 98 68 53 58 82120164204232241230202164127101 93241014QG 3442111657241999999999999991016 522253 9399999999999999
106134172208231236219183136 90 55 41 53 86134186229253252228185135 91 66241015QG 44323717292569999999999999911 3 412329 6399999999999999
 66 91134184228255256232187132 81 47 40 60103158213252267252212156 98 53241016QG 53325918 0267999999999999991146 39999999999999999999999
 35 47 85140199247272267235184125 76 49 51 80129187238268268239186121 61241017QG 621274183127299999999999999 0 6 351226 4699999999999999
 23 15 39 88151213260279267230176120 78 61 72108159214255272257215154 87241018QG 7 727919 327299999999999999 044 1413 6 6199999999999999
 33  4  8 42 97163223263274257218167120 89 83101139187233261263236186123241019QG 753274193426699999999999999 123  21345 8299999999999999
 62 17  0 14 53110172224255259239203161125106108130166207240255244210158241020QG 83926120 525599999999999999 2 3  0142310499999999999999
100 49 17 10 30 70123176217239238219190159135126133155185215235238220184241021QG 928241203823999999999999999 245 1015 312699999999999999
138 90 51 30 30 51 87131173204218216202182162148145153170192211220216196241022QG1022219211222199999999999999 329 27154614599999999999999
165128 92 64 50 53 71100134165188199199192180168160159164174187197200194241023QG1132200215420099999999999999 420 49164515999999999999999
179156130104 83 73 74 86106131155173185190189184176169165164167172178181241024QG131919023 918199999999999999 525 72184216499999999999999
179171158140120103 91 87 93106125146165181190194190182171161153151153160241025QG15 0194999999999999999999999 654 87205915199999999999999
167173173167155137118101 92 93103121143166186198202196182164147135131135241026QG 138174155120299999999999999 828 91215713199999999999999
147163177184182169148124103 90 89100122149177199210209195173147125112111241027QG 317184162421199999999999999 936 87223211099999999999999
123144168189199196179152122 97 84 86103131164194214220209185153122 99 90241028QG 4161991650220999999999999991023 8323 1 9099999999999999
 98120151182205214205181148114 89 79 88113148185214227222199164125 92 74241029QG 5 021417142289999999999999911 1 792327 7299999999999999
 75 94128167201222225208176138103 82 81 99132172208230232214178134 92 64241030QG 5372261736234999999999999991133 792352 5599999999999999
 55 69101143187220235229203164124 94 82 91118157197228239227194148 99 61241031QG 61223617592399999999999999912 4 81999999999999999999999
 42 47 73116165208236241224191149112 90 89108143184219239236210165113 672411 1QG 644242182324199999999999999 018 411234 8699999999999999
 36 30 49 87137187225243238213175135105 94103130168207234241223184133 812411 2QG 717244184724199999999999999 044 3013 3 9499999999999999
 41 23 31 611071592052342422271961581251051041221541912232382312011541022411 3QG 749242191223999999999999999 112 23133210299999999999999
 55 27 22 41 791281772162352322111791461211121201431752072292322131751272411 4QG 822236193823499999999999999 142 2114 111299999999999999
 78 41 24 30 57 991461892182272181951661401241241371621902152262181911512411 5QG 85922720 722699999999999999 214 23143312299999999999999
106 65 38 31 45 751151571922112142031821601411331371521741972122152001712411 6QG 941215203921699999999999999 250 31151013399999999999999
134 95 63 44 44 60 891251601872012021931771601481441481611771932022001842411 7QG1034203211820399999999999999 333 42155814499999999999999
158127 95 70 56 57 71 961261551781911951891791671561511521601711821881862411 8QG1150195221818999999999999999 427 55171815199999999999999
175155130105 83 70 68 77 961211481711871951941871741611511461481551651752411 9QG1326195999999999999999999999 541 67191514699999999999999
179175163144121 98 81 73 76 91114142169191203204196178158139127125133149241110QG 0 3179143920599999999999999 712 73204112599999999999999
166179185179163139112 88 73 72 85110143176202216216201174143116 99 98111241111QG 2 1185152821899999999999999 835 712136 9699999999999999
135164188202201184155121 90 71 68 83113152190219231223198159118 83 66 69241112QG 32620316 823199999999999999 940 672221 6599999999999999
 92128169203223222202167127 90 69 68 88124168209236241223185134 84 48 34241113QG 4292251644242999999999999991033 6623 2 3499999999999999
 46 80129180221242239214173128 90 70 74100142188228249244213163103 49 15241114QG 5232441720250999999999999991120 692342  899999999999999
  9 32 77136193236255248218173127 92 77 87118163209243254238195136 72 20241115QG 61425617552549999999999999912 5 77999999999999999999999
 -8 -4 28 83146205246260248214169126 96 89105139183225250250223172108 46241116QG 7 2260183025499999999999999 023-101248 8999999999999999
  0-18 -5 35 94158213247256239205163126105104124159200233248238202148 86241117QG 74925619 724899999999999999 1 5-18133010299999999999999
 30 -6-14  6 50108168215242244225192157128115120142175209233238220180127241118QG 835246194323999999999999999 147-15141211499999999999999
 71 25  0  0 25 69122174212229227208181152132126134155183209225222199161241119QG 922231202222699999999999999 230 -4145512699999999999999
113 67 31 15 21 47 88134175203215210194172151137135144162184202210203180241120QG101121521 321099999999999999 314 15154213499999999999999
146107 71 45 36 44 69103141173193201196183167151142140148161177189193185241121QG11 4201215019399999999999999 4 1 36163814099999999999999
166139109 82 63 58 66 87115144169185191188178165153143141144153164173176241122QG12 8191225617699999999999999 454 58175614199999999999999
171159139117 96 81 77 83 99121145166181187186178165152140134133139148158241123QG1319187999999999999999999999 556 76193213399999999999999
164165159146128111 97 90 94106125147167182189188179163146130120117122134241124QG 036166142119099999999999999 710 90204911799999999999999
148160167166156141122107 98 99110129151173188195191177156133112100 98107241125QG 22316715 819599999999999999 824 972140 9899999999999999
124145164175177168151130111100101113135160183198201191170141112 89 78 81241126QG 340178154520299999999999999 926 992218 7799999999999999
 97122150175189190178156131110100103119144172196208204186155119 86 64 58241127QG 4341911618208999999999999991016 992250 5899999999999999
 69 95129164191204201183156128107 99107129158188209214201172132 91 58 41241128QG 5182051648214999999999999991059 992321 4099999999999999
 44 66102144182208216206182150121103101116143175203218214190151104 61 32241129QG 55721617182199999999999999911371002351 2499999999999999
 24 39 72116163200221222205174141114102107128160193216222207172124 74 34241130QG 6332241748223999999999999991212101999999999999999999999
 14 17 42 85135182215229221197163131109104117144178208224220193149 97 482412 1QG 7 8229181822599999999999999 022 12124610399999999999999
 15  4 19 54103155198225229214185151122108111130161193218225210174125 722412 2QG 743230185022599999999999999 055  4132010799999999999999
 28  4  4 28 711221722092272232021711401181111211441752052222191951541032412 3QG 820228192422399999999999999 129  1135411199999999999999
 53 17  2 12 43 881391842132232131901601331171171311561862092192091791352412 4QG 85922320 021999999999999999 2 6  2143211599999999999999
 86 43 15  9 25 591041511892122152021791521311201241401641892072111951642412 5QG 941216204121199999999999999 247  8151512099999999999999
122 78 42 21 21 40 751171591912072071941721491311231271431641861991991832412 6QG1030209212920199999999999999 331 1916 812399999999999999
153116 78 49 33 36 55 881261621892022011891691471301221251381561751871872412 7QG1125203223118999999999999999 421 32171412299999999999999
174150119 87 62 49 52 69 971311641882001991871671451261151141241411601752412 8QG1226201235417999999999999999 520 48183211399999999999999
179172154129102 79 66 66 80105135166189201200188165139115 99 951041221452412 9QG1327202999999999999999999999 629 641948 9599999999999999
165177177166145120 97 81 78 88110140169193206204188161128 97 77 70 80102241210QG 133178142320799999999999999 745 772053 7099999999999999
131160180188182164139113 94 87 95116145176201212208186151111 74 49 43 56241211QG 3 4188151421399999999999999 858 872148 4399999999999999
 85123161189203200182154125102 93100122153185210220210181137 89 47 21 18241212QG 41920416 02209999999999999910 4 932238 1799999999999999
 38 75122167202218215195164131107 98106130163196220225208171120 66 22 -2241213QG 52021916452269999999999999911 2 982325 -499999999999999
  0 27 72127177214230225201167132108101112139174207227227202158101 44  1241214QG 6142311729230999999999999991154101999999999999999999999
-18 -9 25 78136189224237227199163129108104119149185216232224192142 82 26241215QG 7 3237181223299999999999999 011-18124110399999999999999
-12-24 -8 33 89149199229236221191155124107108128159194222231216179125 66241216QG 748236185423199999999999999 055-24132510599999999999999
 15-16-20  4 49106162206229229210179145118107114137169201223225204163109241217QG 830231193622799999999999999 138-2214 710799999999999999
 55 11-11 -6 23 69124174209223217195164134114109120145175203218213188146241218QG 910223201721999999999999999 220-12144710999999999999999
 96 49 15  3 14 46 92141182207213202178150126112112127151178200208198170241219QG 948214205820899999999999999 3 0  3152811099999999999999
131 87 49 26 22 39 72114156187203202187164139120111115130152175191193180241220QG1025204214019499999999999999 340 21161111199999999999999
154120 85 56 42 45 65 97133166188196190174153131116111116130149167178177241221QG11 2196222917999999999999999 419 4117 011199999999999999
165143115 88 69 61 69 88117147172187189181165145126113108112124140154163241222QG1142190233116599999999999999 5 0 6118 010899999999999999
164154138118 98 85 82 90107131155174184184175158139120107101103113127142241223QG1228185999999999999999999999 548 81191110199999999999999
152155152141127112102 99105120139159174182181171154133112 97 89 90 99115241224QG 059155132218399999999999999 648 992022 8899999999999999
131146155157151139126116111115127143161175183181169149124100 81 72 74 86241225QG 242157141918399999999999999 8 31112121 7199999999999999
105127148162168164152138124117119129145163178186182167142112 83 62 53 58241226QG 4 3168151218699999999999999 92011722 9 5399999999999999
 75101131157176182176162143127117118129148168185191184162131 95 62 41 35241227QG 5 118215591919999999999999910251172251 3599999999999999
 46 71105142172191195185166143123114117132154177193196183154115 74 39 20241228QG 54619616421979999999999999911161132330 1899999999999999
 20 39 74116158189206204188163136116109117137164189203201179142 96 51 17241229QG 6262071723204999999999999991158109999999999999999999999
  3 12 41 84132176205216208184154126108106121147177202212202172126 74 28241230QG 7 321618 221299999999999999 0 8  3123710599999999999999
 -1 -8 10 49 99151193217220204174141114101106128159191214218199160108 53241231QG 738222184121999999999999999 045 -9131310199999999999999
