106 71 40 21 18 32 59 94129155167164149127106 91 86 9110412414315615814624 1 1QH1016168213815999999999999999 341 1716 2 8699999999999999
124 94 65 42 32 36 53 81113141159163154137117 98 87 84 9010412113714614524 1 2QH1048163222314799999999999999 414 311648 8499999999999999
133112 88 66 51 47 55 74100127148159157146129109 93 83 81 87 9911412713424 1 3QH1124159232113599999999999999 450 471744 8199999999999999
133123108 90 75 65 65 74 92114135150156152140123104 88 78 75 79 9010411624 1 4QH12 5156999999999999999999999 532 641853 7599999999999999
124126121111 99 87 81 81 89104122138150154149136118 99 81 69 64 67 78 9224 1 5QH 045126125615499999999999999 627 8020 6 6499999999999999
107119126127121112102 95 93 99110125140150154149135115 92 71 56 49 52 6424 1 6QH 234127135515499999999999999 743 932112 4999999999999999
 82102121134138135126114104100102112126141153157151135110 83 57 39 31 3524 1 7QH 4 4138145515799999999999999 9 910022 9 3199999999999999
 51 76104129147153150137122108101102112128146159163155134104 70 40 19 1124 1 8QH 5 715315521639999999999999910231002258 1199999999999999
 20 43 75111142162169161145124107 97 99112132153169172160133 95 55 20 -224 1 9QH 5561691644173999999999999991121 972344 -799999999999999
 -7  8 39 80122157178181168145120100 91 96114139164180181163129 84 38  124 110QH 64018217331839999999999999912 9 91999999999999999999999
-20-20  2 41 89136172190188168140112 91 85 95118148176191188164122 71 2224 111QH 722191182119299999999999999 029-231253 8599999999999999
-15-33-26  3 49103151185197188162130100 82 80 95124157186199191160113 5824 112QH 8 219719 819999999999999999 114-331336 7999999999999999
  9-25-37-23 13 64119165193198181150116 87 73 76 9712916519220118815210224 113QH 841199195520299999999999999 158-371419 7299999999999999
 48  2-26-30-10 30 83136176196192169135101 76 66 74 9813316819219717814124 114QH 920197204219899999999999999 241-3115 3 6699999999999999
 92 43  4-16-13 12 54104151182192181154119 87 66 60 72 9813216418418516524 115QH 957192213118799999999999999 323-181549 6099999999999999
129 85 44 15  3 12 39 80124162183184167138105 76 59 56 69 9512615417016824 116QH1033186222417199999999999999 4 4  31639 5599999999999999
150119 85 53 33 29 41 68104139166178172153125 94 69 54 53 65 8811613915224 117QH1110178232515399999999999999 445 291735 5299999999999999
151137115 90 69 58 58 71 94122148165170161141115 87 64 51 49 59 7810112124 118QH1150170999999999999999999999 528 561839 4899999999999999
134137131118102 89 83 84 94111131149160161152135110 85 62 47 43 49 65 8524 119QH 047137123816299999999999999 619 821955 4399999999999999
105121130131127118110104103109119133145154156148132110 84 60 42 34 37 5024 120QH 243131134215699999999999999 7351032114 3499999999999999
 71 94115130139139134126118113113119129141151154149134111 83 55 34 23 2524 121QH 435140145815499999999999999 9291122223 2299999999999999
 39 62 90117138150152146134122112109113124138151158154138111 79 47 23 1124 122QH 54215316 91589999999999999910581092318 1099999999999999
 14 32 61 95127151163162151134117105101107122141157165159139107 70 35 1024 123QH 62516417 6165999999999999991153101999999999999999999999
  0  8 33 69108142165172165148125106 94 93105125148167173162136 98 56 2024 124QH 659172175317399999999999999 0 3  01232 9299999999999999
 -2 -6 10 42 84125158175175160136111 92 84 90108134159176177160126 83 4024 125QH 729178183417999999999999999 042 -713 4 8499999999999999
  6-10 -5 20 59104145172180170148120 94 79 78 92116146171183176150110 6424 126QH 756180191018399999999999999 116-111334 7799999999999999
 23 -3-10  5 38 82127162180177158130101 79 71 78 99128158179184168134 9124 127QH 822181194418499999999999999 148-1014 2 7199999999999999
 46 12 -5 -1 24 64109149175180166140109 83 68 68 8310914016718117715311524 128QH 846181201618299999999999999 218 -61430 6699999999999999
 72 33  8  3 18 50 92134166179172150119 90 69 61 69 9011914917117616313424 129QH 9 9179204817799999999999999 246  21459 6199999999999999
 95 57 28 14 20 43 79120154174175159131100 74 60 60 74 9812715316716414624 130QH 932177212216899999999999999 313 141530 5899999999999999
115 81 51 32 29 43 71107142166174165141112 84 64 56 61 7910413015015714924 131QH 956174215915799999999999999 339 2816 5 5699999999999999
129101 74 53 45 50 69 98129155169166150125 97 73 58 55 64 8210512714114424 2 1QH1022170224214499999999999999 4 7 441644 5599999999999999
134117 96 77 65 63 73 93118142159163155136112 87 67 56 56 65 8210111912924 2 2QH1050164234213199999999999999 437 621733 5599999999999999
131125113 99 87 81 84 94111130146156155144126104 83 65 56 54 61 75 9110724 2 3QH1126156999999999999999999999 514 811838 5499999999999999
118123122117110103100101108119132143149147138122103 82 65 53 48 51 62 7724 2 4QH 123123121714999999999999999 61210020 4 4899999999999999
 94110122128129126120115112114120128137144145139126107 84 63 45 36 35 4524 2 5QH 341130134114599999999999999 8 91122132 3499999999999999
 62 85108128142146143134124115111113121133144150148135113 85 57 32 17 1524 2 6QH 5 314615161509999999999999910 91112240 1499999999999999
 27 50 81114142159164157141123108101103115133150162162147119 83 46 15 -424 2 7QH 55216416291639999999999999911161002334 -799999999999999
 -5 12 45 86127160177178164140114 95 87 94112138163178177158122 77 31 -524 2 8QH 63218017281809999999999999912 3 87999999999999999999999
-23-19  6 48 98145179193185161129 98 77 73 86114148178195191164119 66 1624 2 9QH 7 8193181919699999999999999 021-241244 7399999999999999
-21-35-24 10 61117165195200183149110 77 59 61 83119159193207197163112 5424 210QH 74320119 720899999999999999 1 4-351324 5899999999999999
  4-29-36-16 27 83140184205199171130 88 57 44 54 8312516920221219515510024 211QH 817206195321299999999999999 146-3614 4 4499999999999999
 44 -1-25-23  5 53110162196205188151106 66 39 34 51 8613117420220618414124 212QH 849205203820899999999999999 225-271444 3399999999999999
 90 40  5 -9  2 36 84137179200196169128 84 48 28 30 52 8913417219319116624 213QH 919201212419599999999999999 3 3 -91526 2699999999999999
127 83 45 21 18 36 71115157186193179147106 66 37 24 31 55 9213116217617024 214QH 949194221217699999999999999 339 1716 9 2499999999999999
148116 83 57 46 50 71103138168183179159126 90 57 34 27 36 59 9112214515424 215QH101818423 615499999999999999 413 451656 2799999999999999
149132111 90 76 73 82101126150167172162141112 82 56 39 34 42 61 8510812624 216QH1048172999999999999999999999 445 731752 3499999999999999
133132125114104 98100107121136150158157147129107 83 62 47 41 45 57 74 9224 217QH 021134112315999999999999999 520 9819 6 4199999999999999
108119124125123120118118122127134141145144138126110 90 71 54 45 43 49 6124 218QH 247126122214599999999999999 6251182044 4299999999999999
 78 96113126134137136132127123122124128134138138131118 99 77 57 41 34 3724 219QH 5 7137143013899999999999999 9551222213 3499999999999999
 50 70 94117136147150145135124114109111118129140145142128105 78 52 32 2324 220QH 55015016 91459999999999999911181092312 2399999999999999
 27 44 71102130151160158146129111 99 95101115133149157152134105 71 40 1824 221QH 61816117 8157999999999999991155 952354 1299999999999999
 12 22 47 81117148166169158138114 94 83 84 98120145163169159132 95 56 2424 222QH 6421701752169999999999999991224 82999999999999999999999
  6  7 26 59100138166176169148120 94 75 70 80103132160177177157122 79 3924 223QH 7 5176182917999999999999999 029  41250 7099999999999999
 10  0 11 40 81125160179178160130 98 73 60 65 84115149175186176147105 6024 224QH 72718119 218699999999999999 059  01315 6099999999999999
 23  2  3 25 64109150178184170141106 74 55 52 66 95131165186187166129 8424 225QH 748185193318999999999999999 127  01339 5199999999999999
 42 13  5 18 50 94138172186179152116 80 54 43 51 7511014717718917915010824 226QH 8 918720 318999999999999999 154  514 5 4399999999999999
 65 31 14 18 42 81125163185184163128 90 57 39 39 56 8712516018118316412924 227QH 829187203418599999999999999 219 131431 3799999999999999
 89 53 30 25 41 72113152179186172141102 66 41 32 42 6610113816617817014524 228QH 84918621 617899999999999999 243 251459 3299999999999999
111 76 50 39 45 68103140169183176152116 79 49 33 33 50 7911314416416715324 229QH 910183213916899999999999999 3 8 391529 3199999999999999
127 98 72 57 56 70 96128157175176159130 95 63 41 33 40 60 8811914315415224 3 1QH 932178221815599999999999999 333 5416 2 3399999999999999
137115 94 77 71 78 95119144164170162140111 81 55 40 38 47 67 9211613414124 3 2QH 95717023 914199999999999999 359 711642 3799999999999999
137126112 99 90 90 99114133150160159147126101 76 56 45 44 52 68 8710612024 3 3QH1026161999999999999999999999 430 891737 4399999999999999
128128124118111108109115124135145149147136120100 80 63 51 47 50 59 74 9024 3 4QH 03812911 814999999999999999 51710819 6 4799999999999999
106119127131131128124122121124129134139139135125110 91 71 54 43 39 43 5624 3 5QH 327132124114099999999999999 7401212059 3999999999999999
 74 97118135146149144135125117113115122132141144139126104 78 52 31 21 2324 3 6QH 45114914591449999999999999910 81132221 2099999999999999
 38 64 95127152165166155137117102 95 99113132150161160143115 79 43 15  124 3 7QH 53216716231629999999999999911 6 952317  099999999999999
  5 27 62104144172184177155126 98 79 75 86110140167183180158120 74 30 -224 3 8QH 6 71841723184999999999999991148 74999999999999999999999
-15 -5 26 72123166192196178144106 73 55 56 77112152186202195165118 64 1724 3 9QH 639197181320399999999999999 0 4-151226 5399999999999999
-14-20 -1 39 93147188206198167123 78 45 32 42 74119166202215202164110 5524 310QH 71020719 021599999999999999 046-2113 4 3299999999999999
 10-14-12 16 64121172205210188145 95 50 21 16 36 7612817721121819715410024 311QH 741211194521999999999999999 125-171342 1599999999999999
 49 12 -3  9 44 95149192211202168118 67 26  5  9 37 8313618320920918414124 312QH 810211202921399999999999999 2 3 -31421  399999999999999
 92 49 24 20 40 79127172201205183142 91 44 11 -1 11 44 9114118019819216524 313QH 839207211419999999999999999 238 1915 0 -199999999999999
127 88 58 45 51 75112152184198189159116 70 31  7  4 21 55 9814016917917024 314QH 9 6198215917999999999999999 312 441540  399999999999999
147118 91 74 70 82106137166184184167135 97 59 29 14 16 35 6510113215215724 315QH 932186225115799999999999999 343 701623 1399999999999999
149133115100 93 96108128149166172165145118 87 58 37 28 32 47 71 9711913224 316QH 958172999999999999999999999 412 931713 2899999999999999
137134127119113112116125137148155155146130110 88 67 52 44 45 55 70 8810424 317QH 0 4137102715699999999999999 4431121822 4399999999999999
116125129129128127126127130133137139138133125112 97 81 66 56 52 55 63 7624 318QH 248129111413999999999999999 55812620 7 5299999999999999
 92108122132138140137132127122120120123127130129122110 94 76 60 50 48 5424 319QH 45014014191309999999999999910221202148 4799999999999999
 68 87109129143150149141129116107102105114125136140136122102 77 56 41 3824 320QH 52015116 31409999999999999911 71022248 3899999999999999
 46 66 92120143157160152135116 98 88 87 96114133149155148129100 70 45 3024 321QH 5441611659155999999999999991134 862329 2899999999999999
 30 46 73106138160169163145120 95 77 71 78 97123148165168154126 91 57 3224 322QH 6 51691740169999999999999991159 71999999999999999999999
 22 31 55 90128159175174157129 97 72 58 60 77106138166179174151115 75 4224 323QH 626177181418099999999999999 0 2 221223 5799999999999999
 22 22 41 74115153177183169140104 71 50 44 57 85122157182187172140 99 5924 324QH 646183184718899999999999999 031 201247 4499999999999999
 31 21 32 61101143175188180152114 76 46 33 39 63100141174192187162123 8224 325QH 7 6188191819399999999999999 059 211311 3399999999999999
 47 28 30 52 89131168189188165127 85 49 27 25 42 7611815918619317814610524 326QH 726192194819499999999999999 125 271336 2399999999999999
 68 42 35 49 79119158186192176141 98 57 27 16 25 53 9313717219018616312824 327QH 747193201919199999999999999 150 3514 3 1699999999999999
 90 61 47 51 73108147178192183155114 70 35 15 15 35 6911115117818517314624 328QH 8 8192205118699999999999999 216 461430 1399999999999999
112 82 63 59 73100134166186186165130 88 49 22 13 23 49 8512515717417315624 329QH 830188212617699999999999999 241 5815 0 1399999999999999
130103 81 72 78 96124153175182171143106 68 38 20 19 35 63 9713115516415824 330QH 85418222 616499999999999999 3 8 721533 1899999999999999
142121101 89 88 98117140161172170152124 90 59 36 26 30 47 7210112714415024 331QH 920173225915099999999999999 337 871613 2699999999999999
145133119108102105114129146158162155137112 85 60 43 36 40 53 73 9611613124 4 1QH 951162999999999999999999999 41310217 9 3699999999999999
138138133127120117118123132141148149143130111 91 71 55 46 45 52 65 8310224 4 2QH 031139104014999999999999999 5161171837 4499999999999999
119132140142139134128123121123128134138138133122105 85 66 51 42 42 51 6824 4 3QH 256142123413999999999999999 8 01212030 4199999999999999
 91114136150157154144130117108106110121133143146140124100 74 50 33 28 3624 4 4QH 411157145214699999999999999 9501062153 2899999999999999
 57 87120148167173164145121 99 85 83 93113136156166162142112 76 43 21 1524 4 5QH 4531731613166999999999999991041 822250 1599999999999999
 27 55 94135168186185166135101 73 58 60 80111146174188182156117 73 35 1224 4 6QH 5271881712188999999999999991122 572338  899999999999999
  9 28 65111156189200188156114 73 42 31 42 73115159193206195162116 68 3024 4 7QH 55920018 32069999999999999912 1 31999999999999999999999
 10 14 41 85136180205205180136 86 42 14 11 32 73124173207216198160111 6424 4 8QH 630208185021699999999999999 020  91239  999999999999999
 30 18 31 64112161198212199161109 56 14 -6 -1 30 7913518421321519215210524 4 9QH 7 1212193521899999999999999 1 0 181317 -799999999999999
 64 39 36 56 93140183208208182136 81 30 -4-15 -1 37 8914418821020518014124 410QH 730212202021199999999999999 138 341356-1699999999999999
100 69 54 60 84122163195207194159110 58 14-11-13  9 4910115018419718916324 411QH 8 020721 419799999999999999 214 541435-1599999999999999
131100 79 74 86111145176195194173134 88 44 10 -6  0 25 6410914917318016924 412QH 828197215018099999999999999 248 741515 -699999999999999
148124104 93 95109132157178185175150114 75 40 17  9 18 43 7711314215816124 413QH 857185224216199999999999999 321 921557  999999999999999
152138122111107112125142159169168155132102 72 47 31 28 37 57 8411013114324 414QH 927170235014699999999999999 3561071645 2799999999999999
145141134126120119123131141150153150139121100 78 60 48 45 52 66 8510412024 415QH10 2153999999999999999999999 4411191748 4599999999999999
131137138136132128126126128131135137135130120106 90 75 63 58 59 68 81 9724 416QH 14513811 713799999999999999 6331251917 5799999999999999
113127137142142138132125119116116119124128130126117103 87 73 62 59 64 7624 417QH 332143135013099999999999999 9271152053 5999999999999999
 94113131145151150141129115104 98 99107118130137138130114 94 74 60 55 6024 418QH 4181511533139999999999999991022 9822 0 5599999999999999
 75 97122143157160153137117 98 85 81 87101121139151151139118 93 69 54 5024 419QH 4481601632152999999999999991054 812246 5099999999999999
 60 81109137159169165148124 97 76 65 66 81105132154165161144116 86 61 4824 420QH 5131691716166999999999999991122 642323 4799999999999999
 50 67 95128157174176161134102 72 53 48 59 84116148171177166141108 76 5424 421QH 5361771753177999999999999991148 482355 4699999999999999
 46 57 82116150175184174147111 75 47 33 38 61 95134166185184164132 97 6724 422QH 5581841827187999999999999991214 33999999999999999999999
 51 52 71103140172188185162125 83 47 25 21 38 70112153182193183156120 8624 423QH 62019019 019399999999999999 025 491240 2099999999999999
 62 54 65 92128164188192175141 97 54 23 10 18 45 8613117019219417514310824 424QH 643193193319699999999999999 054 5413 8 1099999999999999
 78 63 65 84116152181195186157115 69 30  8  5 24 6010514918119518716313024 425QH 7 719520 719599999999999999 123 611336  499999999999999
 98 77 70 81106139171191191171134 88 46 14  2 10 36 7712216118518917514924 426QH 732194204219099999999999999 152 7014 7  199999999999999
119 94 81 83 99127157181190180151110 67 31  8  5 20 52 9313416518117816124 427QH 759190212118299999999999999 222 801441  499999999999999
137113 96 90 98117142167182181163131 92 54 25 11 14 34 6610313816217116624 428QH 82818422 717199999999999999 255 901519 1099999999999999
150131113103103112130150168175168147117 82 51 29 20 26 46 7410613415316024 429QH 9 217523 616099999999999999 33210116 5 2099999999999999
156145131119112113121135150161163155136110 82 57 39 32 37 52 7610212614424 430QH 946164999999999999999999999 42411217 5 3299999999999999
152153146137127120118122130140149152147133114 91 69 51 42 43 53 72 9511924 5 1QH 032153105415299999999999999 5511181826 4199999999999999
138151156154145133122114112116125135143145139126106 84 63 49 44 50 66 8924 5 2QH 2 7156124814599999999999999 7501121958 4499999999999999
116140158166163151133114 99 93 96107124140151153143124 98 72 52 42 46 6224 5 3QH 314166143815499999999999999 912 932115 4299999999999999
 89121150171178171151124 97 76 68 73 92118144164170162140109 77 53 41 4524 5 4QH 4 017815571709999999999999910 6 682215 4099999999999999
 64 96133166186189173143105 71 48 41 53 81117153179188178151115 80 53 4224 5 5QH 4391901658188999999999999991051 4123 6 4299999999999999
 49 74111151183199193166125 80 42 20 19 39 77123165194202188157118 81 5624 5 6QH 5142001751202999999999999991133 172352 4899999999999999
 49 61 91131171199206189151102 53 15 -2  4 34 80132177204208190156117 8324 5 7QH 5482061840210999999999999991214 -3999999999999999999999
 62 61 79112152188207204176130 77 28 -5-15  0 37 8814218520820718615111524 5 8QH 621209192721199999999999999 034 591254-1599999999999999
 86 72 77 99133170198208194158108 55 11-15-17  5 4710015118820519917614424 5 9QH 655208201320599999999999999 115 711335-1999999999999999
113 91 84 94118151182201200177137 88 40  3-14 -8 19 6211215618619518516324 510QH 728203205819599999999999999 154 841416-1599999999999999
136112 98 98111134162185195186158118 73 33  5 -4  7 36 7712115717818117124 511QH 8 2195214318299999999999999 232 961457 -499999999999999
151130113106109123144166181183168141104 66 34 15 12 27 55 9112615316716824 512QH 837184223116999999999999999 3101051539 1199999999999999
158142127116113118131147162170167152127 96 66 42 30 31 45 7010012814815724 513QH 915171232615899999999999999 3521131625 2899999999999999
157149137126119117122131143153157152139119 95 72 54 45 48 60 8110512614224 514QH10 1157999999999999999999999 4461171718 4599999999999999
150151145137128121118119125133140143141133118100 82 67 60 61 70 8710612524 515QH 034151111014399999999999999 6101181823 5999999999999999
140149151147138128119113111113120127134136132123109 93 78 70 69 76 9010824 516QH 148151125613699999999999999 7551111937 6899999999999999
127143152155150139125111101 97 99107118130137138132119102 86 75 72 79 9324 517QH 249155143913999999999999999 910 962048 7299999999999999
113133150160161152135115 97 84 80 85 98115133145149142127108 89 77 74 8224 518QH 332162155114999999999999999 958 802146 7399999999999999
 99121144162169164148125 99 77 64 63 74 95120143158161151132109 88 76 7524 519QH 4 71691644161999999999999991035 622233 7499999999999999
 87109135159174176163138107 77 55 46 51 71100131157172171156133107 86 7624 520QH 43717717281739999999999999911 7 452313 7699999999999999
 80 97123151174183176154120 84 52 33 31 46 75111147173184177157129102 8324 521QH 5 618318 7184999999999999991138 302350 7899999999999999
 78 88111140168186187170137 97 58 29 17 23 48 85127164186191178152122 9724 522QH 5341891844192999999999999991210 17999999999999999999999
 83 84100128158183193184157117 73 35 11  7 23 5710014417819519217314411524 523QH 6 3193192119699999999999999 025 821242  699999999999999
 94 86 94115145174193194175139 94 50 17  1  5 30 7011615818719718816413524 524QH 634196195919799999999999999 1 0 861317  099999999999999
109 94 92106131160185196188161120 74 33  6 -2 11 41 8413016819019317915524 525QH 7 6196203919499999999999999 135 911353 -299999999999999
128107 97101118144171190193178145103 59 24  3  2 20 54 9714017218818617024 526QH 741194212318999999999999999 212 961433  099999999999999
147123107102110129153176189186166132 91 52 22  7 11 32 6710714417118217724 527QH 820190221118299999999999999 2531021517  799999999999999
162141122110108117134156174182176154122 85 51 27 17 23 44 7611314516717624 528QH 9 518223 717699999999999999 34110716 7 1699999999999999
171157139123112110118133151166173166147119 87 58 37 29 35 55 8411614516424 529QH10 0173999999999999999999999 44011017 3 2999999999999999
172168156139123111107112125141155163159145122 95 69 50 42 47 63 8911814524 530QH 0 9172111216399999999999999 55610718 8 4299999999999999
164172169157139120105 97 99110127143155157149131108 84 64 55 57 71 9412224 531QH 114173124315799999999999999 717 971920 5499999999999999
149168177173158136112 92 80 80 92111133151160158144123 99 78 66 66 7810124 6 1QH 212177141816199999999999999 830 792031 6499999999999999
129156176183176157128 98 73 59 59 73 98127152168170159137112 89 75 74 8624 6 2QH 3 2183154017199999999999999 929 572136 7399999999999999
109138166185190178151115 79 50 36 38 57 89125157178183172149122 98 83 8224 6 3QH 3471901647183999999999999991021 342235 8099999999999999
 95120150178194194175141 99 58 28 15 22 48 87129166189193181156127103 8924 6 4QH 42919617451949999999999999911 9 152328 8799999999999999
 90105132162188201194168127 80 38  9  0 13 46 9013717519719918415812910624 6 5QH 5102011837201999999999999991154  0999999999999999999999
 94 98116144174197203190157111 63 22 -3 -6 13 51 9914718320120018215512724 6 6QH 550204192420399999999999999 016 941238 -899999999999999
107 99106127155183201201181143 95 48 11 -8 -4 21 6211115618820119517414824 6 7QH 63020320 920199999999999999 1 1 991321 -999999999999999
123107104115137165189201194168128 81 38  7 -5  5 34 7712416418919518516424 6 8QH 710201205119599999999999999 14210314 3 -599999999999999
139118107109123146171190196183154114 71 33 10  5 20 52 9413616918618617324 6 9QH 750196213118899999999999999 2221061444  499999999999999
152130114108114130152173187187170140102 64 34 18 20 39 7111014517018017624 610QH 829189221018099999999999999 3 11081524 1699999999999999
161141123112110118134153171179175156127 94 62 39 31 38 59 9012315216917324 611QH 910179224917399999999999999 34111016 4 3199999999999999
166151134119111111120134151164169162144118 90 65 49 46 56 7710513315516724 612QH 955169233116899999999999999 4281101645 4699999999999999
167158144128116109110118130144154157151135114 92 73 62 62 73 9311714115824 613QH1049157999999999999999999999 5241081730 6199999999999999
165163154140125112105105111122134144148144132116 98 84 76 77 8710512614624 614QH 017166115914899999999999999 6321041823 7599999999999999
160165162152137120106 97 95101111124136143142135123108 95 88 89 9811413324 615QH 1 8165132914399999999999999 745 951924 8799999999999999
150163167163150132113 96 85 82 88101117133144148143133118105 97 9710512124 616QH 2 0167145914899999999999999 848 822031 9699999999999999
139156168171164147125101 82 69 68 76 9311513615115815414312711210310211124 617QH 24817116 915899999999999999 940 67213510199999999999999
126146163174175163141114 86 64 52 53 67 9111814416317016515013211510510524 618QH 33217617 4170999999999999991024 51223110499999999999999
115133155173182177160131 98 67 44 35 42 63 9412815717618117315413311510524 619QH 41318217501829999999999999911 5 35231910599999999999999
107121142165183188178153118 80 47 26 22 35 6410214117218919017615413011224 620QH 4521881832191999999999999991144 21999999999999999999999
105111128153177192192175143102 61 28 11 13 34 7011415518519819317514912524 621QH 531194191419999999999999999 0 31051224 1099999999999999
108105115137164188200194170131 86 43 13  1 10 38 8012716819520319216914224 622QH 612200195520399999999999999 04410413 5  199999999999999
118105106122147175197204192161118 71 30  4 -3 13 47 9214017820020218716224 623QH 654204203620499999999999999 1251041347 -399999999999999
134113104109128155183202204187152106 59 22  1  0 21 5910615118620119817924 624QH 737206211820299999999999999 2 71031430 -299999999999999
153126108103112133161187203200179142 97 53 20  5 10 35 7412016119019919124 625QH 82320422 119999999999999999 2521021515  499999999999999
170144119104101112135162186198193170133 92 53 26 16 25 52 9013316919119524 626QH 913199224519699999999999999 34010016 1 1699999999999999
184161135112 99 98110132158180189183161129 92 60 39 33 45 7110714417419024 627QH10 7189233019299999999999999 434 971649 3399999999999999
190176153128106 93 92103124148169178173156129 99 73 57 54 66 9012215317724 628QH1110178999999999999999999999 534 911740 5399999999999999
188185170147121 98 84 82 92112135156167166154134111 90 77 75 8610713315924 629QH 017189122716899999999999999 640 821837 7599999999999999
179187182166141114 89 74 70 78 97121143159164158144126108 97 9410211914124 630QH 1 8187135916499999999999999 748 691944 9499999999999999
164180187181163136106 79 61 55 62 8210813415516716715714212511310811312724 7 1QH 2 2187153116899999999999999 856 55205910899999999999999
146167182188181161131 98 67 47 39 48 69 9913115717417817015513712311611924 7 2QH 258188164817899999999999999 958 39221411699999999999999
131150170186191182159126 88 55 32 26 36 61 9613316418318818016314312611824 7 3QH 3531911750188999999999999991054 25231811799999999999999
120133153175191195183156118 77 42 20 15 30 6010014117419319618416414112424 7 4QH 4461961840196999999999999991144 15999999999999999999999
116120135158182197198182151109 66 30 11 10 30 6611015318420019818215813524 7 5QH 535200192320199999999999999 0101161230  899999999999999
118113120140165189202200178142 97 54 21  6 12 38 7912516619320219417414824 7 6QH 62120320 120299999999999999 0551131312  699999999999999
125111111123146173195205197170129 84 43 16  8 22 53 9614117819820018516124 7 7QH 7 4205203520199999999999999 1331091352  899999999999999
135115106111128154180200203189157115 71 36 16 17 38 7411715818719819117224 7 8QH 74320421 619899999999999999 2 91061428 1499999999999999
146122107104114135161186199197176142100 62 34 24 33 59 9713817219119318024 7 9QH 821200213619599999999999999 24310415 2 2499999999999999
157132112102104119141166186194185161126 89 58 39 38 54 8412015618119118424 710QH 85819422 419199999999999999 3181011535 3699999999999999
166142120104 99106123145167182184170145114 83 61 51 57 7710814116918518624 711QH 937185223418799999999999999 355 9916 7 5199999999999999
174153130110 99 98107124145163173171157134108 85 70 68 7910112915617618424 712QH101917423 518499999999999999 436 971640 6799999999999999
179163142121104 95 96106122141155162159147129109 93 85 8710012014416517824 713QH1111162234118199999999999999 525 941718 8499999999999999
180171155135115 99 92 9310211613314615215114313011710610110511613415316824 714QH1222153999999999999999999999 623 9118 510199999999999999
176175166149129110 94 86 86 9410712313714715014713912912011611812714115624 715QH 024177135915099999999999999 730 8519 911699999999999999
168174173163146125104 87 77 76 83 9711513314715515615114213212612613214324 716QH 118175153715799999999999999 840 75203412599999999999999
156168175174163145121 97 77 64 62 70 8811113415416616916315214013112813224 717QH 222175164816999999999999999 943 62215612899999999999999
143157171179178166144116 87 63 48 47 58 8211114116618018217415914213012524 718QH 3241801741183999999999999991037 4623 012599999999999999
130143161178187185170142108 73 46 31 32 50 8011715318019419317915913812324 719QH 4211881825196999999999999991126 29235011999999999999999
119128145168188198193172138 97 57 28 15 21 46 8412816819620619917915312924 720QH 51319819 5206999999999999991211 14999999999999999999999
115114127151178200209200173131 84 41 12  3 16 48 9414218420921319917214224 721QH 6 2209194321499999999999999 0341121255  399999999999999
118106109129158189212218204169121 70 28  2 -1 19 5810915919821721419316124 722QH 649219202121999999999999999 1151051338 -399999999999999
128105 97107132165198220222201161110 59 20  0  4 31 7612817721022020918124 723QH 736224205722099999999999999 157 971420 -199999999999999
145113 93 90105134171204223220194151101 54 21  9 20 52 9814919121521619724 724QH 822224213321999999999999999 240 8915 1  999999999999999
165129 99 84 85104136173203218210183141 95 56 31 27 44 7812316820121420724 725QH 91021822 821599999999999999 324 821542 2699999999999999
183149114 88 76 82103135169196206197170134 97 66 51 53 7310614618120420824 726QH10 1206224320999999999999999 412 761623 4999999999999999
194168134103 80 72 79100130160182190182161133105 84 76 8210113016218820124 727QH1058190232020199999999999999 5 3 7217 5 7699999999999999
198182155124 96 76 69 75 9412014716617417015613711910610210912514717018724 728QH12 9174999999999999999999999 6 2 69175210299999999999999
194188172148120 93 75 66 70 8510713115016116415814813612812512913915417024 729QH 0 4194134816499999999999999 710 66185612599999999999999
182186182168146119 94 73 63 63 74 9311613815516516616215314513913914415324 730QH 1 1186154416799999999999999 828 61203713899999999999999
165176182180169148122 94 71 56 53 62 8110713415717217817516615414413914024 731QH 21718317 717899999999999999 946 52222113899999999999999
148160174183184174153124 92 64 46 41 51 7410513816618419018417115414013124 8 1QH 33618518 0190999999999999991050 41232613099999999999999
132142158176189192180156122 85 54 35 32 46 7511214917919619818716714612924 8 2QH 4421921838199999999999999991141 31999999999999999999999
121125140161184198199184154114 74 42 25 27 48 8412616519320519918115613224 8 3QH 534201191120599999999999999 0111211223 2499999999999999
116112122143170194208204182145101 60 31 20 30 5910114518220420719316813924 8 4QH 619209194020899999999999999 04711213 1 2099999999999999
116104107124151181205213203173131 85 47 25 23 43 7912416719821020218015024 8 5QH 65721320 621099999999999999 1181041334 2199999999999999
121102 97108132163193212213193157113 70 39 26 35 6310514918620720719016124 8 6QH 733215203121099999999999999 148 9714 5 2699999999999999
129104 92 96114142175201213205178139 96 60 39 37 56 9113317320120919717124 8 7QH 8 7213205420999999999999999 217 911433 3599999999999999
140110 91 87 98122153183203206191159121 84 57 48 57 8312016019120620218124 8 8QH 840208211720799999999999999 246 8715 1 4899999999999999
151120 96 84 87104131161186199194173142108 80 64 65 8211214718020020318924 8 9QH 914199214020499999999999999 317 831527 6299999999999999
163132105 86 82 90111137164183188178157129103 85 79 8710913816819120019324 810QH 95018822 420099999999999999 351 811554 7999999999999999
173146117 95 83 83 95115140162174175164145125107 97 9811113215717919219224 811QH1032176223119499999999999999 429 811624 9699999999999999
180158133108 91 83 85 9811613715416316315414212811811411813114816618118724 812QH112816423 318799999999999999 515 82165811499999999999999
182168148126105 91 84 86 9611212914315215515214613913313113514315516817624 813QH13 0155235017999999999999999 615 84175013199999999999999
179174162144125106 91 83 82 8910111713214515415815715314814414414715416324 814QH1517158999999999999999999999 736 81193814499999999999999
170173171162148128108 90 77 72 75 8710512614616117117216815915114514314824 815QH 1 9173164417299999999999999 9 6 71214314399999999999999
156166174176170156133108 83 64 55 58 73 9712515317518718717816314813713424 816QH 2481761732189999999999999991017 55225313499999999999999
139152168182188183165137103 71 47 36 41 62 9513316819320319918215913712324 817QH 4 51881810204999999999999991111 35234012199999999999999
121132152176196205197173136 94 55 27 18 29 5910214718721121620317614612024 818QH 5 42051845217999999999999991157 18999999999999999999999
107110128157189213221209177131 81 38 12  8 27 6611716820722622119716212624 819QH 556221191822799999999999999 0201061240  699999999999999
100 91101128165203228233214174121 68 26  4  8 37 8413919022423321718314124 820QH 643234195123399999999999999 059 911321  399999999999999
104 81 78 96131175214238238211165110 58 22  9 22 5810916521023323020416224 821QH 729241202323599999999999999 138 7614 0  999999999999999
118 82 65 69 95136182220239233201154102 57 30 26 47 8713918822323321818324 822QH 815240205423399999999999999 218 641438 2599999999999999
139 96 66 55 66 97140185218231219187143 99 65 48 54 7911916520422622319924 823QH 9 1231212422899999999999999 3 0 551516 4899999999999999
161118 80 57 52 68100141181208214201172137104 81 75 8611214818421021920724 824QH 949215215421999999999999999 343 511552 7599999999999999
179142103 72 55 55 7210213817019019418216113711510410411714016719220620524 825QH1043194222620799999999999999 430 53162810299999999999999
189162130 98 73 61 62 7610113015417017416915714313212713014115717418819424 826QH115417423 319499999999999999 525 5917 812799999999999999
189175153127101 81 69 68 78 9511713715216016316015515014714815316117017824 827QH1356163999999999999999999999 635 67181714799999999999999
180177168152132110 90 76 71 74 8610312214115616617016916515915515315415924 828QH 0 1180161717099999999999999 8 8 7121 515399999999999999
165170173169159142120 97 79 67 65 74 9111413916017518218017216115014214124 829QH 158173171718299999999999999 940 65224414199999999999999
146156168177178170152126 98 74 58 55 65 8711614717218919318617015213612724 830QH 3411791751193999999999999991045 54232812699999999999999
127137154173187190180157125 91 63 47 46 62 9212816218820119818215913611824 831QH 4461911818201999999999999991131 44999999999999999999999
112118136161185200201185154115 78 50 38 45 6910614718220420719416914011524 9 1QH 533203184320899999999999999 0 011212 8 3799999999999999
101101116143174200212206181143100 62 39 36 53 8612917120121320518114911824 9 2QH 61121219 621399999999999999 029 991240 3599999999999999
 96 88 98123156189213218202169125 82 50 36 44 7111215619321421319316012424 9 3QH 645219192721699999999999999 055 8813 9 3699999999999999
 95 80 83103135172204220216191151106 68 46 43 62 9814218321021720317213424 9 4QH 718221194821899999999999999 121 791336 4299999999999999
100 77 72 85113150187213220205173131 91 62 51 61 8912917120321821018314624 9 5QH 74922020 921899999999999999 147 7114 1 5199999999999999
108 79 66 71 93127165197214211188153114 82 65 66 8611915919321421419315924 9 6QH 820216202921699999999999999 214 661426 6399999999999999
120 87 66 63 77105141176201208196169136104 83 77 8811414818220621320017124 9 7QH 852208205021399999999999999 241 621451 7799999999999999
134 99 73 62 67 87118152180196195178153125103 93 9611314017019520720218024 9 8QH 926198211220799999999999999 311 611515 9299999999999999
149115 86 68 64 75 9812715617718517916314312311110911813616018219719818524 9 9QH10 4185213619999999999999999 344 64154110899999999999999
161132103 81 70 72 8410613015316717116615414113012412713715217018419018524 910QH105317122 319099999999999999 423 69161112499999999999999
169147123100 84 77 79 8910612514215415915815314714214014315015916917717824 911QH1219159224217899999999999999 516 76165614099999999999999
172160143124105 91 83 81 87 9811312914215315916116015715415215315616116624 912QH15 8161999999999999999999999 642 81191715299999999999999
168167160149133115 98 84 76 75 83 9711613615516917617617016115214514414824 913QH 0 9168162917799999999999999 833 75214514499999999999999
156164170170162146124100 78 63 58 65 8311014016718619318917615814012912724 914QH 23217117 819399999999999999 955 58224212799999999999999
135150168183188181160130 96 65 45 39 50 7711315218520520819617114312010824 915QH 3571881741209999999999999991050 39232210799999999999999
110126152180201209198170130 87 50 27 25 44 81127173207223216191156120 9424 916QH 4562091812223999999999999991136 242359 8599999999999999
 85 95122159196222228211174124 75 36 17 22 51 97150197227232213176131 9124 917QH 5462281842233999999999999991217 16999999999999999999999
 67 65 85123170212238239215170116 65 30 18 32 7012217621923923119915110224 918QH 633242191324099999999999999 036 631257 1899999999999999
 63 45 52 82129181224246241210161107 61 34 32 55 9815120123424021817512324 919QH 719248194324199999999999999 114 451335 3099999999999999
 74 41 31 47 85136189229244233198150103 66 50 57 8613017921823722919714824 920QH 8 4244201223899999999999999 153 311412 4999999999999999
 97 53 28 27 50 92143191224232216183142104 80 74 8811815919822422920917224 921QH 850232204123099999999999999 233 251448 7399999999999999
124 78 43 27 33 5910014618621021219616913811310010211814617820521821118724 922QH 937214211021899999999999999 315 271522 9999999999999999
150108 71 45 36 45 7010614317419019017816014012612212714316418620020319124 923QH1031192214020499999999999999 4 0 36155712299999999999999
167135103 74 56 51 59 7910713515716917116615714814214114615616918018618424 924QH1146172221418799999999999999 453 51163814199999999999999
173154131107 86 72 66 71 8410212314015316016316215915615415415716216616924 925QH14 9163231616999999999999999 6 3 66182015499999999999999
168162152137119102 87 77 75 81 9411012814515916817116916415715114714614924 926QH16 8171999999999999999999999 744 75213914699999999999999
154159161158149134115 96 81 73 74 8510312514816617818117516415013713012924 927QH 2 0161165018199999999999999 922 72223712899999999999999
135147160169171162145121 96 76 65 66 8010313216018019018717415413411811124 928QH 3411711717190999999999999991024 6423 911099999999999999
114128149169182184172149118 88 66 56 62 83114148177195198186163136112 9724 929QH 43818517401989999999999999911 7 562337 9499999999999999
 95108131159184197194175144108 76 55 52 67 96133170196205197174142111 8824 930QH 52119818 2205999999999999991141 51999999999999999999999
 80 87110142175199208197169131 93 63 50 57 81118158192209207186153116 852410 1QH 556208182321199999999999999 0 2 801211 5099999999999999
 68 69 88121159192212212192156115 79 57 54 71104145184209214198165125 882410 2QH 629215184421599999999999999 027 671238 5399999999999999
 63 55 68 97137177207218208179139100 70 59 67 94133173204217207178137 952410 3QH 7 121819 421799999999999999 052 5513 5 5999999999999999
 63 47 52 75113156193215216196161122 89 70 70 891221611962162141901511072410 4QH 732218192521799999999999999 117 461330 6799999999999999
 69 45 41 57 89131172203215206179144110 86 78 881141501852092151991651232410 5QH 8 3215194621699999999999999 143 401356 7899999999999999
 82 51 38 44 69106148184205207190162130104 91 931111401721992112041771392410 6QH 83520820 821199999999999999 210 371421 9099999999999999
 98 64 43 40 55 841221591871981921731471231061031121331601862022021851542410 7QH 9 9198203120599999999999999 239 39144710299999999999999
117 82 56 44 49 69 991331631811861771591391231161181311511721891951871652410 8QH 947186205619699999999999999 312 44151411599999999999999
135103 75 57 53 61 811071351581701721641521401311291341451601751831831712410 9QH1038172212618499999999999999 351 52154812999999999999999
150125 99 78 65 63 71 87107129147157161159154147143142144151159167171169241010QH12 6161221017199999999999999 444 63164814299999999999999
159144125105 88 76 71 74 84 99117134148158163163160154149146146149153158241011QH1432164235615999999999999999 6 8 71193514699999999999999
159157149135118100 84 73 69 73 86104126147164175177171160148137131131138241012QH1546177999999999999999999999 759 69212613099999999999999
148158164163153134111 87 68 58 59 73 97127156179191190178157134116107110241013QH 222165162619399999999999999 923 57221610799999999999999
124144165180183172149117 85 58 45 47 66 99137173198207198174141110 88 81241014QH 3451841659207999999999999991021 442255 8199999999999999
 91115147179200204190158118 78 48 35 43 70111156195217217196158116 79 58241015QH 44420517302209999999999999911 8 352333 5499999999999999
 57 77113156196220222201162115 72 43 35 50 85133180216229217182134 85 47241016QH 53522418 1229999999999999991150 35999999999999999999999
 30 38 70117168211234231203159110 69 45 45 68109159203230231205159104 54241017QH 623236183223499999999999999 011 301231 4299999999999999
 20 12 30 70125180222240230198152106 71 56 64 93136183220235222185132 75241018QH 7 924019 323599999999999999 049 111310 5699999999999999
 29  4  4 30 77134187224235221187145106 81 74 89120162201226228204160106241019QH 755235193423099999999999999 129  01348 7499999999999999
 54 16 -1  8 39 88142189217221205174139111 95 96114145180208221211181136241020QH 84122220 522199999999999999 210 -11425 9399999999999999
 87 43 15  6 20 53 99146183202203187162137119112118136161187205207191159241021QH 930205203720899999999999999 252  615 211299999999999999
119 78 44 24 22 38 68106144171184183172155139129127134149168184192187170241022QH1024186211019299999999999999 337 21154112799999999999999
143111 79 55 41 42 56 80109137157167168162153144139138143152163171174169241023QH1135169215117499999999999999 428 40163513899999999999999
155135112 89 70 60 59 69 86107128145156160160156151146143143145150154156241024QH132516123 615699999999999999 533 58183414299999999999999
155148136120103 87 76 71 75 87103121138152161164162155147138133130132137241025QH15 4164999999999999999999999 7 1 7121 113099999999999999
144148149143132116 99 85 76 76 84 99119139157168171166155140126115112116241026QH 136149155317199999999999999 833 7522 011299999999999999
126139151157155144126105 86 74 73 82100124149168178177166146125106 95 94241027QH 316157162417999999999999999 940 722235 9399999999999999
104122143161169167152129103 82 70 71 84109138164182187178157129103 83 75241028QH 4161701650187999999999999991027 6823 4 7599999999999999
 82100127154175182175154125 96 75 66 73 94124156182194189169139105 77 61241029QH 5 018217141949999999999999911 4 662330 5999999999999999
 61 77105139170189192177149117 88 70 68 83111145177197199182151113 77 52241030QH 5381931737200999999999999991136 672356 4499999999999999
 44 55 81118157187201195172140106 80 70 77100133168195205194165125 84 50241031QH 61320117592059999999999999912 6 69999999999999999999999
 33 36 57 94136175200206191162127 96 78 76 92121157188206203179141 96 562411 1QH 646206182220799999999999999 023 321236 7499999999999999
 29 22 36 68111155190207203181149116 91 81 88112144178201207191157113 682411 2QH 718208184620899999999999999 050 2213 4 8199999999999999
 34 17 21 46 85130171199206194167135107 91 90105133165192206199172132 862411 3QH 751206191120699999999999999 118 161333 8899999999999999
 47 21 15 29 61103146181199198180153125104 971041241521801982001831501082411 4QH 825201193720299999999999999 148 1514 1 9799999999999999
 66 34 18 21 43 771191571831931851661421201071071191401651861951881641292411 5QH 9 219320 519599999999999999 220 17143210599999999999999
 90 55 31 23 33 57 911281591781821721551361211151181321511701841851721472411 6QH 944182203718699999999999999 256 2315 711599999999999999
114 80 52 36 33 45 691001311551691711631501361271231281391531671751721582411 7QH1039171211717599999999999999 339 32155412399999999999999
135108 80 58 45 44 55 761011271481601641601521421341301311371471561621602411 8QH1156164221716299999999999999 434 43171413099999999999999
150132111 88 69 56 53 60 76 971211421561641641581481371291251261331411492411 9QH1331165999999999999999999999 548 53191512599999999999999
153149139122101 81 66 58 60 72 92116140160171173166152134119109107113126241110QH 0 2153144217499999999999999 718 58204410699999999999999
140152157152138117 93 72 59 57 68 89117146170183183170148121 98 84 82 92241111QH 2 1157153018599999999999999 839 572140 8199999999999999
113137159171170156131102 75 58 55 67 92126159185196190168135 99 70 54 56241112QH 32617316 919799999999999999 943 542225 5399999999999999
 74105141171189189172141107 76 58 56 72103141177201206190157113 71 39 26241113QH 4301911645207999999999999991036 5523 7 2699999999999999
 34 63104149185205203182147109 78 61 63 84119160194213209182138 87 41 11241114QH 5252071720214999999999999991124 592348  399999999999999
  4 21 59109159198216211185148109 80 68 75101139178208218204166115 60 16241115QH 61621717552189999999999999912 8 68999999999999999999999
 -9 -9 16 62117169206220210182145109 85 79 91120158193215215191146 92 38241116QH 7 4220183021999999999999999 030-131250 7899999999999999
 -1-19-11 21 71127176208216203174139110 92 92108138172201214205173126 72241117QH 75121719 621499999999999999 111-201331 9099999999999999
 25 -8-17 -3 33 83135178203206190163134111101105124152181201205189154108241118QH 838207194220699999999999999 154-18141210199999999999999
 60 20 -4 -6 13 49 95141176192191176153130114110117135159181194191171137241119QH 925194202019599999999999999 237 -8145310999999999999999
 96 56 24  9 11 32 66106143169180176163145128118117125140159174181174154241120QH101318021 118199999999999999 321  7153711699999999999999
124 90 58 35 26 31 51 80113142161168164153140128121121127139152162165157241121QH11 7168214816599999999999999 4 8 25163212099999999999999
141117 91 67 50 44 50 67 91117139154159157149139129122120123130139147149241122QH1210159225314999999999999999 5 0 44175312099999999999999
145133116 97 78 65 60 65 78 97118137150156155149139128118113113117124133241123QH1321157999999999999999999999 6 1 60193511299999999999999
138138133121106 90 78 72 74 85101121138152158157150137122109100 97101111241124QH 034139142315999999999999999 713 722053 9799999999999999
122133139138130116100 87 79 80 89105125144158164161149131111 93 82 80 87241125QH 22213915 916499999999999999 825 782144 8099999999999999
101119135146148140125107 91 82 83 93111133154167170162143118 93 73 62 64241126QH 340148154617199999999999999 927 812223 6299999999999999
 77 99123145158159148130109 92 83 85 99121145166176173157130 99 70 51 44241127QH 4361601618177999999999999991017 822256 4499999999999999
 53 74104134159171168153130107 90 83 90108134159178182171145111 75 46 30241128QH 5201711648183999999999999991059 832327 2999999999999999
 31 49 79116150173181173153126102 87 86 98122149174187183162127 87 50 24241129QH 5591811717187999999999999991137 852358 1599999999999999
 15 26 53 91132166186187173147119 97 87 91110137165186191177146105 62 27241130QH 6351891747191999999999999991212 87999999999999999999999
  8  8 28 64108149180193187166138111 94 90101124153179193188165126 81 392412 1QH 710193181719399999999999999 029  51246 8999999999999999
 10 -1  8 37 79125164188194181156128105 93 96112139167188193180148105 602412 2QH 746194184919499999999999999 1 2 -11319 9299999999999999
 22  0 -2 16 51 95139173190188171145119101 96104125151176191188167130 862412 3QH 823192192219299999999999999 137 -41354 9599999999999999
 44 12 -2  3 28 661101501771871801601351141011011131351601801881791521142412 4QH 9 2187195918899999999999999 214 -31431 9999999999999999
 72 34 10  2 13 41 801211551761801701511291111031061201411621781801671392412 5QH 946181204018199999999999999 254  2151310399999999999999
102 64 33 14 12 26 55 911281571721731621441251111051091221401581701691552412 6QH1034175212817199999999999999 338 1116 610599999999999999
129 96 64 38 24 24 39 66 991311561691681581421241101041061171321481591592412 7QH1129170223016099999999999999 427 22171410499999999999999
147125 98 71 49 37 38 52 76105134156167167157140122106 97 961041181341472412 8QH1229168235315199999999999999 525 361835 9599999999999999
150144128107 83 63 52 51 62 83110136157169169158139117 97 83 79 861011202412 9QH1330170999999999999999999999 632 501953 7999999999999999
137147148138120 99 79 66 63 71 90115141162174172159135107 81 63 57 64 82241210QH 133149142517599999999999999 746 622058 5799999999999999
107131149157152136115 93 78 72 78 96121148170180177158128 93 61 39 33 42241211QH 3 6157151518199999999999999 859 722154 3399999999999999
 66 98131157169167152129105 86 79 85103129157179188179153116 74 38 15 10241212QH 42117016 11889999999999999910 5 792245 1099999999999999
 25 56 96136167182180164138112 92 84 91111139168188193178145101 55 16 -6241213QH 52318416451939999999999999911 3 842333 -999999999999999
 -6 14 52 99144177193189169141114 94 88 97119149178195195173134 85 36 -1241214QH 6171941728198999999999999991155 88999999999999999999999
-20-15 12 56107154186199191169139112 95 92104129159186199192165121 69 21241215QH 7 6199181120099999999999999 018-211242 9199999999999999
-13-26-15 17 65117162191198187162133108 94 95111138168191198186153106 55241216QH 752199185419999999999999999 1 3-261325 9399999999999999
 11-17-24 -7 30 79129169191192177151124103 94100118145173191193174138 92241217QH 834194193519499999999999999 146-2414 6 9499999999999999
 45  7-14-13  9 48 95140172186182163138114 99 95104125150174186182160123241218QH 914187201618799999999999999 228-161446 9599999999999999
 80 39  9 -4  4 30 68111149172178169149126107 96 97109129151170176168144241219QH 951178205717699999999999999 3 7 -41526 9599999999999999
109 71 38 17 12 25 52 88125154168168156136116101 95 98110129148161163152241220QH1028170214016499999999999999 346 1216 9 9499999999999999
129 99 68 43 30 32 47 74106135156163158145127110 97 93 97109124139149148241221QH11 5163222815099999999999999 424 2917 0 9399999999999999
137118 94 71 53 47 52 68 93119141155158151137120105 94 90 93102115128135241222QH1145158233013699999999999999 5 4 4718 3 9099999999999999
135127113 95 79 67 64 71 86106127144154154146132116100 88 83 84 92104115241223QH1231155999999999999999999999 549 641917 8399999999999999
124127124115103 91 82 80 85 98115132146153152144129111 93 79 72 72 79 92241224QH 059127132415499999999999999 647 802029 7199999999999999
106118126128123114103 95 92 95105120135148154153143125104 83 66 57 57 67241225QH 245128141915599999999999999 8 0 922129 5699999999999999
 82102120133138135126114104 98100108123138151158154141119 94 69 50 41 43241226QH 4 8138151115899999999999999 917 982217 4099999999999999
 57 79104128144151147135120107100101110126144158163156138110 79 51 31 24241227QH 5 61511558163999999999999991022 992259 2499999999999999
 32 52 82113141158163155139121105 98100113132152166168156131 97 61 31 13241228QH 5511631640169999999999999991114 972338 1099999999999999
 11 26 54 91127156171172158138116100 95101119141162174172153120 80 42 12241229QH 6301731721175999999999999991157 95999999999999999999999
 -2  3 25 62104143170181175156131108 94 93105127152173182172146106 62 22241230QH 7 718118 018299999999999999 016 -31236 9299999999999999
 -4-12  0 31 74120158181185172148120 98 88 92110137164183187170136 91 44241231QH 743186184018899999999999999 053-131312 8899999999999999
