 46 27 20 26 43 69 96121136142137125111 99 92 93101113125133135127111 8924 1 1QK 859142194013599999999999999 2 3 201422 9299999999999999
 66 46 34 33 43 62 86110128138138130117103 93 88 90 9810811812412311510124 1 2QK 928139202612499999999999999 235 321511 8899999999999999
 83 66 52 46 49 61 80101120133137133123110 97 88 84 85 9110010811211210624 1 3QK10 0137212711399999999999999 3 9 461613 8399999999999999
 96 83 71 63 61 66 78 95112126134134128117104 91 81 76 76 81 88 9610210524 1 4QK103513523 410599999999999999 348 611728 7599999999999999
103 97 90 82 77 76 81 92105118128133132124112 98 83 72 65 64 68 76 86 9524 1 5QK1116133999999999999999999999 436 761842 6399999999999999
102105105101 95 91 90 93101111122130133130122108 91 74 59 50 49 54 65 7924 1 6QK 11710612 513399999999999999 546 901945 4899999999999999
 93106114116114108103100101106115124131134131120103 82 61 44 34 32 40 5624 1 7QK 25811613 013499999999999999 717 992037 3299999999999999
 76 97114125129126119111105104108117127135138133119 97 72 46 27 16 17 3024 1 8QK 4 1129135413899999999999999 8421042124 1599999999999999
 51 78104125138141136125114106105110120132141144136118 91 60 31  9  0  524 1 9QK 449141144514499999999999999 9461042210  099999999999999
 23 51 84114137149150141127113104104111125139150150139115 83 47 16 -6-1224 110QK 53215115341519999999999999910351032254-1299999999999999
 -2 22 56 93125148157153140123108100102114131147157156140111 74 36  3-1624 111QK 61215716221589999999999999911181002338-2099999999999999
-19 -3 27 65104135155160152135116101 95101117137154163158138105 66 26 -424 112QK 6511601710163999999999999991158 95999999999999999999999
-20-17  3 37 77115144159158145125105 92 90101119141158164156133 98 58 2124 113QK 728160175816499999999999999 021-211239 9099999999999999
 -5-15 -7 17 53 92126150158152134113 94 84 86 99119141156160150125 91 5424 114QK 8 3158184716199999999999999 1 3-161321 8399999999999999
 22  2 -2 10 37 72107136152154142122100 83 76 80 95116136149151140116 8624 115QK 836155193915299999999999999 144 -314 6 7599999999999999
 54 29 16 18 34 61 92122142151146130109 88 73 68 74 8910812613713812710824 116QK 9 7151203513999999999999999 224 151457 6899999999999999
 84 60 43 37 43 60 84110132145146137119 97 78 65 61 66 79 9611212212311624 117QK 937147214212499999999999999 3 1 371554 6199999999999999
103 86 71 62 61 69 84104123137143140128109 89 70 58 53 57 68 82 9610611124 118QK10 8143231511199999999999999 338 6017 2 5399999999999999
109103 94 87 82 84 91103117130138139133121103 83 65 52 45 47 55 67 81 9324 119QK1043140999999999999999999999 416 821819 4599999999999999
103107108106103101102107114123131135135129117100 80 61 45 36 35 42 54 7024 120QK 140108113013699999999999999 5 91011938 3599999999999999
 86101112117119117115114115118123128133133129117 99 78 56 38 26 24 30 4524 121QK 354119124013499999999999999 7101142046 2399999999999999
 65 86106120128130127122117114115120126132135131119 99 74 49 28 16 14 2324 122QK 449130135713599999999999999 9171142140 1399999999999999
 42 67 93115131138137130121113109110117126135139134120 96 68 40 18  6  724 123QK 52213815 01399999999999999910181092225  599999999999999
 21 46 75104127140143138127115105102106117130141144137118 91 59 29  8  024 124QK 550144155114499999999999999105610223 4  099999999999999
  6 26 56 88117137146144133118104 96 97106121137148148137113 81 47 18  124 125QK 6161471634149999999999999991126 952338 -399999999999999
 -2 12 38 71104130145147138122105 93 89 95109128144153149132103 69 35 1024 126QK 6401481713153999999999999991153 89999999999999999999999
 -1  4 25 56 90120141148143128109 92 83 85 97115135149154144122 90 55 2524 127QK 7 3148174915499999999999999 011 -21221 8399999999999999
  7  4 17 43 76109134147146133114 94 81 77 85101121140151149135109 76 4424 128QK 726148182415299999999999999 040  31249 7799999999999999
 21 11 16 36 66 98126143147138120 99 81 72 74 86105125141147140122 94 6524 129QK 747147185914799999999999999 1 9 101319 7299999999999999
 39 23 22 35 59 88117137146141126105 85 71 67 74 89108126137138128108 8324 130QK 8 8146193613999999999999999 136 211352 6799999999999999
 58 40 33 39 57 82109131143143132113 92 74 65 65 74 90107122129127115 9724 131QK 830144201612999999999999999 2 2 331429 6399999999999999
 76 59 48 49 60 79102123138142135120100 81 66 60 63 73 8810311411911510524 2 1QK 85214221 511999999999999999 229 471511 6099999999999999
 91 77 66 63 67 80 98117131138136125109 90 73 61 57 60 69 82 9510410810724 2 2QK 916139221410899999999999999 256 6316 4 5799999999999999
101 92 84 79 80 86 97111124133134129116100 83 68 57 53 55 62 73 84 9410024 2 3QK 944135999999999999999999999 327 791712 5399999999999999
103103100 97 95 96101109118126130129123112 97 80 65 53 46 45 50 60 72 8524 2 4QK 020104102213099999999999999 411 951837 4599999999999999
 97106111112112110109110113118123126126122112 97 80 62 46 35 32 35 46 6224 2 5QK 3 2112112912799999999999999 6 110920 0 3299999999999999
 80 99113123127125121116112112115120125128126117101 80 57 37 22 15 20 3424 2 6QK 41012713 812899999999999999 83511221 6 1599999999999999
 56 81106125136139134125115108107111119129135135125106 80 51 24  6 -1  624 2 7QK 449139142813699999999999999 9481062159 -199999999999999
 26 55 87117138148147137122108100 99107121136146146134110 77 42 12 -8-1324 2 8QK 5231491531148999999999999991032 982246-1399999999999999
 -1 26 61 98130150156149132112 96 88 92106126146157156140110 72 33  1-1724 2 9QK 5561561625159999999999999991110 882329-2099999999999999
-17  1 34 74113143158157143120 97 80 77 86107133154166162141107 65 25 -524 210QK 6261601715166999999999999991147 76999999999999999999999
-18-11 14 51 93129153161152130102 78 65 67 83109137159169161137100 59 2224 211QK 65616118 416999999999999999 010-181224 6499999999999999
 -2 -8  6 35 74113143159157139112 83 61 52 60 81109138158164154128 93 5624 212QK 723160185316599999999999999 048 -813 3 5299999999999999
 26 10 12 31 62 98131152157146122 92 65 47 44 55 79107134151154142117 8724 213QK 749158194215499999999999999 124  91343 4399999999999999
 58 37 30 39 60 90120143154150132105 75 51 38 39 53 7610212513813812710724 214QK 813155203414099999999999999 157 301426 3799999999999999
 85 65 55 56 68 89113135148149138116 90 64 44 35 38 52 72 9411112112211424 215QK 836150213412399999999999999 226 541515 3599999999999999
102 88 78 76 81 94111129141145140125104 80 59 43 37 39 50 66 83 9710510824 216QK 85714523 210899999999999999 250 761613 3699999999999999
106101 97 94 96103113124134139137129115 97 78 60 46 39 39 46 57 70 83 9324 217QK 919139999999999999999999999 3 4 941728 3999999999999999
100105107108110113117122127130131128121111 97 81 64 50 41 37 40 47 59 7324 218QK 94413199999999999999999999919 6 37999999999999999999999
 87100110117120122122121121121121122122119112101 86 69 52 39 31 31 38 5124 219QK 524122112112299999999999999 8231212033 3099999999999999
 69 88106119127129127122117112111112116121122119108 91 71 50 33 23 23 3224 220QK 45812913521229999999999999910 01112132 2299999999999999
 50 73 97117130135133125115106100101107117126130126114 93 67 42 23 14 1724 221QK 51013515 61309999999999999910261002215 1499999999999999
 32 56 84110129139139130116102 92 90 95108123135139132115 88 59 32 14  924 222QK 5281401555139999999999999991049 892251  999999999999999
 18 40 69100125140143135120102 87 80 83 96114132144145134110 79 47 21  824 223QK 5461431636146999999999999991112 802322  799999999999999
 10 27 55 88117138146141125104 85 72 71 82101123142151147129100 66 35 1424 224QK 6 51461712152999999999999991136 702350  899999999999999
  8 19 44 76108134147145131109 86 68 62 68 86110133149153142119 86 53 2724 225QK 62414817461549999999999999912 0 62999999999999999999999
 14 18 37 66 99128145148137115 90 67 55 56 70 93119140152149133105 73 4424 226QK 642149182015399999999999999 017 131226 5499999999999999
 25 22 35 60 91121142150142123 96 70 52 47 55 75101126143149140120 92 6324 227QK 7 0150185414999999999999999 042 211253 4799999999999999
 41 32 38 57 85114137149146129104 77 54 43 45 59 82107129141141128107 8124 228QK 718149192914399999999999999 1 7 321322 4299999999999999
 59 46 46 59 81107131145147135113 85 60 44 39 46 64 87110127134130116 9624 229QK 73614820 713499999999999999 131 441353 3999999999999999
 77 62 58 64 81102124140145138120 95 70 50 39 39 50 68 9010912112511910724 3 1QK 755145205212599999999999999 155 581428 3899999999999999
 92 79 72 74 84100118133141138125105 82 60 45 39 42 53 69 8710211211411024 3 2QK 815141215311499999999999999 219 721510 3899999999999999
103 94 88 87 92101114126134135128114 95 75 57 45 40 43 52 65 79 9210110624 3 3QK 837136235110799999999999999 244 8716 9 4099999999999999
107105103102103107113121127129127119107 92 75 60 48 41 41 45 54 66 79 9224 3 4QK 9 4129999999999999999999999 3 91021739 4099999999999999
102109114116116115116117119121122121116108 96 81 66 51 39 33 33 40 53 6924 3 5QK10 01229999999999999999999991928 32999999999999999999999
 87105118126129127122117113111113116119120117107 91 71 51 33 21 18 25 4224 3 6QK 4 1129124612099999999999999 8591112048 1899999999999999
 65 90113130139139131120109101 99104114124131130120101 75 47 23  8  5 1524 3 7QK 427140142713299999999999999 945 992144  499999999999999
 38 68100127144149142127109 93 85 87 98116133145145132108 75 41 13 -3 -324 3 8QK 4541491532146999999999999991019 842230 -599999999999999
 14 43 80115141154152137113 90 72 67 76 96121144158157140110 72 35  7 -624 3 9QK 5211551627160999999999999991052 672311 -699999999999999
  0 23 59 98132154159147122 92 66 51 52 69 97128154167163142108 68 31  724 310QK 5471591717168999999999999991127 502349  199999999999999
  1 14 43 81119148161155133101 68 43 33 42 66100133159169162137102 64 3324 311QK 61216118 51699999999999999912 2 33999999999999999999999
 17 18 38 70106138158160143113 77 45 25 22 37 66102135158164154129 96 6424 312QK 636161185316499999999999999 025 151239 2199999999999999
 42 34 43 66 98129152160151126 92 56 28 14 18 38 69103132150153141118 9224 313QK 659160194115499999999999999 057 341317 1399999999999999
 69 57 58 71 95121144156153136107 72 41 19 12 21 42 7110112413713812711024 314QK 720157203213999999999999999 127 551357 1299999999999999
 92 79 75 82 97117137150151141119 90 60 35 20 17 27 47 72 9511312212311624 315QK 740152213112399999999999999 152 751441 1799999999999999
106 96 92 94103116131142146140126105 80 56 37 27 27 35 51 69 8710010811124 316QK 75814623 311199999999999999 211 921533 2699999999999999
109106105106110117126133137135127114 97 78 60 46 38 36 41 51 64 77 89 9824 317QK 812137999999999999999999999 2121051643 3699999999999999
105109112114117119122125126125122116107 96 82 69 56 47 42 42 48 57 69 8224 318QK 8 91269999999999999999999991826 41999999999999999999999
 95106115120123123121119116114113112111108101 92 79 65 52 43 39 42 51 6524 319QK 42912399999999999999999999920 5 39999999999999999999999
 82 99113124128127122115107102101103108112114111101 86 68 51 38 33 36 4824 320QK 419128135511499999999999999 95410121 7 3399999999999999
 67 88109124132132125114102 92 88 90 99110120124120108 88 65 45 31 27 3524 321QK 43013315 41249999999999999910 7 882150 2799999999999999
 52 76101122135137130116 99 85 76 77 86102118131134127109 84 58 36 25 2624 322QK 4451381550134999999999999991026 752224 2499999999999999
 40 64 92117135142136121100 80 67 63 71 89110130141141128105 76 48 30 2424 323QK 5 21421629143999999999999991048 632254 2499999999999999
 32 54 82111133144142127104 80 60 52 56 72 96121141149143124 96 65 41 2824 324QK 51914517 5149999999999999991110 522322 2799999999999999
 30 47 73104130145147134110 83 58 43 42 55 79107133149151139115 85 57 3824 325QK 5361481739152999999999999991134 412348 3399999999999999
 33 44 67 96124144150140118 89 60 39 31 39 60 89119141152148130104 75 5224 326QK 5531501814153999999999999991159 31999999999999999999999
 42 46 64 90118141151146127 98 66 40 26 27 43 69100128146150140119 93 6924 327QK 611151184815099999999999999 013 411225 2499999999999999
 54 52 64 86112136149149134107 75 46 26 20 29 51 80109133145143130109 8624 328QK 629151192414699999999999999 038 511253 2099999999999999
 69 63 68 84107129145149139117 87 56 32 19 21 36 60 8911413213913412010124 329QK 64815020 313999999999999999 1 3 631323 1899999999999999
 85 75 76 86103123139146142125 99 70 44 26 20 27 44 68 9311312612912411224 330QK 7 7146204912999999999999999 128 741357 2099999999999999
 99 90 86 91103118132141140130110 85 60 39 27 25 34 50 71 9110711712011624 331QK 728142215412099999999999999 154 861439 2499999999999999
110103 99100105115125133136131118 99 78 57 41 32 31 38 51 67 83 9710711324 4 1QK 750136235611499999999999999 221 991537 3199999999999999
114113111110111115120125128127121110 96 79 63 49 40 36 38 46 58 73 8810124 4 2QK 818128999999999999999999999 3 211017 7 3699999999999999
111118121122120118116116116117117115110101 89 74 59 45 36 33 37 47 63 8224 4 3QK 235122 93211799999999999999 6521161858 3399999999999999
100116127132130124116109104103106111115117113103 87 67 48 33 25 27 39 5824 4 4QK 314132125011799999999999999 8441032020 2599999999999999
 83107127138140133120105 92 85 87 96109121129129118 98 73 48 28 18 21 3724 4 5QK 342141142613099999999999999 920 852117 1899999999999999
 62 92120140148143128106 85 69 65 72 89111132144144130106 76 46 25 16 2324 4 6QK 4 7148153014599999999999999 953 6522 4 1699999999999999
 44 75108135151152138113 84 59 45 46 61 88117143156155138109 76 46 26 2224 4 7QK 4331541624158999999999999991027 432245 2199999999999999
 34 61 94127150158148124 91 57 33 23 32 56 90124151164160140109 76 48 3424 4 8QK 45815817151659999999999999911 2 232323 3299999999999999
 36 54 83116144159157137104 66 32 11  8 25 56 94130156166158137107 77 5524 4 9QK 52216018 4166999999999999991138  72358 4899999999999999
 48 56 78108136156161148119 81 42 12 -2  2 25 60 99132154161151130104 8024 410QK 5461611853161999999999999991215 -3999999999999999999999
 67 67 80103129150160154133 99 60 25  1 -6  5 31 6610213114815114012210224 411QK 610160194115199999999999999 030 651253 -699999999999999
 87 81 87102123142155155142116 81 46 17  1  0 14 40 7210212513813812911624 412QK 632157203313999999999999999 1 0 811333 -299999999999999
103 95 96104119135147151145127100 69 40 18  8 12 27 50 7610011712612612124 413QK 655151213212799999999999999 127 951415  899999999999999
113107105108117128138143141131112 89 64 42 27 21 25 38 57 77 9510811611824 414QK 716143225711899999999999999 15110515 4 2199999999999999
116113112113116122128132132128117102 84 66 50 39 34 37 46 60 75 8910111024 415QK 735133999999999999999999999 21211216 8 3499999999999999
115117117117117118119120121119115108 99 87 74 61 51 45 45 50 59 72 85 9824 416QK 7381219999999999999999999991735 44999999999999999999999
109117121122120117113110108107107107105101 94 84 72 60 51 47 50 58 70 8624 417QK 25012299999999999999999999919 9 47999999999999999999999
101114123127125119111102 96 93 94 99104109109104 93 79 64 52 47 48 58 7324 418QK 3 9127133410999999999999999 911 932017 4699999999999999
 91109123131130123111 98 86 79 79 86 97108117119113 99 82 64 50 45 49 6224 419QK 328131144611999999999999999 930 7821 6 4599999999999999
 81102121133136129115 97 79 68 64 70 83101117127128119101 80 61 48 45 5424 420QK 347136153512999999999999999 952 642144 4599999999999999
 71 94117133140136121 99 77 59 50 53 67 88110128137135121100 76 57 47 5024 421QK 4 61401617138999999999999991015 502217 4799999999999999
 64 87111132143142128105 78 54 39 37 48 70 97122139145137119 95 71 56 5224 422QK 4241441655145999999999999991039 362248 5199999999999999
 61 80105129144147136113 84 54 33 24 31 50 79109134148148135114 89 68 5824 423QK 44314717311509999999999999911 4 242317 5899999999999999
 61 76 99124143150143123 93 60 32 17 16 31 58 91121143152147130107 84 6924 424QK 5 215018 7152999999999999991131 142345 6599999999999999
 66 75 94118139151149132104 70 38 16  8 16 38 70103131148151141122100 8324 425QK 5231521844151999999999999991159  8999999999999999999999
 74 77 91112133148151140116 84 50 22  7  7 22 49 81112135147146133115 9724 426QK 544152192314899999999999999 014 741230  599999999999999
 85 83 91107127143150145127 99 66 35 14  5 12 31 59 9011713514213812611024 427QK 6 715020 614299999999999999 043 8213 3  599999999999999
 98 91 94105120136146146135113 84 53 28 13 10 20 41 67 9411613013513012124 428QK 632147205813599999999999999 113 911342  999999999999999
110102100105115128138142138123101 74 48 28 18 18 29 47 70 9311212412812624 429QK 7 014222 612899999999999999 1471001429 1699999999999999
119113109108113120129134135128114 94 72 51 35 26 26 35 50 69 8910611812424 430QK 733135234312599999999999999 2321081529 2599999999999999
125122118115113114118122125125119109 94 77 59 45 35 33 38 49 66 8410211624 5 1QK 826125999999999999999999999 4 41131650 3399999999999999
125129127123116111107107109113115115111101 88 72 56 44 37 38 47 63 8210224 5 2QK 113129102811699999999999999 6381071822 3799999999999999
119131135132123111100 92 90 93100109116118113102 85 67 50 40 39 47 64 8624 5 3QK 2 4135124911899999999999999 756 901939 3899999999999999
108127139140132117 98 81 71 69 76 90107121129127116 97 75 56 43 42 51 7024 5 4QK 240141141913099999999999999 842 692040 4199999999999999
 95120138147142126103 78 57 46 48 62 85109130141140128106 82 61 48 48 6124 5 5QK 310147152614299999999999999 921 462130 4799999999999999
 83110134149151138114 83 53 31 24 32 54 84115139152150135112 87 67 57 6024 5 6QK 338152162315399999999999999 959 242215 5699999999999999
 76100127147156149128 95 59 28  9  6 22 51 87121147158155138115 91 74 6824 5 7QK 4 51561716159999999999999991037  52256 6899999999999999
 75 94119142157157142113 75 37  7 -7 -2 20 54 92127151160154137115 94 8224 5 8QK 43315918 6160999999999999991116 -72334 8099999999999999
 81 92112135153160152130 95 55 19 -5-13 -2 24 61 99130151157149133114 9824 5 9QK 5 11601855157999999999999991155-13999999999999999999999
 91 95108127146157157143115 78 41  9 -9-10  6 34 6910413114715014112711224 510QK 529159194315099999999999999 0 9 911234-1299999999999999
102100107121137150156149130100 65 32  8 -4  0 18 46 7810712914014113312224 511QK 558156203214299999999999999 0431001315 -499999999999999
111106107116128141149148137117 88 58 31 13  7 14 32 57 8510912513313212624 512QK 628150212413499999999999999 1171061358  799999999999999
118111109112120130138141137125105 81 56 36 23 20 28 45 67 8910812112712624 513QK 7 1141222312799999999999999 1541091444 2099999999999999
122116112111114119125130130125114 98 79 60 44 35 34 41 55 73 9210811812324 514QK 738131233312499999999999999 2451111537 3399999999999999
124121116113111111113116118118115107 95 81 67 54 47 46 51 63 78 9410811824 515QK 830119999999999999999999999 4221111640 4599999999999999
123124121116111106103102104106108108104 97 87 75 64 57 54 59 68 82 9711124 516QK 042124102710899999999999999 6471021752 5499999999999999
121126126122114104 96 90 88 90 95101106107104 95 84 73 64 60 64 73 8710324 517QK 131127124710799999999999999 757 8819 2 6099999999999999
117127131128119107 93 81 74 74 79 89100109114112104 92 79 69 65 68 79 9424 518QK 2 6131141411499999999999999 836 7320 2 6599999999999999
111125134134126112 94 76 63 58 61 72 88104117123121111 97 82 72 69 74 8724 519QK 234135151412499999999999999 9 7 572052 6899999999999999
104121134139134119 98 75 56 44 43 52 70 92113128133129116 99 84 74 73 8224 520QK 25913916 213399999999999999 936 422134 7399999999999999
 98116133142141128107 80 54 35 28 33 50 75102125139142134118 99 84 77 8024 521QK 32414316441429999999999999910 5 282213 7799999999999999
 93111129143147138117 89 59 33 18 17 30 54 84114136147146135117 98 85 8224 522QK 3481471724149999999999999991035 152248 8299999999999999
 89105124141150146130102 69 38 15  6 12 32 63 96125145152147132114 97 8824 523QK 41415018 41529999999999999911 6  62323 8799999999999999
 89100118137149152141117 85 50 21  3  0 14 40 73107134150153144128110 9724 524QK 4411521844153999999999999991139  02357 9299999999999999
 92 98112130146153149132103 69 35 10 -2  2 20 50 8311513815015013912310824 525QK 5111541927152999999999999991216 -3999999999999999999999
 99 98107122139150153143121 90 56 26  5 -1  7 29 59 9112013914814513412024 526QK 543153201314899999999999999 033 971255 -199999999999999
108102105115129143150148134110 80 48 22  7  5 16 38 67 9712113814313912924 527QK 61815121 414399999999999999 1111021339  499999999999999
118109106109119131141146140125102 74 47 25 14 14 26 47 7310012113513913624 528QK 65914622 013999999999999999 1571051429 1299999999999999
127117109107110118127135137132118 98 74 51 33 24 25 36 55 7810212113313724 529QK 75113823 013799999999999999 2571071525 2399999999999999
134126116108104104110118125128125115 99 79 60 45 36 36 45 62 8310512313424 530QK 9 3128235713799999999999999 4191031628 3599999999999999
137133124112102 94 92 96103112118120115105 89 73 58 49 48 55 70 9011012624 531QK1046120999999999999999999999 550 921738 4799999999999999
137139133121105 90 79 75 78 87100111119120114102 87 72 62 59 65 79 9711724 6 1QK 046139123912099999999999999 7 4 751849 5999999999999999
133141141131114 93 73 59 54 59 72 90108122128125115100 85 74 71 76 8910724 6 2QK 128142141212899999999999999 8 1 541955 7199999999999999
126140146142126103 77 53 37 33 41 60 84108127137137127112 96 85 81 8610024 6 3QK 2 5146152613899999999999999 849 332054 8199999999999999
118136148150140118 89 58 32 17 16 29 53 83112135146146135120104 93 90 9724 6 4QK 241150162814799999999999999 934 152148 9099999999999999
111129145154151135107 73 40 14  1  5 23 53 87119142153151140124108 99 9824 6 5QK 3171541722153999999999999991017  12236 9799999999999999
106121139152157148127 95 58 24  1 -8  1 24 58 9412514715615214012411010324 6 6QK 35315718121569999999999999911 0 -8232010299999999999999
104115130147157157143117 82 45 13 -6 -9  4 32 6610213114915514913612110924 6 7QK 4291581857155999999999999991141-10235910599999999999999
105110122138151158153135106 70 35  8 -6 -4 14 43 7711013514915114313011624 6 8QK 5 61581939152999999999999991222 -7999999999999999999999
108107114127142153155146125 95 61 30  8  0  7 27 57 8911713714714513512324 6 9QK 544155201914799999999999999 03710613 3  099999999999999
112106108117130143150149137115 86 55 29 13 10 21 43 71 9912313814213812824 610QK 623151205714299999999999999 1141061343 1099999999999999
116108105109118130140144140126105 79 53 33 22 24 37 58 8410812713713813124 611QK 7 3144213513899999999999999 1541051423 2199999999999999
121111105103108116126133135129116 97 75 54 40 34 39 53 73 9511512913513324 612QK 747135221413599999999999999 24210315 3 3499999999999999
126116107101100104110118124124119108 93 75 60 50 47 54 67 8610512113113424 613QK 841125225513499999999999999 3431001547 4799999999999999
130122112103 96 94 96101108113115112104 93 80 69 62 61 67 80 9611212513224 614QK 955115233813399999999999999 5 1 941636 6099999999999999
133128119107 96 88 84 85 90 97103108109105 98 88 79 74 73 79 9010411812824 615QK1142109999999999999999999999 621 841734 7399999999999999
134133126114101 87 77 71 72 78 87 97106111111107 99 90 84 84 88 9811112324 616QK 022134133111299999999999999 724 711840 8399999999999999
132136133123108 90 74 62 56 58 68 81 96110118121117109100 93 91 9510511724 617QK 1 4136145112199999999999999 812 561948 9199999999999999
128137138132118 98 77 58 45 41 47 61 80101118129131126117106 98 9610111124 618QK 143139155013199999999999999 853 412050 9699999999999999
123135141140129110 86 60 40 28 28 39 59 8410912913914113412211010110010524 619QK 221142163814199999999999999 931 272142 9999999999999999
117131142146141124100 71 43 23 14 19 36 62 9211913914914713712311010210324 620QK 25814617211499999999999999910 9 14222810199999999999999
111124139149150139117 88 55 27  9  4 15 38 6910213014815515013712210910324 621QK 33615118 3155999999999999991048  4231010399999999999999
106117133147155152136109 75 41 14 -1  0 16 44 7811213915515714913411810724 622QK 4141551844158999999999999991128 -3234910399999999999999
103110124140154159151130100 64 30  5 -5  0 21 52 8812114515715614512911424 623QK 4551591925158999999999999991210 -6999999999999999999999
104104114130146158159148124 91 55 23  2 -4  6 30 63 9812814915715313912324 624QK 53816020 715799999999999999 0301031253 -499999999999999
109102105116133148158156142117 84 50 21  5  3 16 42 7510813515115414713224 625QK 624159204715599999999999999 1121021337  299999999999999
116103 99103116132146153150135110 79 49 26 14 16 31 57 8811713915115014024 626QK 714154212715299999999999999 159 991422 1399999999999999
124108 97 94 99111126139145142128106 79 54 36 28 33 49 7310012514214914524 627QK 81114622 614999999999999999 253 9315 8 2899999999999999
133116100 89 86 90102116128135133122105 84 64 51 46 52 67 8911213214414724 628QK 918135224514799999999999999 355 861556 4699999999999999
140126108 91 79 75 78 88102115124125120108 93 78 68 66 72 8510312213714524 629QK1043126232614699999999999999 5 4 751648 6699999999999999
144135119100 82 68 61 63 73 87102114121121115105 94 87 85 8910011412914024 630QK1230122999999999999999999999 615 611749 8599999999999999
145143132114 92 71 54 46 47 57 73 9210812012612511811010310010311012213424 7 1QK 010146141812699999999999999 722 4619 410099999999999999
143146142129108 83 59 41 31 32 44 63 8610712413413613112311511011111612624 7 2QK 059146154313699999999999999 823 30202611099999999999999
137146148142126103 75 48 28 18 20 35 58 8511113114314514013112111511411924 7 3QK 150148164614599999999999999 918 17213911499999999999999
129140149151143124 97 66 37 16  7 13 31 59 9011813915015114413212111411424 7 4QK 24215117341529999999999999910 7  7223411399999999999999
120132145153153142120 89 56 27  7  2 11 34 65 9912714715515314312911711124 7 5QK 3321551814156999999999999991052  2231811099999999999999
112122136149157155140114 81 47 19  2  1 16 43 7711013715315615013612111024 7 6QK 4181581849157999999999999991134  0235510799999999999999
107112125140154159154135106 72 38 13  2  7 26 57 9112214415515314212711224 7 7QK 5 21591921156999999999999991213  2999999999999999999999
104104113128145156159149127 96 62 32 12  7 18 42 7410613315015414713211624 7 8QK 543159195015499999999999999 0281031249  799999999999999
103 98103115132147156154141117 86 54 30 17 18 34 61 9212114215114913712124 7 9QK 623157201715299999999999999 1 1 981323 1699999999999999
106 96 95103117133146151146130105 77 50 32 26 34 54 8110913314714914112724 710QK 7 2151204315099999999999999 136 941355 2699999999999999
110 97 91 93103117131141143135118 95 71 51 40 41 53 7410012414114814413324 711QK 74314421 914899999999999999 214 901426 3999999999999999
117101 90 87 90101114126133133124109 90 71 58 53 58 73 9411613414414513824 712QK 828134213614699999999999999 258 861458 5399999999999999
124108 94 84 82 87 96108118123123116104 90 77 69 69 77 9110912713914414124 713QK 92412422 514499999999999999 350 821532 6899999999999999
130116100 87 79 76 80 89 99108114115112104 95 87 84 85 9310612013314014124 714QK1044116223914299999999999999 451 761612 8399999999999999
136124109 94 80 71 68 71 79 89 99108113113110105100 9810010611512613513924 715QK1240113232214099999999999999 6 1 6817 8 9899999999999999
138132120104 88 73 62 58 60 68 80 9310611512012111811311011011312012813524 716QK1435121999999999999999999999 7 9 58183411099999999999999
139137130117100 80 63 50 45 48 58 73 9110912313113312912411811511612112924 717QK 017139154913399999999999999 810 45201311599999999999999
136140139131115 95 72 51 37 31 36 50 70 9411613314214413812912111611612224 718QK 120141163814499999999999999 9 3 31212811599999999999999
130140145144133114 89 62 38 22 18 26 45 7210112714515315114213011911311424 719QK 220146171915499999999999999 951 18222111399999999999999
122134146152150136112 81 50 24  9  7 20 45 7711013815516115514212611410924 720QK 3141531757161999999999999991036  623 310999999999999999
113125140154160155137108 73 39 12 -1  1 20 51 8712214916316415313611810624 721QK 4 41601832165999999999999991120 -2234210399999999999999
104112128147162167158136102 64 29  4 -6  3 27 6210013515816716214612510724 722QK 45316719 71679999999999999912 2 -6999999999999999999999
 97 99112132153167170158132 96 57 23  2 -2 12 41 7811514616416615513511224 723QK 542171194016799999999999999 021 961244 -399999999999999
 95 88 95111134155168168153125 89 53 24  9 11 29 60 9613015516516114412124 724QK 631170201116699999999999999 1 1 881323  799999999999999
 98 83 80 90109132153164162146118 85 54 32 23 30 52 8211514316016215113024 725QK 721165204116399999999999999 144 8014 2 2399999999999999
106 85 73 73 85104127145154151136112 85 61 46 44 55 7710513215116015514024 726QK 81615521 916099999999999999 230 721439 4499999999999999
117 93 75 65 66 78 97117133141139127109 90 74 67 69 8110112314315515614724 727QK 917142213815799999999999999 322 641516 6699999999999999
129106 84 67 58 60 70 86104119127128122111100 91 89 9310412013514815315024 728QK103612922 815399999999999999 421 581553 8999999999999999
138120 99 78 62 53 53 61 74 9010511612112111811310910911312013014014714924 729QK1233122224814999999999999999 531 52163810999999999999999
144133116 96 76 59 48 45 50 62 77 9410912012612812712512412512813313914324 730QK15 5128235014599999999999999 650 4518 812499999999999999
145141132116 96 75 55 42 36 39 51 68 8810812413413913913513112812813013524 731QK1624140999999999999999999999 8 7 36204112899999999999999
140144142134118 97 73 51 34 27 30 43 64 8911313214414814613913112412212524 8 1QK 11714417 314899999999999999 912 27215912299999999999999
131140146147138121 96 69 44 26 19 24 42 68 9712314315315414613512411611424 8 2QK 23414717331549999999999999910 3 19224111499999999999999
120131144152152142121 93 62 35 18 14 24 47 7810913515215815314012511210624 8 3QK 33315418 0158999999999999991046 13231310699999999999999
109119135150159157143117 85 52 26 13 14 31 59 9312414715915814612911210124 8 4QK 4211591824160999999999999991123 112342 9899999999999999
 99107123142157164158138109 74 42 20 13 22 45 77111139157160152135115 9824 8 5QK 5 31641847161999999999999991157 13999999999999999999999
 91 95109128148162164153129 97 63 35 20 20 37 65 99130152161156141119 9924 8 6QK 54116519 916199999999999999 010 911227 1899999999999999
 87 85 95113135153163160144117 84 54 33 26 35 58 8812014515915914612610324 8 7QK 617164193016199999999999999 039 841256 2699999999999999
 86 79 83 97118139154159151132104 75 51 38 40 56 8211113815516015113311024 8 8QK 654159195016099999999999999 1 9 781322 3799999999999999
 89 76 74 83100121139150151139119 94 70 54 50 59 7910513115015915413911824 8 9QK 731152201015999999999999999 141 731348 5099999999999999
 95 78 70 72 84102121136143140127109 89 72 65 68 8110112414415515514512624 810QK 812143203015799999999999999 215 701414 6499999999999999
104 84 71 67 72 85102118129133129118104 90 81 80 8710112013715015314713324 811QK 859133205215399999999999999 255 671440 7999999999999999
114 94 77 67 66 72 83 98111120124121114105 98 95 9710511813214314914713824 812QK10 3124211614999999999999999 342 6515 7 9499999999999999
123105 87 73 65 64 69 78 9010211111611811611311011011211912813614214414024 813QK1154118214814499999999999999 443 63154110999999999999999
131117101 85 72 63 59 62 69 80 9210411412012412512412312412713113513913924 814QK1451125224113999999999999999 6 3 5917 812399999999999999
136128117102 85 70 58 51 51 57 69 8510111712913613813613312912712813113524 815QK16 0138999999999999999999999 731 50201212799999999999999
137137132121105 85 65 49 39 37 44 60 8110412514014814914413512712212212724 816QK 027138163415099999999999999 842 37213312299999999999999
134141144140128109 84 58 37 24 23 34 55 8311213715315915614513111911311524 817QK 2 214417 515999999999999999 937 22221611399999999999999
124137149155151136111 80 49 24 11 12 29 57 9112515116516615513812010610224 818QK 3 81551734167999999999999991024  9225210299999999999999
109125144160167161141110 73 38 13  2  9 32 67106140163172166148124103 9124 819QK 4 416718 31729999999999999911 7  22327 9099999999999999
 92106128152170176166142106 66 31  8  2 16 46 84124155172173158133106 8524 820QK 4541761831175999999999999991146  2999999999999999999999
 77 84104131158176180167138100 60 28 11 13 33 67106142167175166143113 8524 821QK 543181185817599999999999999 0 3 771224 1099999999999999
 68 65 78103133161177177161131 94 59 34 25 33 58 93129157173171153124 9324 822QK 632179192417499999999999999 040 6413 0 2599999999999999
 67 54 57 74102133158171169151123 91 64 48 46 61 8711814716717116013610524 823QK 722172194817299999999999999 120 531334 4599999999999999
 75 54 46 53 73100128149159156140117 93 75 68 73 9011413915916816414612024 824QK 814159201116899999999999999 2 2 4614 5 6899999999999999
 90 64 47 43 52 71 95119136144141130115100 91 9110011513415116216215213224 825QK 913144203316399999999999999 248 431433 9099999999999999
107 81 60 47 45 53 69 8810712112912912411711211011312113314515415715314124 826QK1034130205515799999999999999 343 44145411099999999999999
122101 80 62 51 48 53 64 79 9410711712212512512512612913414014614914814324 827QK2120149999999999999999999999 453 48999999999999999999999
133119102 84 68 56 50 50 57 68 83 9711112213013513713813713713813813913924 828QK2223139999999999999999999999 625 49999999999999999999999
137131122108 91 74 59 48 45 49 60 76 9411312813914514514213713112812813024 829QK1633146999999999999999999999 758 45214012899999999999999
134137136129116 97 76 57 43 38 42 55 75 9912113914915214713812811911611824 830QK 119137164815299999999999999 9 6 3822 811699999999999999
125135142144137121 99 74 51 36 31 38 57 8211013415015615314212711410510524 831QK 24414417 715699999999999999 953 31223310499999999999999
113126141151152143122 95 66 42 28 28 42 66 96125148159158147129111 98 9324 9 1QK 3381531726160999999999999991031 272257 9399999999999999
 99114133150160158143118 86 56 34 26 32 53 83115142159162153134112 93 8324 9 2QK 42116117451639999999999999911 3 262321 8399999999999999
 85 99120142159166158138108 75 47 30 30 45 72105135156165158140116 93 7724 9 3QK 45916618 3165999999999999991133 282346 7399999999999999
 74 83103128151166167153128 95 64 42 34 42 65 95127152165163147122 96 7524 9 4QK 5341681821166999999999999991159 34999999999999999999999
 65 69 86111137158167162143115 84 58 44 46 62 89120147163166153130102 7624 9 5QK 6 9167183916799999999999999 012 651225 4399999999999999
 61 59 70 93119144160163152131103 77 59 54 64 85114141160166158138110 8224 9 6QK 644164185616699999999999999 038 581249 5499999999999999
 61 53 58 75100126147157155141119 95 75 66 70 86109135155165161145119 9124 9 7QK 719158191416599999999999999 1 7 531313 6699999999999999
 67 53 51 62 82106129144150144129110 92 81 80 9010712914916016114912810224 9 8QK 757150193216299999999999999 137 501336 7999999999999999
 77 58 50 54 68 88109127138140133121107 96 93 9710912514215415815113511324 9 9QK 841140195115899999999999999 211 501359 9399999999999999
 89 69 56 52 58 72 8910712112913012511811010610711412413714715215013912224 910QK 939130201115399999999999999 251 52142010699999999999999
102 83 67 58 56 61 72 8610011211912312312111911912212713414114514514013024 911QK1131123203314699999999999999 344 56143711999999999999999
116 99 84 70 61 58 60 67 77 9010211312112713013213213213413513713813713424 912QK21 5138999999999999999999999 5 7 58999999999999999999999
127117104 89 75 63 55 53 56 65 78 9511112613614214414113713212912812913224 913QK1546144999999999999999999999 656 53205312899999999999999
133131125113 97 79 62 48 41 43 53 71 9311613614915415114313212211711712224 914QK 0 113316 715499999999999999 820 41212911699999999999999
131139142138125105 80 56 37 28 31 46 70 9912815016216215213611910610110624 915QK 159142163116399999999999999 917 27215910199999999999999
119135150156152135109 78 48 27 18 25 47 78113144164170162143120 98 86 8624 916QK 3 815616551709999999999999910 3 182231 8499999999999999
 98120144162170163142110 74 41 21 16 30 58 95131160174171153126 97 75 6524 917QK 4 31701720175999999999999991045 1623 4 6599999999999999
 73 94123153174180169143107 69 39 22 25 45 78117151172177164136102 71 5224 918QK 4531801745178999999999999991123 212339 4899999999999999
 49 64 93128160180183169140103 68 43 34 43 69104139167178172149114 77 4824 919QK 54218418 9179999999999999991159 34999999999999999999999
 34 39 61 94131162179179163134101 72 54 54 69 97129158175176159129 91 5624 920QK 631182183317899999999999999 015 331233 5299999999999999
 32 24 35 62 96131159172169153127101 81 73 79 97123150169176166142108 7224 921QK 720173185517699999999999999 054 2413 4 7399999999999999
 42 24 23 38 65 97128150159156142123105 94 94104122143161171168152125 9224 922QK 813160191617199999999999999 134 221332 9399999999999999
 61 37 26 29 44 69 9612013714414213312211311011412514015416316415513611124 923QK 914145193616599999999999999 218 26135511099999999999999
 84 59 42 35 38 51 70 9111012413113212912512312513013814715315615214112524 924QK1042132195315699999999999999 310 3514 612399999999999999
105 84 66 52 46 48 56 69 85 9911212112713013213413613814114314414313813124 925QK1956144999999999999999999999 418 46999999999999999999999
120106 91 76 64 56 53 57 65 77 9110611812913614014114013713513213113012924 926QK1554141999999999999999999999 556 53999999999999999999999
126121113101 87 73 61 54 54 60 72 8810612313614414614313612812111711712024 927QK1552146999999999999999999999 736 53213511799999999999999
125129129123111 95 77 61 51 49 56 72 9211413314615114813812611310510310724 928QK 13113016 615199999999999999 842 49214910299999999999999
117128137139132117 97 75 56 46 46 58 78103127145154153142126109 95 89 9224 929QK 246139162215599999999999999 928 452210 8999999999999999
104120137147148138118 93 68 50 43 49 67 92119143156158148130108 88 77 7724 930QK 33514916391599999999999999910 3 432232 7599999999999999
 88107129147157153138113 85 61 46 45 58 82111138156162155136110 86 69 632410 1QK 4151571656162999999999999991034 442255 6399999999999999
 71 90116140158163154133105 77 56 48 55 75103132154164160143116 87 64 532410 2QK 45216317131659999999999999911 2 482318 5299999999999999
 55 72 98127151164164149124 95 70 56 57 71 96125150165165150124 93 65 462410 3QK 5271661730167999999999999991129 552343 4299999999999999
 43 55 79109138159166160140114 88 69 63 72 92119145163167157133101 70 462410 4QK 6 11661748168999999999999991154 63999999999999999999999
 36 41 61 89120146162163151130105 84 74 76 91114139159167161141112 79 512410 5QK 63616418 616799999999999999 0 9 351219 7399999999999999
 34 33 46 71101129150159155141120100 87 84 93111134153165163148122 91 612410 6QK 712160182416699999999999999 036 321243 8399999999999999
 40 31 37 55 81109134149152145131114100 94 98111129147159162152132104 752410 7QK 750153184316299999999999999 1 6 3113 7 9499999999999999
 50 36 34 45 65 89114132143143136124113106106113126141153158153138116 902410 8QK 83414419 315899999999999999 138 33133110599999999999999
 65 47 39 41 53 71 931121261341351301231171151181261361451511501411251052410 9QK 935135192315199999999999999 217 39135611599999999999999
 83 64 51 46 48 58 73 90105118126129129128126126129133138142143140131118241010QK1127130194514399999999999999 310 45142812699999999999999
102 85 70 58 52 52 58 69 82 97110122130134136136134133132132133132130125241011QK1417136999999999999999999999 430 52999999999999999999999
118107 93 79 66 57 52 53 60 73 89107123136144146143136129123119119122125241012QK1451146999999999999999999999 619 51203311999999999999999
127125118106 90 73 57 47 45 52 67 87111132147154152143129115105101105114241013QK 0 6127151715499999999999999 746 4521 110199999999999999
125135138133120 99 76 55 42 38 47 67 93121145159161152134112 93 82 82 92241014QK 157138154116299999999999999 846 382132 8199999999999999
111131147154148131106 77 53 38 37 50 76107137159168162142115 88 67 58 65241015QK 3 515416 516899999999999999 934 3622 4 5899999999999999
 84112139160167160139109 78 52 40 44 63 93126154170170154125 90 59 40 37241016QK 4 01671630173999999999999991017 392238 3699999999999999
 52 81116149170177166141110 79 57 50 59 83115146168176165138101 63 33 18241017QK 4521771655176999999999999991056 492314 1899999999999999
 24 47 83122155176179166140109 82 66 66 80107137163176173153118 77 39 13241018QK 5421801720177999999999999991133 642352  699999999999999
  6 18 48 87126158175175160136110 89 81 86104130155173176164135 96 56 22241019QK 63117717441779999999999999912 7 81999999999999999999999
  3  3 21 53 92128155168166152132112 99 97107125147165174169149117 79 43241020QK 72216918 917499999999999999 031  11239 9799999999999999
 16  4 10 30 61 95126148157154143128116110114125141156167167156133102 68241021QK 815157183316899999999999999 111  413 911099999999999999
 39 20 14 22 41 68 97121138145143136127122121126136147156160155141119 92241022QK 916145185716099999999999999 155 14133712199999999999999
 66 44 30 28 36 52 74 96115128134135133129128129133139145148147141128110241023QK1039135191914999999999999999 245 2714 712899999999999999
 90 70 54 45 42 48 60 76 93109121128132133133132132133134135135133128119241024QK13 6133192813599999999999999 347 42154313299999999999999
108 94 80 67 58 54 56 64 76 90105118128134137136134129125122120120120119241025QK1417137999999999999999999999 510 54999999999999999999999
117111103 91 79 68 61 60 65 76 90106121133140141137129120112106104107112241026QK1443141999999999999999999999 641 60205410499999999999999
117120119112101 87 73 64 61 66 78 95113130141146142132119105 94 89 90 98241027QK 11612115 414699999999999999 752 612115 8899999999999999
110121128129121107 90 74 64 61 69 84104124141149148138121102 85 75 73 82241028QK 233129152415099999999999999 843 612138 7399999999999999
 97114130138137127109 89 72 63 64 76 95118138151153145126103 80 64 58 64241029QK 324139154315499999999999999 924 6222 1 5899999999999999
 79102124141148143129108 86 71 65 71 88111134151158151134108 80 57 45 46241030QK 4 714816 215899999999999999 958 652225 4499999999999999
 60 84112136151155145126103 83 71 71 84104128149160158142116 85 56 37 32241031QK 4451551621161999999999999991030 702250 3299999999999999
 42 65 94124147159157143121 99 82 76 82 99123145160162150125 93 61 35 232411 1QK 5211601640163999999999999991059 762316 2299999999999999
 27 45 74107136156162155137115 95 84 84 97117139157164157136105 70 40 202411 2QK 55716217 1164999999999999991127 832344 1699999999999999
 17 29 54 87119145159160149130109 95 90 96113133152163161145118 84 50 252411 3QK 6331621722164999999999999991155 90999999999999999999999
 14 18 37 66 99129150158154141123107 98 99110127146159162152130 99 66 372411 4QK 710158174516399999999999999 013 131223 9799999999999999
 19 15 26 49 78109134149153146133118108104110123139153159155139114 83 532411 5QK 75015318 915999999999999999 045 14125210499999999999999
 31 19 21 36 59 87113133144146139128118112113120132144153153144126101 732411 6QK 838146183515499999999999999 121 18132411299999999999999
 48 32 25 30 45 67 91113129138139135128121119121127136143147144133115 932411 7QK 93914019 514799999999999999 2 3 2514 511999999999999999
 70 51 38 34 39 52 70 911101251331361351301261241241271321361371331241102411 8QK11 3136194713799999999999999 256 34152212499999999999999
 93 74 58 47 42 45 55 70 881061221321381381351301241211201211231251241202411 9QK1236139212312599999999999999 4 8 4218 012099999999999999
112 99 84 70 57 50 49 56 69 87106123136143143138128118109104103107114119241110QK1333144999999999999999999999 535 49193410399999999999999
122119111 98 82 67 56 52 57 69 88110129144150147136119102 89 82 83 92106241111QK 0 3122141015099999999999999 658 522020 8199999999999999
119129132126112 94 75 61 55 59 74 95119140153155146126102 79 63 57 63 80241112QK 149132144115699999999999999 8 5 552058 5799999999999999
102124140146140125103 82 66 60 67 84108133152161156138110 79 52 36 34 48241113QK 3 1146151016199999999999999 859 602136 3399999999999999
 73103131151158152134110 88 73 69 78 98123147163165152124 89 53 26 13 17241114QK 4 0158153816699999999999999 947 692215 1299999999999999
 38 71107139160167158139115 94 81 81 93115140160170163141106 66 30  4 -3241115QK 45416716 7170999999999999991031 792254 -399999999999999
  8 36 74113146166170160140117 99 91 95110132154169170156127 88 46 12 -8241116QK 5461701637172999999999999991111 912334-1199999999999999
-10  8 40 80119149166167156138118105101109125146163171165145111 71 32  2241117QK 63616817 7171999999999999991149101999999999999999999999
-11 -7 15 49 88123149162161150133118110111121137154166167156131 97 59 25241118QK 726163173916899999999999999 015-12122510999999999999999
  2 -5  4 27 60 95125145154152142129119115118129143155162158143118 86 53241119QK 815155181116299999999999999 057 -513 211599999999999999
 25  9  7 18 41 70100125140146143135126119118123132143151153146130107 79241120QK 9 7146184515399999999999999 140  6134111899999999999999
 53 32 21 22 34 55 80104123135139136130124120120123130137141140133119 99241121QK10 2139192314199999999999999 226 20143211999999999999999
 78 58 43 36 38 49 66 87107122131135133128123119118119122125128126121111241122QK11 4135201312899999999999999 315 3516 011899999999999999
 97 81 66 55 50 52 61 76 93109122130133132127121115111109109111114115113241123QK12 8133215411599999999999999 413 50181910999999999999999
108 99 88 76 67 62 63 70 83 98112125132135133126117107100 95 94 97102107241124QK13 0135999999999999999999999 519 621941 9499999999999999
110110105 97 86 77 71 71 77 89103118130137138132121108 94 84 78 79 85 94241125QK 025110133813899999999999999 631 712024 7899999999999999
105113116114106 95 85 78 77 83 95110125136142139128112 94 77 65 61 66 77241126QK 2 5116141014299999999999999 736 772057 6199999999999999
 93109121126123114102 90 82 82 90103119134143145136119 97 75 56 46 47 58241127QK 3 9126143814599999999999999 831 812126 4599999999999999
 76 98118132136131120105 92 86 87 97113130143149144129105 78 53 36 31 38241128QK 35813615 414999999999999999 918 852155 3199999999999999
 57 82108130143145136122106 93 89 94107124141151151139116 86 56 32 20 21241129QK 440145153015299999999999999 958 892224 1999999999999999
 36 62 92120141151149137120104 94 93102118136150155148128 99 66 36 15  9241130QK 5191521556155999999999999991035 932254  999999999999999
 18 41 72104132150156149135117103 96100112130147157155141114 81 47 19  42412 1QK 55615616241589999999999999911 9 962327  399999999999999
  5 22 50 84116142155156146129113102100108123141154159151130 99 63 31  82412 2QK 6331571653159999999999999991142 99999999999999999999999
  0  8 30 61 96126147156152140124110103105116133148158157142117 84 49 212412 3QK 712156172415999999999999999 0 1  0121510399999999999999
  4  2 15 41 73105132148153147134119109106111124139152156150132104 71 402412 4QK 753153175815699999999999999 037  1125110699999999999999
 17  6  9 25 52 83112135147148141129117109109116128141150151141121 94 642412 5QK 838149183615299999999999999 117  5133210899999999999999
 37 19 12 19 37 62 91116135144144136125115110110117127137143142131112 882412 6QK 927145192114499999999999999 2 0 12142410999999999999999
 62 40 26 23 30 48 71 971191351421411331231141081071121201281331321231082412 7QK1019142202113399999999999999 249 22153510799999999999999
 88 67 49 38 35 43 58 79102122135141139131120109101 981001071141211221182412 8QK1114141214912299999999999999 344 3517 5 9899999999999999
108 93 76 62 52 49 55 69 87107125137142139129115101 89 83 83 89 991091162412 9QK12 5142234811899999999999999 448 491828 8299999999999999
118113103 90 77 67 63 67 78 95114130141144139125107 87 71 62 62 70 84 99241210QK1251144999999999999999999999 6 0 631932 6199999999999999
113122123117105 92 81 76 78 88104121137146147137118 94 69 50 39 40 52 72241211QK 139123133314899999999999999 713 762025 3899999999999999
 94115129134131120106 94 87 88 97113130144152148133108 78 49 28 18 22 39241212QK 3 3134141215299999999999999 821 872112 1799999999999999
 65 94120138146142131116103 96 97106122139152156148127 96 61 30  8  0  9241213QK 4 9146145115699999999999999 922 952158  099999999999999
 32 64 98127147155150138122108101104115131148158158145118 83 45 13 -7-10241214QK 5 615515311609999999999999910161012242-1199999999999999
  4 32 68104135154159153139123110105109122139155162158139108 70 32  1-15241215QK 55615916101639999999999999911 21052325-1699999999999999
-13  6 38 76112141157159151136120109107114129146159163154131 97 59 22 -4241216QK 6421601650163999999999999991144107999999999999999999999
-15 -8 15 48 86120144156155144129115107109118134150160160147121 87 50 17241217QK 724157173016299999999999999 0 7-15122210799999999999999
 -3 -8  3 29 62 97127146152148135121110105110121136150157153137110 77 44241218QK 8 2152181015799999999999999 048 -913 010599999999999999
 17  3  4 19 46 77108132145146139126113105104110122135146149142125 99 69241219QK 838147185114999999999999999 127  1133910399999999999999
 42 22 14 20 38 63 92117135142140130118107101102109119130138138130113 90241220QK 913142193313999999999999999 2 5 14142310099999999999999
 66 45 31 29 38 56 80105124136138133123111102 97 98104113122127126117103241221QK 947139202112799999999999999 242 291517 9799999999999999
 85 66 52 44 46 57 74 95114129135135127117105 97 92 92 97103110114114108241222QK1022136212411599999999999999 320 441627 9299999999999999
 98 85 72 63 59 63 73 89106121131134131123112100 90 84 83 85 91 98103105241223QK11 113423 710599999999999999 4 1 591751 8399999999999999
103 98 90 82 76 74 78 87100113125132133129119107 93 81 73 70 72 78 87 95241224QK1144133999999999999999999999 451 7419 6 7099999999999999
102105104100 94 89 87 89 97107118127133133127115100 84 69 59 55 58 67 80241225QK 118105123113499999999999999 559 8720 2 5599999999999999
 93105112114111106100 96 97103111121130135133125110 91 71 54 43 41 47 60241226QK 255114131813599999999999999 720 962047 4099999999999999
 78 97113123126122115107102101106115125134138134122102 79 56 37 27 28 39241227QK 35612614 313899999999999999 8361012126 2699999999999999
 58 82105124134136130120110103103109119131139141134117 92 64 39 21 14 19241228QK 441136144414299999999999999 93510222 3 1499999999999999
 37 62 91117135144142133120109103104112125138146144132109 80 49 22  6  4241229QK 52014515241469999999999999910211022240  399999999999999
 16 40 70102129145150145132117106101106117132146151146128100 66 33  8 -4241230QK 55615016 31519999999999999911 01012317 -599999999999999
 -1 17 47 81114139152152142127111101100109124141153156145122 89 53 20 -2241231QK 6311541643156999999999999991136 992356 -999999999999999
