 44 26 19 24 40 65 91113128132127116102 91 85 86 94105117126127121106 8624 1 1QO 857132194412899999999999999 2 6 191420 8599999999999999
 64 45 33 32 41 59 82104121130129121109 96 86 83 85 92102112118118111 9824 1 2QO 926130203011999999999999999 238 3115 8 8299999999999999
 81 65 51 45 48 59 77 97114126129126116103 92 83 79 81 87 9610410810910424 1 3QO 958129213210999999999999999 312 451610 7999999999999999
 94 82 71 63 60 65 76 92108121128128122112 99 88 79 74 74 79 86 9410010224 1 4QO1033129231110299999999999999 351 601725 7499999999999999
101 96 89 81 76 76 80 90103115124128127120109 95 82 71 65 64 68 75 85 9424 1 5QO1115128999999999999999999999 439 751842 6499999999999999
100104103100 94 90 89 92100109118125128126118106 90 74 61 52 50 55 65 7824 1 6QO 12110412 612899999999999999 547 891947 5099999999999999
 92104112114112107102 99100105112120127130127118102 83 63 46 36 34 41 5624 1 7QO 3 011413 413099999999999999 717 992041 3499999999999999
 75 94111122126123117109104102106113122130133130117 97 73 49 29 19 19 3024 1 8QO 4 312614 013399999999999999 8451022129 1799999999999999
 50 75101121134137132122111104102106115126136139132116 91 61 33 12  2  524 1 9QO 450137145213999999999999999 9501022215  199999999999999
 22 49 80109131143144135122109100 99106118132143144135113 83 49 18 -4-1224 110QO 5331451541145999999999999991040 992259-1299999999999999
 -4 19 52 87118140149146134118103 95 96107123139150149135109 74 36  4-1624 111QO 6131501628151999999999999991122 942343-2099999999999999
-20 -6 23 59 97127146151144128109 95 89 94109128145154151133103 65 26 -424 112QO 65215117151559999999999999912 2 89999999999999999999999
-21-19  0 32 71107135149149137118 99 86 84 93111132149156149128 96 57 2124 113QO 73015118 315699999999999999 026-221242 8399999999999999
 -6-17-10 13 47 85118140149143127106 88 78 79 92111132148152143121 89 5324 114QO 8 5149185115299999999999999 1 7-171323 7799999999999999
 21  1 -4  7 33 66100127143145134115 94 78 71 75 89109129142144134113 8424 115QO 838146194314599999999999999 148 -514 8 7199999999999999
 53 29 15 16 31 57 87115134143138124104 84 70 65 71 8510312013113312410524 116QO 910143203913399999999999999 227 141458 6599999999999999
 82 60 43 36 42 58 81105126138139131114 95 76 64 60 65 78 9410811812011424 117QO 940140214612099999999999999 3 4 361555 6099999999999999
101 86 71 62 60 68 82101119132138135124107 88 71 59 55 58 68 81 9410410924 118QO1010138231910999999999999999 340 6017 3 5599999999999999
108102 94 86 82 83 90102115126134135130119103 85 68 55 49 50 57 68 81 9324 119QO1045135999999999999999999999 418 821823 4899999999999999
102107107105102101102106113121128132132127117102 83 65 50 41 39 45 56 7024 120QO 143107113413399999999999999 5 91011944 3999999999999999
 86100110116118116114113113116120125129131127117102 82 61 43 31 28 33 4724 121QO 354118125013199999999999999 7111132053 2899999999999999
 65 86104118126128125120116113113116122128132129119101 78 54 33 20 17 2524 122QO 44912814 913299999999999999 9271122146 1799999999999999
 43 66 91112127134133127119111106107112121130135132120 98 72 44 22 10 1024 123QO 52313515111359999999999999910261062230  899999999999999
 22 45 73100122135138133123111102 98101111124135139134118 92 62 33 11  224 124QO 55113816 01399999999999999911 2 9823 9  299999999999999
  7 26 54 84112131140137127113 99 91 91 99114129140142133111 82 49 20  224 125QO 6171401642143999999999999991131 902343 -299999999999999
 -1 11 36 67 99123137140131116100 87 83 88102119136144142127101 68 36 1124 126QO 6411401719145999999999999991158 83999999999999999999999
 -1  3 22 52 84113132140135120102 86 77 78 89107126140145138118 88 55 2524 127QO 7 4140175514599999999999999 014 -21224 7699999999999999
  7  3 15 40 72102126138137125107 88 75 71 78 93113131142142129105 74 4424 128QO 726139182914399999999999999 044  21252 7199999999999999
 21 10 15 34 62 92119135138130113 93 76 67 68 80 98118133139134117 92 6324 129QO 74713919 413999999999999999 112 101321 6699999999999999
 38 23 21 33 56 84111131138134120100 80 67 63 69 83102119130132123105 8124 130QO 8 8139194013399999999999999 138 201353 6399999999999999
 58 40 33 39 55 79105126137137126108 87 70 61 61 70 86103117124123112 9524 131QO 829138202012599999999999999 2 4 331429 6099999999999999
 76 59 49 49 59 78100120133137130115 96 78 64 58 61 71 8510011111511310424 2 1QO 85013721 911699999999999999 230 481511 5899999999999999
 91 77 67 63 68 80 97115128134132121105 87 71 61 57 60 69 81 9310210610524 2 2QO 913135221810799999999999999 257 6316 3 5799999999999999
100 92 84 79 80 86 97110122130131125113 98 82 68 58 54 55 63 73 83 92 9924 2 3QO 940131999999999999999999999 327 791711 5399999999999999
102102 99 96 94 95100108116123127125119109 95 80 66 54 48 47 51 60 72 8424 2 4QO 022102101612799999999999999 4 9 941838 4699999999999999
 95104109110109108107108112116120122122118109 96 80 63 48 37 33 36 46 6124 2 5QO 3 4110112512399999999999999 55410720 4 3399999999999999
 78 96110119123122118113110109111116120123121114100 80 59 38 23 17 20 3324 2 6QO 412123131312399999999999999 8431092111 1799999999999999
 53 78101120131134130121112105102106113122129129121104 79 52 26  7  0  624 2 7QO 451134143513099999999999999 95610222 5  099999999999999
 24 51 82111131141141131117104 95 94101114128138140129107 76 43 12 -8-1324 2 8QO 5251421537140999999999999991039 932251-1499999999999999
 -3 22 56 92122142148142126107 91 83 86 99118137149149135107 71 33  1-1824 2 9QO 5581481630151999999999999991115 832333-2199999999999999
-19 -2 30 68106134150149136114 92 76 71 80 99124145157154136104 64 25 -524 210QO 6291511720158999999999999991151 71999999999999999999999
-19-13 10 46 86121144152144124 98 74 61 62 76101128150160154132 98 58 2224 211QO 65915218 916099999999999999 014-191227 5999999999999999
 -2 -9  3 31 68106135150149133107 79 58 49 55 75103130150157148125 91 5524 212QO 726152185715799999999999999 051 -913 5 4999999999999999
 26 10 11 28 58 93124144150141118 90 63 46 42 52 75102127144148137115 8624 213QO 752150194614899999999999999 126  81345 4199999999999999
 57 37 30 38 58 86115137148145128102 74 51 39 39 52 74 9912013313512510624 214QO 816148203813599999999999999 159 301428 3799999999999999
 84 65 55 55 67 87110131143145135114 89 64 46 37 40 52 71 9210911912011324 215QO 837146213812099999999999999 227 531516 3799999999999999
101 88 78 75 81 93109126138142137123103 81 61 46 39 42 52 67 82 9610410724 216QO 85814223 510799999999999999 251 751614 3999999999999999
105101 96 93 95102111122131136134127114 97 79 62 50 43 43 49 59 71 83 9324 217QO 917136999999999999999999999 3 5 931730 4299999999999999
100104106107108111115120124127128125119110 97 82 67 54 45 41 43 50 60 7324 218QO 9391289999999999999999999991911 41999999999999999999999
 86 98108114117119119119118118118118118116111101 88 72 56 43 35 34 40 5224 219QO 5471199999999999999999999992039 33999999999999999999999
 69 87103116123125123119114109107108112116119116107 92 73 53 36 26 25 3324 220QO 5 012514 41199999999999999910 91072137 2499999999999999
 50 71 93112125130128121111102 96 96102111120125123112 93 69 45 26 16 1824 221QO 5121301515125999999999999991032 952220 1599999999999999
 32 54 80105123133132124111 98 88 84 89101115128133128112 88 59 33 15  924 222QO 52913416 3133999999999999991054 842254  999999999999999
 18 38 66 94118133136129114 97 82 75 77 89106124136139129107 78 47 21  824 223QO 5481361642139999999999999991116 742325  699999999999999
  9 25 52 83111130138133119 99 80 67 65 75 93115133143140124 97 65 35 1424 224QO 6 61381718144999999999999991139 652353  799999999999999
  7 17 41 72102126139138124103 81 63 56 62 79102125141145136115 84 52 2624 225QO 62514017511469999999999999912 3 56999999999999999999999
 13 16 34 63 94121138141130110 85 63 50 51 64 86111132144143128102 72 4324 226QO 643142182514599999999999999 019 121228 4999999999999999
 25 21 33 57 87116136143136117 92 67 49 43 51 70 95119136142135116 90 6224 227QO 7 1143185814299999999999999 044 211255 4399999999999999
 41 32 37 55 82110132143140125100 73 51 40 41 55 77102123136136125105 8024 228QO 718144193313799999999999999 1 8 321323 3999999999999999
 59 46 46 58 79105127141142131109 83 58 42 37 44 61 84106123130127114 9524 229QO 736143201113199999999999999 132 441354 3799999999999999
 76 62 58 64 80101122136141134117 93 68 48 38 38 49 67 8710611812211710524 3 1QO 754141205512299999999999999 155 581428 3699999999999999
 91 78 72 73 83 99116130137134122103 80 59 44 38 41 52 68 8610010911210924 3 2QO 813137215511299999999999999 219 711510 3899999999999999
101 93 87 85 90 99112124131131124111 93 73 57 45 40 43 52 64 78 90 9910424 3 3QO 834132234710599999999999999 244 8516 9 4099999999999999
105103100 99100104110117123125123116104 89 74 59 48 41 41 45 54 65 78 8924 3 4QO 859125999999999999999999999 3 9 991739 4099999999999999
 99106110111111111112113115117117116112104 93 79 65 50 39 33 33 39 51 6724 3 5QO 9481179999999999999999999991931 32999999999999999999999
 84100113121123121117112108106107110113115112103 89 70 50 33 21 18 24 3924 3 6QO 4 1123125311599999999999999 9 81062051 1899999999999999
 61 85108124132132125115104 96 94 98107117124124115 98 73 47 23  8  4 1324 3 7QO 429133143212599999999999999 950 942147  399999999999999
 35 63 94119136141135121104 88 80 81 92108126137138127104 73 41 13 -3 -424 3 8QO 4561411537139999999999999991023 792233 -699999999999999
 11 39 74108133146145130108 85 68 63 70 89114136150150135107 71 34  6 -724 3 9QO 5231471631152999999999999991056 632314 -799999999999999
 -2 20 54 92124146151140117 89 63 48 48 64 91121146159156137105 66 31  724 310QO 5501511721160999999999999991130 462352  099999999999999
  0 12 40 76113140153149129 98 66 42 31 39 62 94126151162156134100 63 3324 311QO 61515418 91629999999999999912 5 31999999999999999999999
 16 17 35 66101132151154139111 76 45 24 21 35 63 97129151158149126 95 6424 312QO 639155185715899999999999999 027 141242 2099999999999999
 41 34 42 64 94124146154147124 91 56 29 15 18 37 66 99127145149138117 9124 313QO 7 2154194514999999999999999 059 341320 1499999999999999
 69 56 56 70 92118139151149134106 73 43 21 14 21 42 70 9812113413512510824 314QO 723152203513699999999999999 128 551359 1499999999999999
 91 78 74 80 95114133145148138118 91 61 37 22 19 29 48 71 9411112012111424 315QO 742148213212199999999999999 153 741442 1999999999999999
104 95 90 92101114127138142137124104 81 58 40 30 29 37 52 70 87 9910710924 316QO 759142225710999999999999999 211 901533 2899999999999999
107104102102107114122130133132124112 96 78 61 48 40 38 43 53 65 77 88 9724 317QO 813133999999999999999999999 2151011643 3899999999999999
102106108110112115119121122122119113105 94 82 69 58 49 44 44 49 58 69 8124 318QO 8101239999999999999999999991827 44999999999999999999999
 92102110115117118116114112110108108107104 99 90 78 65 53 44 40 43 51 6424 319QO 44011899999999999999999999920 8 40999999999999999999999
 79 95108117122121116110103 98 96 98103107110107 99 85 68 52 39 33 36 4824 320QO 42012214 311099999999999999 957 962110 3399999999999999
 65 85103118125125119108 97 87 83 85 93104114119116105 86 65 45 31 27 3424 321QO 4301261510119999999999999991010 832152 2799999999999999
 51 73 96116128130124110 94 80 71 72 81 95112124128122106 82 57 36 24 2524 322QO 4461301556128999999999999991029 702226 2399999999999999
 39 61 87111128134129115 95 76 62 59 66 83103122134135124102 74 48 29 2324 323QO 5 31341634136999999999999991050 592256 2399999999999999
 31 51 78106127137135121 99 76 57 48 52 67 90114133142137120 93 64 40 2724 324QO 5201381710142999999999999991112 472323 2699999999999999
 29 45 70 99124139140129106 79 55 40 38 51 74101126142145134112 83 56 3724 325QO 5371411744146999999999999991136 372349 3299999999999999
 33 43 65 93120138144136114 86 57 36 29 36 56 84113135146143127102 74 5224 326QO 55414418171479999999999999912 1 29999999999999999999999
 41 45 62 88115136146141123 95 64 38 24 24 40 66 96122140145136117 92 6924 327QO 612146185214599999999999999 014 411227 2299999999999999
 54 52 63 84110132145145131105 74 45 25 18 27 48 76105128140139127107 8524 328QO 630147192714199999999999999 039 511255 1899999999999999
 68 62 67 83105126141145136115 86 56 31 18 19 34 58 85111128135130117 9924 329QO 64814520 513599999999999999 1 4 621325 1799999999999999
 83 74 74 84101120135142138122 97 69 43 25 19 25 42 65 9011012312612110924 330QO 7 8142205112699999999999999 129 721359 1999999999999999
 96 87 83 88 99114128136136126107 83 59 38 26 24 32 48 68 8810411411711324 331QO 728137215311799999999999999 154 831441 2399999999999999
106 99 95 95101110121128131126114 97 76 56 40 31 30 37 49 65 81 9510410924 4 1QO 751131234411099999999999999 223 941539 3099999999999999
110108106105106109114119122121116106 93 77 61 48 38 34 36 44 56 70 85 9724 4 2QO 820122999999999999999999999 3 310517 8 3499999999999999
107113115115114112111110111112112110105 97 86 71 57 44 35 32 35 45 60 7824 4 3QO 225116 93511299999999999999 6431101859 3299999999999999
 96111121125123118110103 99 98100105110112108 99 84 65 47 32 24 26 37 5524 4 4QO 312125125511299999999999999 844 972021 2499999999999999
 79102120131133127114100 88 81 82 91103116124123114 95 71 47 27 17 20 3524 4 5QO 342133142912599999999999999 921 812119 1799999999999999
 59 87114133141137122102 81 66 62 68 85106126138138126103 74 46 24 15 2224 4 6QO 4 9141153314099999999999999 955 6222 5 1599999999999999
 42 71103129144146133109 82 57 43 44 58 83112137150150134107 75 45 26 2124 4 7QO 4351471628152999999999999991029 422246 2199999999999999
 33 58 90121144152144121 90 57 33 23 30 53 86119146159156137108 75 48 3424 4 8QO 5 115217181609999999999999911 4 232324 3299999999999999
 35 52 81112139154153135103 67 33 12  9 24 54 91125151161155134105 76 5524 4 9QO 52615518 7161999999999999991141  82359 4899999999999999
 48 55 76105132151157145119 82 45 15  0  4 25 58 96128150157148128102 8024 410QO 5501571855157999999999999991218 -1999999999999999999999
 66 66 78100125146156152132100 63 28  4 -3  7 31 65 9912814414813812010024 411QO 613156194414899999999999999 032 641256 -399999999999999
 85 80 85100119139151152140116 83 49 20  4  2 16 41 7110012313513512711324 412QO 636153203313699999999999999 1 1 801335  199999999999999
100 93 93101115131143148142125100 70 42 21 11 14 28 50 75 9811512312311724 413QO 658148212912499999999999999 127 921417 1099999999999999
109103101104113123133139137128111 89 65 43 29 23 27 39 57 77 9410611311424 414QO 720139224511499999999999999 15010115 5 2399999999999999
112108107108111117123127128124115101 84 66 51 40 36 38 47 60 75 88 9910624 415QO 741128999999999999999999999 21210716 7 3699999999999999
110111111111111113114115116115111105 96 85 73 61 51 46 45 50 60 71 84 9524 416QO 7521169999999999999999999991734 45999999999999999999999
104111114115114111108105103102102103102 98 92 82 71 60 51 48 50 58 69 8324 417QO 24811599999999999999999999919 8 48999999999999999999999
 97109116120118112105 97 91 89 90 94100104105101 91 78 64 52 47 48 57 7124 418QO 3 8120134010599999999999999 9 9 892018 4699999999999999
 88104117124124117106 93 82 75 76 82 92104112115109 97 80 63 50 45 48 6124 419QO 328125145011599999999999999 929 7521 7 4599999999999999
 79 99116127130123110 93 76 65 61 67 80 97112123124116 99 79 60 48 45 5324 420QO 348130153912599999999999999 952 612145 4599999999999999
 70 92113128135131117 96 74 57 48 51 64 84106124133131118 98 75 57 48 5024 421QO 4 71351620134999999999999991016 482218 4799999999999999
 64 85108128139138125103 77 53 38 36 47 68 93118135141134117 94 71 56 5224 422QO 4251401658141999999999999991041 352248 5299999999999999
 61 79103125140143133111 83 54 33 24 30 49 76105130143144133112 88 68 5924 423QO 44414417341469999999999999911 6 242317 5899999999999999
 61 76 98121139147141121 92 60 33 17 16 31 57 88117139148143127105 83 6924 424QO 5 41471810148999999999999991133 152345 6599999999999999
 66 75 93116136147146131104 71 39 17  8 16 37 68100127143147138120 99 8124 425QO 52414818461479999999999999912 1  8999999999999999999999
 73 76 90110130145148138115 84 51 23  7  7 21 47 79109131143142130112 9524 426QO 546148192514499999999999999 013 731232  599999999999999
 83 81 89105123139146142125 98 66 36 14  5 11 30 57 8711313113813412210724 427QO 6 914720 713899999999999999 042 8013 6  599999999999999
 94 88 91101116131141142132111 83 53 28 12  9 19 39 64 9111312613112611624 428QO 634143205813199999999999999 112 881345  999999999999999
105 98 96100110123133137133120 99 73 48 28 17 17 27 45 67 9010811912312124 429QO 7 313722 412399999999999999 146 951431 1599999999999999
114108103103107115123129129123110 92 70 50 34 25 25 33 48 66 8610211311924 430QO 737130233512099999999999999 2321031532 2499999999999999
120117112109107109112117120120115106 92 75 58 44 34 31 36 47 63 81 9811124 5 1QO 831120999999999999999999999 4 21071653 3199999999999999
120123121117111106103102105108111111107 99 86 70 55 43 36 37 46 61 79 9824 5 2QO 1 8123103411299999999999999 6331021822 3599999999999999
114125129126118107 97 89 87 90 97106113115110 99 83 65 50 40 38 46 62 8324 5 3QO 2 4129125211599999999999999 755 871939 3899999999999999
105123134135128114 96 80 70 68 75 88104118126125114 96 75 56 44 42 51 6924 5 4QO 241136142112799999999999999 842 672040 4199999999999999
 93116134142139124102 78 58 47 49 62 83107127138138126105 82 61 49 49 6124 5 5QO 312142152814099999999999999 923 462131 4899999999999999
 82108130145148137114 84 55 34 26 33 54 83113136149148134112 87 67 58 6124 5 6QO 34114916251509999999999999910 1 262216 5799999999999999
 76 99124144153148128 98 63 32 13 10 24 52 86119144156153137114 91 74 6924 5 7QO 4101541718156999999999999991040  92257 6999999999999999
 76 94117140154156142115 79 42 13 -2  1 22 54 91125148157152136114 94 8224 5 8QO 43815718 8157999999999999991119 -32334 8099999999999999
 81 92111133150158152131 99 60 25  0 -8  1 26 61 97128148154147131112 9724 5 9QO 5 61581856154999999999999991158 -8999999999999999999999
 90 94107125143155155143117 82 46 15 -4 -6  8 35 6910212914414713912511024 510QO 534157194314799999999999999 010 901237 -799999999999999
100 98105118134147152147130102 69 37 12  0  3 20 47 7710612613713712911824 511QO 6 3153203113899999999999999 043 981318 -199999999999999
108103104112124136144145135116 90 61 34 16 10 16 33 57 8410612212912812124 512QO 633146212013099999999999999 11610214 0 1099999999999999
113107105108115125133137134123105 82 58 38 25 22 30 46 66 8810611712212124 513QO 7 6137221612299999999999999 1521051446 2299999999999999
116111107106109114120125126122112 97 79 60 45 36 35 42 56 73 9010511411824 514QO 743126232311999999999999999 2411061538 3599999999999999
118115110107106106108112114115112105 94 80 66 55 47 46 52 63 77 9210511424 515QO 838115999999999999999999999 4151051641 4699999999999999
118118116111106101 99 99100103105105102 96 86 75 64 57 55 59 68 81 9510824 516QO 034119103510599999999999999 636 981752 5599999999999999
117121121117109101 93 88 86 88 93 99104105102 95 84 73 64 61 64 73 8610124 517QO 128122125110599999999999999 753 8619 2 6199999999999999
114123127124116104 91 80 73 73 78 87 98108112111103 92 79 69 65 69 79 9424 518QO 2 6127141711399999999999999 835 7220 2 6599999999999999
109123131131124110 93 76 63 58 61 72 87103116122120111 97 83 73 70 75 8724 519QO 235132151612299999999999999 9 8 582052 7099999999999999
104120132137132119 99 77 58 46 45 54 71 92112126132128116100 85 76 75 8324 520QO 3 113716 413299999999999999 938 442134 7499999999999999
 98116132141140128108 82 57 38 30 35 51 75101123137140132117100 86 79 8224 521QO 32614216461409999999999999910 7 302212 7999999999999999
 94111129142145138119 91 62 36 21 19 32 55 84112134145144133116 99 87 8424 522QO 3511461726146999999999999991037 182248 8399999999999999
 91105124140148145130104 72 42 19  9 14 34 62 94122142149144130112 97 8824 523QO 41714918 51499999999999999911 9  92322 8899999999999999
 90100117135147150140118 87 53 24  6  3 15 40 72104130146149141125109 9624 524QO 4441501845149999999999999991143  22356 9299999999999999
 92 97110128143150147131104 71 38 12  0  3 20 48 8111113414614513512010624 525QO 5131511927147999999999999991219 -1999999999999999999999
 97 96105119135146149140120 90 57 28  7  0  7 28 57 8811613514314012911624 526QO 546149201314399999999999999 032 951259  099999999999999
104 99101111125138145144132109 80 49 24  8  5 15 36 64 9311713213813412524 527QO 62114621 413899999999999999 111 991343  499999999999999
113105102105114126136141136123101 74 47 26 14 13 24 45 70 9611713013413024 528QO 7 314122 113499999999999999 1571021433 1299999999999999
122112105103106113123130133129116 97 74 51 33 24 24 34 53 76 9811712813224 529QO 75413323 113299999999999999 2571031529 2299999999999999
129121112104101101107114121124122113 98 79 60 45 36 36 45 61 8110211912924 530QO 9 7124235913399999999999999 4201001632 3599999999999999
133129121110100 93 91 95102110116118114104 89 73 59 49 48 55 70 8810712324 531QO1051118999999999999999999999 550 911740 4899999999999999
133136131119105 91 80 76 79 88 99111118119114102 87 73 63 60 66 79 9711524 6 1QO 049136124212099999999999999 7 4 761849 6099999999999999
130139139131115 95 76 62 57 62 74 91108121128125115101 86 76 72 77 9010724 6 2QO 132140141412899999999999999 8 2 571954 7299999999999999
125139145142128106 81 58 43 38 46 63 86109127137137127113 97 86 83 8810124 6 3QO 210145152813899999999999999 852 382054 8399999999999999
118135147150142122 94 65 39 24 22 34 57 85113134146146136121105 95 92 9824 6 4QO 247150162914799999999999999 938 212148 9299999999999999
112129145154152138113 80 47 22  9 11 28 56 88118141152151140124110100 9924 6 5QO 3231551723153999999999999991021  82237 9999999999999999
107121138152157150131101 65 32  8 -1  6 28 60 9412414515415113912411010324 6 6QO 35915718121549999999999999911 4 -1232010399999999999999
105114129145156157145121 88 52 21  1 -3  9 34 6710112914715214713412010924 6 7QO 4351581858152999999999999991146 -4999999999999999999999
105109120135149156152136110 76 42 14  0  1 17 44 7710813214514714012711424 6 8QO 512156194014899999999999999 0 01051227 -299999999999999
106105112124138149152145126 98 66 35 13  4 10 29 57 8711413314214013111924 6 9QO 549152201914299999999999999 03710513 7  499999999999999
109104105114126138146146135115 88 58 33 17 13 23 43 70 9711913313713212324 610QO 628147205613799999999999999 1141031346 1399999999999999
112104102105114125135140136124105 80 55 35 25 25 37 58 8210512213113212624 611QO 7 7140213413399999999999999 1541021426 2499999999999999
116107101100104112122129131127115 97 76 56 42 36 40 53 72 9411212513012824 612QO 752131221213099999999999999 24110015 7 3699999999999999
121112104 98 97101107115120122117107 93 76 62 51 49 54 67 8510311812713024 613QO 845122225313099999999999999 342 971550 4999999999999999
126119109101 95 93 95100106111113111104 94 82 70 63 62 68 80 9611112312924 614QO10 1113233813099999999999999 459 931639 6299999999999999
130125117106 96 88 85 85 90 97103108109106 99 90 81 75 75 80 9110411712724 615QO1147109999999999999999999999 620 841735 7499999999999999
132131125115102 89 79 73 74 79 88 98107112112108100 92 86 86 9010011112324 616QO 023133133411399999999999999 725 731840 8599999999999999
132135133124110 93 77 65 60 62 70 83 98111119121118110101 95 93 9810611824 617QO 1 7135145312199999999999999 815 601946 9399999999999999
129137139133120102 81 63 50 46 51 64 82102118129131127118108101 9910311224 618QO 147139155113199999999999999 857 462048 9999999999999999
124135142141131113 90 66 46 34 33 43 62 8510912813814013312211110310210724 619QO 225142163914099999999999999 935 32214110199999999999999
118131142146142127104 76 49 29 20 23 39 64 9211813714614513612311110410424 620QO 3 21461722147999999999999991013 19222710399999999999999
112124138148149140120 91 60 32 14  8 18 39 6910012714515114713512010810324 621QO 33915018 3151999999999999991052  8231010399999999999999
106116131145153150136111 78 45 18  3  2 17 43 7610813415015314513111610524 622QO 4181531845153999999999999991133  0235010299999999999999
102108121137150155149130101 66 33  8 -3  1 20 50 8411614015115114112511124 623QO 4581551927153999999999999991214 -4999999999999999999999
102102111126142153155145123 92 57 26  4 -3  5 28 60 9312314315114713511924 624QO 54115620 915199999999999999 0311011257 -399999999999999
106 99102113128144153152140116 84 51 23  6  3 15 40 7110312814414814212824 625QO 627154205114899999999999999 113 991341  299999999999999
113101 97101112128142149146133110 80 51 27 15 15 30 55 8411213314514513624 626QO 716149213114699999999999999 2 1 971426 1399999999999999
121106 96 92 97109123136142139127106 80 56 37 29 33 48 71 9712113714414124 627QO 813142221114499999999999999 255 921512 2999999999999999
130115100 90 86 91101115126133131122105 85 66 52 47 52 67 8811012914114424 628QO 921133225114499999999999999 357 861559 4799999999999999
138125109 94 82 78 81 90103115123125120109 94 80 70 67 73 8610312113514324 629QO1047125233214499999999999999 5 6 781651 6799999999999999
143135121104 86 73 66 68 77 90104115122122116107 96 89 87 9110111512914024 630QO1233123999999999999999999999 618 661751 8799999999999999
145143134118 98 77 62 53 53 62 77 9411012212712612011210510210511212313424 7 1QO 017145141912899999999999999 727 5219 310299999999999999
143147144133114 91 68 49 39 39 49 67 8810912513513613212411711211311812724 7 2QO 1 7147154313799999999999999 829 38202611299999999999999
137146150145131110 83 57 36 26 27 40 61 8711213214314514013112211611512024 7 3QO 159150164614599999999999999 924 25214011599999999999999
129140149152146129104 74 46 25 15 19 35 61 9111813814915014313212211511424 7 4QO 2511521734151999999999999991013 15223611499999999999999
120131144153154145125 96 64 35 15  8 16 37 66 9812614415215014012811611024 7 5QO 3401551815153999999999999991058  8232011099999999999999
112120134147156155142118 87 54 25  8  6 19 44 7610813314815214613311910924 7 6QO 4251571850152999999999999991139  5235710599999999999999
105110122137150157152136109 76 44 19  6 10 28 56 8911813914914813812311024 7 7QO 5 81571922150999999999999991218  6999999999999999999999
102102110124140152155147127 98 66 36 16 10 20 42 7210312814314714112711224 7 8QO 548155195114799999999999999 0301001253 1099999999999999
101 96100111127142151150139116 87 57 33 19 20 35 60 8911613614514313211724 7 9QO 627152201814599999999999999 1 2 961327 1899999999999999
102 94 93100113129141147143128105 78 52 34 28 35 53 7910612814114313612324 710QO 7 6147204414499999999999999 137 921359 2899999999999999
107 95 89 91100114128137140133118 96 73 53 42 42 54 74 9812013614314012924 711QO 746140211014399999999999999 214 891430 4199999999999999
114100 89 86 90 99112124131131123109 91 73 60 55 60 73 9311413114114213524 712QO 832132213714299999999999999 258 8615 1 5599999999999999
122107 94 85 83 87 96107117122122116105 91 79 72 71 78 9210912513714213924 713QO 92812322 714299999999999999 350 831535 7099999999999999
129116102 89 81 79 83 90100109115116113106 97 90 86 87 9510712013213914024 714QO1048116224114199999999999999 452 791615 8699999999999999
135125111 97 84 76 72 75 82 9110110911411411210710210010110711612613413924 715QO1242115232513999999999999999 6 3 7217 910099999999999999
138132122107 92 78 67 63 65 72 83 9510711612112111811411111111512112813524 716QO1436121999999999999999999999 713 63183011199999999999999
138138131120104 86 69 56 50 52 61 75 9210912213013212912311811611712212924 717QO 022139154913299999999999999 816 5020 911699999999999999
135140139132118 99 77 57 42 36 39 52 71 9411513114014113612812111611612124 718QO 126140163914199999999999999 9 9 36212811599999999999999
129138144143134117 93 66 43 27 22 28 46 71 9912314114914713912811811211324 719QO 226145172014999999999999999 957 22222211299999999999999
121132143150148136114 85 54 28 12  9 21 44 7510613315015515013712311210724 720QO 3191501758155999999999999991042  923 510799999999999999
110122137150157153136109 75 42 15  1  2 19 48 8311714215615714713111510324 721QO 4 91571835158999999999999991125 -1234410199999999999999
101109124143157162155134103 66 31  6 -5  2 25 58 9512815015915514112110424 722QO 45716219101609999999999999912 7 -5999999999999999999999
 95 96108127148162165154130 96 58 25  3 -2 10 37 7310913815615914913010924 723QO 545165194316099999999999999 023 941248 -299999999999999
 93 87 92108129150163163150124 89 54 25  9 10 27 56 9112414715815514011824 724QO 633165201515999999999999999 1 3 871327  799999999999999
 97 83 80 89107129148159157143117 86 55 33 24 30 50 7911013715315714712824 725QO 724160204515799999999999999 145 8014 6 2399999999999999
106 86 75 74 85103124142151148135112 86 62 48 45 55 7610212714615515213824 726QO 818151211415599999999999999 232 731443 4499999999999999
117 95 77 68 69 80 98116132139138127110 91 76 68 70 8110012114015115314524 727QO 920140214215399999999999999 324 671519 6799999999999999
129108 88 72 64 64 74 89105119127128122112101 92 90 9410411913414515114924 728QO1039128221315199999999999999 424 631556 9099999999999999
139123103 84 68 60 59 66 78 9210611612212211911411010911312013013914614824 729QO1235123225414899999999999999 536 58164010999999999999999
144135120102 83 66 55 52 56 66 80 9510912012612812712512412512813313814224 730QO15 1128999999999999999999999 657 5218 512499999999999999
144142134121102 82 63 49 43 45 55 71 8910812313413813713413012812712913424 731QO 0 2144162213899999999999999 815 43204312799999999999999
139143143137123103 80 58 41 33 35 47 66 8911213014214614313712912312112324 8 1QO 13114417 314699999999999999 919 3222 212199999999999999
130138145147140125102 75 50 32 23 28 44 68 9512013914914914313212111411224 8 2QO 2451471733150999999999999991010 23224311299999999999999
118128141150152143124 97 67 40 22 17 26 47 7610613114715214813612211010424 8 3QO 34115218 1152999999999999991052 17231510399999999999999
106116131146155155142119 88 56 30 15 16 31 58 89119141152151141125109 9824 8 4QO 4271561826153999999999999991128 142344 9599999999999999
 95103118136152159154137109 76 45 22 14 22 44 74106132149153145129110 9524 8 5QO 5 815918491539999999999999912 1 14999999999999999999999
 88 91104123143156159149128 97 64 37 21 20 36 62 94123144153149134115 9624 8 6QO 545160191015399999999999999 012 881231 1999999999999999
 84 82 91109129147157155141115 85 55 34 26 34 56 8511413815115214012110024 8 7QO 621158193115399999999999999 040 811259 2699999999999999
 84 76 80 94114134149154147129103 75 51 39 40 55 7910713214915314512810724 8 8QO 657154195115399999999999999 1 9 761325 3799999999999999
 87 75 73 81 98118135146147137117 93 71 55 51 59 7810212714515314913511524 8 9QO 734148201115399999999999999 141 721351 5199999999999999
 94 78 70 72 84101119133140137126108 89 73 65 68 8010012214015115114112424 810QO 814140203115299999999999999 215 701416 6599999999999999
103 85 72 68 73 86102117127131128118104 91 82 80 8710111813514615014413124 811QO 9 1131205315099999999999999 255 681441 8099999999999999
113 94 79 70 68 74 85 99111119123120114105 98 95 9710511713014114614413624 812QO10 4123211714699999999999999 342 6815 9 9499999999999999
122106 89 76 68 67 71 80 9110211011611711511210910911111812613414014113824 813QO1153117214814199999999999999 445 67154210899999999999999
129117102 88 75 66 63 65 71 81 9210311211812212212112112212412913313613624 814QO1447122224413699999999999999 6 8 6217 012199999999999999
134127117103 88 73 61 54 53 58 69 83 9911412513113313212912612512512813124 815QO1559133999999999999999999999 738 53201012499999999999999
134135130121106 87 68 52 41 38 44 58 7810012013514214313813112311911812224 816QO 038135163514499999999999999 849 38213511899999999999999
129137141138127109 85 60 39 25 23 32 52 7910613014615214813812611510911124 817QO 2 914117 615299999999999999 943 22221810999999999999999
119132144150147134110 80 50 25 11 11 26 53 86117142156157148132115102 9824 818QO 3141511736158999999999999991029  92253 9899999999999999
104119138154161156138108 73 39 13  1  7 29 62 99131154163157141119 99 8724 819QO 4 716118 6163999999999999991111  12328 8699999999999999
 88101122145163170161138104 65 30  7  0 13 41 78116146163164150127102 8224 820QO 4571701834165999999999999991150  0999999999999999999999
 74 80 99126152169173161135 98 59 27 10 11 30 62 99134158166159138110 8324 821QO 54617419 216699999999999999 0 4 741228  899999999999999
 66 63 75100129155170171157128 93 58 33 23 31 54 87122149164164148121 9224 822QO 634173192716699999999999999 041 6213 3 2399999999999999
 67 54 57 73100129152165164148121 90 63 46 45 58 8311314115916515513410524 823QO 724166195216599999999999999 121 531337 4499999999999999
 76 56 48 54 73 99125145155152137115 92 74 67 71 8711013415316215914411924 824QO 816155201516399999999999999 2 3 4814 7 6699999999999999
 91 67 51 47 55 72 95117134141139128113 99 90 89 9711213114715715814913124 825QO 915141203615999999999999999 250 461435 8999999999999999
108 84 64 52 49 56 71 8910612012712712311511010711011813014115015314913924 826QO1034128205915399999999999999 345 49145610799999999999999
123103 83 67 56 52 56 67 80 9410611512012212212212312613113714214514514024 827QO2125145999999999999999999999 457 52999999999999999999999
132120104 88 73 61 54 54 60 70 82 9610911912613113313313313313413513513624 828QO2247136999999999999999999999 632 53999999999999999999999
134130122110 94 78 63 52 48 51 60 75 9210912413413913913613212712412412624 829QO1634140999999999999999999999 8 7 48213812399999999999999
130134134129117 99 79 60 46 39 42 54 73 9511613214214514013212211511111324 830QO 135135164914599999999999999 912 3922 811199999999999999
121130138141136121100 76 53 37 31 38 55 7910412714214814513512110810010024 831QO 25314117 714899999999999999 959 312233 9999999999999999
108121135146148140121 95 67 43 28 27 40 63 91118139150149139123105 92 8824 9 1QO 3451491727151999999999999991035 262257 8899999999999999
 93108127144154153140116 85 56 33 24 30 50 78108134150153144127106 88 7824 9 2QO 42615517461539999999999999911 7 242322 7899999999999999
 80 93113135152159153134105 73 46 29 27 41 67 98127148155150133110 88 7324 9 3QO 5 315918 4155999999999999991135 262346 6999999999999999
 69 78 98122144158160148124 93 62 40 32 39 61 90120144156154140116 91 7124 9 4QO 53816118221579999999999999912 2 32999999999999999999999
 61 66 82106131151160156138112 82 56 42 43 58 84114140155158146124 97 7324 9 5QO 611160184015999999999999999 012 611227 4199999999999999
 58 56 67 89115138154157147127100 74 57 52 61 82109135153159152132106 7924 9 6QO 646157185715999999999999999 039 551251 5299999999999999
 59 51 56 73 97122141151150136115 92 73 64 68 83105130149158155140116 8924 9 7QO 721152191515999999999999999 1 7 511314 6499999999999999
 65 52 50 61 80104125140145139125107 90 79 78 87104125144155155144124 9924 9 8QO 758145193315699999999999999 137 491336 7799999999999999
 75 58 50 54 67 86107124134136129117103 93 89 9410512113814915214613111024 9 9QO 841136195115299999999999999 211 501359 8999999999999999
 87 68 56 52 58 71 8810511812512612111410610210310912013214214714413511924 910QO 938126201114799999999999999 251 52142010199999999999999
100 82 67 58 56 61 71 84 9710811511811811611411311612112813513914013512624 911QO1122119203314099999999999999 346 56143811399999999999999
113 98 83 70 61 57 59 65 75 86 9710811512112312412512512712913113213112824 912QO2110132999999999999999999999 512 57999999999999999999999
122113102 88 74 63 54 51 54 62 74 8910511912813413513312912512212112312524 913QO1546135999999999999999999999 7 3 51205012199999999999999
127126121110 95 78 60 46 39 39 49 65 8710912714014514213412411511011011524 914QO 01712716 814599999999999999 826 38212810999999999999999
124132136133121102 78 54 35 25 27 40 64 92119140151152143128112 99 9510024 915QO 2 6136163215399999999999999 922 2422 0 9599999999999999
112128143150146131106 75 46 24 15 21 41 71104134153160153135113 92 80 8024 916QO 31215016571609999999999999910 7 142231 7899999999999999
 92113136155163157137106 70 38 17 12 24 52 87122150164162145120 92 70 6124 917QO 4 51631723165999999999999991048 1223 5 6199999999999999
 68 89117146166173163138103 66 35 19 20 39 72109141163168156130 98 68 4924 918QO 4551731748168999999999999991125 172340 4599999999999999
 46 61 89122153172176163135 99 64 39 30 39 63 97131157170164143110 75 4724 919QO 54417718131709999999999999912 1 30999999999999999999999
 33 37 58 91126155172173157129 97 68 51 49 64 91122150167169154125 90 5624 920QO 632175183617099999999999999 016 321234 4899999999999999
 32 25 35 60 93127153166163147123 97 77 69 74 92117143162168161139107 7224 921QO 721166185916899999999999999 055 2513 5 6899999999999999
 43 26 25 39 64 95124145154150137118100 90 89 99117137155164162147123 9224 922QO 813154192016599999999999999 135 231333 8899999999999999
 62 40 28 31 45 68 9411713313913712811610810510911913314715615815013311024 923QO 912139194015899999999999999 220 28135510599999999999999
 84 61 44 37 40 52 70 8910711912512612311911711812313114014714914613712224 924QO1036126195814999999999999999 312 3714 611799999999999999
104 84 67 54 48 49 56 68 82 9610711512012312412612813113413713813713312624 925QO20 6138999999999999999999999 422 47999999999999999999999
117104 90 77 65 57 54 56 64 75 8710011212112713113213113012712512412412324 926QO16 5132999999999999999999999 6 3 54999999999999999999999
122118111100 87 73 61 54 52 58 68 83 9911512713413613412812111411011011424 927QO1555136999999999999999999999 743 52212911099999999999999
119124125120109 93 75 60 49 47 53 67 86106124136140138129117106 98 9610124 928QO 14212516 714199999999999999 847 472147 9699999999999999
110122131134128114 94 72 54 43 43 54 73 96118135144143133118101 88 82 8624 929QO 252134162314599999999999999 931 4222 8 8299999999999999
 97114130141142133114 89 65 47 39 44 61 85111133146148139122101 82 71 7124 930QO 33914316401499999999999999910 6 392231 7099999999999999
 82101122140150147133109 81 57 42 41 53 76104129147153146128104 80 63 582410 1QO 4181501657153999999999999991036 402254 5899999999999999
 66 85109133150156148127100 72 52 44 50 69 96124145156152136110 82 60 482410 2QO 45415617151569999999999999911 4 432318 4899999999999999
 51 67 93121144157157143119 91 66 52 52 66 91118142157157143118 88 61 432410 3QO 5291591732159999999999999991130 502343 3999999999999999
 40 51 75104132152159153134109 83 65 59 67 87113138155160150127 97 67 432410 4QO 6 21591749160999999999999991154 59999999999999999999999
 33 38 57 85115140155156145124100 79 69 72 86109133152160155136108 76 492410 5QO 63615718 716099999999999999 0 9 331219 6899999999999999
 32 30 43 67 96124144152149134114 94 81 79 88106127147157156143118 88 592410 6QO 711153182615999999999999999 037 291242 7899999999999999
 37 29 34 52 78105128142146139124107 94 88 92104122140152155146127100 722410 7QO 748146184515599999999999999 1 6 2913 6 8899999999999999
 48 34 32 42 61 85108126136136129117105 98 98106118133145150146132111 862410 8QO 83213719 515099999999999999 139 311330 9799999999999999
 63 45 37 39 50 68 881061201271271221141091071101171271371431421341201012410 9QO 930127192614399999999999999 219 36135410799999999999999
 80 61 48 43 45 54 68 84 99111118121120118116116119124129133135132124112241010QO1114121195113599999999999999 312 43142311699999999999999
 97 81 67 55 49 48 54 63 76 90102113120124125125124123123123124124122119241011QO1414125203412499999999999999 436 48175312399999999999999
112102 89 76 63 53 47 48 54 66 82 98114126133135132126120114111111114118241012QO1452135999999999999999999999 626 47202611199999999999999
120119113102 86 69 53 43 40 45 59 79101121136143141133120107 98 94 98107241013QO 017120151914399999999999999 751 402059 9499999999999999
118128132128115 95 72 51 37 33 41 59 85111134148151142125105 87 76 76 86241014QO 2 1132154415199999999999999 850 332131 7599999999999999
104124140147142126101 73 48 33 31 44 68 98127149158153135109 83 63 54 60241015QO 3 714716 915899999999999999 937 3022 5 5499999999999999
 79106133153161154133104 73 48 35 38 56 85117145161162147120 87 57 38 35241016QO 4 21611634164999999999999991019 342240 3499999999999999
 49 77111142163170159136104 74 52 44 53 76107137160168159134 99 62 32 18241017QO 4531701659168999999999999991057 442316 1799999999999999
 23 45 79117149169172159134104 77 61 60 75100129155169167148115 76 39 14241018QO 5421731724170999999999999991134 592353  699999999999999
  6 18 46 83121151168168154130104 84 75 80 98122147165170158132 96 56 24241019QO 63117017491709999999999999912 7 75999999999999999999999
  5  4 21 51 88123148161159145125105 93 91100118140158167163145115 79 44241020QO 721162181316799999999999999 032  21239 9099999999999999
 17  6 10 29 59 92121141150147135120108103106117133148159160150129100 68241021QO 813150183816199999999999999 113  513 710399999999999999
 40 21 14 22 40 66 93116131137135127118113112118127139148152148136116 91241022QO 91113719 215299999999999999 157 14133311299999999999999
 65 44 31 28 35 50 70 91109120126126122119118119124130136140140134123106241023QO1029126192614199999999999999 247 27135811899999999999999
 88 69 53 44 41 46 57 72 88102112119122122122122122123125127127125121114241024QO1947127999999999999999999999 350 41999999999999999999999
104 91 77 65 56 52 53 60 71 84 97109118123125125123120116114113112113113241025QO1423126999999999999999999999 515 52999999999999999999999
111107 98 88 76 65 58 56 61 70 84 98111122128130126120111104 99 97100105241026QO1446130999999999999999999999 647 562048 9799999999999999
111115114108 97 83 69 60 57 61 72 87104120130135132123110 97 87 82 84 92241027QO 12311515 613599999999999999 757 572112 8299999999999999
104115122123116103 86 70 59 57 63 77 96115131139139129113 95 79 69 68 76241028QO 236124152614099999999999999 847 562136 6899999999999999
 91109124132132122104 85 68 58 59 70 88110129142145137120 97 76 60 54 59241029QO 326133154614599999999999999 926 5722 1 5499999999999999
 75 96118135142138123103 82 66 60 66 82104126143150144128103 77 54 42 43241030QO 4 814216 51509999999999999910 0 602226 4199999999999999
 57 80106130145148139121 98 78 67 66 78 98122141152151137112 82 54 35 30241031QO 4461491624153999999999999991030 652251 3099999999999999
 39 61 90119141152150137116 93 77 71 77 94116138153155145122 91 59 34 212411 1QO 5211531643156999999999999991059 712317 2199999999999999
 25 43 71102130149155148130109 89 78 79 91111133150157151132102 68 38 192411 2QO 55615517 4157999999999999991127 772345 1499999999999999
 15 27 51 83114139152152141122102 88 84 90106127145156155140114 81 49 242411 3QO 6311541725157999999999999991154 84999999999999999999999
 12 16 34 62 94122142150146132114 99 90 92103120138151155146125 96 63 352411 4QO 7 8150174815599999999999999 015 111221 9099999999999999
 16 12 22 44 73102126140144137124109 99 96102114130144151148133109 80 512411 5QO 747144181215199999999999999 047 121249 9699999999999999
 28 16 18 31 54 81106125135136129118108102103111123135144145137120 96 692411 6QO 834136183914599999999999999 123 15132010299999999999999
 45 28 22 26 40 61 84105120128129124116110108110117126134138135126109 882411 7QO 934129191013899999999999999 2 6 22135910899999999999999
 66 47 34 30 34 46 64 831011151231251231191151131141171221271281251171042411 8QO1058125195412899999999999999 3 1 30151211399999999999999
 88 70 55 43 38 40 49 63 81 971121221261271241191151121111121151171171142411 9QO1234127213211899999999999999 414 38175111199999999999999
106 95 80 66 53 45 44 50 62 79 97113125132133128119110102 97 97101107113241110QO1335133999999999999999999999 541 441929 9699999999999999
116114106 94 78 63 51 47 51 63 81101120134140138128113 97 84 77 79 87100241111QO 010116141414099999999999999 7 2 472019 7799999999999999
114124127121108 89 71 56 50 54 68 88111131144147139121 99 77 61 55 61 77241112QO 151127144614799999999999999 8 8 502059 5599999999999999
 98119135141135120 99 78 62 56 61 78100125144153150134108 78 52 36 34 46241113QO 3 2141151515499999999999999 9 2 562138 3399999999999999
 70 99127146153147129106 84 68 64 73 92116140156159147122 89 54 27 14 18241114QO 4 1153154415999999999999999 949 642217 1399999999999999
 38 69104135155161153134110 89 76 76 88109133153163159139106 68 32  7 -1241115QO 4551611613164999999999999991032 752257 -199999999999999
  9 35 72109141160164154134112 94 86 89104125147162165153126 89 49 15 -6241116QO 5461641643166999999999999991112 852337 -999999999999999
 -8  8 39 77114143159160149131112 98 95102118138156165161142111 72 34  5241117QO 6351621713165999999999999991149 95999999999999999999999
 -9 -6 15 47 84117142154153141125111103103113129146158161151129 96 60 27241118QO 724155174516199999999999999 018-10122510299999999999999
  4 -4  4 26 57 90118138145143132120110106110120134147154152138115 85 53241119QO 812146181715499999999999999 1 0 -4125910699999999999999
 26 10  7 17 39 66 94117131136133124115109109114123134142145139125103 77241120QO 9 2136185114599999999999999 143  6133610899999999999999
 52 32 21 21 32 51 75 97115125128125119113110110114121128132132126113 96241121QO 956128192913399999999999999 229 19142310999999999999999
 75 56 41 34 36 46 62 81 99113121123121117112109108110114117120119115105241122QO1058123202012099999999999999 319 34154810899999999999999
 93 78 63 53 47 49 57 71 86101113120122121117112107103102102105107108107241123QO12 512222 510899999999999999 417 4718 710299999999999999
103 95 84 73 64 59 59 66 77 91104115122125123117109100 93 89 89 92 97102241124QO13 1125999999999999999999999 524 581937 8899999999999999
105105101 93 83 74 68 67 73 83 97110121128129124115102 89 79 74 75 81 90241125QO 032106134212999999999999999 635 672023 7499999999999999
100109112110103 92 81 74 73 79 90104118129134132123108 90 74 63 59 63 74241126QO 2 8112141513499999999999999 740 732057 5999999999999999
 90105117122120111 98 86 79 78 85 98113127137139131116 95 73 55 46 46 56241127QO 311122144313999999999999999 834 782128 4499999999999999
 74 95114127132128116101 89 82 84 93108124137143140126103 77 53 36 31 38241128QO 35913215 914399999999999999 920 822157 3199999999999999
 55 79104125138140132117102 90 85 90102119135145146135114 86 57 33 20 21241129QO 440140153514799999999999999 959 852227 1999999999999999
 35 59 88116136145143132115100 90 89 98113130144150144126 98 66 37 16  9241130QO 51814616 1150999999999999991035 892257  999999999999999
 17 39 68100127144149142128111 97 91 95107124140150150137112 80 47 19  42412 1QO 55514916281519999999999999911 8 912329  299999999999999
  4 20 46 79110134147148138122106 96 94102116133147152145126 96 62 30  82412 2QO 6321491657152999999999999991141 93999999999999999999999
 -1  6 26 57 89118138147143131115102 96 98109124140149149136113 81 48 192412 3QO 710147172815199999999999999 0 4 -11214 9599999999999999
  2 -1 12 36 67 98123139143136124110100 97103115130143148142126100 68 382412 4QO 75114318 214899999999999999 041 -11249 9799999999999999
 15  3  5 21 46 76104125136138130118107100100107119132141142134115 90 612412 5QO 836138183914399999999999999 121  21330 9999999999999999
 35 16  9 14 31 56 83107125134133126115106101102108118128135134125107 842412 6QO 926134192413599999999999999 2 4  9142110099999999999999
 59 37 23 19 26 42 65 891101251311301231141051001001041121211261251171032412 7QO1020132202412699999999999999 253 191532 9999999999999999
 84 64 46 35 32 38 53 73 94113126131130122112103 96 93 951011091151171132412 8QO1116131215411799999999999999 349 3117 3 9399999999999999
104 90 74 59 49 46 51 64 81100117129133131122110 97 86 80 80 86 951051122412 9QO12 9133235311499999999999999 453 461828 7999999999999999
114110101 88 74 64 60 64 74 90107123133137132121104 86 71 62 62 69 82 97241210QO1257137999999999999999999999 6 3 601934 6199999999999999
110118120114103 90 79 73 75 84 99115130140141133116 94 71 52 41 42 53 71241211QO 141120134014299999999999999 716 732028 4099999999999999
 92112126132128117104 91 85 85 94108124139146144132109 81 53 31 21 24 40241212QO 3 4132142014799999999999999 824 842116 2199999999999999
 64 92117135143139128113100 93 94102117133147152146127 98 65 34 12  4 11241213QO 410143145915299999999999999 925 9222 2  499999999999999
 33 63 95124143150146134118105 98100110125142153155144119 86 50 18 -2 -7241214QO 5 61501539156999999999999991018 982246 -799999999999999
  5 31 66101130148154148134118106100104116133148157154138110 73 36  6-11241215QO 55515416181589999999999999911 41002329-1399999999999999
-11  6 36 73108135150152144129114104101108122138152157150130 98 61 25 -1241216QO 6411531658157999999999999991146101999999999999999999999
-13 -7 14 46 82114137148147136121108100101111126141152153142119 87 51 19241217QO 723149173715499999999999999 011-13122310099999999999999
 -2 -8  3 26 58 92119137143138126112102 98102113128141148146132107 76 44241218QO 8 1143181614999999999999999 052 -813 0 9899999999999999
 18  3  3 17 42 72101123135136129116104 96 96102113127137141135120 96 68241219QO 837137185614199999999999999 131  11338 9599999999999999
 41 22 14 18 35 59 86110126132129120108 98 93 94101111122130131124108 87241220QO 910132193713199999999999999 2 8 141420 9399999999999999
 64 44 31 28 36 53 76 98116127129123113102 94 90 92 98106115120119112 99241221QO 944129202512099999999999999 245 271514 9099999999999999
 82 65 51 43 44 54 71 90108121127126119109 99 91 87 87 92 98105109109104241222QO1019127213011099999999999999 323 421624 8699999999999999
 95 83 71 62 58 61 71 85101115124127124116106 96 87 81 80 82 88 94 99102241223QO1059127231410299999999999999 4 4 581748 8099999999999999
101 96 89 81 75 73 76 85 96109119126127123115103 91 80 72 69 71 77 85 93241224QO1144127999999999999999999999 455 7319 6 6999999999999999
 99103102 99 93 88 86 88 94104114122128128123113 99 83 69 60 56 59 67 78241225QO 123103123412899999999999999 6 2 8620 5 5699999999999999
 91102110112110104 99 95 96101108117125130129122109 91 72 56 45 42 47 60241226QO 258112132313199999999999999 722 952051 4299999999999999
 77 95110120123120113105100100104112121129133131120102 80 58 40 29 29 39241227QO 35812314 913499999999999999 838 992130 2899999999999999
 58 80102120130132127117108101101106115126134137131116 93 66 41 23 15 20241228QO 442132145013799999999999999 93810022 7 1599999999999999
 36 60 87112130139137129117106100100108120132140140129108 80 50 24  8  4241229QO 5201391529141999999999999991024 992244  499999999999999
 15 37 67 97123139144138126112101 97101111126139145140124 98 66 34  9 -4241230QO 55614416 81459999999999999911 3 972322 -599999999999999
 -2 15 43 76107131144144135120105 95 94102116132145148139118 87 52 20 -2241231QO 6311451647148999999999999991138 93999999999999999999999
