 18 19 21 22 24 24 22 19 15 10  6  2  0  0  2  5  8 12 14 16 16 16 15 1524 1 1S0 432 2420 0 16999999999999991240  02334 1599999999999999
 15 16 17 18 20 20 20 18 15 12  8  5  3  2  2  4  7 10 13 15 15 15 14 1424 1 2S0 511 202016 159999999999999913 7  2999999999999999999999
 13 13 13 14 15 17 17 16 15 13 10  7  5  4  4  5  8 10 13 15 15 15 15 1424 1 3S0 556 172028 1699999999999999 1 0 131328  499999999999999
 12 12 11 11 12 13 13 14 13 12 11  9  8  7  7  8  9 12 14 16 17 17 16 1524 1 4S0 7 2 142038 1799999999999999 231 111339  799999999999999
 13 11 10  9  8  9 10 11 11 12 12 11 11 10 10 11 12 13 15 17 18 19 18 1724 1 5S0 915 122051 1999999999999999 354  81332 1099999999999999
 14 12 10  8  6  6  6  8  9 10 11 12 13 13 13 14 14 16 17 19 20 21 21 1924 1 6S02113 21999999999999999999999 5 2  6999999999999999999999
 17 14 11  8  6  4  4  4  6  8 10 12 14 15 16 16 17 18 19 20 22 23 23 2224 1 7S02148 23999999999999999999999 557  4999999999999999999999
 20 17 14 10  6  3  2  1  2  5  8 11 14 16 17 18 19 19 20 21 22 24 25 2524 1 8S02235 25999999999999999999999 645  1999999999999999999999
 24 21 17 13  8  4  1 -1 -1  1  4  8 12 16 18 19 20 20 21 21 22 24 26 2724 1 9S02330 27999999999999999999999 732 -1999999999999999999999
 27 25 22 17 12  7  2 -2 -4 -4 -1  3  9 13 17 19 20 21 21 21 22 23 25 2724 110S09999999999999999999999999999 820 -4999999999999999999999
 28 28 26 22 17 11  4 -1 -5 -7 -6 -2  3  9 14 17 19 20 20 20 20 21 22 2524 111S0 029 29999999999999999999999 910 -7999999999999999999999
 28 29 29 27 22 16  9  2 -4 -8 -9 -7 -3  3  9 14 17 18 18 18 18 18 19 2124 112S0 128 301734 1999999999999999 959 -91959 1899999999999999
 24 28 30 29 27 22 15  7  0 -6 -9-10 -8 -3  3  9 13 16 17 16 15 15 15 1724 113S0 224 301759 17999999999999991048-102054 1599999999999999
 19 23 26 29 28 25 20 13  5 -2 -7-10-10 -7 -1  5 10 13 15 15 14 12 12 1224 114S0 320 291826 15999999999999991134-1022 3 1299999999999999
 14 16 20 24 26 26 23 17 11  4 -2 -6 -8 -7 -4  2  7 11 13 14 13 11 10  924 115S0 416 261852 14999999999999991218 -82331  999999999999999
  9 10 13 17 21 22 22 19 15  9  4 -1 -4 -5 -3  1  5 10 13 14 14 12 10  824 116S0 516 231918 14999999999999991258 -5999999999999999999999
  7  6  7 10 13 16 18 18 16 12  8  5  2  0  0  2  6 10 13 15 15 14 12  924 117S0 624 181944 1599999999999999 054  61333  099999999999999
  6  4  3  4  6  9 12 13 14 13 11  9  7  6  5  6  8 11 14 16 17 17 15 1224 118S0 753 142011 1799999999999999 211  31357  599999999999999
  8  5  3  1  1  3  5  8 10 11 11 11 10 10 10 11 12 13 16 18 19 19 18 1624 119S010 0 112042 1999999999999999 331  11329 1099999999999999
 12  9  5  2  0 -1  0  2  5  7  9 11 12 13 14 14 15 16 18 19 21 21 21 2024 120S02121 21999999999999999999999 454 -1999999999999999999999
 17 13  9  5  2 -1 -2 -2  0  3  6  9 12 14 15 16 17 18 19 20 21 22 23 2324 121S02210 23999999999999999999999 611 -2999999999999999999999
 21 18 14  9  5  1 -2 -3 -3  0  3  7 10 13 15 17 18 19 20 20 21 22 23 2424 122S023 7 24999999999999999999999 714 -3999999999999999999999
 24 21 18 14  9  4  0 -3 -4 -3  0  4  8 12 14 17 18 19 19 20 20 21 22 2424 123S09999999999999999999999999999 8 6 -4999999999999999999999
 25 24 22 18 13  8  3 -1 -4 -4 -3  1  5  9 13 15 17 18 18 18 18 19 20 2224 124S0 0 5 25999999999999999999999 850 -4999999999999999999999
 24 25 24 21 17 12  6  1 -3 -5 -5 -3  2  6 10 13 15 16 16 16 16 17 18 1924 125S0 059 25999999999999999999999 930 -5999999999999999999999
 22 24 24 23 20 15  9  3 -1 -5 -6 -5 -2  3  8 11 13 15 14 14 14 14 15 1624 126S0 148 241725 159999999999999910 6 -620 2 1499999999999999
 18 21 23 23 21 17 12  6  0 -4 -6 -7 -5  0  4  8 11 13 13 12 11 11 12 1324 127S0 232 231737 13999999999999991039 -72050 1199999999999999
 15 17 20 21 21 18 14  8  3 -2 -5 -7 -6 -3  2  6  9 11 12 11 10  9  9  924 128S0 313 211753 129999999999999911 9 -72140  999999999999999
 11 13 16 18 19 18 15 10  5  0 -4 -6 -6 -4  0  4  8 10 11 10  9  8  7  724 129S0 351 191810 11999999999999991136 -62237  799999999999999
  7  9 12 14 16 16 14 11  7  2 -1 -4 -4 -3 -1  3  7  9 11 10  9  7  6  524 130S0 430 161823 11999999999999991158 -42339  599999999999999
  5  6  8 10 12 13 13 11  8  5  1 -1 -2 -1  1  4  7 10 11 11 10  8  6  424 131S0 512 131834 11999999999999991215 -2999999999999999999999
  3  3  4  6  9 10 11 10  9  7  4  2  1  2  3  5  8 11 12 13 12 10  7  524 2 1S0 6 2 111842 1399999999999999 039  31222  199999999999999
  3  2  2  3  5  7  8  9  8  8  6  5  5  5  6  8 10 12 14 14 14 12 10  724 2 2S0 715  91853 1499999999999999 139  21210  599999999999999
  4  2  1  1  2  3  5  6  7  8  8  7  7  8  9 10 12 14 16 16 16 15 12  924 2 3S01912 16999999999999999999999 243  1999999999999999999999
  6  4  2  0  0  1  2  4  5  7  8  9 10 10 11 13 14 15 17 18 18 17 16 1324 2 4S01944 18999999999999999999999 355  0999999999999999999999
 10  6  3  1 -1 -2 -1  0  2  5  7  9 11 12 13 14 15 16 18 19 19 20 19 1724 2 5S02034 20999999999999999999999 510 -2999999999999999999999
 14 10  6  3  0 -3 -4 -4 -2  1  4  7 10 12 14 15 16 17 17 18 19 20 21 2024 2 6S02150 21999999999999999999999 617 -4999999999999999999999
 18 15 10  6  2 -2 -5 -7 -6 -4 -1  4  8 11 13 15 15 16 16 17 18 19 21 2224 2 7S02314 22999999999999999999999 717 -7999999999999999999999
 21 19 16 11  5  0 -5 -8-10 -9 -6 -2  3  8 11 13 14 14 14 15 15 17 19 2124 2 8S09999999999999999999999999999 812-10999999999999999999999
 23 23 20 16 11  4 -2 -8-11-13-11 -7 -2  4  8 11 13 13 12 12 12 13 15 1824 2 9S0 027 231636 1399999999999999 9 3-131917 1299999999999999
 21 23 23 21 16 10  3 -4-10-13-14-12 -7 -1  5  8 11 11 10  9  8  8  9 1224 210S0 131 241646 1199999999999999 950-142020  899999999999999
 16 20 23 23 20 15  9  1 -6-11-14-14-11 -5  1  6  9 10  9  7  5  4  4  624 211S0 230 2317 3 10999999999999991033-142126  499999999999999
  9 14 19 21 21 19 14  7  0 -6-11-13-12 -7 -1  4  8 10 10  7  4  2  0  024 212S0 329 221723 10999999999999991113-132236  099999999999999
  2  6 11 16 19 19 16 11  5 -1 -5 -8 -9 -7 -2  3  8 10 11  9  6  2 -1 -324 213S0 430 191745 11999999999999991150 -92343 -399999999999999
 -3 -1  3  8 13 15 15 13  9  5  1 -2 -4 -3 -1  4  8 11 13 12  9  5  1 -224 214S0 536 1518 7 13999999999999991221 -4999999999999999999999
 -4 -5 -3  1  5  9 11 11 10  8  5  3  2  2  3  6 10 13 14 14 13  9  5  124 215S0 652 111831 1599999999999999 047 -51243  299999999999999
 -3 -5 -6 -4 -1  2  5  7  8  8  7  7  6  7  7  9 11 14 16 16 16 13  9  524 216S0 826  91858 1699999999999999 153 -612 9  699999999999999
  1 -2 -5 -6 -5 -3  0  2  5  6  8  8  9 10 11 12 13 15 17 18 18 16 14 1024 217S01930 18999999999999999999999 3 6 -6999999999999999999999
  6  2 -1 -4 -5 -5 -4 -2  1  3  6  8 10 11 13 14 15 16 17 18 18 18 17 1424 218S02015 18999999999999999999999 432 -5999999999999999999999
 11  8  4  0 -3 -5 -5 -5 -3  0  3  6  9 11 13 14 15 16 16 17 18 18 18 1724 219S02130 18999999999999999999999 559 -5999999999999999999999
 15 12  9  5  1 -2 -5 -6 -5 -3  0  4  7 10 12 14 14 15 15 16 16 17 18 1824 220S02254 18999999999999999999999 7 8 -6999999999999999999999
 17 15 12  9  5  0 -3 -5 -6 -5 -3  1  5  8 10 12 13 13 13 13 14 14 16 1724 221S09999999999999999999999999999 8 0 -6999999999999999999999
 18 17 15 12  8  3 -1 -5 -7 -7 -5 -2  2  6  8 10 11 11 11 11 11 12 13 1524 222S0 0 3 18999999999999999999999 841 -7999999999999999999999
 17 18 17 14 11  6  1 -4 -7 -8 -8 -5 -1  3  7  9 10  9  9  8  8  8  9 1124 223S0 059 181620 1099999999999999 915 -81944  899999999999999
 14 16 17 16 13  8  3 -2 -6 -8 -9 -7 -3  1  5  7  8  8  7  6  5  5  6  824 224S0 147 171623  899999999999999 945 -92029  599999999999999
 11 14 16 16 14 10  5  0 -5 -8 -9 -8 -5 -1  3  6  7  7  6  4  3  2  2  424 225S0 230 161632  8999999999999991012 -92115  299999999999999
  6 10 13 14 14 11  7  2 -3 -6 -8 -8 -6 -2  2  5  7  7  6  4  2  0 -1  024 226S0 312 141643  7999999999999991035 -822 1 -199999999999999
  2  6  9 12 12 11  9  5  0 -4 -6 -7 -6 -3  2  5  7  8  7  5  2 -1 -2 -224 227S0 354 121653  8999999999999991056 -72245 -299999999999999
 -1  1  5  8 10 11  9  6  3 -1 -3 -4 -4 -1  2  6  8  9  8  6  3  0 -2 -424 228S0 439 1117 2  9999999999999991114 -42329 -499999999999999
 -4 -2  1  5  8  9  9  7  5  2  0 -1 -1  1  4  7 10 11 10  8  5  2 -2 -424 229S0 529  917 9 11999999999999991123 -1999999999999999999999
 -4 -4 -2  1  5  7  8  8  6  5  3  2  3  4  6  8 11 12 12 11  8  4  0 -224 3 1S0 628  81720 1299999999999999 012 -41117  299999999999999
 -4 -5 -4 -2  1  4  6  7  7  6  6  5  6  6  8 10 12 14 14 13 11  7  3  024 3 2S0 743  71736 1499999999999999 059 -51056  599999999999999
 -3 -4 -5 -4 -2  1  3  5  6  7  7  7  8  9 10 12 13 15 15 15 13 10  7  324 3 3S018 0 15999999999999999999999 154 -5999999999999999999999
  0 -2 -4 -5 -4 -3 -1  2  4  6  7  8  9 10 12 13 14 15 16 16 15 13 11  724 3 4S01836 16999999999999999999999 3 3 -5999999999999999999999
  4  0 -2 -4 -6 -6 -4 -2  0  3  5  7  9 10 12 13 14 15 16 16 16 16 14 1124 3 5S01940 16999999999999999999999 428 -6999999999999999999999
  8  4  1 -3 -5 -7 -8 -7 -5 -2  2  5  7  9 11 12 13 13 14 15 15 16 16 1524 3 6S02133 16999999999999999999999 552 -8999999999999999999999
 13  9  5  1 -3 -7-10-10-10 -7 -3  1  5  8  9 10 11 11 11 12 13 14 16 1724 3 7S02313 17999999999999999999999 7 1-10999999999999999999999
 16 14 10  6  0 -5 -9-12-13-12 -8 -3  1  5  8  9  9  8  8  8  8 10 12 1524 3 8S01532  9999999999999999999999 757-131832  799999999999999
 17 17 15 11  6  0 -6-11-14-14-12 -8 -2  3  6  7  7  6  4  3  3  4  7 1124 3 9S0 030 181530  899999999999999 845-141938  399999999999999
 15 18 18 16 11  6 -1 -7-11-14-14-11 -5  1  5  7  7  6  3  0 -1 -2  0  324 310S0 136 181540  799999999999999 928-142041 -299999999999999
  9 14 17 17 15 11  5 -2 -7-11-12-11 -7 -1  4  7  8  7  4  0 -4 -6 -6 -424 311S0 240 171555  89999999999999910 7-122141 -699999999999999
  0  7 12 15 16 14 10  4 -1 -5 -8 -8 -6 -1  4  8 10  9  6  2 -3 -7 -9 -924 312S0 345 161614 10999999999999991043 -82239-1099999999999999
 -7 -2  5 10 13 14 12  9  4  0 -2 -4 -3  0  5 10 12 12 10  6  0 -5 -9-1124 313S0 453 141635 12999999999999991114 -42335-1199999999999999
-11 -9 -3  3  7 10 12 11  8  5  3  2  2  3  7 11 14 15 14 10  5  0 -5 -924 314S0 6 3 1217 0 15999999999999991137  2999999999999999999999
-11-11 -9 -4  1  5  8  9  9  8  7  6  6  7  9 12 15 16 16 14 10  5  0 -524 315S0 719  91726 1699999999999999 031-121126  699999999999999
 -8-10-10 -8 -4  0  3  6  7  8  8  9  9 10 11 13 15 17 17 16 14 10  6  124 316S01753 17999999999999999999999 130-10999999999999999999999
 -3 -6 -8 -8 -7 -4 -2  2  4  6  8  9 10 12 13 14 15 16 17 17 16 14 10  624 317S01824 17999999999999999999999 238 -8999999999999999999999
  3 -1 -4 -6 -7 -6 -5 -2  1  3  6  8 10 12 13 14 14 15 15 16 15 15 13 1024 318S01911 16999999999999999999999 4 1 -7999999999999999999999
  7  4  1 -2 -4 -6 -6 -5 -2  0  3  6  8 10 12 13 13 13 13 14 14 14 14 1324 319S021 1 14999999999999999999999 533 -6999999999999999999999
 11  8  5  2 -2 -4 -6 -6 -5 -2  1  4  6  9 10 11 11 11 11 11 11 12 13 1324 320S02245 13999999999999999999999 643 -6999999999999999999999
 12 11  8  5  1 -2 -5 -6 -6 -5 -2  1  4  7  8  9  9  9  8  8  8  9 10 1224 321S01524  9999999999999999999999 733 -619 8  899999999999999
 12 12 10  7  4  0 -4 -6 -7 -6 -4 -1  3  5  7  8  7  6  5  5  5  6  7 1024 322S0 0 0 121510  899999999999999 811 -71935  599999999999999
 11 12 11  9  6  2 -2 -5 -7 -7 -6 -3  1  4  6  7  6  5  3  2  2  2  3  624 323S0 057 1215 6  799999999999999 841 -720 7  299999999999999
  9 11 11 10  8  4  0 -4 -6 -7 -6 -4  0  3  6  7  6  4  2  0 -1 -2  0  224 324S0 147 1215 8  799999999999999 9 7 -72042 -299999999999999
  6  9 11 11  9  6  2 -1 -4 -6 -6 -4  0  3  6  7  7  5  2 -1 -3 -4 -4 -224 325S0 235 111515  799999999999999 930 -62118 -499999999999999
  2  6  9 10 10  8  5  1 -2 -4 -4 -3  0  4  7  8  8  6  3 -1 -4 -6 -6 -524 326S0 322 101524  899999999999999 951 -42155 -699999999999999
 -2  2  6  9 10  9  7  4  1 -1 -2 -1  1  5  8 10 10  8  5  1 -3 -6 -7 -724 327S0 411 101534 10999999999999991010 -22231 -899999999999999
 -5 -1  3  7  9 10  9  7  4  2  1  1  3  6  9 11 12 11  8  4 -1 -5 -7 -824 328S0 5 1 101545 12999999999999991025  123 8 -899999999999999
 -8 -5  0  4  7  9 10  9  7  5  4  4  5  7 10 13 14 13 11  7  2 -2 -6 -824 329S0 553 1016 0 14999999999999991027  42348 -899999999999999
 -8 -7 -3  1  5  7  9  9  9  8  7  7  8  9 11 14 15 15 13 10  6  1 -3 -624 330S0 651  91619 15999999999999991013  7999999999999999999999
 -7 -8 -6 -2  1  5  7  9  9  9  9  9 10 11 12 14 16 16 15 13  9  5  0 -324 331S01643 16999999999999999999999 032 -8999999999999999999999
 -6 -7 -7 -5 -2  1  4  6  8  9  9 10 11 12 13 14 16 17 16 15 12  9  4  024 4 1S01714 17999999999999999999999 126 -7999999999999999999999
 -3 -5 -7 -7 -5 -3 -1  2  5  7  8  9 11 12 13 14 15 16 16 16 14 12  9  524 4 2S01759 16999999999999999999999 235 -7999999999999999999999
  1 -2 -5 -7 -7 -7 -5 -2  0  3  6  8 10 11 12 12 13 14 14 15 15 14 12  924 4 3S01930 15999999999999999999999 359 -7999999999999999999999
  6  2 -2 -5 -7 -8 -8 -7 -4 -1  3  6  8  9 10 10 10 11 11 12 13 14 14 1324 4 4S02139 14999999999999999999999 524 -8999999999999999999999
 10  7  3 -1 -5 -8 -9-10 -8 -5 -1  3  6  8  8  8  8  7  7  7  9 11 13 1424 4 5S01417  82317 1499999999999999 633-101744  799999999999999
 14 12  8  4 -1 -5 -8-10-10 -8 -4  1  4  7  8  7  6  4  2  2  3  5  8 1224 4 6S014 5  8999999999999999999999 728-101851  299999999999999
 14 15 13  9  5  0 -4 -8 -9 -8 -5 -1  4  7  8  7  5  2 -1 -2 -3 -2  2  624 4 7S0 037 1514 9  899999999999999 814 -91950 -399999999999999
 11 14 15 14 10  6  1 -3 -6 -6 -5 -1  4  8 10  9  7  3 -1 -5 -7 -8 -6 -124 4 8S0 150 151422 1099999999999999 854 -62045 -899999999999999
  5 10 14 15 14 11  7  2 -1 -2 -2  0  5  9 12 12 11  7  1 -4 -8-11-11 -824 4 9S0 3 1 151442 1399999999999999 931 -32138-1199999999999999
 -3  4 10 13 15 14 11  8  5  3  2  3  6 11 14 16 15 12  6  0 -6-11-13-1324 410S0 411 1515 6 169999999999999910 2  22229-1399999999999999
-10 -4  3  9 12 14 14 11  9  7  6  6  8 12 16 18 18 16 12  6 -1 -7-11-1324 411S0 518 141534 18999999999999991027  62320-1399999999999999
-13 -9 -3  3  8 11 13 13 12 11 10 10 11 13 16 19 20 19 16 11  5 -1 -6-1024 412S0 626 1316 4 20999999999999991031 10999999999999999999999
-12-11 -7 -2  3  7 10 12 12 12 12 12 13 14 16 19 20 20 19 16 11  5  0 -524 413S01636 20999999999999999999999 012-12999999999999999999999
 -8 -9 -9 -6 -2  2  6  9 11 12 12 13 14 15 16 18 19 20 19 18 14 10  5  124 414S017 9 20999999999999999999999 1 7 -9999999999999999999999
 -3 -5 -7 -6 -4 -1  2  5  8 10 11 13 14 15 16 16 17 18 18 17 16 13  9  624 415S01744 18999999999999999999999 2 9 -7999999999999999999999
  2 -1 -3 -4 -4 -3 -1  2  5  7  9 11 13 14 14 15 15 15 15 15 15 14 12  924 416S01837 15999999999999999999999 323 -4999999999999999999999
  6  3  0 -2 -3 -3 -2 -1  2  5  7  9 11 12 13 13 13 13 13 13 13 13 12 1124 417S01741 13999999999999999999999 443 -3999999999999999999999
  9  6  4  1 -1 -2 -3 -2  0  2  5  7  9 10 11 11 10 10  9  9 10 11 11 1124 418S014 9 112226 1199999999999999 550 -31830  999999999999999
 10  9  6  4  1 -1 -2 -3 -1  1  3  6  8  9 10  9  8  7  6  6  6  8  9 1024 419S01350 102352 1199999999999999 640 -31858  699999999999999
 11 10  8  6  3  1 -1 -2 -2  0  3  5  8  9  9  8  7  5  4  3  3  4  6  824 420S01340  9999999999999999999999 716 -21926  399999999999999
 10 10 10  8  6  3  1 -1 -1  0  2  5  8  9  9  8  6  4  2  0  0  0  2  624 421S0 058 101338 1099999999999999 745 -11956  099999999999999
  8 10 11 10  8  6  3  1  1  1  3  6  9 10 11 10  7  4  1 -2 -3 -3 -1  224 422S0 155 111343 1199999999999999 8 9  12028 -399999999999999
  6  9 11 11 10  8  6  4  3  3  4  7 10 12 13 12  9  6  2 -2 -4 -5 -4 -124 423S0 249 111353 1399999999999999 832  321 1 -599999999999999
  3  7 10 12 12 11  9  7  6  5  6  8 11 14 15 14 12  8  4 -1 -4 -6 -6 -424 424S0 341 1214 6 1599999999999999 854  52136 -799999999999999
  0  5  9 12 13 13 12 10  9  8  8 10 13 15 17 17 15 12  7  2 -3 -6 -7 -724 425S0 430 131424 1799999999999999 914  82211 -799999999999999
 -3  2  6 10 13 14 14 13 11 11 11 12 14 16 19 19 18 15 11  5  0 -4 -7 -724 426S0 518 141446 1999999999999999 926 102249 -799999999999999
 -6 -2  3  8 11 14 15 14 13 13 13 13 15 17 19 21 20 18 14  9  3 -1 -5 -724 427S0 6 8 151512 2199999999999999 925 132331 -799999999999999
 -7 -5  0  4  9 12 14 15 14 14 14 15 15 17 19 21 21 20 17 13  8  2 -2 -524 428S0 7 4 151543 2199999999999999 917 14999999999999999999999
 -6 -6 -4  0  5  8 11 13 14 14 14 15 16 17 18 20 21 21 19 16 12  7  2 -224 429S01619 21999999999999999999999 019 -6999999999999999999999
 -5 -6 -5 -3  0  4  7 10 12 13 14 15 15 16 17 19 20 20 20 18 15 11  6  224 430S017 5 20999999999999999999999 116 -6999999999999999999999
 -1 -4 -5 -5 -3  0  3  6  9 11 12 13 14 15 16 16 17 18 19 18 17 14 11  724 5 1S01813 19999999999999999999999 221 -5999999999999999999999
  3 -1 -3 -5 -5 -4 -1  2  5  8 10 12 13 13 13 13 14 14 15 16 17 16 14 1124 5 2S01956 17999999999999999999999 334 -5999999999999999999999
  8  4  1 -2 -4 -4 -3 -1  2  6  9 11 12 12 11 11 10 10 11 12 13 15 15 1424 5 3S01246 122149 1599999999999999 447 -41636 1099999999999999
 12  9  6  2 -1 -2 -3 -2  1  4  8 10 11 11 10  9  7  6  5  6  8 11 13 1524 5 4S01231 122329 1599999999999999 550 -31753  599999999999999
 15 13 11  8  4  2  0  0  1  4  8 11 13 13 11  9  6  3  1  1  2  5  9 1224 5 5S01235 13999999999999999999999 643 -11852  199999999999999
 15 16 15 13 10  7  4  3  3  5  8 12 15 15 14 11  7  3 -1 -3 -4 -2  2  724 5 6S0 057 161250 1599999999999999 728  31946 -499999999999999
 12 15 17 16 15 12  9  8  7  8 10 14 17 19 18 15 11  5  0 -4 -7 -7 -5  024 5 7S0 218 171313 1999999999999999 8 7  72038 -799999999999999
  7 12 16 18 18 16 14 12 11 11 12 15 19 22 22 20 16 11  4 -2 -6 -9 -9 -524 5 8S0 332 181341 2299999999999999 840 112127 -999999999999999
  0  7 13 16 19 19 18 16 15 15 15 17 20 23 25 24 21 17 10  3 -3 -7 -9 -924 5 9S0 439 191414 2599999999999999 9 4 152216 -999999999999999
 -5  1  8 13 17 19 19 18 18 17 17 18 20 23 26 27 25 22 16  9  3 -3 -7 -824 510S0 542 191451 2799999999999999 910 1723 5 -899999999999999
 -7 -3  3  8 13 17 19 19 19 19 19 19 21 23 25 27 27 25 21 15  9  3 -2 -524 511S01529 279999999999999999999992355 -6999999999999999999999
 -6 -5 -1  4  9 13 16 18 18 19 19 20 20 22 24 25 26 26 23 20 14  8  3 -124 512S016 9 269999999999999999999999999999999999999999999999999
 -3 -4 -2  1  5  9 13 16 17 18 18 19 20 21 22 23 24 24 23 21 18 13  8  424 513S01651 24999999999999999999999 047 -4999999999999999999999
  1 -1 -1  0  3  6 10 12 15 16 17 18 18 19 20 20 21 22 22 21 19 16 12  824 514S01735 22999999999999999999999 141 -2999999999999999999999
  5  2  1  1  2  4  7 10 12 14 15 16 17 17 17 18 18 18 19 19 18 16 14 1124 515S01831 19999999999999999999999 238  0999999999999999999999
  8  5  3  2  2  3  5  7 10 12 14 15 16 16 15 15 15 15 15 15 16 15 14 1324 516S01246 161956 1699999999999999 335  21638 1599999999999999
 11  8  6  4  4  4  5  6  9 11 13 14 15 15 14 13 12 12 12 12 13 13 14 1324 517S01218 152158 1499999999999999 428  41744 1299999999999999
 12 11  9  7  6  5  6  7  9 11 13 14 15 14 13 12 10  9  8  8  9 11 12 1324 518S012 6 152345 1399999999999999 511  51823  899999999999999
 13 13 11 10  8  8  7  8  9 12 14 15 16 15 14 12  9  7  6  5  6  8 10 1224 519S012 3 16999999999999999999999 547  71857  599999999999999
 13 14 14 13 11 10 10 10 11 13 15 17 18 17 15 13 10  7  4  3  3  4  7 1024 520S0 1 6 1412 8 1899999999999999 617 101929  399999999999999
 13 15 16 15 14 13 13 12 13 15 17 19 20 20 18 15 11  7  4  2  1  2  4  824 521S0 213 161220 2099999999999999 645 1220 3  199999999999999
 12 15 17 17 17 16 16 15 15 16 18 21 22 23 21 18 14 10  5  2  0 -1  1  524 522S0 311 181239 2399999999999999 714 152037 -199999999999999
 10 14 17 19 19 19 18 18 17 18 20 22 24 25 24 22 18 13  8  3  0 -2 -1  224 523S0 4 1 1913 4 2599999999999999 741 172114 -299999999999999
  7 12 16 19 21 21 20 20 19 20 21 23 25 27 27 25 22 17 12  6  2 -1 -2 -124 524S0 446 211335 2799999999999999 8 4 192154 -299999999999999
  3  8 13 17 20 22 22 21 21 21 21 23 25 27 29 28 26 22 16 10  4  0 -2 -224 525S0 530 221411 2999999999999999 821 212237 -399999999999999
  0  4 10 14 18 21 22 22 21 21 22 23 24 27 29 29 28 25 21 15  8  3  0 -224 526S0 618 221451 2999999999999999 833 212325 -399999999999999
 -2  1  5 10 15 18 20 21 21 21 21 22 23 25 27 29 29 27 24 19 13  7  3 -124 527S01536 299999999999999999999999999999999999999999999999999
 -2 -2  1  5 10 14 17 19 20 20 20 21 22 23 25 27 28 28 26 23 18 12  7  324 528S01626 28999999999999999999999 016 -2999999999999999999999
  0 -2 -1  2  6 10 14 16 18 19 19 20 20 21 22 23 25 26 26 24 21 17 12  724 529S01726 26999999999999999999999 111 -2999999999999999999999
  3  1  0  0  3  6 10 14 16 17 18 18 18 18 18 19 21 22 23 24 22 20 16 1224 530S01841 24999999999999999999999 2 8  0999999999999999999999
  8  5  3  2  2  5  8 11 14 16 18 18 17 17 16 15 16 17 19 20 21 21 19 1624 531S01042 182015 2199999999999999 3 5  215 6 1599999999999999
 13 10  7  6  5  6  8 11 14 16 18 18 18 16 14 13 12 12 13 15 17 19 20 1924 6 1S01046 1822 7 2099999999999999 4 0  51634 1299999999999999
 17 15 13 11  9  9 10 12 15 17 20 20 20 18 15 12  9  8  7  9 11 14 17 1924 6 2S011 0 202357 2099999999999999 452  91744  799999999999999
 20 19 18 16 14 14 13 14 16 19 22 23 23 21 18 14  9  6  4  4  5  9 13 1724 6 3S01120 23999999999999999999999 539 131844  499999999999999
 20 21 21 20 19 18 18 18 19 21 24 26 27 25 22 18 12  8  4  1  1  3  7 1224 6 4S0 138 211148 2799999999999999 619 181938  199999999999999
 17 21 23 23 23 22 22 22 22 23 26 28 30 30 27 23 18 12  6  2  0  0  2  724 6 5S0 3 8 231221 3099999999999999 651 222029 -199999999999999
 13 18 22 24 25 25 25 24 24 25 27 29 32 33 32 29 24 17 11  5  1 -1  0  324 6 6S0 420 2513 1 3399999999999999 713 242118 -199999999999999
  8 14 19 23 25 26 26 26 26 26 27 29 32 34 34 33 29 24 17 10  5  1 -1  124 6 7S01344 3499999999999999999999922 6 -1999999999999999999999
  4 10 16 21 24 26 27 26 26 27 27 29 31 33 35 35 33 29 23 16 10  5  2  124 6 8S01429 359999999999999999999992254  1999999999999999999999
  2  6 12 17 21 24 26 26 26 26 26 27 29 31 33 34 34 31 27 21 15  9  5  324 6 9S01516 349999999999999999999992341  2999999999999999999999
  2  4  8 13 18 21 24 25 25 25 25 26 27 28 30 32 33 32 29 25 19 14  9  624 610S016 1 339999999999999999999999999999999999999999999999999
  4  4  6 10 14 18 21 23 23 24 24 24 25 26 27 28 30 30 29 26 22 17 13  924 611S01644 30999999999999999999999 026  4999999999999999999999
  6  5  6  8 12 15 18 20 22 22 22 23 23 23 24 25 26 27 27 26 23 20 16 1224 612S01728 27999999999999999999999 110  5999999999999999999999
  9  8  7  8 10 13 16 19 20 21 21 21 21 21 21 22 22 23 24 24 23 20 18 1524 613S01818 24999999999999999999999 150  7999999999999999999999
 12 10  9  9 11 13 15 18 20 21 21 21 20 20 19 19 19 19 20 21 21 20 19 1724 614S01011 211931 2199999999999999 225  91517 1999999999999999
 15 13 12 12 13 14 16 18 20 21 22 21 21 19 18 17 16 16 17 18 18 19 19 1824 615S01011 222138 1999999999999999 253 121636 1699999999999999
 18 16 15 15 15 16 18 19 21 23 23 23 22 20 18 16 14 14 14 14 16 17 18 1924 616S01014 232351 1999999999999999 315 151732 1399999999999999
 19 19 19 18 18 19 20 21 23 25 25 25 24 22 19 16 14 12 11 11 13 15 17 1924 617S01023 25999999999999999999999 328 181816 1199999999999999
 21 21 21 21 21 22 22 23 25 27 28 28 27 25 22 18 15 12 10  9 10 12 15 1824 618S01040 289999999999999999999991855  9999999999999999999999
 21 23 24 24 24 24 25 25 27 29 30 31 30 28 25 21 17 13 10  8  8 10 13 1724 619S011 6 319999999999999999999991934  8999999999999999999999
 20 23 25 26 27 27 27 27 28 30 32 33 33 32 29 25 20 16 11  8  7  7 10 1424 620S01142 339999999999999999999992015  6999999999999999999999
 18 22 25 27 28 28 28 28 29 30 32 34 35 35 33 30 25 19 14  9  6  5  7 1024 621S01224 359999999999999999999992058  5999999999999999999999
 15 20 24 27 29 29 29 29 29 30 31 34 36 37 36 34 30 24 18 12  8  5  4  624 622S01310 379999999999999999999992144  4999999999999999999999
 10 16 21 25 28 29 29 29 29 29 30 32 34 37 38 37 34 29 23 16 10  6  4  324 623S014 0 389999999999999999999992232  3999999999999999999999
  6 11 16 21 25 27 28 28 28 28 29 30 32 35 37 38 36 33 28 21 15  9  5  324 624S01452 389999999999999999999992322  3999999999999999999999
  3  6 11 17 21 25 26 27 27 26 27 27 29 31 34 36 37 35 32 26 20 13  8  524 625S01545 379999999999999999999999999999999999999999999999999
  3  4  7 12 17 21 24 25 25 25 25 25 26 27 29 32 35 35 33 30 24 19 13  924 626S0 730 261642 3599999999999999 011  3 958 2599999999999999
  6  5  6  9 14 19 22 24 25 24 24 23 23 23 24 27 30 32 32 31 28 23 18 1424 627S0 8 3 251744 3299999999999999 059  51157 2399999999999999
 10  8  8  9 13 17 21 23 25 25 24 22 21 20 20 21 24 26 28 29 28 26 23 1924 628S0 831 2519 1 2999999999999999 144  81339 2099999999999999
 16 13 12 12 14 17 21 23 25 26 25 23 21 19 18 17 18 20 22 25 26 26 25 2324 629S0 855 262041 2699999999999999 227 1215 2 1799999999999999
 21 19 18 17 17 19 22 25 27 28 28 26 24 21 18 16 14 15 16 19 22 24 25 2524 630S0 919 282245 2599999999999999 3 6 171620 1499999999999999
 25 24 23 22 22 23 25 27 29 31 31 30 27 24 20 16 14 12 12 13 16 20 23 2524 7 1S0 947 31999999999999999999999 336 221733 1299999999999999
 26 27 27 27 27 27 28 29 31 33 34 34 32 29 24 20 16 12 10 10 12 15 19 2324 7 2S01022 349999999999999999999991836 10999999999999999999999
 26 28 29 30 30 30 31 32 33 35 36 37 37 34 30 25 20 15 11  9  9 11 15 1924 7 3S011 3 379999999999999999999991933  9999999999999999999999
 24 27 30 31 32 32 33 33 34 35 37 39 39 38 35 31 25 20 14 10  8  9 11 1624 7 4S01151 399999999999999999999992025  8999999999999999999999
 21 25 29 31 32 33 33 33 34 35 37 39 40 41 39 36 31 25 19 14 10  8  9 1224 7 5S01243 419999999999999999999992114  8999999999999999999999
 17 22 27 30 32 33 33 33 33 34 35 37 39 41 41 39 36 30 24 18 13 10  9 1024 7 6S01334 4199999999999999999999922 0  9999999999999999999999
 13 19 24 28 30 32 32 32 32 32 33 35 37 39 41 41 38 34 29 22 17 12 10  924 7 7S01424 419999999999999999999992244  9999999999999999999999
 11 15 20 25 28 30 31 31 30 30 31 32 34 36 38 40 39 36 32 26 20 15 11 1024 7 8S0 6 9 311510 4099999999999999 823 302324  999999999999999
 10 12 17 21 25 28 29 29 29 28 29 29 30 32 35 37 38 36 34 29 24 18 14 1124 7 9S0 635 291554 3899999999999999 910 28999999999999999999999
 10 11 15 19 23 26 28 28 28 27 27 27 28 29 31 33 35 35 33 30 26 21 17 1424 710S0 7 2 281635 3599999999999999 0 0 1010 8 2799999999999999
 12 12 14 17 21 24 26 27 27 27 26 25 25 26 27 29 31 32 32 30 27 24 20 1724 711S0 726 271718 3299999999999999 032 121134 2599999999999999
 15 14 15 17 21 24 26 27 27 27 26 25 24 24 24 25 27 28 29 29 27 25 22 2024 712S0 745 271810 2999999999999999 059 1413 2 2499999999999999
 18 17 18 19 22 24 26 28 28 28 26 25 24 23 22 22 23 25 26 26 26 26 24 2324 713S0 758 281927 2699999999999999 118 171415 2299999999999999
 22 21 21 22 24 26 28 29 30 29 28 26 24 23 21 20 20 21 23 24 25 25 25 2524 714S0 8 8 302137 2599999999999999 127 211526 2099999999999999
 25 24 24 25 26 28 30 31 32 32 31 29 26 24 22 20 19 19 20 21 23 24 26 2724 715S0 821 32999999999999999999999 112 241631 1999999999999999
 27 27 28 28 29 30 32 33 34 34 34 32 29 26 23 21 19 17 17 19 21 23 25 2724 716S0 843 359999999999999999999991729 17999999999999999999999
 29 29 30 31 31 32 34 35 36 37 37 35 33 30 26 23 20 17 16 16 18 20 23 2624 717S0 918 379999999999999999999991820 16999999999999999999999
 29 31 32 33 33 34 35 36 37 38 39 39 37 34 30 26 22 18 16 14 15 17 21 2424 718S010 6 3999999999999999999999919 9 14999999999999999999999
 28 31 33 34 34 35 35 36 37 39 40 41 40 38 35 30 25 20 16 14 13 14 17 2124 719S011 5 419999999999999999999991958 13999999999999999999999
 25 29 32 34 35 35 35 35 36 38 40 41 42 41 39 35 30 24 19 14 11 11 12 1624 720S012 6 429999999999999999999992047 11999999999999999999999
 21 26 30 33 34 34 34 34 35 36 38 40 42 43 42 40 35 29 22 16 12  9  9 1124 721S013 5 439999999999999999999992137  9999999999999999999999
 16 21 26 30 32 33 33 32 32 33 34 37 40 43 44 43 39 34 28 20 14 10  8  824 722S0 513 3314 2 4499999999999999 735 322225  799999999999999
 11 16 22 27 30 32 32 31 30 30 31 33 35 39 42 43 42 38 33 26 19 13  9  724 723S0 534 321457 4399999999999999 831 302311  799999999999999
  8 12 18 23 27 30 31 30 29 28 28 28 30 33 38 41 42 40 37 31 24 18 13 1024 724S0 558 311554 4299999999999999 936 272354  999999999999999
  9 11 15 21 25 29 30 30 28 26 25 25 25 27 31 35 38 39 38 35 29 24 19 1524 725S0 623 301654 399999999999999911 0 25999999999999999999999
 13 13 15 20 24 28 30 31 29 27 25 23 22 22 24 28 32 35 36 35 32 29 24 2124 726S0 647 3118 4 3699999999999999 034 121221 2299999999999999
 18 17 18 21 25 29 31 32 32 30 27 24 22 20 20 22 25 28 31 33 33 31 29 2624 727S0 711 321930 3399999999999999 111 171335 2099999999999999
 24 23 23 24 27 30 33 34 34 33 30 27 23 21 19 18 19 22 25 28 30 31 31 3024 728S0 738 352120 3199999999999999 142 231448 1899999999999999
 29 28 28 29 30 32 35 36 37 37 35 31 27 24 20 18 17 18 20 22 25 28 30 3124 729S0 8 8 37999999999999999999999 153 2816 5 1799999999999999
 32 32 32 33 34 35 36 38 39 40 39 36 33 29 24 21 18 16 16 18 21 24 28 3024 730S0 848 409999999999999999999991723 16999999999999999999999
 32 34 35 36 36 37 38 39 40 41 42 40 38 34 30 25 21 18 16 16 17 20 24 2824 731S0 940 429999999999999999999991833 16999999999999999999999
 31 34 35 37 37 38 38 39 40 42 43 43 42 39 35 31 26 21 18 16 16 17 21 2524 8 1S01041 439999999999999999999991933 15999999999999999999999
 29 32 35 36 37 38 38 38 39 41 42 43 44 43 40 36 31 26 21 17 15 16 18 2224 8 2S01145 449999999999999999999992025 15999999999999999999999
 26 30 33 35 36 37 37 37 37 38 40 42 44 44 43 40 35 30 24 20 16 15 16 1924 8 3S01243 449999999999999999999992110 15999999999999999999999
 23 28 31 34 35 35 35 35 35 36 37 39 42 44 44 42 39 34 28 22 18 15 15 1624 8 4S01334 449999999999999999999992150 15999999999999999999999
 20 25 29 32 34 34 34 33 33 33 34 36 38 41 43 43 40 36 31 25 20 17 15 1524 8 5S0 455 341421 4399999999999999 751 332225 1599999999999999
 17 22 26 30 32 33 32 31 30 30 31 32 34 38 40 41 41 38 33 28 23 18 16 1524 8 6S0 5 9 3315 4 4199999999999999 840 302257 1599999999999999
 16 20 24 28 31 32 32 31 29 28 28 29 30 33 36 39 39 38 35 30 25 21 18 1624 8 7S0 526 321546 3999999999999999 933 282324 1699999999999999
 16 19 23 27 30 31 32 31 29 27 26 26 27 29 32 35 37 37 35 32 28 24 21 1924 8 8S0 543 321629 37999999999999991032 262347 1899999999999999
 18 20 23 26 29 31 32 31 29 27 26 25 25 26 28 31 33 34 34 32 30 27 24 2224 8 9S0 557 321717 34999999999999991132 25999999999999999999999
 21 22 24 27 30 32 33 32 31 28 26 25 24 24 25 27 30 31 32 32 31 29 27 2524 810S0 6 8 331818 3299999999999999 0 5 211230 2499999999999999
 25 25 26 29 31 33 34 34 33 30 28 25 24 23 23 24 26 28 30 31 31 30 29 2824 811S0 616 341942 3199999999999999 011 251327 232354 289999999
 28 29 29 31 33 35 36 36 35 33 30 28 25 23 22 22 24 25 27 29 30 31 31 3124 812S0 626 369999999999999999999991426 22999999999999999999999
 31 32 32 34 35 37 38 38 38 36 33 30 28 25 23 22 22 23 25 26 28 30 31 3224 813S0 644 389999999999999999999991532 22999999999999999999999
 33 34 35 36 37 38 39 40 40 39 37 34 31 28 25 23 21 21 22 24 26 28 31 3324 814S0 717 409999999999999999999991643 21999999999999999999999
 34 35 36 37 38 39 40 41 41 41 40 38 35 31 28 24 22 20 20 20 22 25 28 3124 815S0 8 8 419999999999999999999991750 20999999999999999999999
 34 35 37 38 38 39 40 41 42 42 42 41 39 35 31 27 24 20 18 18 19 21 25 2824 816S0 925 429999999999999999999991850 18999999999999999999999
 32 34 36 37 38 38 38 39 40 42 43 43 42 40 36 31 27 22 18 16 15 17 20 2424 817S01050 439999999999999999999991945 15999999999999999999999
 29 32 35 36 37 37 36 37 38 39 42 43 44 43 41 36 31 25 20 15 13 13 15 1924 818S012 3 449999999999999999999992036 13999999999999999999999
 24 29 32 34 35 35 34 34 34 36 38 41 44 45 44 41 36 30 23 18 13 11 12 1524 819S0 4 7 3513 6 4599999999999999 652 342123 1199999999999999
 20 25 30 33 34 33 32 31 31 31 33 36 40 44 45 44 41 35 29 22 16 12 11 1224 820S0 417 3414 5 4599999999999999 751 3122 7 1199999999999999
 16 22 27 31 33 33 31 29 27 27 28 30 34 39 43 44 43 40 34 28 21 16 13 1324 821S0 432 3315 3 4499999999999999 854 272247 1399999999999999
 15 20 25 30 33 33 32 29 26 24 23 24 27 31 37 41 42 41 38 33 27 22 18 1624 822S0 451 3316 5 429999999999999910 3 232325 1699999999999999
 17 20 25 30 33 34 34 31 27 24 21 20 21 24 29 34 38 40 39 36 32 28 24 2224 823S0 511 341714 40999999999999991112 20999999999999999999999
 21 22 26 30 34 36 36 34 31 26 22 20 18 19 22 27 31 35 37 37 35 32 29 2824 824S0 533 361833 3799999999999999 0 0 211216 1899999999999999
 27 27 29 32 36 38 39 38 35 31 26 22 19 17 18 21 25 29 32 34 35 34 33 3224 825S0 558 3920 3 3599999999999999 028 261321 1799999999999999
 32 32 32 34 37 39 41 41 39 36 31 27 23 20 18 18 20 23 26 29 32 33 34 3424 826S0 627 41999999999999999999999 034 321430 1899999999999999
 35 36 36 37 39 40 42 42 42 40 37 33 28 24 21 19 18 19 22 24 28 31 33 3524 827S0 7 5 429999999999999999999991550 18999999999999999999999
 36 37 38 39 40 41 42 43 43 43 41 38 34 30 26 23 20 19 19 21 24 27 30 3324 828S0 758 439999999999999999999991715 19999999999999999999999
 35 37 39 40 40 41 41 42 43 43 43 41 39 35 32 27 24 21 19 19 21 24 27 3124 829S0 916 439999999999999999999991831 19999999999999999999999
 34 36 38 39 39 39 40 40 41 42 43 43 42 39 36 32 28 24 21 19 19 21 24 2824 830S01038 439999999999999999999991929 19999999999999999999999
 31 34 36 37 38 38 37 38 38 39 41 42 43 42 39 36 31 27 23 20 18 19 21 2524 831S01148 439999999999999999999992016 18999999999999999999999
 29 32 34 36 36 35 35 35 35 36 38 40 42 42 41 38 34 30 25 21 19 18 19 2224 9 1S0 345 361245 4399999999999999 649 352053 1899999999999999
 27 30 33 34 34 34 33 32 32 33 34 37 40 41 42 40 37 32 27 23 19 18 18 2024 9 2S0 342 341333 4299999999999999 731 322125 1899999999999999
 24 28 31 33 33 33 31 30 29 29 30 33 36 39 41 40 38 34 29 25 21 19 18 1924 9 3S0 348 331418 4199999999999999 814 292153 1899999999999999
 23 27 30 32 33 32 30 28 27 26 27 29 32 35 38 39 38 36 32 27 23 20 19 1924 9 4S0 358 3315 2 3999999999999999 859 262217 1999999999999999
 22 26 30 32 33 33 31 28 26 24 24 25 27 31 35 37 38 36 34 30 26 23 21 2124 9 5S0 4 9 331547 3899999999999999 945 242238 2199999999999999
 23 26 30 32 34 33 32 29 26 24 22 22 24 27 31 34 36 36 35 32 29 26 24 2424 9 6S0 420 341637 36999999999999991030 222255 2499999999999999
 25 27 30 33 35 35 33 31 27 24 22 21 22 24 27 31 33 35 35 33 31 29 27 2724 9 7S0 430 351733 35999999999999991114 2123 3 2799999999999999
 27 29 32 35 36 36 35 33 30 26 23 21 21 21 24 27 30 32 34 34 33 31 30 3024 9 8S0 438 371837 34999999999999991158 212252 3099999999999999
 30 31 34 36 38 38 37 35 32 29 25 23 21 21 22 24 27 30 32 33 33 33 32 3324 9 9S0 449 381955 33999999999999991246 212223 3299999999999999
 33 34 35 37 39 40 39 38 35 32 28 25 23 21 21 22 25 27 29 31 33 33 34 3424 910S0 5 6 409999999999999999999991340 21999999999999999999999
 35 36 37 38 40 41 41 40 38 35 31 28 25 23 22 21 22 24 26 28 30 32 34 3524 911S0 530 419999999999999999999991445 21999999999999999999999
 36 37 38 39 40 41 41 41 40 38 35 32 28 25 23 21 21 21 23 25 27 30 32 3424 912S0 6 6 4199999999999999999999916 4 21999999999999999999999
 36 37 38 39 39 40 41 41 41 40 38 35 32 29 25 22 20 19 19 21 23 26 29 3224 913S0 711 419999999999999999999991723 19999999999999999999999
 34 36 37 38 38 38 39 40 40 41 40 39 36 33 29 25 21 18 17 17 18 21 25 2924 914S0 9 6 419999999999999999999991830 17999999999999999999999
 32 34 35 36 36 36 36 37 38 39 41 41 40 37 33 29 24 20 16 15 15 17 21 2524 915S01046 419999999999999999999991925 14999999999999999999999
 29 32 34 34 34 33 33 33 34 36 38 41 42 41 38 34 28 23 18 15 13 14 17 2224 916S0 258 3412 2 4299999999999999 610 332013 1399999999999999
 26 30 32 33 32 31 29 28 29 30 33 37 41 42 41 38 34 28 22 17 14 13 15 1924 917S0 256 3313 8 4299999999999999 7 9 282057 1399999999999999
 24 29 32 33 32 30 27 25 24 24 27 31 36 40 42 41 38 34 28 22 18 16 15 1824 918S0 3 4 331412 4299999999999999 8 8 242137 1599999999999999
 23 28 32 34 33 31 27 23 20 19 20 23 29 35 39 41 41 38 33 28 23 20 19 1924 919S0 317 341518 4199999999999999 9 8 192214 1999999999999999
 23 28 33 35 35 33 30 24 20 17 16 17 20 27 33 37 40 39 37 33 29 26 24 2324 920S0 336 361628 409999999999999910 8 162247 2399999999999999
 25 29 34 37 38 37 34 28 23 18 15 14 15 19 25 31 35 37 38 36 33 31 29 2824 921S0 358 381742 389999999999999911 5 142314 2899999999999999
 29 31 35 38 40 40 38 34 28 22 17 14 13 14 18 24 29 33 35 36 35 34 33 3324 922S0 425 411859 369999999999999912 3 132319 3399999999999999
 33 34 36 39 42 42 41 39 34 28 23 18 15 14 15 18 23 27 31 33 35 35 35 3524 923S0 455 4299999999999999999999913 4 14999999999999999999999
 36 37 38 40 42 43 43 42 39 34 29 24 20 17 16 16 19 22 26 29 32 34 35 3624 924S0 529 439999999999999999999991411 16999999999999999999999
 37 38 39 40 41 42 43 42 41 38 34 30 26 22 19 18 18 19 21 25 28 31 33 3524 925S0 612 439999999999999999999991531 17999999999999999999999
 37 38 39 39 40 40 41 41 41 40 38 35 32 28 24 21 19 18 19 21 24 27 30 3324 926S0 722 419999999999999999999991659 18999999999999999999999
 35 37 38 38 38 38 38 39 39 40 39 38 35 32 29 25 22 20 19 19 21 24 27 3024 927S0 9 1 409999999999999999999991812 19999999999999999999999
 33 35 36 36 36 35 35 35 36 37 38 38 37 35 32 29 25 22 19 19 19 22 25 2824 928S0 251 361035 3899999999999999 6 4 3519 5 1999999999999999
 31 33 34 34 33 33 32 32 33 34 36 37 37 37 34 31 27 24 21 19 18 20 23 2624 929S0 237 341147 3799999999999999 647 321946 1899999999999999
 29 31 32 32 32 30 29 29 29 30 32 35 36 37 36 33 30 26 22 20 19 19 21 2524 930S0 229 331244 3799999999999999 720 292017 1999999999999999
 28 30 32 32 30 29 27 26 25 26 28 31 34 36 36 34 32 28 24 21 20 19 21 242410 1S0 228 321334 3699999999999999 752 252043 1999999999999999
 27 30 32 32 30 28 25 23 22 22 24 27 31 34 35 35 33 30 26 23 21 20 21 232410 2S0 232 321422 3599999999999999 826 2221 5 2099999999999999
 27 30 32 32 31 28 25 22 20 20 20 23 27 31 33 35 34 32 29 26 24 22 23 242410 3S0 239 321512 3599999999999999 9 1 202125 2299999999999999
 27 31 33 34 32 30 26 22 20 18 18 19 23 27 31 33 34 33 31 29 26 25 25 262410 4S0 250 3416 3 3499999999999999 937 182142 2599999999999999
 28 32 34 35 34 32 28 24 20 18 16 17 19 24 28 31 33 34 33 31 29 28 27 282410 5S0 3 2 351655 34999999999999991014 162154 2799999999999999
 30 33 35 37 36 34 31 27 22 19 16 16 17 20 25 29 32 33 34 33 31 30 30 302410 6S0 315 371749 34999999999999991052 162153 3099999999999999
 32 34 36 38 38 37 34 30 25 21 18 16 16 18 22 26 29 32 33 33 33 32 32 322410 7S0 331 381848 33999999999999991132 162138 3299999999999999
 33 35 37 39 39 38 36 33 28 24 20 18 16 17 19 22 26 29 31 33 33 33 33 342410 8S0 350 399999999999999999999991217 16999999999999999999999
 35 36 37 39 40 40 38 35 31 27 23 20 18 17 17 19 22 25 28 30 32 33 33 342410 9S0 414 409999999999999999999991310 17999999999999999999999
 35 36 37 38 39 40 39 37 34 30 26 23 20 18 17 17 19 21 24 27 29 31 32 33241010S0 444 409999999999999999999991415 17999999999999999999999
 35 36 36 37 38 39 39 38 36 33 30 26 23 20 18 17 16 18 20 22 25 28 30 32241011S0 527 399999999999999999999991532 16999999999999999999999
 33 34 35 35 36 36 37 37 37 35 33 30 27 23 20 17 16 15 16 18 21 24 27 30241012S0 651 379999999999999999999991651 15999999999999999999999
 31 33 33 33 33 33 34 34 35 36 35 33 31 27 23 20 17 14 14 15 17 20 24 27241013S0 9 2 369999999999999999999991758 14999999999999999999999
 30 31 31 31 30 29 29 30 32 34 35 35 34 32 28 24 20 16 14 13 15 18 22 26241014S0 148 311044 3599999999999999 525 291852 1399999999999999
 28 30 30 29 27 26 25 25 26 29 32 35 36 35 33 29 24 20 17 15 14 16 20 24241015S0 133 3012 6 3699999999999999 625 251938 1499999999999999
 28 30 30 29 26 23 21 20 20 22 26 30 34 36 36 34 30 25 21 18 17 17 20 24241016S0 135 301319 3699999999999999 720 192019 1799999999999999
 29 31 32 31 27 23 19 16 15 15 18 23 29 34 36 36 34 31 27 23 21 20 21 25241017S0 147 321431 3699999999999999 814 152057 2099999999999999
 30 33 35 34 31 26 20 15 12 10 12 15 22 28 33 36 36 35 32 28 26 25 25 27241018S0 2 6 351544 3699999999999999 9 8 102129 2499999999999999
 31 35 37 38 35 31 25 18 13  9  8  9 14 21 27 32 35 36 35 32 30 29 29 29241019S0 232 381655 369999999999999910 1  82155 2999999999999999
 32 36 39 40 39 36 31 24 17 12  8  7  9 14 20 26 31 34 35 34 33 32 32 32241020S0 3 2 4018 4 35999999999999991054  72159 3299999999999999
 34 36 40 42 42 40 36 30 23 17 12  9  8 10 15 20 25 30 33 34 34 34 34 34241021S0 336 429999999999999999999991149  8999999999999999999999
 35 36 39 41 42 42 40 35 30 23 18 13 11 10 12 16 20 25 28 31 33 33 34 35241022S0 413 429999999999999999999991247 10999999999999999999999
 35 36 38 39 41 41 40 38 34 29 24 19 16 13 12 14 16 20 24 27 30 31 33 34241023S0 455 419999999999999999999991351 12999999999999999999999
 35 36 36 37 38 39 39 38 36 33 29 25 21 18 15 14 15 17 20 23 26 29 30 32241024S0 545 3999999999999999999999915 3 14999999999999999999999
 33 34 34 35 35 35 36 36 35 34 32 29 25 22 19 17 16 16 17 20 23 26 28 30241025S0 654 369999999999999999999991619 16999999999999999999999
 31 32 32 32 32 32 32 32 33 33 32 30 28 25 22 19 17 16 16 18 20 23 26 28241026S0 149 32 831 3399999999999999 459 321725 1699999999999999
 30 30 30 30 29 28 28 28 29 30 31 30 29 27 25 22 20 18 17 17 19 21 24 27241027S0 128 301016 3199999999999999 6 4 281815 1799999999999999
 28 29 29 28 27 25 25 24 25 26 28 29 29 28 27 24 22 19 18 18 18 20 23 26241028S0 115 291141 2999999999999999 643 241851 1899999999999999
 28 29 28 27 25 23 22 21 21 23 25 27 28 29 28 26 24 21 20 19 19 21 23 26241029S0 1 9 291247 2999999999999999 715 211919 1999999999999999
 28 29 28 27 24 22 19 18 18 19 21 24 27 28 29 28 26 24 22 21 20 21 24 26241030S0 1 9 291345 2999999999999999 745 171941 2099999999999999
 29 30 30 28 25 21 18 16 15 15 17 21 24 27 29 29 28 26 24 23 22 23 25 27241031S0 115 301440 2999999999999999 815 1520 1 2299999999999999
 30 32 31 30 27 23 19 15 13 12 14 17 21 25 28 30 30 29 27 25 25 25 26 292411 1S0 126 321533 3099999999999999 847 122020 2599999999999999
 31 33 34 32 29 25 20 16 13 11 11 14 18 23 27 29 31 30 29 28 27 27 28 302411 2S0 141 341623 3199999999999999 920 112037 2799999999999999
 32 35 35 35 32 28 23 18 14 11 10 11 15 20 24 28 30 31 31 30 29 29 29 302411 3S0 2 0 351710 3199999999999999 956 102048 2999999999999999
 33 35 37 37 35 31 26 21 16 12 10 10 12 16 21 25 29 31 31 31 30 30 30 312411 4S0 223 371759 31999999999999991034 102050 3099999999999999
 33 35 37 38 36 34 30 24 19 14 11 10 10 13 18 22 26 28 30 31 30 30 31 312411 5S0 249 389999999999999999999991115 10999999999999999999999
 33 34 36 38 37 36 32 28 22 17 13 11 10 11 14 18 22 25 28 29 30 30 30 312411 6S0 319 3899999999999999999999912 2 10999999999999999999999
 32 33 35 37 37 36 34 30 26 21 16 13 11 10 11 14 17 21 24 26 28 29 29 302411 7S0 354 379999999999999999999991255 10999999999999999999999
 31 32 33 34 35 36 35 32 29 24 20 16 13 11 10 11 13 16 20 23 25 27 28 292411 8S0 436 369999999999999999999991355 10999999999999999999999
 30 30 31 32 33 33 33 33 30 27 23 19 16 13 11 10 11 13 15 19 22 24 26 272411 9S0 535 3499999999999999999999915 1 10999999999999999999999
 28 28 28 29 29 30 30 31 31 29 26 23 20 16 13 11 10 11 13 15 19 22 24 26241110S0 7 7 3199999999999999999999916 7 10999999999999999999999
 26 26 26 25 25 25 26 27 28 29 28 26 24 21 17 14 12 11 12 14 17 20 23 25241111S0 028 26 9 2 2999999999999999 4 9 2517 9 1199999999999999
 26 25 24 22 21 20 20 21 23 26 28 28 27 25 22 19 16 14 14 14 16 20 23 26241112S0 0 5 261049 2899999999999999 526 2018 2 1499999999999999
 27 26 24 21 19 16 15 15 17 20 24 27 28 28 27 24 21 19 17 17 18 21 24 27241113S0 0 7 271223 2899999999999999 625 151848 1799999999999999
 29 29 26 23 19 15 12 10 11 13 18 23 27 29 29 28 26 24 22 21 21 22 25 29241114S0 020 291348 2999999999999999 719 101928 2199999999999999
 32 32 30 27 22 16 11  7  6  7 10 16 22 27 30 31 30 28 26 25 24 25 27 30241115S0 043 3215 6 3199999999999999 811  620 2 2499999999999999
 34 35 35 32 27 20 14  8  5  3  5  9 15 22 27 30 31 31 30 28 28 28 29 31241116S0 112 351617 3199999999999999 9 2  32026 2899999999999999
 35 37 38 36 32 27 19 12  7  3  2  4  9 16 22 27 30 32 31 30 30 30 30 32241117S0 147 381721 3299999999999999 953  22036 3099999999999999
 34 38 40 39 37 33 26 18 12  6  3  2  5 10 16 22 26 30 31 31 30 30 31 32241118S0 227 409999999999999999999991045  2999999999999999999999
 33 36 39 40 39 37 32 25 18 12  7  4  4  6 11 16 22 26 28 30 30 30 30 31241119S0 310 409999999999999999999991137  3999999999999999999999
 32 34 36 38 39 38 35 30 24 17 12  8  6  6  8 12 17 21 25 27 28 29 29 30241120S0 356 399999999999999999999991231  5999999999999999999999
 30 31 33 35 36 36 35 32 28 22 17 13  9  7  8 10 13 17 21 24 25 27 27 28241121S0 443 369999999999999999999991326  7999999999999999999999
 29 29 30 31 32 33 33 31 29 25 21 17 13 11  9  9 11 14 17 20 23 24 25 26241122S0 532 339999999999999999999991422  9999999999999999999999
 27 27 27 27 28 28 29 29 28 26 23 20 17 14 12 11 11 13 15 18 20 22 24 25241123S0 627 299999999999999999999991515 11999999999999999999999
 25 25 24 24 24 24 24 25 25 24 23 21 19 17 14 13 12 13 14 16 19 21 23 24241124S0 011 25 742 252349 249999999 412 2416 4 1299999999999999
 24 24 23 22 21 20 20 21 21 22 22 21 20 19 17 15 14 14 15 16 19 21 23 24241125S0 940 222341 2499999999999999 532 201645 1499999999999999
 24 23 22 20 18 17 16 17 17 19 20 21 21 20 19 18 17 16 17 18 19 21 23 24241126S01137 212341 2599999999999999 618 161717 1699999999999999
 25 24 22 19 17 15 13 13 14 15 18 19 21 21 21 20 19 19 19 19 21 22 24 26241127S013 5 212347 2699999999999999 653 131743 1999999999999999
 26 25 23 20 17 14 12 10 10 12 15 18 20 22 23 22 22 21 21 21 22 24 26 28241128S01420 23999999999999999999999 723 1018 8 2199999999999999
 28 28 25 22 18 14 11  9  8  9 12 15 19 22 23 24 24 24 23 23 24 25 27 29241129S0 0 0 281521 2499999999999999 755  81836 2399999999999999
 30 30 28 25 21 16 12  8  6  6  9 12 17 20 23 25 26 26 25 25 25 26 28 30241130S0 020 3016 8 2699999999999999 828  619 4 2599999999999999
 32 32 31 28 24 19 14  9  6  5  6  9 14 18 22 25 26 27 26 26 26 27 28 302412 1S0 047 321647 2799999999999999 9 4  51931 2699999999999999
 32 34 33 31 28 23 17 11  7  5  4  6 10 15 20 23 26 27 27 27 26 27 28 292412 2S0 118 341726 2799999999999999 942  41953 2699999999999999
 32 34 34 33 31 26 21 14  9  5  3  4  6 11 16 20 24 26 27 26 26 26 27 282412 3S0 154 349999999999999999999991024  3999999999999999999999
 30 33 34 34 33 29 24 18 12  7  4  3  3  7 11 16 20 23 25 25 25 25 26 272412 4S0 234 3599999999999999999999911 8  3999999999999999999999
 28 30 33 34 33 31 27 22 16 10  6  3  2  3  7 11 16 20 22 24 24 24 24 252412 5S0 316 349999999999999999999991155  2999999999999999999999
 26 28 30 31 32 32 29 25 19 14  9  5  2  2  4  7 11 15 19 21 22 22 23 232412 6S0 4 2 329999999999999999999991245  2999999999999999999999
 24 25 26 28 29 30 29 26 22 17 12  8  5  3  3  4  8 12 15 18 20 21 21 212412 7S0 454 309999999999999999999991335  2999999999999999999999
 21 22 22 23 25 26 27 26 24 20 16 12  8  6  4  4  6  9 13 16 18 20 20 202412 8S0 557 2722 9 20999999999999991425  4999999999999999999999
 20 19 19 19 20 21 23 24 23 22 19 16 13 10  8  7  7  9 12 15 18 20 21 202412 9S0 720 242214 2199999999999999 221 191515  799999999999999
 19 18 16 15 15 15 17 19 20 21 21 19 17 15 13 11 10 11 13 15 18 21 22 22241210S0 910 212228 2299999999999999 357 1516 3 1099999999999999
 21 18 16 13 11 10 11 12 15 18 20 20 20 19 17 16 15 15 15 17 20 22 24 25241211S01114 202249 2599999999999999 514 101649 1599999999999999
 24 21 17 14 10  7  6  6  9 12 16 19 21 22 21 20 20 19 19 20 22 24 27 28241212S013 9 222318 2899999999999999 618  61731 1999999999999999
 28 25 21 17 12  7  4  2  3  6 10 15 19 22 23 24 23 23 23 23 24 26 28 30241213S01453 242354 3199999999999999 714  218 7 2399999999999999
 31 30 27 22 16 10  5  1  0  1  4  9 15 20 23 25 25 25 25 25 25 27 29 31241214S09999999999999999999999999999 8 8  0999999999999999999999
 33 34 32 28 22 15  9  3 -1 -2  0  4 10 16 20 24 26 26 26 26 26 27 28 31241215S0 037 34999999999999999999999 859 -2999999999999999999999
 33 35 35 32 28 22 14  7  2 -1 -2  0  4 10 16 21 24 26 26 26 26 26 27 29241216S0 124 35999999999999999999999 949 -2999999999999999999999
 31 34 36 35 32 27 21 13  7  1 -2 -2  1  6 11 17 21 24 25 25 25 25 25 26241217S0 214 369999999999999999999991039 -2999999999999999999999
 28 31 34 35 34 31 25 19 12  6  1 -1 -1  2  7 12 17 20 22 23 23 23 23 24241218S0 3 4 359999999999999999999991127 -1999999999999999999999
 25 27 30 32 32 31 28 23 16 10  5  1  0  1  4  8 13 17 20 21 21 21 21 21241219S0 351 329999999999999999999991212  0999999999999999999999
 22 23 25 27 29 29 27 24 19 14  9  5  2  1  3  6 10 14 17 19 20 20 19 19241220S0 436 299999999999999999999991254  1999999999999999999999
 20 20 21 23 24 25 25 23 20 16 12  8  5  3  3  5  8 11 15 17 18 18 18 18241221S0 519 2521 5 18999999999999991331  3999999999999999999999
 18 17 18 18 19 21 21 21 19 17 13 10  8  6  5  6  8 11 13 16 17 18 18 17241222S0 6 4 212124 1899999999999999 112 1714 1  599999999999999
 16 16 15 15 15 16 17 17 17 16 14 12 10  9  8  8  9 11 14 16 17 18 18 17241223S0 7 4 172136 1899999999999999 255 151422  899999999999999
 16 15 14 13 12 12 13 13 14 14 14 13 12 12 11 11 12 13 15 17 18 19 19 19241224S0 9 4 142144 1999999999999999 423 121426 1199999999999999
 17 15 13 11 10  9  9 10 11 12 13 14 14 14 14 14 15 15 17 18 20 21 21 21241225S02155 21999999999999999999999 529  9999999999999999999999
 19 17 14 11  9  7  6  7  8 10 12 13 15 16 16 17 17 18 19 20 21 23 23 23241226S02214 23999999999999999999999 615  6999999999999999999999
 22 19 16 13  9  7  5  4  5  7 10 12 15 17 18 19 19 20 20 21 23 24 25 25241227S02244 25999999999999999999999 654  4999999999999999999999
 25 22 19 15 11  7  4  3  3  4  7 10 14 17 19 20 21 21 21 22 23 25 26 27241228S02324 27999999999999999999999 732  2999999999999999999999
 27 26 23 19 14  9  5  2  1  1  4  8 12 16 18 20 21 22 22 22 23 24 26 28241229S09999999999999999999999999999 811  1999999999999999999999
 29 28 26 22 18 12  7  3  0 -1  1  4  8 13 17 20 21 22 22 22 22 23 25 27241230S0 010 29999999999999999999999 852 -1999999999999999999999
 29 29 29 26 22 16 10  5  0 -2 -2  0  4  9 14 17 20 21 21 21 21 21 23 25241231S0 059 29999999999999999999999 935 -3999999999999999999999
