 10 11 13 16 17 18 16 14 10  6  1 -3 -5 -6 -4 -2  2  5  8 10 11 10  8  724 1 1S2 446 181949 11999999999999991248 -6999999999999999999999
  6  7  8 10 12 13 13 11  9  5  1 -2 -5 -6 -6 -4 -1  2  5  7  8  7  6  424 1 2S2 528 1320 9  899999999999999 0 3  61313 -699999999999999
  3  3  3  5  6  7  8  8  7  5  2 -1 -4 -5 -5 -4 -2  1  3  5  6  6  5  324 1 3S2 616  82026  799999999999999 047  31331 -599999999999999
  2  1  0  1  1  3  4  4  4  3  2  0 -2 -3 -3 -3 -1  1  3  5  6  6  5  424 1 4S2 725  42039  699999999999999 2 0  01343 -399999999999999
  2  0 -1 -2 -2 -1  0  1  2  2  2  1  0  0  0  0  1  3  4  6  7  8  7  624 1 5S2 911  22055  899999999999999 333 -21346  099999999999999
  3  1 -1 -3 -4 -4 -4 -2 -1  1  2  3  3  3  3  4  4  5  7  8  9 10 10  924 1 6S22119 10999999999999999999999 451 -4999999999999999999999
  7  4  1 -2 -4 -6 -6 -5 -3 -1  1  3  5  6  7  7  8  9 10 11 12 13 14 1324 1 7S22156 14999999999999999999999 550 -6999999999999999999999
 11  8  5  1 -2 -5 -7 -7 -6 -3  0  3  6  8 10 11 12 12 13 13 15 16 17 1724 1 8S22243 17999999999999999999999 640 -7999999999999999999999
 16 14 10  6  2 -3 -6 -8 -8 -6 -3  1  5  9 11 13 15 15 15 15 16 18 19 2024 1 9S22338 21999999999999999999999 729 -8999999999999999999999
 21 19 16 12  7  2 -3 -7 -9 -9 -6 -2  3  7 11 14 16 17 17 16 17 18 20 2224 110S29999999999999999999999999999 819 -9999999999999999999999
 23 23 22 18 14  8  1 -4 -8-10 -9 -6 -1  4  9 13 16 17 17 17 16 17 18 2024 111S2 037 231729 1899999999999999 9 9-1020 7 1699999999999999
 23 25 25 23 19 14  7  0 -6-10-11 -9 -6  0  5 10 14 16 17 16 15 14 15 1724 112S2 135 251751 1799999999999999 958-112059 1499999999999999
 20 23 25 25 23 19 13  6 -1 -7-11-11 -9 -5  1  6 11 14 16 15 14 12 11 1224 113S2 233 251816 16999999999999991045-112150 1199999999999999
 15 18 22 24 24 21 17 11  4 -3 -8-11-11 -8 -4  2  7 11 14 14 12 10  8  824 114S2 331 241839 14999999999999991128-112241  899999999999999
  9 12 16 19 21 21 19 14  8  2 -4 -9-10 -9 -6 -1  4  8 11 13 12  9  6  524 115S2 428 2119 2 139999999999999912 7-102336  499999999999999
  4  6  9 12 15 17 17 15 11  6  0 -5 -7 -8 -6 -2  2  7 10 12 11  9  6  324 116S2 529 171923 12999999999999991241 -8999999999999999999999
  1  1  2  5  8 11 12 12 11  8  4  0 -3 -4 -3 -1  2  6  9 11 12 10  7  424 117S2 636 131943 1299999999999999 039  113 9 -499999999999999
  1 -1 -1 -1  1  4  6  8  9  8  6  4  2  1  1  2  4  7 10 12 13 12 10  724 118S2 8 1  920 2 1399999999999999 155 -11325  099999999999999
  3  0 -2 -3 -3 -2  0  2  4  6  6  6  5  5  5  6  8 10 12 14 15 15 13 1024 119S210 0  62023 1599999999999999 325 -41310  599999999999999
  7  3  0 -3 -5 -5 -5 -3  0  2  5  6  7  8  9 10 11 13 14 16 17 17 16 1424 120S22052 17999999999999999999999 453 -5999999999999999999999
 12  8  4  0 -3 -6 -7 -6 -4 -1  2  5  8 10 12 13 14 15 16 17 18 19 19 1824 121S22136 19999999999999999999999 6 8 -7999999999999999999999
 16 13 10  5  1 -3 -6 -7 -6 -4 -1  3  6 10 12 15 16 17 17 18 19 20 21 2124 122S22237 21999999999999999999999 7 9 -7999999999999999999999
 20 18 15 11  6  1 -3 -6 -7 -6 -3  0  4  8 12 15 16 17 17 18 18 19 20 2224 123S22346 22999999999999999999999 8 2 -7999999999999999999999
 22 21 19 16 12  6  1 -3 -6 -7 -6 -2  2  6 10 13 16 16 16 16 16 17 18 2024 124S29999999999999999999999999999 850 -7999999999999999999999
 22 22 21 19 16 11  5  0 -4 -7 -7 -5 -1  3  7 11 14 15 15 14 14 14 15 1724 125S2 053 221723 1599999999999999 934 -72017 1499999999999999
 19 21 21 20 18 14  9  3 -3 -6 -8 -7 -5 -1  4  8 11 13 13 12 11 10 11 1224 126S2 152 211734 13999999999999991014 -821 2 1099999999999999
 15 17 19 20 18 16 11  5 -1 -5 -8 -9 -8 -4  0  4  8 10 11 10  8  7  6  724 127S2 244 201751 11999999999999991050 -92143  699999999999999
 10 13 15 17 17 15 12  7  1 -5 -9-10-10 -8 -4  1  5  7  9  8  6  4  2  324 128S2 330 171810  9999999999999991121-112222  299999999999999
  4  7 10 13 14 13 11  7  2 -4 -8-11-11-10 -7 -2  2  5  6  6  4  2  0 -124 129S2 412 141828  6999999999999991147-112259 -199999999999999
  0  2  5  8 10 10  9  7  3 -2 -7-10-11-11 -8 -4 -1  3  4  5  4  1 -2 -324 130S2 451 101843  59999999999999912 7-112338 -499999999999999
 -3 -2  0  3  5  7  7  5  3 -1 -5 -8-10-10 -8 -5 -1  2  4  4  3  1 -2 -424 131S2 533  71854  4999999999999991223-10999999999999999999999
 -5 -5 -4 -1  1  3  4  4  3  0 -3 -6 -7 -7 -6 -4 -1  2  4  5  4  2 -1 -324 2 1S2 620  419 0  599999999999999 019 -51232 -799999999999999
 -5 -6 -6 -5 -3 -1  1  2  2  1 -1 -3 -4 -4 -3 -1  2  4  6  7  6  4  2 -124 2 2S2 724  219 8  799999999999999 1 9 -61234 -499999999999999
 -4 -6 -7 -6 -5 -4 -2  0  1  1  1  0  0  0  1  3  5  7  8  9  9  8  5  224 2 3S2 9 4  11922  999999999999999 216 -71217  099999999999999
 -1 -3 -5 -7 -7 -6 -5 -3 -1  1  2  2  3  4  5  6  8 10 11 12 12 12 10  724 2 4S21949 12999999999999999999999 345 -7999999999999999999999
  4  0 -3 -5 -7 -8 -7 -6 -4 -1  1  3  5  6  8  9 11 12 13 14 15 15 14 1224 2 5S22038 15999999999999999999999 511 -8999999999999999999999
  9  6  2 -2 -5 -7 -9 -8 -7 -4 -1  2  5  8 10 11 13 13 14 15 16 17 17 1724 2 6S22156 17999999999999999999999 621 -9999999999999999999999
 15 12  8  3 -1 -5 -9-10-10 -8 -4  0  4  7 10 12 13 14 14 14 15 17 18 1924 2 7S22319 19999999999999999999999 720-10999999999999999999999
 19 17 14  9  4 -1 -7-10-12-11 -8 -4  0  5  9 12 13 13 13 13 13 14 16 1924 2 8S21643 13999999999999999999999 813-1219 4 1399999999999999
 20 20 19 15 10  4 -2 -8-12-13-12 -9 -4  1  6 10 12 12 12 10  9 10 12 1524 2 9S2 035 201648 1299999999999999 9 3-1320 7  999999999999999
 18 20 21 19 15 10  3 -4-10-13-14-12 -8 -3  3  7 10 11 10  8  6  5  6  924 210S2 144 2117 3 1199999999999999 949-1421 0  599999999999999
 13 17 19 20 18 15  9  2 -5-11-14-14-11 -6 -1  4  8 10 10  7  4  2  1  224 211S2 249 201722 10999999999999991031-142150  199999999999999
  6 10 15 18 18 17 13  7  0 -7-11-13-12 -8 -3  2  6  9 10  8  4  0 -2 -324 212S2 351 181741 109999999999999911 8-132241 -399999999999999
 -1  3  8 12 15 16 14 11  5 -1 -6 -9-10 -8 -4  1  6  9 10  9  5  1 -3 -524 213S2 452 1618 0 10999999999999991141-102333 -699999999999999
 -5 -3  0  5  9 12 13 11  8  4 -1 -5 -6 -5 -2  2  6  9 11 11  8  4 -1 -524 214S2 555 131818 119999999999999912 7 -6999999999999999999999
 -7 -7 -5 -2  2  6  9 10  9  7  3  0 -1 -1  1  4  8 11 13 13 11  7  3 -224 215S2 7 4 101835 1399999999999999 030 -71223 -199999999999999
 -5 -7 -7 -6 -3  0  4  6  7  7  6  5  4  4  5  7 10 13 14 15 14 11  8  324 216S2 827  71851 1599999999999999 136 -81221  499999999999999
 -1 -4 -6 -7 -6 -4 -1  1  4  6  6  7  7  8  9 11 13 15 16 17 17 15 12  824 217S21910 17999999999999999999999 256 -7999999999999999999999
  4  1 -3 -5 -6 -6 -5 -3  0  3  5  7  8 10 12 13 15 16 17 18 18 17 16 1324 218S21937 18999999999999999999999 428 -6999999999999999999999
 10  6  3 -1 -4 -6 -6 -5 -3 -1  2  5  8 10 13 14 16 17 17 18 18 18 18 1624 219S22029 18999999999999999999999 555 -6999999999999999999999
 14 11  8  4  0 -3 -5 -6 -6 -4 -1  3  6  9 12 14 15 16 16 16 17 17 18 1724 220S22214 18999999999999999999999 7 4 -6999999999999999999999
 16 15 12  9  5  0 -4 -6 -7 -6 -4  0  3  7 10 12 14 14 14 13 14 14 16 1624 221S22354 17999999999999999999999 759 -7999999999999999999999
 17 16 15 12  8  4 -1 -5 -7 -8 -6 -3  0  4  7 10 11 11 11 10 10 10 12 1424 222S21629 12999999999999999999999 843 -81950 1099999999999999
 15 16 15 14 11  6  1 -4 -7 -9 -9 -7 -3  1  4  7  9  9  8  6  5  5  7  924 223S2 110 161630  999999999999999 921 -92027  599999999999999
 12 13 14 14 12  8  3 -2 -7-10-11 -9 -6 -2  1  4  7  7  6  3  2  1  2  424 224S2 2 8 141641  799999999999999 954-1121 1  199999999999999
  7 10 12 12 12  9  4 -1 -6-10-12-12 -9 -6 -2  2  4  5  4  2 -1 -3 -3 -224 225S2 256 121656  5999999999999991024-122135 -399999999999999
  1  5  8 10 10  9  5  1 -5 -9-12-13-11 -8 -4  0  3  4  3  1 -2 -5 -6 -624 226S2 339 101712  4999999999999991049-1322 9 -699999999999999
 -3  0  4  7  8  8  6  2 -3 -7-11-12-12 -9 -5 -1  2  3  3  1 -2 -6 -8 -824 227S2 421  81725  3999999999999991111-122242 -999999999999999
 -7 -4  0  3  6  7  6  3  0 -5 -8-10-10 -8 -5 -1  2  3  3  2 -1 -5 -8-1024 228S2 5 2  71733  4999999999999991128-102316-1099999999999999
 -9 -7 -4  0  3  5  5  4  2 -2 -5 -7 -7 -6 -3  0  3  5  5  4  1 -3 -7 -924 229S2 547  51738  5999999999999991140 -72353-1099999999999999
-10 -9 -7 -3  0  3  4  4  3  1 -1 -3 -3 -2  0  3  5  7  7  6  4  0 -4 -724 3 1S2 639  41743  7999999999999991146 -3999999999999999999999
 -9 -9 -8 -6 -3  0  2  4  4  3  2  1  1  2  4  6  8 10 11 10  7  4  0 -424 3 2S2 748  41752 1199999999999999 036-101143  199999999999999
 -7 -8 -8 -7 -5 -3  0  2  3  4  4  4  4  5  7  9 11 13 13 13 11  8  4  124 3 3S218 8 13999999999999999999999 131 -9999999999999999999999
 -3 -6 -7 -8 -7 -6 -4 -1  1  3  4  6  7  8  9 11 13 14 15 15 14 12  9  624 3 4S21835 16999999999999999999999 253 -8999999999999999999999
  2 -2 -4 -7 -8 -8 -7 -5 -2  1  3  5  7  9 11 12 14 15 16 16 16 15 14 1124 3 5S21930 16999999999999999999999 433 -8999999999999999999999
  7  4  0 -4 -6 -8 -9 -8 -6 -3  0  3  6  9 11 12 13 13 14 14 15 16 16 1524 3 6S22127 16999999999999999999999 557 -9999999999999999999999
 12  9  5  1 -3 -7-10-11-10 -7 -4  0  4  7  9 11 11 11 11 11 12 13 15 1624 3 7S22318 16999999999999999999999 7 2-11999999999999999999999
 15 14 11  6  1 -4 -8-11-12-11 -8 -4  1  5  8  9  9  9  7  6  7  8 11 1324 3 8S21540 10999999999999999999999 756-121917  699999999999999
 15 16 14 11  7  1 -5-10-12-13-11 -7 -3  2  6  8  8  7  5  2  1  2  4  824 3 9S2 045 161546  899999999999999 843-1320 8  199999999999999
 12 15 16 15 12  7  1 -5-10-13-12-10 -5  0  4  7  8  7  4  0 -3 -4 -2  124 310S2 2 1 1616 0  899999999999999 926-132056 -499999999999999
  6 10 14 15 15 12  6  0 -6 -9-11-10 -7 -2  3  6  8  8  5  0 -4 -7 -8 -624 311S2 310 151617  89999999999999910 5-112144 -899999999999999
 -2  4  9 13 15 14 11  6  0 -5 -7 -8 -6 -2  3  7  9  9  7  3 -3 -7-10-1024 312S2 415 151636 10999999999999991040 -82233-1199999999999999
 -8 -3  3  8 12 14 13 10  6  1 -2 -4 -3  0  4  8 11 12 10  7  1 -5 -9-1124 313S2 518 141655 129999999999999911 9 -42323-1299999999999999
-11 -8 -4  2  7 11 12 12 10  6  3  1  1  3  6 10 13 14 14 11  7  1 -5 -924 314S2 622 131714 15999999999999991130  1999999999999999999999
-11-10 -8 -3  2  6  9 11 11 10  8  6  6  7  9 12 15 17 17 15 12  7  1 -424 315S2 731 111732 1799999999999999 016-111139  699999999999999
 -7 -9 -9 -6 -3  1  5  8 10 10 10  9 10 10 12 14 17 18 19 18 15 12  7  224 316S2 857 101750 1999999999999999 116 -91127  999999999999999
 -2 -5 -6 -6 -5 -2  1  4  7  9 10 11 12 13 14 16 18 19 19 19 18 15 12  824 317S218 7 19999999999999999999999 228 -7999999999999999999999
  4  0 -2 -4 -5 -4 -2  0  3  6  8 10 12 13 15 16 17 18 18 18 18 16 14 1224 318S21824 19999999999999999999999 357 -5999999999999999999999
  8  5  2 -1 -3 -4 -4 -3  0  2  5  8 10 12 14 15 16 16 16 16 16 15 15 1324 319S21831 16999999999999999999999 529 -4999999999999999999999
 11  9  6  3  0 -3 -4 -5 -3 -1  2  5  7 10 12 13 13 13 12 12 12 13 13 1324 320S21559 132219 1399999999999999 642 -51912 1299999999999999
 12 11  9  6  2 -1 -4 -6 -6 -4 -2  1  4  7  9 10 10  9  8  8  7  8  9 1024 321S21524 10999999999999999999999 735 -61931  799999999999999
 11 11 10  8  4  1 -3 -6 -7 -7 -5 -2  1  4  6  7  7  6  4  3  2  3  5  724 322S2 017 111518  799999999999999 817 -71955  299999999999999
  9 10  9  8  6  2 -2 -6 -8 -9 -8 -5 -2  1  4  5  5  3  1 -1 -2 -2 -1  224 323S2 129 101524  599999999999999 850 -92021 -299999999999999
  5  7  8  8  6  3 -1 -5 -8-10 -9 -7 -4 -1  2  3  4  2 -1 -4 -6 -6 -5 -324 324S2 223  81536  499999999999999 920-102050 -699999999999999
  1  4  6  7  7  5  1 -3 -7 -9-10 -9 -6 -2  1  3  3  2 -1 -5 -8 -9 -9 -724 325S2 3 9  71549  399999999999999 946-102119 -999999999999999
 -3  1  4  6  7  6  3 -1 -5 -8 -9 -8 -6 -3  0  3  3  3  0 -4 -8-11-11-1024 326S2 353  716 0  3999999999999991011 -92150-1199999999999999
 -7 -2  2  5  7  7  6  2 -1 -5 -6 -6 -5 -2  1  4  5  4  2 -2 -6-10-12-1224 327S2 438  716 9  5999999999999991032 -72222-1299999999999999
 -9 -5 -1  3  6  8  7  6  3  0 -3 -3 -2  0  3  6  7  7  5  1 -3 -8-11-1224 328S2 525  81616  7999999999999991049 -32255-1299999999999999
-11 -8 -3  1  5  7  8  8  6  4  2  1  2  4  6  9 10 10  8  5  0 -4 -8-1124 329S2 616  81625 109999999999999911 0  12332-1199999999999999
-11 -9 -6 -2  3  6  8  9  9  7  6  5  6  7 10 12 13 14 12  9  5  0 -5 -824 330S2 715  91637 149999999999999911 6  5999999999999999999999
-10 -9 -7 -4  0  3  6  8  9  9  9  8  9 10 12 14 16 17 16 13  9  5  0 -424 331S2 833  91652 1799999999999999 015-101059  899999999999999
 -7 -8 -8 -6 -3  0  3  6  8  9 10 10 11 12 14 16 17 18 18 16 13  9  5  024 4 1S21713 18999999999999999999999 1 8 -8999999999999999999999
 -4 -6 -7 -7 -6 -3 -1  2  5  7  9 10 11 13 14 16 17 18 18 17 15 13  9  524 4 2S21744 18999999999999999999999 222 -7999999999999999999999
  1 -2 -5 -6 -7 -6 -5 -2  1  4  7  9 10 12 13 14 15 15 16 16 15 14 12  924 4 3S21848 16999999999999999999999 355 -7999999999999999999999
  6  2 -1 -4 -6 -8 -7 -6 -3  0  4  6  9 10 11 11 11 11 11 12 13 13 13 1224 4 4S22129 13999999999999999999999 520 -8999999999999999999999
 10  7  3  0 -4 -7 -8 -8 -7 -4  0  4  6  8  9  9  8  7  6  6  7  9 11 1224 4 5S21421  92331 1299999999999999 628 -81829  699999999999999
 12 11  8  5  0 -4 -7 -8 -8 -6 -3  1  5  7  8  8  6  4  1  0  1  3  6  924 4 6S21418  8999999999999999999999 722 -91917  099999999999999
 11 12 12 10  6  1 -3 -6 -8 -7 -4  0  3  6  8  8  6  3 -1 -4 -5 -4 -1  324 4 7S2 1 5 121428  899999999999999 810 -820 2 -599999999999999
  8 11 13 13 11  7  3 -2 -4 -5 -4 -1  3  7  9  9  8  4 -1 -5 -9 -9 -7 -324 4 8S2 226 131443  999999999999999 852 -52047 -999999999999999
  2  8 12 14 14 12  9  4  1 -1 -1  1  4  8 11 12 11  8  3 -3 -8-11-12 -924 4 9S2 337 1415 3 1299999999999999 930 -22133-1299999999999999
 -4  2  8 12 15 15 14 10  7  4  3  4  6 10 13 15 15 12  8  2 -5-10-12-1224 410S2 443 161526 159999999999999910 3  32221-1399999999999999
 -9 -3  3  9 13 16 16 15 12  9  8  8  9 12 15 18 18 17 13  8  1 -5-10-1124 411S2 546 171550 18999999999999991030  72311-1199999999999999
-10 -7 -2  4 10 14 16 17 16 14 12 12 12 15 17 20 21 21 18 14  8  2 -4 -824 412S2 648 171615 21999999999999991050 11999999999999999999999
 -9 -8 -5  0  5 10 14 16 17 16 15 15 15 17 19 21 23 23 22 19 14  8  2 -224 413S2 753 171639 2399999999999999 0 2 -911 0 1599999999999999
 -5 -6 -5 -2  2  6 10 14 16 16 16 16 17 18 19 21 23 23 23 21 18 13  8  424 414S217 2 23999999999999999999999 059 -6999999999999999999999
  0 -2 -3 -3  0  3  6 10 13 14 15 16 17 18 19 20 21 22 22 21 19 16 12  824 415S21723 22999999999999999999999 2 4 -3999999999999999999999
  5  2  0 -1 -1  0  3  6  9 11 13 14 15 16 17 18 18 18 18 18 17 16 13 1124 416S21734 19999999999999999999999 320 -1999999999999999999999
  8  5  3  1 -1 -1  0  2  5  7 10 11 13 14 14 14 14 14 14 14 14 13 12 1124 417S21510 14999999999999999999999 442 -1999999999999999999999
  9  7  5  3  0 -1 -1 -1  1  3  6  8 10 11 11 11 10  9  9  9  9  9 10 1024 418S214 6 112229 1099999999999999 552 -119 2  999999999999999
  9  8  6  4  1 -1 -2 -3 -2  0  3  5  7  8  9  8  7  5  4  3  3  4  6  724 419S21353  9999999999999999999999 646 -31916  399999999999999
  8  7  7  5  2  0 -2 -3 -3 -2  0  3  5  6  7  6  4  2  0 -2 -2 -1  1  424 420S2 026  81355  799999999999999 726 -41937 -299999999999999
  5  7  7  6  4  1 -1 -3 -4 -3 -1  1  4  5  6  5  3  0 -3 -5 -6 -5 -3  024 421S2 139  714 2  699999999999999 8 0 -420 1 -699999999999999
  3  5  7  7  5  3  0 -2 -3 -3 -2  1  3  5  6  5  4  0 -3 -7 -8 -8 -6 -324 422S2 234  71411  699999999999999 829 -32027 -899999999999999
  1  4  6  8  8  6  3  1 -1 -2 -1  1  4  6  7  7  5  2 -2 -6 -9-10 -9 -624 423S2 325  81421  799999999999999 857 -22056-1099999999999999
 -2  3  6  9 10  9  7  5  2  1  1  3  5  8  9  9  8  5  1 -4 -8-10-10 -824 424S2 414 101434  999999999999999 923  12128-1099999999999999
 -4  1  5  9 11 12 11  9  7  5  5  6  8 10 12 13 11  9  5  0 -5 -8-10 -924 425S2 5 3 121450 1399999999999999 947  522 2-1099999999999999
 -6 -1  4  8 12 14 14 13 11 10  9  9 11 13 15 16 16 13  9  5 -1 -5 -8 -824 426S2 554 1415 8 169999999999999910 6  92239 -999999999999999
 -7 -3  2  6 11 14 16 16 15 14 13 13 14 16 18 19 19 18 14  9  4 -1 -5 -724 427S2 648 161528 20999999999999991021 132320 -799999999999999
 -7 -5 -1  4  8 12 15 17 17 16 16 16 17 18 20 22 22 21 18 14  9  3 -2 -524 428S2 747 171550 22999999999999991031 16999999999999999999999
 -6 -5 -3  1  5  9 13 15 17 17 17 17 18 19 21 23 24 23 21 18 13  8  3 -224 429S21617 24999999999999999999999 0 7 -6999999999999999999999
 -4 -5 -4 -2  1  5  9 12 15 16 17 17 18 19 20 21 23 23 22 20 16 12  7  324 430S21650 23999999999999999999999 1 0 -5999999999999999999999
 -1 -3 -4 -4 -2  1  5  8 11 13 15 16 16 17 18 19 20 20 20 19 18 15 11  724 5 1S21736 20999999999999999999999 2 4 -4999999999999999999999
  3  0 -3 -4 -3 -2  1  4  7 10 12 14 14 15 15 15 15 15 16 16 16 15 13 1024 5 2S21917 16999999999999999999999 318 -4999999999999999999999
  7  4  1 -1 -3 -3 -1  1  4  7 10 12 13 13 12 11 10 10 10 11 12 13 13 1224 5 3S21230 132152 1399999999999999 431 -31722 1099999999999999
 11  8  5  3  0 -1 -1  0  2  5  8 11 12 12 11  9  7  5  4  4  6  8 10 1224 5 4S21231 122354 1399999999999999 537 -21818  499999999999999
 13 12 10  8  5  2  1  1  2  5  8 11 12 13 12  9  6  2 -1 -2 -1  2  5  924 5 5S21242 13999999999999999999999 632  119 4 -299999999999999
 12 14 14 13 10  8  5  4  4  6  9 12 14 15 14 11  7  3 -2 -5 -6 -4  0  524 5 6S2 136 1413 0 1599999999999999 721  41949 -699999999999999
  9 13 16 16 16 14 11  9  8  9 11 14 16 18 18 16 12  6  1 -4 -7 -8 -5  024 5 7S2 3 0 161323 1899999999999999 8 4  82035 -899999999999999
  5 11 15 18 19 19 17 14 13 13 14 16 19 21 22 20 17 12  6  0 -5 -8 -7 -424 5 8S2 411 191351 2299999999999999 842 132122 -899999999999999
  1  7 13 17 21 22 21 20 18 17 17 19 21 24 25 25 23 19 13  6  0 -5 -7 -624 5 9S2 513 221423 2599999999999999 916 172211 -799999999999999
 -2  3  9 15 19 23 24 23 22 21 20 21 23 26 28 28 27 25 20 14  7  1 -3 -424 510S2 610 241457 2899999999999999 946 2023 1 -499999999999999
 -3  0  6 11 17 21 24 25 24 23 22 23 24 26 28 30 30 28 25 20 14  7  2 -124 511S2 7 3 251532 30999999999999991011 222353 -299999999999999
 -2  0  3  8 13 18 22 24 25 24 23 23 24 26 28 29 30 30 28 24 19 13  8  424 512S2 756 2516 7 30999999999999991033 23999999999999999999999
  1  1  2  5  9 14 18 21 23 23 23 23 23 24 25 27 28 28 27 25 22 17 12  824 513S21640 28999999999999999999999 046  1999999999999999999999
  5  3  3  4  7 10 14 17 19 21 21 21 21 22 22 23 24 25 25 23 21 18 15 1124 514S21713 25999999999999999999999 141  2999999999999999999999
  8  5  4  4  5  7 10 13 16 17 18 18 18 19 19 19 19 20 20 20 19 17 15 1224 515S21749 20999999999999999999999 238  4999999999999999999999
  9  7  5  4  4  5  7  9 12 14 15 16 16 16 15 15 15 14 14 15 15 14 13 1224 516S21124 16999999999999999999999 336  4999999999999999999999
 10  8  6  5  4  4  5  7  9 11 13 13 14 13 12 11 10  9  9  9 10 10 11 1024 517S21143 1422 7 1199999999999999 432  418 5  999999999999999
 10  9  7  6  4  4  4  5  7  9 11 12 12 12 11  9  7  5  4  4  5  6  8  924 518S21156 12999999999999999999999 521  41835  499999999999999
  9  9  8  7  6  5  4  5  6  8 10 11 12 12 10  8  5  3  1  0  1  3  5  724 519S2 011  912 7 1299999999999999 6 3  419 2  099999999999999
  9 10 10  9  8  7  6  6  7  8 10 12 13 12 11  9  6  2  0 -2 -2  0  2  624 520S2 145 101218 1399999999999999 640  61929 -299999999999999
  8 10 12 12 11 10  9  8  9 10 11 13 15 15 14 11  8  4  0 -2 -3 -2  0  424 521S2 253 121234 1599999999999999 715  81958 -399999999999999
  8 11 13 15 15 14 13 12 12 12 14 16 17 18 17 15 12  7  3 -1 -3 -3 -1  224 522S2 348 151255 1899999999999999 748 122031 -399999999999999
  7 11 14 17 18 18 18 16 16 16 17 18 20 21 21 19 16 12  7  2 -1 -3 -2  124 523S2 439 191320 2299999999999999 821 1621 8 -399999999999999
  5 10 14 18 20 22 22 21 20 19 20 21 23 25 25 24 21 17 12  7  2 -1 -2  024 524S2 528 221349 2599999999999999 852 192149 -299999999999999
  3  8 13 17 21 23 25 24 23 22 23 24 25 27 29 28 26 23 18 12  6  2 -1 -124 525S2 616 251422 2999999999999999 919 222233 -199999999999999
  1  5 10 15 20 23 25 26 26 25 24 25 27 29 30 31 30 27 23 18 11  6  2  024 526S2 7 3 261457 3199999999999999 946 242319  099999999999999
  0  3  7 12 16 21 24 26 26 26 25 25 27 28 30 32 32 30 27 22 16 10  5  224 527S2 750 261535 32999999999999991013 25999999999999999999999
  0  1  4  8 12 17 21 24 25 25 25 25 25 27 28 30 31 31 29 25 20 15  9  524 528S2 836 251617 3199999999999999 0 7  01045 2499999999999999
  2  1  2  5  9 13 17 20 23 23 23 23 23 24 25 26 28 28 28 26 23 18 13  824 529S2 917 2417 7 2899999999999999 056  11132 2399999999999999
  5  3  2  3  6  9 13 17 20 21 22 21 21 20 21 21 22 23 24 24 23 20 17 1324 530S2 950 221816 2499999999999999 147  21256 2099999999999999
  9  6  4  4  5  8 11 14 17 19 20 20 19 18 17 17 17 17 18 19 20 20 18 1624 531S21014 2020 8 2099999999999999 239  41519 1799999999999999
 13 10  8  7  7  8 10 13 16 19 20 20 19 17 15 13 12 12 12 14 15 17 18 1824 6 1S21033 202219 1899999999999999 333  71656 1299999999999999
 17 15 13 11 10 11 12 14 16 19 21 21 21 19 16 13 10  7  7  8 10 13 15 1824 6 2S21053 21999999999999999999999 426 101758  799999999999999
 19 19 18 17 16 15 15 16 18 21 23 24 24 22 19 15 10  6  4  3  5  8 12 1624 6 3S2 032 191116 2499999999999999 518 151849  399999999999999
 19 21 22 22 21 20 20 20 21 23 25 27 27 26 23 19 14  9  4  2  2  4  8 1224 6 4S2 231 221144 2799999999999999 6 7 201937  199999999999999
 17 21 24 25 26 25 24 24 25 26 28 30 31 31 29 25 20 14  9  4  2  2  4  924 6 5S2 351 261218 3199999999999999 653 242026  199999999999999
 14 19 24 27 29 29 29 28 28 29 30 33 34 35 34 32 27 22 15  9  5  3  3  624 6 6S2 451 291258 3599999999999999 737 282116  399999999999999
 11 17 22 27 30 32 32 31 31 31 32 34 36 38 38 36 33 29 23 16 10  6  4  524 6 7S2 540 321341 3899999999999999 819 3122 6  499999999999999
  9 14 19 24 29 32 33 33 32 32 32 34 36 38 39 39 37 34 29 23 16 11  7  624 6 8S2 621 331427 3999999999999999 9 0 322257  699999999999999
  8 11 16 21 26 30 32 33 33 32 32 32 34 36 38 39 39 37 33 28 22 16 11  924 6 9S2 658 331513 3999999999999999 940 322346  899999999999999
  8 10 13 18 22 27 30 32 32 31 30 30 31 33 35 37 38 37 35 31 26 20 15 1124 610S2 732 321558 38999999999999991021 30999999999999999999999
  9  9 11 14 19 23 26 29 30 29 28 28 28 29 31 33 34 34 33 31 27 23 18 1424 611S2 8 3 301641 3499999999999999 033  911 6 2899999999999999
 11  9 10 12 15 19 22 25 27 27 26 25 25 25 26 27 29 30 29 28 26 23 19 1524 612S2 833 271726 3099999999999999 115  91158 2599999999999999
 12 10 10 11 13 16 19 22 24 24 24 23 22 21 22 22 23 24 25 24 23 22 19 1624 613S2 9 2 241818 2599999999999999 152 101314 2199999999999999
 13 11 10 10 12 14 17 19 21 22 22 21 20 19 18 18 18 19 19 20 20 19 18 1624 614S2 927 221938 2099999999999999 224 1015 9 1899999999999999
 14 12 11 11 12 13 15 17 19 21 21 20 19 18 16 15 14 14 14 15 16 17 17 1624 615S2 948 212131 1799999999999999 252 111642 1499999999999999
 15 14 13 13 13 14 15 17 19 21 21 21 20 18 16 14 12 11 11 12 13 14 16 1624 616S210 7 212344 1699999999999999 316 131738 1199999999999999
 16 16 16 15 15 16 17 18 20 22 23 22 21 19 17 14 12 10  9  9 10 12 15 1724 617S21026 23999999999999999999999 342 151818  899999999999999
 18 19 19 19 19 19 19 20 22 24 25 25 24 22 20 17 13 10  8  7  8 10 13 1624 618S21049 259999999999999999999991854  7999999999999999999999
 19 21 22 23 23 23 23 24 25 26 28 29 28 27 24 21 17 12  9  7  7  9 12 1624 619S21118 299999999999999999999991932  7999999999999999999999
 19 22 25 26 27 27 27 27 28 29 31 32 32 31 29 26 21 17 12  9  7  8 10 1424 620S21152 329999999999999999999992013  7999999999999999999999
 18 22 26 28 30 31 30 30 30 31 33 35 36 36 34 31 27 22 17 12  9  8  9 1224 621S21232 369999999999999999999992057  8999999999999999999999
 16 21 25 29 32 33 33 33 33 33 34 36 38 39 39 37 33 28 22 16 11  8  8 1024 622S2 543 331317 3999999999999999 756 332144  899999999999999
 13 18 23 28 31 34 35 35 34 34 35 36 38 40 41 40 38 33 28 22 15 11  8  824 623S2 616 3514 4 4199999999999999 842 342232  899999999999999
 10 14 19 25 29 32 35 35 34 34 34 35 37 39 41 42 41 38 33 27 20 14 10  824 624S2 648 351453 4299999999999999 926 332319  899999999999999
  8 11 15 21 26 30 33 34 34 33 32 32 34 36 38 40 41 39 36 31 25 18 13  924 625S2 717 341544 41999999999999991013 32999999999999999999999
  8  9 12 17 22 26 30 32 32 31 30 29 30 32 34 36 38 38 37 33 29 23 17 1224 626S2 744 331639 3899999999999999 0 3  811 5 2999999999999999
 10  9 11 14 19 23 27 30 31 30 29 27 27 27 28 30 33 34 34 33 30 26 21 1724 627S2 8 8 311741 3599999999999999 044  912 7 2799999999999999
 13 12 12 14 17 22 25 28 30 30 29 26 25 24 24 25 26 28 30 30 30 28 25 2124 628S2 830 3019 0 3099999999999999 121 121328 2499999999999999
 18 16 15 16 18 21 25 28 30 30 29 27 25 22 21 20 21 22 24 26 27 27 26 2524 629S2 850 302045 2799999999999999 155 1515 5 2099999999999999
 23 21 20 20 21 23 26 29 31 32 32 30 27 24 21 18 17 17 18 20 23 25 26 2724 630S2 911 322256 2799999999999999 225 201632 1799999999999999
 26 26 25 25 25 27 29 31 33 35 35 33 31 27 23 20 16 15 14 16 18 21 24 2724 7 1S2 937 35999999999999999999999 244 251741 1499999999999999
 28 29 30 30 30 31 32 34 36 37 38 38 36 33 28 24 19 15 13 13 15 18 22 2624 7 2S210 9 389999999999999999999991839 13999999999999999999999
 29 31 33 34 35 35 36 37 38 40 41 42 41 38 35 30 25 19 15 13 13 15 19 2324 7 3S21049 429999999999999999999991932 13999999999999999999999
 28 31 34 37 38 38 39 39 40 42 44 45 45 44 41 37 31 25 20 16 14 14 16 2024 7 4S21136 459999999999999999999992024 14999999999999999999999
 25 30 34 37 39 40 40 41 41 42 44 46 47 47 46 43 38 32 26 21 17 15 15 1824 7 5S21229 479999999999999999999992115 15999999999999999999999
 22 27 32 36 39 41 41 41 41 42 43 45 47 48 48 46 43 38 32 26 21 17 16 1724 7 6S21325 4899999999999999999999922 5 16999999999999999999999
 20 24 29 34 37 40 41 40 40 40 40 42 44 47 48 48 46 42 37 31 25 20 17 1624 7 7S2 6 6 411419 4899999999999999 835 402251 1699999999999999
 18 21 26 30 34 38 39 39 38 37 37 38 40 43 45 46 46 44 40 35 29 23 19 1724 7 8S2 626 391512 4699999999999999 927 372333 1699999999999999
 16 19 22 27 31 34 37 37 36 35 34 34 36 38 40 42 43 42 40 36 31 25 21 1724 7 9S2 648 3716 0 43999999999999991015 34999999999999999999999
 16 17 19 23 27 31 34 35 34 33 31 31 31 33 35 37 39 39 38 36 32 27 22 1824 710S2 710 351646 3999999999999999 0 9 1611 3 3199999999999999
 16 16 18 21 25 28 31 32 33 31 29 28 27 28 29 32 33 35 35 33 31 27 23 2024 711S2 731 331732 3599999999999999 039 161153 2799999999999999
 17 17 17 19 23 26 29 31 31 30 28 26 25 25 25 27 28 30 31 31 29 27 24 2124 712S2 751 311824 3199999999999999 1 2 171250 2599999999999999
 19 18 18 20 22 25 28 30 30 30 28 26 24 23 22 23 24 25 27 27 27 27 25 2324 713S2 8 8 301932 2799999999999999 118 1814 1 2299999999999999
 21 20 20 21 23 25 28 30 31 31 29 27 25 23 21 21 21 22 23 24 25 26 25 2524 714S2 822 3121 9 2699999999999999 126 201523 2199999999999999
 24 23 23 24 25 27 29 31 32 32 32 30 27 24 22 20 19 19 20 22 23 25 26 2624 715S2 838 33999999999999999999999 124 231637 1999999999999999
 27 27 27 28 29 30 32 33 35 35 35 33 31 28 25 22 20 18 18 19 21 24 26 2824 716S2 9 1 359999999999999999999991736 18999999999999999999999
 29 30 31 31 32 33 35 36 37 38 38 37 35 32 29 25 22 19 18 18 19 22 25 2824 717S2 935 389999999999999999999991826 18999999999999999999999
 30 32 34 35 36 36 37 38 40 41 42 42 40 37 34 30 25 21 18 17 18 20 23 2724 718S21019 429999999999999999999991913 17999999999999999999999
 30 33 36 38 39 39 40 40 41 43 44 45 45 43 39 35 30 25 21 18 17 18 20 2424 719S21112 4599999999999999999999920 1 17999999999999999999999
 29 33 36 39 40 41 41 41 42 43 45 47 48 47 45 41 36 30 24 20 17 16 17 2124 720S212 9 489999999999999999999992050 16999999999999999999999
 25 30 34 38 40 41 41 41 41 42 44 46 48 49 48 46 42 36 30 23 18 16 15 1724 721S213 7 499999999999999999999992138 15999999999999999999999
 21 26 31 36 39 41 41 40 40 40 41 43 46 48 50 49 46 41 35 28 22 17 15 1524 722S2 543 4114 5 5099999999999999 828 402224 1499999999999999
 18 22 28 33 37 39 40 40 38 37 37 39 42 45 48 49 48 45 40 33 26 20 16 1524 723S2 6 3 4015 3 4999999999999999 922 3723 6 1599999999999999
 16 19 24 29 34 37 39 39 37 35 34 34 36 39 43 45 46 46 43 38 31 25 20 1624 724S2 624 3916 2 46999999999999991016 342344 1699999999999999
 16 18 22 27 32 36 38 38 37 34 32 31 31 33 36 40 42 43 43 40 35 30 24 2024 725S2 644 3817 4 43999999999999991112 31999999999999999999999
 19 19 22 26 30 35 37 38 37 35 32 29 28 28 30 33 36 39 40 39 37 34 29 2524 726S2 7 3 381813 4099999999999999 018 181214 2899999999999999
 23 23 24 27 31 35 38 39 39 37 34 30 27 26 26 27 30 33 35 37 37 36 33 3024 727S2 721 391936 3799999999999999 045 221326 2699999999999999
 28 27 28 30 33 36 39 41 41 40 37 33 29 26 25 24 25 27 30 32 34 35 35 3424 728S2 740 412122 3599999999999999 1 4 271449 2499999999999999
 33 33 33 34 36 39 42 43 44 44 41 38 34 30 26 24 23 23 25 28 31 33 35 3624 729S2 8 3 44999999999999999999999 1 5 331615 2399999999999999
 37 37 38 39 40 42 44 46 47 47 46 43 40 35 31 27 24 22 22 24 27 30 33 3624 730S2 833 479999999999999999999991731 22999999999999999999999
 38 40 41 42 44 45 46 48 49 50 49 48 45 41 37 32 28 24 22 22 24 27 31 3424 731S2 916 509999999999999999999991836 22999999999999999999999
 38 41 43 45 46 47 48 49 50 51 52 51 50 47 43 39 33 28 25 23 22 24 28 3224 8 1S21013 529999999999999999999991933 22999999999999999999999
 36 40 43 45 47 47 48 48 49 51 52 53 53 51 48 44 39 34 29 25 23 23 25 2924 8 2S21119 539999999999999999999992024 23999999999999999999999
 33 37 41 44 46 47 47 47 47 48 50 52 53 53 51 49 44 39 33 28 24 23 23 2624 8 3S21225 539999999999999999999992112 23999999999999999999999
 30 34 38 42 44 45 45 44 44 45 46 49 51 52 52 50 47 43 37 31 26 23 22 2424 8 4S2 511 451327 5299999999999999 742 442155 2299999999999999
 27 31 35 39 42 43 43 42 41 41 42 44 46 49 50 50 48 45 40 34 28 24 22 2224 8 5S2 520 431423 5099999999999999 835 412233 2299999999999999
 24 28 32 36 39 41 41 40 38 37 37 38 41 44 46 48 47 45 41 36 30 26 22 2124 8 6S2 535 411514 4899999999999999 922 3723 5 2199999999999999
 22 25 29 33 36 38 39 38 36 34 33 34 35 38 41 44 44 44 41 37 32 27 23 2124 8 7S2 553 3916 1 449999999999999910 7 332333 2199999999999999
 21 23 26 30 34 36 38 37 35 32 30 30 31 33 36 39 41 41 40 37 33 28 24 2224 8 8S2 611 381646 41999999999999991050 302354 2199999999999999
 21 22 25 29 32 35 36 36 35 32 29 28 28 29 31 34 36 38 38 36 34 30 26 2424 8 9S2 628 371732 38999999999999991134 28999999999999999999999
 23 23 25 28 32 35 36 37 35 33 30 27 26 26 28 30 32 34 35 35 34 32 29 2724 810S2 641 371825 3599999999999999 010 231220 2699999999999999
 25 26 27 30 33 35 37 37 37 34 31 28 26 25 26 27 29 31 32 33 33 33 31 3024 811S2 650 371935 3499999999999999 019 251315 2599999999999999
 29 29 30 32 35 37 39 39 39 37 34 31 28 26 25 25 26 28 30 31 33 33 33 3324 812S2 7 0 392120 3399999999999999 020 291424 2599999999999999
 32 33 34 35 37 39 41 42 42 40 38 35 31 29 27 25 25 26 27 29 31 33 34 3524 813S2 714 42999999999999999999999 0 1 321546 2599999999999999
 35 36 37 39 40 42 44 44 45 44 42 39 36 32 29 27 25 24 25 27 29 31 34 3624 814S2 739 4599999999999999999999917 2 24999999999999999999999
 37 39 40 41 43 44 45 46 47 47 46 44 40 37 33 29 26 24 23 24 26 29 32 3524 815S2 824 4799999999999999999999918 5 23999999999999999999999
 38 40 42 43 44 45 46 47 48 49 49 48 45 42 38 34 29 25 23 22 23 25 29 3324 816S2 934 499999999999999999999991859 22999999999999999999999
 36 39 42 44 45 45 46 46 47 49 50 51 50 47 43 39 33 28 24 21 20 22 25 2924 817S21050 519999999999999999999991949 20999999999999999999999
 34 38 41 43 44 44 44 44 45 47 49 51 51 51 48 44 39 32 27 22 19 19 21 2524 818S212 2 519999999999999999999992036 19999999999999999999999
 30 35 38 41 43 43 42 41 41 42 45 48 50 51 51 48 44 38 31 25 20 18 19 2124 819S2 434 4313 8 5299999999999999 730 412120 1899999999999999
 26 31 36 39 41 42 41 39 37 38 39 42 46 49 51 50 47 43 36 30 24 20 18 1924 820S2 445 421413 5199999999999999 827 3722 2 1899999999999999
 23 28 33 37 40 41 40 38 35 33 34 36 40 44 47 49 49 46 41 35 28 23 20 2024 821S2 5 1 411517 4999999999999999 920 332240 2099999999999999
 22 26 31 36 39 41 40 38 34 31 30 30 33 37 41 45 47 47 44 40 34 28 24 2324 822S2 519 411622 47999999999999991013 302313 2299999999999999
 23 26 31 35 39 42 42 40 36 32 28 27 28 31 35 39 43 44 44 42 39 34 30 2724 823S2 537 421730 459999999999999911 9 272341 2799999999999999
 27 28 32 36 40 43 44 43 39 35 30 27 26 26 29 33 37 40 42 42 41 38 35 3324 824S2 556 441844 429999999999999912 8 26999999999999999999999
 32 33 35 38 42 45 46 46 43 39 34 30 27 25 26 28 31 35 38 40 41 40 39 3824 825S2 615 462011 4199999999999999 0 1 321316 2599999999999999
 37 37 39 42 44 47 49 49 47 44 40 35 31 28 26 26 27 30 33 36 38 40 41 4124 826S2 636 49999999999999999999999 0 6 371435 2699999999999999
 41 42 43 45 47 49 51 51 51 49 45 41 37 32 29 27 26 27 29 32 35 38 40 4224 827S2 7 0 5199999999999999999999916 2 26999999999999999999999
 43 44 46 47 49 51 52 53 53 52 50 47 43 38 34 31 28 26 27 28 31 34 38 4124 828S2 734 539999999999999999999991724 26999999999999999999999
 43 45 47 49 50 51 52 53 53 53 52 50 48 44 40 35 31 28 26 26 28 31 34 3824 829S2 831 539999999999999999999991832 26999999999999999999999
 42 44 47 48 49 50 50 51 51 52 53 52 51 48 45 40 36 31 28 26 26 28 31 3524 830S2 959 539999999999999999999991928 25999999999999999999999
 39 42 45 47 47 47 47 47 48 49 51 51 51 50 48 44 39 34 30 26 25 25 28 3124 831S21125 519999999999999999999992015 25999999999999999999999
 35 39 42 44 45 44 44 43 44 45 46 48 50 50 49 46 42 37 32 28 25 24 25 2824 9 1S2 4 8 451237 5099999999999999 712 432055 2499999999999999
 32 35 39 41 42 42 40 39 39 39 41 44 46 47 48 46 44 39 34 29 25 23 23 2524 9 2S2 4 9 421337 4899999999999999 756 392130 2399999999999999
 28 32 36 38 40 39 38 36 34 34 35 38 41 44 45 45 44 40 36 30 26 23 22 2324 9 3S2 419 401429 4599999999999999 836 3422 0 2299999999999999
 26 29 33 36 38 38 36 34 31 30 30 32 36 39 41 43 42 40 37 32 27 24 22 2224 9 4S2 433 381517 4399999999999999 914 302226 2299999999999999
 24 27 31 34 36 37 36 33 30 28 27 28 30 34 37 40 40 40 37 34 29 25 23 2224 9 5S2 449 3716 3 4099999999999999 952 272249 2299999999999999
 24 26 30 33 36 37 36 33 30 27 25 25 27 30 33 36 38 39 38 35 32 28 25 2424 9 6S2 5 4 371650 39999999999999991030 2523 6 2499999999999999
 25 27 30 33 36 37 37 35 31 28 25 24 24 26 29 33 35 37 37 36 34 31 28 2724 9 7S2 515 371741 379999999999999911 9 242319 2799999999999999
 27 29 32 35 37 39 38 37 34 30 27 24 24 25 27 30 33 35 36 36 35 34 32 3124 9 8S2 523 391841 36999999999999991150 242326 3099999999999999
 31 32 34 37 39 41 41 39 37 33 29 26 24 24 25 27 30 32 34 36 36 36 35 3424 9 9S2 531 4120 2 36999999999999991238 242321 3499999999999999
 34 35 37 40 42 43 43 42 40 37 33 29 26 25 25 26 27 29 32 34 35 36 37 3724 910S2 541 439999999999999999999991340 25999999999999999999999
 37 38 40 42 44 45 46 45 43 40 37 33 30 27 25 25 25 27 29 31 33 35 37 3824 911S2 556 4699999999999999999999915 4 25999999999999999999999
 39 40 42 44 45 47 47 47 46 44 41 37 33 30 27 25 24 24 25 27 30 33 35 3824 912S2 623 479999999999999999999991631 24999999999999999999999
 39 41 43 44 45 46 47 48 47 46 44 42 38 34 30 27 24 22 22 23 26 29 32 3624 913S2 718 489999999999999999999991741 22999999999999999999999
 38 40 42 43 44 45 45 46 47 47 47 45 42 39 34 30 26 22 20 20 22 25 29 3224 914S2 9 4 479999999999999999999991837 20999999999999999999999
 36 38 40 41 42 42 42 42 43 45 46 46 45 43 39 34 29 24 20 18 19 21 24 2924 915S21045 479999999999999999999991926 18999999999999999999999
 33 36 38 39 39 38 37 37 38 40 43 45 46 45 43 39 34 28 23 19 17 18 21 2524 916S2 321 4012 6 4699999999999999 639 372010 1799999999999999
 30 34 37 38 38 36 34 32 32 34 37 41 44 45 45 43 39 33 27 22 19 18 19 2324 917S2 322 381318 4699999999999999 733 322052 1899999999999999
 27 32 35 37 37 35 32 29 28 28 30 34 39 42 45 44 42 38 33 27 22 20 20 2224 918S2 332 371428 4599999999999999 823 272130 1999999999999999
 26 31 35 37 38 36 33 29 25 23 24 27 32 37 41 44 44 42 38 33 28 24 23 2424 919S2 348 381537 4499999999999999 913 2322 5 2399999999999999
 27 31 35 39 40 39 36 31 26 22 21 22 25 30 35 40 42 43 41 38 34 30 27 2724 920S2 4 6 401647 439999999999999910 5 212235 2799999999999999
 29 33 37 40 42 42 40 36 30 25 21 20 21 24 29 34 39 41 42 41 39 35 33 3224 921S2 427 421758 42999999999999991059 202259 3299999999999999
 33 35 39 42 45 46 44 41 36 30 24 21 20 21 24 29 34 38 40 42 41 39 38 3724 922S2 450 461915 42999999999999991157 202314 3799999999999999
 37 39 41 44 47 48 48 46 41 36 30 25 22 21 22 25 29 33 36 39 41 41 41 4024 923S2 513 482046 419999999999999913 3 2123 8 4099999999999999
 41 42 44 46 49 50 50 49 46 42 37 32 27 25 23 23 25 28 32 35 38 40 41 4224 924S2 538 509999999999999999999991420 23999999999999999999999
 43 44 45 47 49 50 51 50 49 46 42 38 33 29 26 25 24 25 28 31 34 37 40 4124 925S2 6 5 519999999999999999999991546 24999999999999999999999
 43 44 46 47 48 49 50 50 49 48 45 42 38 34 31 28 25 24 25 27 30 33 36 3924 926S2 640 5099999999999999999999917 8 24999999999999999999999
 41 43 44 45 46 46 46 47 47 47 46 44 42 38 35 31 27 25 23 24 26 29 32 3524 927S2 758 479999999999999999999991816 23999999999999999999999
 38 40 42 42 42 42 42 42 43 44 44 44 43 40 38 34 30 26 23 22 23 25 28 3124 928S21010 4499999999999999999999919 9 22999999999999999999999
 35 37 39 39 39 38 37 37 37 39 40 41 41 41 39 36 32 27 24 21 21 22 25 2824 929S2 259 391145 4199999999999999 650 371950 2199999999999999
 31 34 36 36 35 34 32 31 32 33 35 37 38 39 38 36 33 29 25 21 20 20 22 2524 930S2 253 361254 3999999999999999 723 312023 2099999999999999
 28 31 33 34 33 31 28 27 26 27 29 32 35 36 37 36 33 30 26 22 20 19 20 232410 1S2 258 341349 3799999999999999 754 262052 1999999999999999
 26 29 31 32 31 29 26 23 22 22 24 27 30 33 35 35 34 31 27 23 20 19 19 212410 2S2 3 8 321439 3599999999999999 826 222118 1999999999999999
 24 28 30 31 31 29 26 22 20 19 20 22 26 30 32 34 34 32 29 25 22 20 20 212410 3S2 320 311527 3499999999999999 858 192141 2099999999999999
 24 27 30 31 31 30 27 23 19 17 17 19 22 26 30 32 33 33 31 28 25 23 22 232410 4S2 332 311617 3399999999999999 932 1722 2 2299999999999999
 25 28 30 32 33 32 29 25 21 18 16 17 20 23 27 31 33 34 33 31 29 26 25 252410 5S2 344 3317 9 349999999999999910 7 162220 2599999999999999
 27 29 32 34 35 34 32 28 24 20 17 17 18 21 25 28 31 33 34 33 32 30 28 282410 6S2 356 3518 6 34999999999999991044 172233 2899999999999999
 29 32 34 36 37 37 35 31 27 23 19 17 18 19 22 26 29 32 33 34 34 33 32 322410 7S2 4 8 371913 34999999999999991124 172240 3299999999999999
 33 34 36 38 40 39 38 35 31 26 22 19 18 18 20 23 26 29 32 33 34 34 34 342410 8S2 421 409999999999999999999991211 18999999999999999999999
 35 37 39 40 42 42 40 38 34 30 26 22 19 18 19 20 23 25 28 31 33 34 35 352410 9S2 437 429999999999999999999991310 18999999999999999999999
 36 38 39 41 42 43 42 40 37 33 29 25 22 19 18 18 20 21 24 27 30 32 34 35241010S2 458 439999999999999999999991428 18999999999999999999999
 36 37 39 40 41 42 42 41 39 36 33 29 25 22 19 18 17 18 20 22 25 28 31 33241011S2 530 429999999999999999999991553 17999999999999999999999
 34 36 37 38 39 39 40 40 39 38 35 32 29 25 21 18 16 15 16 18 21 24 27 30241012S2 637 4099999999999999999999917 5 15999999999999999999999
 32 33 34 35 35 35 35 36 37 37 36 35 32 29 25 21 17 15 14 15 17 20 24 27241013S2 859 3799999999999999999999918 3 14999999999999999999999
 30 31 32 31 30 30 29 30 31 33 35 35 34 32 29 25 20 17 14 13 15 17 21 25241014S2 2 4 321052 3599999999999999 547 291851 1399999999999999
 28 30 30 29 27 25 24 24 25 27 31 33 35 34 32 29 25 20 17 15 14 16 20 23241015S2 152 301220 3599999999999999 640 241934 1499999999999999
 27 29 30 29 27 23 20 18 18 20 24 29 32 34 35 33 30 26 21 18 17 17 20 23241016S2 156 301338 3599999999999999 727 182014 1699999999999999
 27 30 31 30 28 24 19 16 14 14 17 22 27 32 35 35 34 31 27 23 21 20 21 24241017S2 210 311454 3599999999999999 814 142051 2099999999999999
 28 31 33 33 31 27 22 17 13 11 12 16 21 27 32 35 36 35 33 29 26 24 25 27241018S2 230 3416 6 3699999999999999 9 3 112125 2499999999999999
 30 33 36 37 36 33 27 21 15 11 10 12 16 22 27 32 36 37 37 34 32 29 29 30241019S2 255 371716 3799999999999999 954 102154 2999999999999999
 32 36 39 40 40 38 34 28 21 15 12 11 13 17 22 28 33 36 38 37 36 34 33 33241020S2 324 411825 38999999999999991048 112218 3399999999999999
 35 37 40 43 43 42 39 34 28 21 16 13 13 14 18 23 28 32 36 37 38 37 36 36241021S2 354 431935 38999999999999991145 132233 3699999999999999
 37 39 41 44 45 45 43 39 34 28 23 18 15 15 16 19 24 28 32 35 37 37 37 37241022S2 424 459999999999999999999991248 15999999999999999999999
 38 39 41 43 44 45 44 42 39 34 29 24 20 18 17 18 20 23 27 30 33 35 36 36241023S2 455 459999999999999999999991359 17999999999999999999999
 37 38 39 41 42 43 43 42 40 37 33 28 24 21 19 18 18 20 22 26 29 31 33 34241024S2 528 439999999999999999999991517 18999999999999999999999
 35 36 37 38 38 39 39 39 38 37 34 31 28 24 21 19 18 18 19 21 24 27 29 31241025S2 6 9 399999999999999999999991633 17999999999999999999999
 32 33 33 34 33 33 34 34 34 34 33 31 29 27 24 21 18 17 16 18 20 23 25 27241026S2 757 349999999999999999999991738 16999999999999999999999
 29 30 30 29 29 28 28 28 28 29 30 30 29 27 25 22 19 17 15 15 17 19 22 24241027S2 139 301020 3099999999999999 6 5 281828 1599999999999999
 26 27 27 26 24 23 22 22 22 24 25 26 27 26 25 23 20 17 15 14 15 16 19 21241028S2 126 271157 2799999999999999 641 2119 7 1499999999999999
 23 24 24 23 21 19 17 16 16 18 20 23 24 25 24 23 21 18 15 14 14 15 17 20241029S2 128 2413 8 2599999999999999 710 161937 1499999999999999
 22 23 23 22 19 16 14 12 12 13 16 19 22 23 24 23 22 19 17 15 14 15 16 19241030S2 134 2314 6 2499999999999999 738 1220 3 1499999999999999
 21 23 23 22 20 16 13 10  9  9 12 15 19 22 23 24 23 21 19 17 15 16 17 19241031S2 142 231459 2499999999999999 8 6  92028 1599999999999999
 22 23 24 23 21 18 13 10  8  7  9 12 16 20 23 25 25 24 22 20 18 18 18 202411 1S2 154 241550 2599999999999999 837  72053 1899999999999999
 23 25 26 25 23 20 16 12  8  7  8 10 14 18 22 25 26 26 25 23 22 21 21 222411 2S2 210 261643 2699999999999999 910  72117 2199999999999999
 24 27 28 28 27 24 20 15 10  8  7  9 12 16 20 24 26 28 28 27 25 24 24 252411 3S2 229 281736 2899999999999999 946  72138 2499999999999999
 26 29 30 31 30 27 23 19 14 10  8  8 10 14 18 22 25 28 29 29 28 27 26 272411 4S2 249 311833 29999999999999991026  82155 2699999999999999
 29 31 32 33 33 31 27 23 18 13 10  8  9 11 15 19 23 26 28 29 30 29 28 292411 5S2 311 341935 309999999999999911 9  822 7 2899999999999999
 30 32 34 35 35 34 31 26 22 16 12  9  9  9 12 15 19 23 25 28 29 29 29 292411 6S2 335 359999999999999999999991157  9999999999999999999999
 30 32 34 35 36 35 33 29 25 20 15 11  9  8  9 11 15 18 21 24 26 28 28 282411 7S2 4 2 369999999999999999999991252  8999999999999999999999
 29 30 32 33 34 34 33 31 27 23 18 14 10  9  8  9 11 14 17 20 23 25 26 262411 8S2 435 359999999999999999999991354  8999999999999999999999
 27 28 29 30 31 32 31 30 28 25 21 17 13 10  8  7  8 10 12 16 19 21 23 242411 9S2 522 3299999999999999999999915 3  7999999999999999999999
 24 25 25 25 26 27 27 27 27 25 23 20 16 13 10  8  7  8  9 12 15 18 20 22241110S2 652 2799999999999999999999916 9  7999999999999999999999
 22 22 21 21 20 20 21 22 23 24 23 22 20 17 14 11  9  8  8 10 13 16 19 20241111S2 0 9 22 912 2499999999999999 426 2017 8  899999999999999
 21 21 19 18 16 15 14 15 17 20 22 22 22 20 18 15 12 10 10 10 12 15 18 20241112S2 0 3 2111 8 2299999999999999 539 1418 0 1099999999999999
 21 21 19 17 13 11  9  9 11 14 17 21 22 23 22 20 17 15 13 13 14 16 19 22241113S2 011 211247 2399999999999999 630  91845 1399999999999999
 23 23 22 19 14 10  6  4  5  8 12 17 21 23 25 24 23 20 18 17 17 18 21 24241114S2 028 231416 2599999999999999 717  41927 1699999999999999
 26 27 26 23 18 13  7  3  2  3  6 12 17 22 25 27 27 26 23 21 21 21 23 26241115S2 053 271534 2799999999999999 8 5  220 5 2199999999999999
 29 30 30 28 24 18 12  6  2  1  3  7 12 18 23 27 29 29 28 26 25 25 26 28241116S2 123 301642 2999999999999999 854  12041 2599999999999999
 31 33 34 33 30 25 19 12  6  2  2  4  8 14 20 25 29 31 31 30 29 28 28 30241117S2 158 341743 3199999999999999 946  22114 2899999999999999
 32 35 37 37 35 31 26 19 12  7  4  3  6 10 15 21 26 29 31 32 31 30 29 30241118S2 237 371839 32999999999999991040  32144 2999999999999999
 32 35 37 38 38 36 32 26 19 13  8  6  5  7 11 16 21 26 29 31 31 30 30 30241119S2 317 381933 31999999999999991137  52213 3099999999999999
 31 33 35 37 38 37 35 31 25 19 14  9  7  7  9 13 17 21 25 28 29 29 29 28241120S2 358 382026 29999999999999991234  72241 2899999999999999
 29 30 32 34 35 36 34 32 28 23 18 13 10  8  8 10 13 17 20 23 25 26 26 26241121S2 439 369999999999999999999991333  8999999999999999999999
 26 27 28 29 31 31 31 30 28 25 21 16 13 10  9  9 10 13 16 19 21 23 23 23241122S2 522 319999999999999999999991432  8999999999999999999999
 23 23 23 24 25 25 26 26 25 23 21 18 14 12 10  9  9 10 12 14 17 19 20 20241123S2 616 262246 20999999999999991530  8999999999999999999999
 20 19 19 19 19 19 19 20 20 20 19 17 15 13 11  9  8  8  9 11 13 15 17 17241124S2 755 202310 1799999999999999 335 191624  899999999999999
 17 16 15 14 13 13 13 14 14 15 15 15 14 13 11 10  8  8  8  9 11 13 15 15241125S210 1 152326 1599999999999999 520 131711  899999999999999
 15 15 13 11  9  8  7  8  9 10 12 13 13 13 12 11  9  8  8  9 10 12 14 15241126S21155 132340 1599999999999999 6 9  71750  899999999999999
 15 14 12 10  7  5  4  3  4  6  9 11 12 13 13 12 11 10  9  9 10 12 14 15241127S21330 132354 1599999999999999 643  31824  999999999999999
 15 15 13 11  7  4  2  0  1  3  6  9 11 13 14 14 13 12 11 11 11 13 14 16241128S21439 14999999999999999999999 714  01856 1199999999999999
 17 17 15 13  9  5  2  0 -1  0  3  7 10 13 15 16 16 15 14 13 13 14 16 18241129S2 013 171534 1699999999999999 745 -11928 1399999999999999
 19 19 18 16 12  8  4  0 -1 -1  1  5  9 13 16 18 19 19 18 17 16 17 18 20241130S2 036 191624 1999999999999999 819 -120 1 1699999999999999
 21 22 21 19 16 12  7  3  0 -1  0  3  7 11 15 18 20 21 21 20 19 19 20 212412 1S2 1 4 221711 2199999999999999 856 -12032 1999999999999999
 23 25 25 23 20 16 11  6  2 -1 -1  1  5  9 14 17 20 22 23 22 21 21 21 232412 2S2 134 251757 2399999999999999 936 -121 2 2199999999999999
 24 26 27 27 24 21 16 10  5  1 -1  0  2  6 10 15 19 22 23 24 23 22 22 232412 3S2 2 7 271842 24999999999999991020 -12129 2299999999999999
 25 27 28 29 27 24 20 14  9  3  0 -1  0  2  6 11 15 19 22 23 23 22 22 222412 4S2 243 291926 239999999999999911 5 -12157 2299999999999999
 24 26 28 29 29 26 23 18 12  7  2 -1 -2  0  2  7 11 15 18 20 21 21 20 202412 5S2 320 2920 9 21999999999999991151 -22227 2099999999999999
 21 23 25 27 28 27 24 20 15 10  4  0 -2 -2 -1  3  7 11 14 17 19 19 18 182412 6S2 4 2 282046 19999999999999991237 -223 8 1899999999999999
 18 19 21 23 24 25 24 21 17 13  7  3  0 -2 -2  0  3  7 10 13 16 16 16 162412 7S2 449 252116 16999999999999991323 -2999999999999999999999
 15 15 16 17 19 20 20 20 18 14 10  6  2  0 -1 -1  1  4  8 11 13 14 15 142412 8S2 551 202138 1599999999999999 012 1514 9 -199999999999999
 13 12 12 12 13 14 15 16 16 14 12  9  6  3  2  1  2  4  6  9 12 14 14 132412 9S2 725 162156 1499999999999999 2 2 121456  199999999999999
 12 10  9  7  7  7  8 10 12 13 13 12 10  8  6  5  5  5  7  9 12 14 15 15241210S2 929 132216 1599999999999999 4 3  71545  499999999999999
 13 11  8  5  3  2  2  4  6  9 11 12 12 12 11 10  9  9 10 11 13 16 17 18241211S21139 132241 1899999999999999 520  21636  999999999999999
 16 14 11  7  3  0 -2 -1  1  4  8 11 14 15 15 15 14 13 13 14 16 18 20 21241212S21353 152313 2199999999999999 618 -21728 1399999999999999
 21 19 15 11  6  1 -3 -4 -4 -1  4  8 13 16 18 19 19 18 17 18 19 20 23 24241213S21524 192352 2599999999999999 710 -41820 1799999999999999
 25 24 21 17 11  5  0 -4 -5 -4  0  4 10 15 18 21 22 22 21 21 21 22 24 27241214S21626 22999999999999999999999 8 2 -51910 2199999999999999
 28 28 27 23 18 12  6  0 -4 -5 -3  1  6 12 17 21 23 24 24 23 23 24 25 27241215S2 036 281714 2499999999999999 854 -51958 2399999999999999
 29 31 31 29 25 20 13  6  0 -3 -4 -2  2  8 13 18 22 25 25 25 24 24 24 26241216S2 124 311755 2599999999999999 946 -42044 2499999999999999
 29 31 32 32 29 25 20 13  6  1 -2 -2  0  4  9 14 19 23 24 25 24 23 23 24241217S2 214 321831 25999999999999991039 -32127 2399999999999999
 26 29 31 32 31 29 24 18 12  6  1 -1 -1  1  5 10 15 19 22 23 22 21 20 21241218S2 3 5 3219 3 23999999999999991130 -22210 2099999999999999
 22 24 27 29 29 29 26 22 16 10  4  1 -1 -1  2  6 10 15 18 20 20 19 17 17241219S2 355 291934 20999999999999991218 -12255 1799999999999999
 18 19 21 24 25 25 24 22 18 12  7  3  0 -1  0  3  6 10 13 16 17 16 15 14241220S2 442 2620 2 179999999999999913 0 -12344 1399999999999999
 13 14 15 17 19 20 20 19 17 13  8  4  1  0 -1  1  3  7 10 12 13 13 12 11241221S2 529 202027 13999999999999991337 -1999999999999999999999
 10  9 10 11 13 14 15 15 13 11  8  5  2  0  0  0  2  4  7  9 11 11 10  9241222S2 622 152050 1199999999999999 047  914 7  099999999999999
  7  6  6  6  7  8  9  9  9  9  7  5  3  1  1  1  1  3  5  7  9 10  9  8241223S2 733  92110 1099999999999999 218  61429  099999999999999
  6  5  3  2  2  2  3  4  5  5  5  5  3  3  2  2  2  3  5  7  8  9  9  8241224S2 916  52130  999999999999999 4 3  21440  299999999999999
  7  5  2  1 -1 -1 -1  0  1  2  3  4  4  4  4  4  4  5  6  7  9 10 10 10241225S22152 10999999999999999999999 517 -1999999999999999999999
  8  6  3  1 -2 -3 -4 -4 -2  0  2  4  5  6  6  6  7  7  8  9 10 11 12 12241226S22221 12999999999999999999999 6 8 -4999999999999999999999
 11  9  6  3  0 -3 -5 -5 -4 -2  0  3  5  7  9  9 10 10 10 11 12 13 14 15241227S22256 15999999999999999999999 649 -5999999999999999999999
 14 12 10  6  2 -1 -4 -6 -6 -4 -1  2  5  8 10 12 13 13 13 13 14 15 16 17241228S22336 17999999999999999999999 728 -6999999999999999999999
 17 16 14 10  6  2 -2 -5 -6 -6 -3  0  4  8 11 14 15 16 15 15 15 16 17 19241229S29999999999999999999999999999 8 8 -6999999999999999999999
 20 20 18 15 11  6  1 -3 -6 -7 -5 -2  2  6 10 14 16 17 17 17 16 17 18 20241230S2 019 201726 1799999999999999 851 -71956 1699999999999999
 21 22 22 19 16 11  5  0 -5 -7 -7 -5 -2  3  8 12 15 17 18 17 16 16 17 19241231S2 1 8 221752 1899999999999999 936 -72038 1699999999999999
