 18 23 36 55 77 97109112108100 89 79 74 75 82 91101108108101 87 70 53 3824 1 1SH 653112173410999999999999999 0 2 181216 7399999999999999
 29 28 36 51 70 88103110109102 92 81 73 70 72 79 87 95100 99 91 79 66 5224 1 2SH 722111181910099999999999999 033 2813 1 7099999999999999
 43 38 41 51 65 82 97107110105 96 85 75 68 66 69 74 81 88 91 90 84 75 6624 1 3SH 7511101914 9199999999999999 1 5 381355 6699999999999999
 57 51 51 55 65 78 92103109108101 91 79 70 63 61 63 67 74 80 83 84 81 7624 1 4SH 8211092036 8499999999999999 138 5015 4 6199999999999999
 70 66 63 64 69 77 88 98106108105 97 86 74 65 58 54 55 59 65 72 78 81 8324 1 5SH 85310823 2 8399999999999999 217 631623 5499999999999999
 82 80 77 75 76 80 86 95103107107102 93 82 69 58 49 45 44 49 57 66 76 8324 1 6SH 930108999999999999999999999 319 751732 4499999999999999
 89 91 91 89 86 86 88 92 99105108107102 92 78 64 50 39 33 33 39 50 64 7724 1 7SH 121 91101610999999999999999 449 851829 3299999999999999
 89 98102101 98 94 92 93 96102107110109102 90 75 57 40 27 21 22 31 46 6424 1 8SH 225102111311199999999999999 616 921919 2199999999999999
 82 97107111110104 98 95 95 98104110114112104 89 70 48 28 15  9 13 25 4424 1 9SH 3 9111121411499999999999999 728 9520 6  999999999999999
 67 89106116118114106 99 95 95 99107115119117106 87 64 39 17  3  0  6 2224 110SH 350118131011999999999999999 826 952051  099999999999999
 46 73 97113121121114104 96 92 94100110120125120106 84 57 29  7 -5 -6  424 111SH 42912214 212599999999999999 912 922134 -799999999999999
 25 53 81104118123120110 98 90 88 91100113125128121104 79 50 22  1 -9 -624 112SH 5 6123145012899999999999999 952 882216 -999999999999999
  8 32 62 90110120121115102 89 82 82 88100115127129118 99 73 44 17 -1 -624 113SH 5401221538129999999999999991030 812255 -699999999999999
  1 18 44 74 99114119117106 91 79 74 76 85 99115125125113 93 68 40 16  424 114SH 61012016261279999999999999911 9 732331  299999999999999
  3 14 33 60 87106116117109 96 79 68 65 69 80 95111120117105 86 63 39 2224 115SH 6351171716120999999999999991151 65999999999999999999999
 15 19 32 52 76 99112116112100 84 68 58 57 63 74 89104110107 96 80 62 4324 116SH 65511618 911099999999999999 0 5 151238 5799999999999999
 32 31 38 52 71 92108115114105 91 74 59 51 50 56 67 81 94 99 97 89 77 6424 117SH 71611619 9 9999999999999999 037 301331 5099999999999999
 52 47 50 59 72 88104114116110 98 83 66 52 45 44 49 59 71 82 88 88 84 7824 118SH 7401162027 8999999999999999 1 9 471435 4499999999999999
 71 65 64 68 77 88100111116114105 92 77 61 48 40 38 42 50 61 72 79 83 8424 119SH 8 911623 1 8499999999999999 140 641552 3899999999999999
 83 81 79 80 84 90 99107114115111101 89 75 59 46 36 32 34 41 52 64 74 8224 120SH 844115999999999999999999999 215 791713 3299999999999999
 87 91 92 91 92 94 98104109113113108100 89 75 59 43 31 26 26 33 45 59 7324 121SH 9321139999999999999999999991825 25999999999999999999999
 85 95100102100 99 99100103107110111108101 90 75 57 39 26 19 19 27 42 6024 122SH 255102104911199999999999999 531 981925 1899999999999999
 78 92103108108105100 98 98100103108111110104 92 75 54 34 19 12 14 25 4324 123SH 329109121911299999999999999 728 982016 1299999999999999
 65 85101110113110104 97 93 93 95101109114114106 92 72 48 26 12  7 12 2724 124SH 359113132611599999999999999 835 932058  799999999999999
 49 73 95109115114108 98 90 86 87 92101112118116106 88 65 40 19  6  5 1524 125SH 425116141811899999999999999 915 862136  499999999999999
 33 59 84104114116111101 89 81 79 83 92104115121116102 81 56 31 12  4  824 126SH 44711615 112199999999999999 947 7922 9  499999999999999
 22 45 72 96111116113104 91 78 72 74 81 93107118120111 94 72 47 24 10  724 127SH 5 71161541121999999999999991018 722240  799999999999999
 17 35 60 86106115114106 94 79 68 65 70 81 95110118116104 85 62 38 20 1224 128SH 5251151618119999999999999991049 6523 9 1299999999999999
 16 30 51 76 99112115109 97 81 67 60 61 69 83 98110114109 94 75 53 34 2224 129SH 5451151656114999999999999991121 592336 2099999999999999
 21 30 47 69 92108115111100 85 69 58 54 59 70 84 98107108 99 84 66 48 3524 130SH 6 61151734109999999999999991154 54999999999999999999999
 29 34 47 65 86103113113104 90 73 59 51 51 58 70 84 96102100 90 77 62 4924 131SH 628114181410299999999999999 0 2 291228 5099999999999999
 42 42 50 64 82 99110113107 95 79 63 52 47 50 58 70 82 91 95 92 84 73 6324 2 1SH 64911419 0 9599999999999999 026 4113 5 4799999999999999
 55 53 57 67 80 95107112110100 85 69 56 47 45 49 56 67 77 85 88 86 80 7424 2 2SH 71111220 1 8899999999999999 049 531350 4599999999999999
 69 66 67 73 81 92103110110104 92 77 63 51 44 43 46 52 61 71 78 82 83 8224 2 3SH 7351112157 8399999999999999 112 661449 4399999999999999
 80 79 79 81 86 92100106109106 98 86 73 60 49 42 39 40 45 53 63 71 78 8424 2 4SH 8 2109999999999999999999999 132 781612 3999999999999999
 87 90 90 91 92 95 98103106107103 95 85 73 59 47 38 32 31 35 44 55 67 7824 2 5SH 8401079999999999999999999991741 31999999999999999999999
 88 96100101100 99 99100102104105103 97 87 75 60 44 31 23 20 24 34 49 6624 2 6SH 249101 94810599999999999999 542 981855 2099999999999999
 82 96105109108104100 97 97 99102106106102 92 78 59 40 23 12  9 14 27 4624 2 7SH 315109113710699999999999999 742 971953  999999999999999
 68 89104113115111103 96 92 92 95102109112109 98 80 57 33 13  2  0  8 2524 2 8SH 34411513 211299999999999999 835 912042 -199999999999999
 50 76 98112118116107 96 87 83 85 92103114119115101 80 53 26  5 -5 -4  824 2 9SH 41311914 311999999999999999 912 832125 -699999999999999
 30 58 86106117119112 98 84 74 72 78 89106120125118102 77 48 20  1 -6 -124 210SH 440119145612599999999999999 946 7222 3 -699999999999999
 16 42 72 98114119115102 84 68 61 62 71 88108123126117 99 73 43 18  3  124 211SH 5 31191545127999999999999991020 602238  099999999999999
 11 31 59 88109118117106 88 67 52 48 53 67 87109123123112 93 68 41 20 1224 212SH 5211191633125999999999999991055 4823 9 1299999999999999
 16 29 52 79103117118110 94 72 51 39 38 47 63 86106118116105 87 64 42 2924 213SH 5371191721118999999999999991133 372338 2699999999999999
 27 35 51 74 97115120114100 80 57 38 30 32 43 61 83101109106 96 81 63 4824 214SH 5551201811109999999999999991213 30999999999999999999999
 42 46 57 74 93111120118107 89 68 46 31 26 31 42 59 78 93 98 96 88 77 6624 215SH 61712119 6 9899999999999999 0 4 421258 2699999999999999
 58 58 66 77 92107118120112 98 79 59 41 29 26 31 41 56 72 83 88 87 83 7824 216SH 6411212016 8899999999999999 029 571350 2699999999999999
 73 71 75 83 93103113118115105 90 73 56 41 32 29 32 40 51 64 74 79 82 8324 217SH 7 8118999999999999999999999 051 711457 2999999999999999
 83 82 84 88 94101108113113108 98 86 72 58 45 36 32 32 37 45 56 66 74 8124 218SH 7381149999999999999999999991628 31999999999999999999999
 86 90 92 94 96 99102105107106102 95 86 75 63 50 39 32 29 32 39 50 62 7424 219SH 81410799999999999999999999918 1 29999999999999999999999
 85 93 98100 99 98 98 98 98 99 99 98 95 90 80 68 53 39 29 24 26 34 48 6324 220SH 3 9100 957 9999999999999999 636 981912 2499999999999999
 79 92101105104 99 95 91 89 90 92 96100100 95 85 70 52 35 23 18 21 32 5024 221SH 316105123010099999999999999 818 8920 4 1899999999999999
 70 87100107108103 94 86 81 80 83 89 98104105 99 86 68 47 28 16 14 20 3624 222SH 335108133810699999999999999 848 802045 1399999999999999
 57 80 97108110106 96 84 75 71 72 79 90103110109100 84 62 39 20 11 13 2524 223SH 353110142511199999999999999 912 712119 1199999999999999
 45 69 92106112109 99 85 71 63 62 68 79 95109114110 97 77 53 30 15 11 1924 224SH 4 811215 411499999999999999 936 622149 1199999999999999
 35 59 84103112111102 88 71 57 53 56 67 83101113116107 90 68 44 24 15 1724 225SH 42311315411169999999999999910 2 532217 1499999999999999
 30 51 76 98111113106 91 73 56 46 46 54 70 89106115113100 82 59 37 23 2124 226SH 4391141617116999999999999991029 442243 2099999999999999
 29 46 69 92109115109 95 77 57 43 38 43 56 75 94109113107 92 73 52 36 2824 227SH 4571151653113999999999999991057 3823 8 2899999999999999
 32 45 65 87106115112100 82 61 43 33 34 44 60 80 98108108 99 84 66 49 3924 228SH 5161151729109999999999999991125 322332 3899999999999999
 39 48 63 83101113114105 88 67 47 33 29 35 48 65 84 99104101 91 77 63 5224 229SH 53511518 6104999999999999991154 292353 4999999999999999
 49 54 65 80 97110114108 94 74 54 37 28 29 38 52 69 85 96 98 94 85 74 6524 3 1SH 5541141849 98999999999999991224 28999999999999999999999
 60 62 69 81 94106113110 99 82 63 45 32 28 32 41 54 69 82 90 91 88 82 7624 3 2SH 6141131942 9199999999999999 014 6013 0 2899999999999999
 71 71 75 83 93102109110103 89 72 55 41 32 30 34 42 53 65 76 82 84 84 8324 3 3SH 6351112127 8599999999999999 034 701348 3099999999999999
 81 81 83 88 93100105108105 95 82 68 54 42 34 31 33 39 47 57 67 75 80 8524 3 4SH 7 0108999999999999999999999 045 8115 2 3199999999999999
 88 90 91 93 96 98101103103 99 91 81 69 57 45 36 31 29 31 38 47 59 70 8024 3 5SH 7301039999999999999999999991657 29999999999999999999999
 89 96 99100 99 98 97 97 97 97 96 91 84 75 63 50 37 27 22 21 27 39 53 6924 3 6SH 247100 839 9899999999999999 639 971831 2199999999999999
 85 97104106103 98 93 90 89 90 93 96 97 93 84 70 53 35 21 13 12 19 34 5424 3 7SH 2511061135 9799999999999999 752 891935 1199999999999999
 74 92105110108100 90 82 78 78 83 92101105102 92 75 53 31 14  6  7 17 3724 3 8SH 31211013 910599999999999999 825 772023  599999999999999
 61 84102111112104 90 76 66 63 68 78 94107114111 98 77 52 27 10  4  8 2324 3 9SH 333113141011499999999999999 855 6321 4  499999999999999
 47 74 97110114108 93 74 57 49 49 59 76 97114121115100 76 49 25 11  9 1824 310SH 35211415 112199999999999999 925 482140  899999999999999
 37 63 90109116112 98 77 54 38 33 38 53 76101119123115 98 74 47 26 18 2124 311SH 4 7116154912399999999999999 958 332211 1899999999999999
 34 56 83106117116104 84 58 35 21 21 31 51 78104119121111 94 70 47 33 3124 312SH 4231181636122999999999999991032 192239 3099999999999999
 39 55 77101117120111 93 68 41 19 11 15 29 52 80104115114104 88 68 51 4424 313SH 44112117231169999999999999911 8 1023 6 4499999999999999
 48 59 76 97115123117102 80 53 27 11  7 15 31 55 81100108105 96 83 68 5824 314SH 5 31231810108999999999999991146  72332 5799999999999999
 58 65 78 94111122121109 91 67 42 21 10 10 20 36 58 79 94 98 95 89 80 7124 315SH 52812319 2 98999999999999991227  92357 6899999999999999
 68 72 81 93105117121114 99 80 59 38 22 15 17 26 41 58 75 85 89 88 85 8024 316SH 5541212011 89999999999999991313 15999999999999999999999
 77 78 84 92101109115114104 90 73 56 40 29 24 26 32 43 57 69 77 81 83 8424 317SH 621115999999999999999999999 020 771413 2499999999999999
 84 84 87 91 97102106107103 95 84 71 59 47 38 33 32 35 42 52 63 71 78 8324 318SH 6481079999999999999999999991542 32999999999999999999999
 87 90 91 92 94 95 97 97 97 94 89 82 74 65 55 46 38 34 34 39 48 58 69 7924 319SH 713 979999999999999999999991727 33999999999999999999999
 87 93 95 95 93 90 88 87 87 87 87 87 85 80 73 62 50 39 32 30 35 45 58 7224 320SH 219 9510 8 8899999999999999 747 871844 3099999999999999
 85 94 99 99 95 88 82 77 76 77 81 86 90 91 87 78 65 49 36 27 27 33 45 6224 321SH 231 991242 9199999999999999 8 5 761937 2699999999999999
 79 93101102 98 89 78 69 65 65 70 79 89 97 98 92 80 63 45 30 23 25 35 5224 322SH 2471021340 9899999999999999 826 652016 2399999999999999
 71 90101105102 92 78 64 56 54 58 68 82 96104103 94 78 58 39 26 22 29 4324 323SH 3 1105142310599999999999999 847 542049 2299999999999999
 63 84100107105 96 80 63 49 43 46 55 71 89104109105 92 73 52 34 25 26 3724 324SH 31510815 110999999999999999 911 432119 2499999999999999
 56 78 97109109100 84 65 46 35 34 42 57 78 98110112103 87 67 46 32 29 3624 325SH 331110153711299999999999999 936 332147 2999999999999999
 51 72 93108112105 89 69 47 31 25 29 43 64 86105113110 98 81 60 43 35 3824 326SH 34811216131149999999999999910 2 252214 3599999999999999
 50 68 89106114109 95 74 51 31 19 20 30 49 72 95109113106 92 74 56 45 4424 327SH 4 71141648113999999999999991028 182239 4399999999999999
 51 66 84103114113101 81 58 35 19 14 20 36 57 81100110109100 86 69 57 5224 328SH 4261151723111999999999999991055 1423 3 5299999999999999
 55 66 82 99112115106 89 66 43 23 13 14 25 43 65 87102106103 93 81 68 6124 329SH 44511518 1106999999999999991122 122326 6099999999999999
 61 69 81 95108114110 96 75 53 31 17 13 18 32 50 71 88 99100 96 88 79 7124 330SH 5 61141844101999999999999991153 132348 6999999999999999
 69 73 82 92104111111101 84 64 43 26 16 16 24 37 54 72 85 92 93 90 86 8024 331SH 5281131942 93999999999999991229 15999999999999999999999
 77 79 84 91100107109104 92 75 57 39 26 20 22 29 40 54 68 79 85 87 88 8724 4 1SH 5531092146 8899999999999999 011 771316 2099999999999999
 85 85 87 92 96101104103 96 84 70 55 41 31 26 26 30 38 49 61 71 79 84 8924 4 2SH 620105999999999999999999999 034 851428 2599999999999999
 91 91 92 93 94 95 97 98 96 90 82 71 60 48 38 31 28 28 33 42 53 65 76 8624 4 3SH 656 989999999999999999999991622 27999999999999999999999
 93 97 97 95 92 90 88 88 88 89 88 84 78 69 57 45 34 26 24 27 36 49 64 7924 4 4SH 134 97 851 8999999999999999 638 871759 2499999999999999
 91 99101 98 92 84 78 75 75 79 85 89 91 88 79 66 50 35 24 20 23 34 50 6924 4 5SH 1551011151 9199999999999999 722 7519 3 2099999999999999
 86 99104103 94 82 70 61 59 63 72 84 95100 98 89 73 53 35 23 20 25 39 5824 4 6SH 216105131410199999999999999 754 591952 2099999999999999
 80 97106107 99 84 65 50 42 43 52 67 87103110107 96 77 55 36 25 25 33 5024 4 7SH 234108141311099999999999999 825 412032 2499999999999999
 72 94108111105 89 67 45 29 24 30 44 67 92110117112 99 78 56 38 32 35 4724 4 8SH 25011115 411799999999999999 857 2421 6 3299999999999999
 66 89108115111 97 75 48 24 11 10 21 42 70 97115119113 98 78 57 44 43 5024 4 9SH 3 7115155211999999999999999 931  92138 4299999999999999
 65 85106118118106 86 59 29  7 -1  3 19 44 75102116118110 95 76 60 53 5624 410SH 32812016381189999999999999910 6 -122 7 5399999999999999
 67 82102118123115 97 72 43 15 -3 -6  3 22 50 80103113112104 91 75 64 6324 411SH 3521231724114999999999999991043 -62236 6399999999999999
 70 82 97114124122107 86 60 31  7 -4 -3  9 30 56 83100107105 98 87 76 7024 412SH 4191251812107999999999999991122 -523 5 7099999999999999
 74 83 94108119123115 97 75 50 26  8  1  6 19 38 62 83 95 99 97 92 84 7824 413SH 44912319 4 999999999999999912 3  12336 7699999999999999
 77 82 91101111118116104 87 67 46 26 14 11 17 28 45 64 80 89 92 91 88 8424 414SH 5191182012 92999999999999991248 11999999999999999999999
 81 83 88 95102108110105 94 79 62 46 32 24 22 27 36 50 64 76 83 87 88 8724 415SH 55011022 5 8899999999999999 0 9 811343 2299999999999999
 86 85 86 90 94 98100100 94 85 74 63 51 41 34 32 34 41 51 62 73 80 85 8824 416SH 623100999999999999999999999 052 8515 0 3299999999999999
 89 88 87 87 87 88 89 89 89 86 81 75 67 59 50 42 38 38 42 50 60 71 80 8724 417SH 0 1 89 7 8 8999999999999999 3 8 871635 3799999999999999
 91 92 91 87 83 80 78 77 78 80 81 81 79 74 66 57 47 40 38 41 50 61 73 8424 418SH 052 921026 8199999999999999 645 771753 3899999999999999
 92 95 95 90 82 74 68 65 66 69 75 81 85 85 81 72 60 48 40 37 42 52 65 8024 419SH 118 961230 8699999999999999 721 651849 3799999999999999
 91 98 99 94 85 73 61 55 53 57 65 76 86 92 92 86 75 60 47 39 38 45 58 7324 420SH 137 991330 9399999999999999 747 531932 3899999999999999
 89 99103 99 89 74 58 46 41 43 52 65 81 94100 98 89 75 59 45 39 42 52 6724 421SH 155103141510099999999999999 812 4120 9 3999999999999999
 85 99106104 94 78 59 42 32 30 37 51 70 89102106101 89 73 56 45 43 50 6324 422SH 214106145510699999999999999 838 302042 4399999999999999
 80 97108109100 84 63 42 26 20 24 37 56 79 99110110102 87 70 55 49 51 6124 423SH 235109153211199999999999999 9 5 202114 4899999999999999
 76 94108112106 91 70 46 25 13 13 23 41 65 89107114110 99 84 68 57 55 6124 424SH 25611216 911499999999999999 932 122143 5499999999999999
 73 90106114112 99 78 53 29 12  6 12 27 49 75 98111114108 95 80 67 61 6424 425SH 31711516451149999999999999910 0  62211 6199999999999999
 73 86102114116106 87 63 38 16  4  5 15 34 59 84103112111103 91 78 69 6824 426SH 3401161723112999999999999991029  32238 6799999999999999
 74 84 98111117112 97 75 50 26  8  3  8 22 43 68 90104108106 98 87 77 7324 427SH 4 311718 51089999999999999911 0  323 4 7399999999999999
 76 83 94106115115104 86 63 39 18  7  6 14 29 50 73 91100103100 94 86 8024 428SH 4291161856103999999999999991135  52333 7999999999999999
 79 84 91101110114109 95 76 54 33 17  9 11 21 36 54 73 88 95 97 96 92 8624 429SH 45811420 6 97999999999999991216  9999999999999999999999
 84 85 90 96103108108100 86 69 50 33 20 16 18 26 39 55 71 83 90 94 94 9224 430SH 5311092141 9499999999999999 0 8 8413 6 1699999999999999
 89 87 89 91 95 99102100 93 81 67 52 38 28 23 24 30 40 54 68 79 87 93 9524 5 1SH 61110223 8 9599999999999999 1 1 871415 2399999999999999
 94 91 89 87 87 88 91 93 92 87 79 70 58 46 36 31 29 32 41 53 66 79 88 9524 5 2SH 718 93999999999999999999999 336 871548 2999999999999999
 97 95 91 85 80 77 76 78 82 85 85 83 77 68 56 45 37 33 35 42 54 69 82 9324 5 3SH 0 3 97 939 8699999999999999 543 761714 3399999999999999
 99100 95 86 76 66 61 61 65 73 81 88 90 87 79 67 53 43 37 39 47 60 75 9024 5 4SH 0371001155 9099999999999999 636 601818 3799999999999999
100104100 91 76 60 48 43 44 53 66 81 93 99 97 89 75 60 48 43 46 55 69 8624 5 5SH 1 11041315 9999999999999999 716 4219 8 4399999999999999
100108107 98 82 61 41 28 25 30 44 64 85101108106 96 81 65 54 51 56 66 8224 5 6SH 123108141610899999999999999 753 251950 5199999999999999
 99111114106 91 69 44 22 10 10 21 40 66 91108114111101 85 69 60 60 67 8024 5 7SH 145114151011499999999999999 830  92028 5999999999999999
 96111119116102 81 54 26  6 -2  2 17 41 71 97113117113102 86 73 68 71 8024 5 8SH 212119155911799999999999999 9 7 -221 3 6899999999999999
 92108121123114 95 70 40 12 -5 -8  0 19 47 77102114116111100 86 76 75 8024 5 9SH 241124164611799999999999999 945 -92138 7499999999999999
 90104118126123108 86 58 29  4 -8 -7  5 26 54 83104112113107 96 85 79 8124 510SH 3131271732113999999999999991025 -92213 7999999999999999
 88 99111123126117 99 76 49 22  2 -5 -1 13 35 63 87103108107102 92 84 8224 511SH 34712618191099999999999999911 5 -52249 8199999999999999
 86 94104115122121109 90 67 43 21  6  3 10 24 45 69 89100103102 96 89 8324 512SH 42212319 7103999999999999991147  32330 8399999999999999
 83 88 96105113117112 99 81 61 41 24 14 13 21 35 54 74 89 97 99 97 93 8724 513SH 45911720 0 99999999999999991232 12999999999999999999999
 83 84 89 95102107108102 90 75 59 43 30 23 24 32 44 60 76 88 94 96 94 9024 514SH 5371082059 9699999999999999 016 831322 2399999999999999
 86 83 84 87 91 95 98 97 92 83 71 59 47 38 33 34 40 51 64 78 88 93 95 9324 515SH 623 982159 9599999999999999 121 831420 3399999999999999
 90 85 82 80 81 83 85 87 87 85 79 72 63 54 46 42 42 47 56 68 80 89 94 9624 516SH 733 882252 9699999999999999 312 801530 4199999999999999
 94 89 84 78 74 72 72 75 78 80 81 79 75 69 62 54 49 48 52 61 72 83 92 9724 517SH 951 812335 9899999999999999 518 721642 4899999999999999
 98 94 88 79 70 63 60 61 65 71 77 82 84 82 76 69 60 54 52 57 66 77 89 9824 518SH1158 84999999999999999999999 620 601744 5299999999999999
101 99 93 83 70 59 51 48 51 58 68 79 87 91 89 83 74 64 57 57 62 72 84 9624 519SH 0 91011312 9199999999999999 658 481836 5699999999999999
103105 99 88 74 58 45 37 37 43 55 70 85 95 99 97 89 78 67 61 62 69 80 9324 520SH 04010514 5 9999999999999999 731 361921 6199999999999999
103109106 95 80 61 43 30 25 29 40 57 77 94104106102 92 79 69 65 69 77 8924 521SH 1 9109144910799999999999999 8 2 2520 2 6599999999999999
102111112104 88 68 46 28 17 16 25 42 63 86103111111104 92 80 72 71 76 8624 522SH 137112152911299999999999999 834 152039 7099999999999999
 99111116112 98 78 54 31 14  8 12 26 47 72 95110116113104 91 81 75 77 8424 523SH 2 411616 911699999999999999 9 5  82115 7599999999999999
 96108118118108 89 65 40 18  5  3 12 30 55 81102114117112102 90 81 79 8324 524SH 232119165011799999999999999 938  32148 7999999999999999
 92104116121116101 79 53 28  9  0  3 16 37 63 88106115115109 99 88 83 8424 525SH 3 21211734116999999999999991013  02221 8399999999999999
 90 99111121121111 93 69 43 19  4  0  7 22 45 71 93107112112105 96 88 8524 526SH 3341221821113999999999999991050  02256 8599999999999999
 88 95105115121117104 84 60 35 15  4  4 13 30 52 76 94105109108101 93 8724 527SH 4 81211914109999999999999991130  32336 8699999999999999
 87 91 98107115118111 96 76 54 32 16  9 11 21 37 58 79 94103106104 98 9124 528SH 44711820 9106999999999999991214  8999999999999999999999
 87 87 91 97104111111103 89 72 52 34 21 16 20 29 45 63 81 94101104102 9624 529SH 53211221 210499999999999999 026 8613 3 1699999999999999
 89 85 84 86 91 97102102 96 85 70 55 40 30 27 30 38 52 69 84 9510210310024 530SH 628103214910399999999999999 138 8414 0 2799999999999999
 93 85 80 77 78 81 87 92 94 91 83 73 61 49 41 38 40 48 60 75 89 9810310324 531SH 751 94222810499999999999999 321 7715 5 3899999999999999
 98 89 79 71 66 65 68 74 82 87 88 86 80 71 61 53 49 51 57 69 82 9510310624 6 1SH 952 8823 210699999999999999 448 651615 4999999999999999
104 96 84 70 59 51 49 53 62 73 83 90 92 89 82 73 65 60 61 68 78 9110210924 6 2SH1154 92233511099999999999999 550 491719 6099999999999999
110104 92 76 59 43 34 33 39 52 68 83 94100 99 93 84 75 70 71 78 8810011024 6 3SH1322100999999999999999999999 640 331816 7099999999999999
115112103 87 67 45 28 19 20 29 46 67 87101108107101 91 82 78 80 87 9710824 6 4SH 010115142910899999999999999 725 1819 6 7899999999999999
118120114100 80 56 31 14  7 11 23 44 70 92107114113107 96 87 85 88 9510524 6 5SH 047120152511599999999999999 8 8  71953 8599999999999999
116124123113 95 72 45 20  4  0  6 23 48 75 99113118116108 97 90 89 9310124 6 6SH 127125161411899999999999999 850 -12037 8999999999999999
111122128124110 89 63 35 11 -2 -2  8 27 54 83104115118115106 96 90 91 9624 6 7SH 2 7128165911899999999999999 933 -42121 9099999999999999
105116126129122105 82 55 28  7 -2  1 13 35 63 90107115116112102 93 89 9224 6 8SH 2481301740117999999999999991015 -322 4 8999999999999999
 98107119127127116 98 75 49 24  7  2  8 23 46 73 95109114113107 97 89 8824 6 9SH 3291291818114999999999999991056  22247 8799999999999999
 91 99108119125121109 90 68 44 23 10  9 18 34 57 81 99109111108101 92 8624 610SH 4111251853111999999999999991136  82332 8599999999999999
 85 90 98107116119113100 82 62 41 25 17 19 30 47 68 88102108108103 95 8724 611SH 4521191926109999999999999991216 17999999999999999999999
 82 83 88 95103110110104 91 75 58 42 30 26 31 42 59 77 94104107105 99 9024 612SH 53611120 110799999999999999 021 821256 2699999999999999
 83 79 80 84 90 97101101 95 84 71 58 46 38 37 43 54 69 85 98105106102 9524 613SH 626102203710799999999999999 118 791338 3799999999999999
 86 79 75 75 78 83 89 92 92 88 80 71 61 53 48 49 55 65 79 92102107105 9924 614SH 730 93211410799999999999999 228 751425 4899999999999999
 91 82 75 70 68 70 75 80 84 86 85 81 75 68 62 59 59 65 75 86 9810510710424 615SH 9 4 86215310799999999999999 353 681521 5899999999999999
 97 87 77 68 62 59 61 66 72 79 84 86 85 82 77 72 68 69 74 83 9310210810824 616SH1111 86223410999999999999999 5 7 591625 6899999999999999
103 94 83 71 59 52 49 51 58 67 77 86 91 93 91 86 81 77 77 81 90 9910711124 617SH1255 93231511199999999999999 6 2 491730 7699999999999999
109102 91 76 61 48 40 38 43 52 66 80 91 99102 99 94 87 83 83 88 9610411124 618SH14 0102235611399999999999999 647 381829 8299999999999999
113110100 85 68 50 36 28 29 37 50 68 85 99108110106 99 92 88 88 9310110924 619SH1449110999999999999999999999 727 281923 8799999999999999
116116110 97 78 57 38 24 18 22 33 52 73 93108115116110102 94 91 92 9810624 620SH 037117153311699999999999999 8 7 182012 9199999999999999
115121119109 91 69 46 26 13 11 18 33 56 80101115120119111102 95 93 9510224 621SH 118121161512199999999999999 846 102056 9399999999999999
112121125120106 85 60 35 15  6  6 17 36 62 87107119122119110100 94 94 9824 622SH 158125165812299999999999999 926  52138 9399999999999999
106117126127119101 77 51 26  8  1  5 19 42 69 94112121122116106 97 93 9424 623SH 23912817401229999999999999910 7  12218 9299999999999999
 99109121129127115 95 70 43 19  5  2  9 26 50 77100114120119112101 93 9024 624SH 3201291822121999999999999991047  12259 9099999999999999
 92100111123128124109 89 64 38 17  6  6 16 35 60 85104115118115106 95 8724 625SH 4 412819 0118999999999999991128  52344 8699999999999999
 86 90 98110120124117103 83 59 36 19 13 16 28 47 71 93108115116110 99 8824 626SH 45112419341169999999999999912 8 12999999999999999999999
 81 81 85 94105115117110 96 79 58 39 27 24 29 42 61 82101111115112104 9124 627SH 54411720 211599999999999999 034 801248 2499999999999999
 80 74 74 78 86 97106108102 92 77 61 46 38 38 45 58 75 93107114114108 9724 628SH 645108202911599999999999999 133 731330 3899999999999999
 84 72 66 65 68 76 87 96 99 96 89 79 68 58 53 55 62 73 8810311311611310424 629SH 8 2 99205711699999999999999 243 651414 5399999999999999
 91 77 64 57 54 57 65 76 86 92 93 91 85 78 72 69 71 77 87 9911111711711124 630SH 948 93213011899999999999999 358 5415 6 6999999999999999
101 87 71 56 47 43 45 53 65 78 87 93 95 94 90 85 83 84 90 9810711612011824 7 1SH12 5 95221112099999999999999 5 7 4316 8 8399999999999999
111 98 83 65 48 36 32 34 43 58 73 87 97102103101 96 94 94 9810511311912224 7 2SH134810423 212299999999999999 6 9 321719 9399999999999999
119111 97 79 59 40 27 22 25 36 53 72 9010311011210910410010010310911512224 7 3SH1454112999999999999999999999 7 5 22183110099999999999999
124121111 96 76 53 32 18 14 19 33 53 76 9610911711811410710210210511011724 7 4SH 0 1124154211899999999999999 756 14193710199999999999999
124127123112 94 71 46 25 12 10 17 33 57 8210311612112111410610110010310924 7 5SH 059127162312299999999999999 843  9203510099999999999999
118127130124110 90 66 40 19  8  9 19 39 65 90109120123119111102 97 9710124 7 6SH 153130165812399999999999999 927  72124 9699999999999999
109120129131123107 85 59 33 15  8 12 25 48 75 99115121121115105 95 91 9324 7 7SH 24113117281229999999999999910 8  822 7 9199999999999999
 99109121130129118100 78 52 29 14 11 19 36 60 87107118121117108 96 88 8624 7 8SH 3261311753121999999999999991045 112247 8699999999999999
 90 98110122128124111 93 70 46 26 17 19 30 50 74 98113120118111100 88 8124 7 9SH 4 91281816120999999999999991120 162327 8099999999999999
 81 87 97109120123117103 84 63 42 28 24 30 45 65 88107117119113103 91 8024 710SH 4511231839119999999999999991153 24999999999999999999999
 75 78 85 96107115116108 94 77 59 43 34 35 45 60 80100114119116107 95 8224 711SH 53411619 511999999999999999 0 8 751224 3399999999999999
 74 71 75 83 93103108107 99 87 72 58 48 45 49 60 76 94109118118111100 8724 712SH 620109193211999999999999999 051 711255 4599999999999999
 76 69 68 72 79 88 97101 99 92 83 72 63 57 58 64 75 90104115118115105 9324 713SH 71310120 011899999999999999 140 671327 5799999999999999
 80 70 64 64 67 74 83 90 94 93 89 83 77 72 69 72 78 8810011111711711110024 714SH 824 94202911899999999999999 238 6314 2 6999999999999999
 87 75 65 60 59 62 68 76 84 89 91 91 88 85 83 82 84 90 9810711411711510724 715SH1017 9121 111799999999999999 346 581448 8299999999999999
 95 83 70 60 54 52 54 61 70 79 87 93 96 97 95 94 93 94 9810411111611711324 716SH1250 97214111799999999999999 456 5216 3 9399999999999999
104 93 79 66 54 46 43 46 54 65 77 88 9810410610510310110010310811311711724 717SH1411106223411799999999999999 6 0 43173510099999999999999
113104 91 76 60 46 37 34 37 47 62 78 9310511311511310910510310510911411924 718SH1458115234112099999999999999 656 34185810399999999999999
119115105 90 71 52 36 26 24 30 43 61 8110011312112111711110610410511011624 719SH1537122999999999999999999999 747 2420 410499999999999999
122123118106 88 65 43 26 16 16 24 41 64 8710712012612411710910310110411024 720SH 045124161412699999999999999 834 15205510199999999999999
119127128121106 84 59 34 16  8 10 23 44 70 95115126128123114104 98 9710224 721SH 142129165012899999999999999 918  82137 9799999999999999
111123132132122104 79 52 27 10  4 10 26 51 80104121128127118106 95 90 9224 722SH 233133172312999999999999999 959  42216 9099999999999999
 99112126135133121100 74 45 22  8  7 16 36 63 91113125128122110 95 85 8224 723SH 3211351752128999999999999991038  62254 8299999999999999
 86 96112127134130116 95 69 42 21 13 15 28 50 78103120126124114 99 83 7424 724SH 4 91341816126999999999999991114 122334 7399999999999999
 73 80 93110125130124110 90 65 42 27 24 30 46 68 94114124125118104 86 7124 725SH 4591301835126999999999999991148 23999999999999999999999
 64 66 74 88105119123117103 85 65 47 38 40 50 66 87108122126121110 93 7524 726SH 551123185412699999999999999 017 641220 3899999999999999
 61 56 59 68 82 99110113108 98 84 69 57 54 59 70 86104119127125116102 8424 727SH 649113191712799999999999999 1 6 561251 5499999999999999
 66 54 50 53 62 75 90100104101 95 86 76 71 72 78 89102116126128122110 9524 728SH 759104194412899999999999999 2 2 501322 7099999999999999
 77 61 50 46 48 55 67 81 91 96 97 95 91 87 86 88 9410311312212712611810624 729SH 948 97201612899999999999999 310 461355 8699999999999999
 91 75 59 48 42 43 48 59 72 83 91 96 99100 99 9910110511111812412612311524 730SH1249100205812699999999999999 428 421438 9999999999999999
104 91 75 59 46 38 37 41 51 65 78 9010010610910910810811011411812112312124 731SH143010922 212399999999999999 545 37162410899999999999999
115106 93 76 59 43 33 31 35 46 61 78 9410611411711611211011011111411812124 8 1SH1510117233912299999999999999 654 31183811099999999999999
122118109 95 77 56 39 28 25 30 43 62 8310011312112211811110710510611011624 8 2SH1541122999999999999999999999 751 2520 510599999999999999
122125122112 96 75 52 33 22 21 29 45 68 91109120125122115106100 9810010624 8 3SH 1 012516 912599999999999999 839 202054 9899999999999999
116125129124112 93 70 45 27 18 20 32 52 77101117125125119108 97 91 91 9624 8 4SH 159129163212699999999999999 919 182129 9099999999999999
105118128131124109 88 62 38 22 18 24 40 64 90112123126122111 97 86 82 8524 8 5SH 246131165112699999999999999 954 1822 2 8299999999999999
 93106121131130120102 79 54 33 22 22 34 53 79104120126124114100 85 76 7524 8 6SH 32813217 8126999999999999991025 212235 7599999999999999
 82 94109123130126113 94 71 48 31 26 33 48 70 95116126125117104 87 74 6824 8 7SH 4 81311727127999999999999991055 2623 7 6899999999999999
 71 81 95111123127119104 85 64 45 35 36 47 65 88110124127121108 92 75 6424 8 8SH 4471271747127999999999999991123 342341 6299999999999999
 63 69 81 97112121120111 96 78 60 48 44 51 65 84104120127124113 97 79 6524 8 9SH 52712218 9127999999999999991149 44999999999999999999999
 59 61 69 83 97110115112102 89 74 62 56 58 67 82100116126126117103 85 7024 810SH 6 8115183112799999999999999 015 581215 5599999999999999
 59 56 60 70 83 96106109105 96 86 75 69 68 73 84 98112123126121109 93 7624 811SH 654109185312699999999999999 052 561238 6799999999999999
 63 56 55 61 70 82 93100102 99 93 87 81 79 82 88 98109119124122114100 8524 812SH 751102191612499999999999999 134 551259 7999999999999999
 70 60 55 55 59 68 78 87 94 97 97 95 92 91 91 95100107115121122117107 9524 813SH 928 97194212299999999999999 227 541318 9199999999999999
 81 68 59 53 53 56 62 71 81 88 94 9810010110210310510811211712011911310424 814SH2016120999999999999999999999 342 52999999999999999999999
 93 80 68 57 50 47 49 54 64 74 85 9510310811111111111011111311611711711224 815SH1444111211411799999999999999 512 47165111099999999999999
105 95 82 68 55 45 39 39 45 56 70 85 9911011711911711411111011011311611724 816SH145911923 111799999999999999 630 38191311099999999999999
115109 99 84 66 50 36 29 29 36 51 69 8910611812412411911210710410511011624 817SH1525125999999999999999999999 731 28201310499999999999999
121122116103 85 63 42 27 19 21 31 50 73 96115126129124115105 98 9610010824 818SH 038122155212999999999999999 820 192052 9699999999999999
118127129122106 84 58 35 19 13 17 32 56 83107123130128119105 93 86 87 9424 819SH 143129161713199999999999999 9 3 132126 8699999999999999
107122133134125106 81 53 29 15 12 21 41 68 96117129130123108 91 78 74 7824 820SH 236135164013199999999999999 942 122159 7499999999999999
 90108126137137124104 77 49 27 17 20 33 56 84110126131126113 93 74 63 6224 821SH 3261391658131999999999999991017 172234 6199999999999999
 70 87108128138134121 99 73 47 31 27 34 51 75102123132129118 99 76 58 5024 822SH 4141381715132999999999999991048 272311 5099999999999999
 53 65 85108127134128115 94 71 51 41 43 54 73 96119132132123107 84 61 4524 823SH 5 21341733134999999999999991117 412350 4199999999999999
 42 48 62 83106122126120108 91 72 59 56 63 76 94114130135129114 95 71 5024 824SH 5521261754135999999999999991145 56999999999999999999999
 39 38 46 61 81101114116111102 89 77 71 74 83 96111126135133122105 85 6324 825SH 646116181913699999999999999 033 371211 7199999999999999
 46 38 38 46 60 77 94104106104 98 91 86 85 91100110122131134127114 98 7924 826SH 753106184613499999999999999 123 371236 8599999999999999
 61 47 41 41 47 58 72 86 94 98 99 99 97 96 98104111118125130128120108 9424 827SH1010 99191713099999999999999 225 401254 9699999999999999
 79 64 52 45 43 47 55 66 78 87 94 9910310410610811111511912212312111510624 828SH1956123999999999999999999999 351 43999999999999999999999
 95 83 70 57 48 44 44 50 60 71 83 9410310911211311211211211311511611511324 829SH2119116999999999999999999999 527 43999999999999999999999
108100 89 75 61 48 41 39 44 55 69 85 9810911611811511110710510510611011324 830SH1452118999999999999999999999 644 39194010499999999999999
115113106 94 78 60 45 36 35 41 54 72 91107117121119113104 98 95 9510010724 831SH 0 0115151212199999999999999 741 342021 9599999999999999
115120118110 96 76 56 39 31 32 41 59 80101116123123116105 94 86 84 88 9624 9 1SH 117120153112499999999999999 824 302049 8499999999999999
109120125122111 93 71 49 33 28 33 47 69 93112123125120108 93 80 75 76 8424 9 2SH 2 8125154612699999999999999 859 282116 7499999999999999
 97113126129122108 87 63 42 30 30 40 59 83106122127123112 95 78 67 65 7124 9 3SH 24912916 012799999999999999 930 292143 6599999999999999
 84101119130129119101 79 55 38 33 38 53 75 99119128126116 99 80 64 57 6024 9 4SH 327131161712899999999999999 958 332211 5699999999999999
 70 87107124131126112 93 71 51 40 41 52 70 93115128129120104 84 65 52 5024 9 5SH 4 41311635130999999999999991025 392240 5099999999999999
 58 73 93113126128120104 85 66 51 47 54 69 88109125131124109 90 69 52 4524 9 6SH 4401291655131999999999999991051 4723 9 4599999999999999
 48 61 78 99116124122112 97 79 65 57 60 70 86105122130127115 96 75 56 4424 9 7SH 5171251715131999999999999991115 572338 4299999999999999
 43 51 65 84103116120115104 91 78 69 68 74 87102118128129119103 83 63 4824 9 8SH 5551201734130999999999999991138 67999999999999999999999
 42 45 55 71 88104112113108 99 89 80 77 81 89101114125128123109 91 72 5524 9 9SH 637114175412899999999999999 0 9 411158 7799999999999999
 45 43 49 60 74 89101106106102 96 90 87 88 94102111120126124114 99 82 6624 910SH 728107181512699999999999999 043 431216 8799999999999999
 53 46 46 52 61 73 85 94 99101100 98 96 96 99104110116121122117106 93 7824 911SH 9 1101183912299999999999999 128 451227 9699999999999999
 65 54 49 49 52 59 68 78 87 93 98101103104106108111114116118116111102 9124 912SH19 8118999999999999999999999 235 48999999999999999999999
 79 68 58 51 48 48 52 60 70 80 90 9910611111311311211211111111211110810324 913SH144011320 711299999999999999 426 4718 311199999999999999
 95 85 73 61 51 43 40 43 51 63 77 9110411411811811511010610410410610811024 914SH142911923 211099999999999999 6 4 40192810399999999999999
108103 92 78 62 47 36 32 34 44 60 79 97112121123119111102 95 92 9510110924 915SH1447123999999999999999999999 7 9 3120 2 9299999999999999
115117112 99 81 61 42 29 25 30 44 64 87107121126123113 99 87 80 80 86 9824 916SH 04511715 712699999999999999 758 252032 7999999999999999
113123126120104 82 58 37 25 24 32 50 74 99118127127117100 82 68 64 68 8024 917SH 148127152612899999999999999 839 2321 2 6499999999999999
 99118131133124106 81 56 36 27 30 42 64 90114127130122105 83 62 50 49 5824 918SH 240134154213099999999999999 915 262134 4899999999999999
 76101124137136125105 79 55 39 35 43 59 83108127133127112 89 63 42 34 3824 919SH 328138155813399999999999999 947 3522 8 3499999999999999
 53 76104127137134122102 78 57 47 50 61 79103125135133119 98 71 45 28 2524 920SH 4151381616136999999999999991017 472244 2499999999999999
 33 52 78106126133129116 98 78 64 61 68 81100121136138127108 84 56 32 2024 921SH 5 21331639139999999999999991044 602322 1999999999999999
 22 34 54 80106122126120110 95 80 73 76 86100116132139134118 97 72 46 2724 922SH 55012617 4139999999999999991111 73999999999999999999999
 21 25 38 58 82103114116112104 94 86 85 91101113126136136126108 87 65 4424 923SH 643116173213899999999999999 0 3 211137 8499999999999999
 30 27 32 44 61 81 97105107105101 95 93 95102111120129132128116100 82 6424 924SH 75210718 113299999999999999 050 2712 3 9399999999999999
 48 38 36 40 49 62 77 89 96 99101101100100104109114120124124118108 95 8224 925SH1023101183212499999999999999 148 36122110099999999999999
 68 56 48 45 46 51 61 72 83 91 96101104105106107109111113114113109103 9524 926SH19 9114999999999999999999999 314 44999999999999999999999
 86 76 65 56 50 48 50 57 68 79 89 9810510911010810610410310210310410410224 927SH1347110213410499999999999999 459 48184910299999999999999
 99 93 84 72 60 51 46 47 54 66 79 93104111114112106 99 94 91 90 93 9810324 928SH14 3114999999999999999999999 619 461935 9099999999999999
106106100 90 75 60 48 43 45 54 68 85100111117116109 99 88 81 78 80 87 9724 929SH 022107142111799999999999999 714 4320 2 7899999999999999
107113112105 91 74 56 44 41 46 58 76 95110119119113101 86 73 67 67 74 8624 930SH 124113143612099999999999999 755 412027 6699999999999999
101114120117106 89 69 51 42 42 51 67 88107119123117105 88 70 58 55 60 722410 1SH 2 9120145012399999999999999 828 412051 5599999999999999
 90108121124118104 84 64 48 43 48 61 81102119125121110 92 71 54 46 48 582410 2SH 24812415 612599999999999999 858 432117 4599999999999999
 76 97117127126116 99 78 59 49 49 59 76 96116127126115 97 75 54 40 37 452410 3SH 324128152512899999999999999 927 482143 3799999999999999
 61 83106123129124111 93 73 59 54 60 73 92112126129120103 81 58 39 31 342410 4SH 359129154512999999999999999 954 542211 3199999999999999
 48 68 92114126127119104 87 71 62 64 74 89107123130125110 88 64 43 29 282410 5SH 43412816 5130999999999999991021 622238 2799999999999999
 37 55 77101118126122112 98 83 72 70 76 88104120129128116 97 73 50 33 262410 6SH 5101261625130999999999999991045 7023 6 2699999999999999
 30 44 63 86106119121116106 93 82 78 80 89101115126129121104 83 60 41 292410 7SH 54612116461299999999999999911 8 772335 2799999999999999
 28 36 51 71 91107115114109101 92 86 86 91100111122127123111 92 72 52 372410 8SH 62811517 7127999999999999991130 85999999999999999999999
 31 33 43 58 75 92103108108104 99 94 92 95101109117123123115101 83 65 492410 9SH 722108173112499999999999999 0 9 301151 9299999999999999
 38 35 39 48 61 75 88 97101103102100 99 99103107112117119115106 93 78 64241010SH 9 8103175711999999999999999 053 351212 9899999999999999
 51 43 41 43 49 59 70 81 90 96101103104105105107108110111111108100 90 80241011SH1829112999999999999999999999 156 41999999999999999999999
 68 57 49 45 44 47 54 64 75 86 95103108110109107105103102102102102 99 93241012SH13 9110999999999999999999999 344 44999999999999999999999
 86 76 65 55 47 42 42 48 59 72 86 99109114114109103 96 91 89 91 95 99102241013SH1329114231910299999999999999 527 4219 1 8999999999999999
101 96 86 73 58 46 39 39 45 58 75 92106115118113103 91 81 74 74 80 90101241014SH1349118999999999999999999999 635 381932 7499999999999999
109111106 95 78 60 46 38 39 48 64 83102116121118107 90 73 61 56 60 71 88241015SH 05011114 712199999999999999 724 3720 2 5699999999999999
106118121116102 82 62 46 41 44 56 75 97115124123112 94 72 51 40 39 48 66241016SH 151122142412599999999999999 8 5 412034 3899999999999999
 90113127129121105 84 63 50 48 56 70 91112126129120102 77 51 30 22 27 42241017SH 243129144112999999999999999 841 4821 8 2299999999999999
 66 95119132132123106 84 66 58 60 71 88108127134128112 88 59 31 14 11 20241018SH 33113415 213499999999999999 914 582143 1099999999999999
 40 69100123133131121104 85 71 69 75 87105124137136123101 73 43 17  5  7241019SH 418134152813899999999999999 944 682220  499999999999999
 21 44 74104123129126116101 86 78 80 89103119134140132114 89 61 32 11  4241020SH 5 51301556140999999999999991014 782259  499999999999999
 10 26 50 80105119123119110 98 88 86 91101114128138137124103 79 52 28 13241021SH 5531231626139999999999999991044 852341 1099999999999999
 11 19 35 58 83103113114111105 96 91 93100109120130134128114 94 72 49 31241022SH 6461151658134999999999999991115 91999999999999999999999
 21 21 30 44 64 84 98105107105101 96 95 98105112119125125117103 87 69 52241023SH 755107173212699999999999999 027 201150 9599999999999999
 39 32 33 40 52 67 82 93 99102102100 98 98101105109113115114106 96 84 71241024SH 93710218 811699999999999999 121 321235 9899999999999999
 59 49 43 43 47 56 68 80 90 96100102102100 99 99100101102103102 98 92 85241025SH112010219 110399999999999999 234 431427 9999999999999999
 77 67 59 52 50 51 58 67 79 89 97102105104101 97 93 91 89 90 91 93 94 93241026SH12181052156 9499999999999999 4 7 501813 8999999999999999
 90 84 76 66 58 53 53 58 68 80 92101107108105 99 90 83 78 76 78 83 89 95241027SH1249108999999999999999999999 528 521859 7699999999999999
 97 96 91 82 70 59 53 54 60 71 85 98108112110103 92 79 69 64 64 69 78 90241028SH 016 98131111299999999999999 627 531929 6399999999999999
100104103 97 85 71 59 54 56 65 78 94107114114108 96 80 64 54 50 54 65 80241029SH 120105133011599999999999999 712 541956 5099999999999999
 96107112109100 85 70 59 56 61 73 88104116119113101 83 64 48 40 41 50 66241030SH 2 6112135111999999999999999 749 562022 3999999999999999
 86104116118112100 83 68 60 61 70 83100115122119107 89 67 47 33 29 36 51241031SH 245118141212299999999999999 824 602049 2999999999999999
 72 95113122121112 97 81 69 65 69 81 96112123124114 97 74 50 31 22 24 372411 1SH 322123143512599999999999999 856 652116 2199999999999999
 57 82105121126121109 94 79 71 71 79 93109122127121105 82 57 34 19 16 252411 2SH 357126145812799999999999999 926 702145 1699999999999999
 42 66 92113124125118105 90 79 76 80 90105119128126113 92 67 42 23 14 172411 3SH 433126152112999999999999999 954 762214 1399999999999999
 30 51 77101118124121112100 88 81 82 90101115126129120102 79 53 31 17 142411 4SH 5 91241545129999999999999991021 812244 1399999999999999
 22 38 61 86106117120116107 96 88 86 90 99110122128124110 90 66 43 24 162411 5SH 5491201610128999999999999991047 862317 1699999999999999
 18 29 47 69 91106114114110102 94 90 91 97106116123125116100 79 57 37 242411 6SH 6351151638125999999999999991115 902354 2099999999999999
 20 25 37 54 74 91103108109106100 95 94 97102109116120117107 90 72 53 372411 7SH 73610917 8120999999999999991147 94999999999999999999999
 27 26 32 43 58 75 89 99104105104100 97 97100103108112113108 98 84 69 542411 8SH 9 0105174511399999999999999 039 261234 9799999999999999
 41 34 33 38 47 59 73 86 96102105104102 99 98 98 99101103103100 93 83 722411 9SH1027105184010499999999999999 138 331429 9899999999999999
 60 49 42 40 42 49 59 72 85 95102106106103 98 93 90 88 89 91 94 94 92 87241110SH11281072041 9499999999999999 3 0 401717 8899999999999999
 79 69 59 51 46 46 51 61 74 87 99106109107101 92 83 76 72 74 79 86 92 95241111SH12 61092321 9699999999999999 433 451815 7299999999999999
 95 90 80 69 59 52 50 55 65 79 94105112112106 94 80 66 57 54 58 68 81 94241112SH1233113999999999999999999999 545 501855 5499999999999999
102105101 91 78 65 57 56 62 73 88103114117113101 83 63 46 37 36 45 61 81241113SH 052105125611799999999999999 640 561931 3599999999999999
 99111115111100 85 71 64 64 72 84100114122121110 92 68 44 26 19 22 36 58241114SH 157115131912399999999999999 725 6320 8 1899999999999999
 84106119123118105 89 76 71 74 83 97113125128121104 80 52 25  9  6 14 33241115SH 252123134712999999999999999 8 5 712046  599999999999999
 60 89113125127120107 92 81 79 85 95109124133131117 95 67 36 11 -2 -1 12241116SH 342127141713499999999999999 842 792125 -399999999999999
 35 65 96117127127119106 93 85 87 94105120133137129110 85 55 25  3 -5  0241117SH 430128145113799999999999999 917 8522 5 -599999999999999
 16 41 72101118124123115103 92 89 93102113127137136123101 75 46 19  2 -2241118SH 517125152613899999999999999 953 892246 -299999999999999
  6 24 50 79103116120117110 99 92 92 98107118129135130114 92 67 41 18  7241119SH 6 312016 3135999999999999991030 912328  599999999999999
  7 17 35 60 85103112114111104 96 91 93100108118127128120104 84 62 40 23241120SH 6491141641129999999999999991111 91999999999999999999999
 16 18 29 46 68 88102108109105 99 93 91 93 99106114119118109 95 78 60 43241121SH 738109172212099999999999999 012 151157 9199999999999999
 31 27 31 41 56 74 90101105105102 96 91 89 91 95100105108106 98 87 75 61241122SH 82910518 710899999999999999 059 271257 8999999999999999
 49 41 38 42 51 64 79 92100103103100 95 90 87 87 88 91 94 96 95 91 84 75241123SH 9231041912 9699999999999999 151 381433 8799999999999999
 66 57 51 49 52 59 70 83 94101104103 99 93 87 82 79 78 79 82 85 87 87 84241124SH10141042116 8799999999999999 255 491650 7899999999999999
 79 73 66 60 57 59 65 75 87 97103105104 98 90 81 73 68 66 67 72 78 84 88241125SH11 01052348 8899999999999999 4 8 5718 3 6699999999999999
 88 86 81 74 67 64 65 71 80 91101107108104 96 85 72 61 55 53 57 65 75 85241126SH1139108999999999999999999999 517 631845 5399999999999999
 93 96 95 89 81 73 68 70 76 86 97107111110102 90 75 59 47 41 42 50 62 78241127SH 111 96121411199999999999999 615 681920 4199999999999999
 92101105102 95 85 76 72 75 83 93104113115109 98 81 62 45 33 30 35 48 65241128SH 2 5105124711599999999999999 7 4 721951 3099999999999999
 84101110112108 98 87 79 77 81 90101112118116106 89 69 47 30 21 22 32 50241129SH 247112131811899999999999999 748 762023 2099999999999999
 72 94110118117110 98 87 81 81 87 97109119121115 99 78 54 32 17 13 19 34241130SH 325118134812299999999999999 828 802054 1399999999999999
 57 82103117122118109 97 87 83 86 94106117124122110 90 65 40 20  9  9 202412 1SH 4 2122141712599999999999999 9 4 832127  899999999999999
 40 66 91111121123117106 94 87 86 92101113124127119102 78 52 28 11  5 102412 2SH 439123144712799999999999999 937 8622 0  599999999999999
 25 48 75 99115122120113102 92 88 90 97108120127125112 92 67 40 19  6  52412 3SH 5181221518128999999999999991010 882235  499999999999999
 15 33 57 83104116119116108 98 91 89 94102113123127120104 82 56 32 14  72412 4SH 6 01191552127999999999999991042 892311  699999999999999
 10 22 41 66 89106114115111103 94 90 91 96105115122122112 94 73 49 28 142412 5SH 6451161628123999999999999991119 902350 1199999999999999
 11 17 30 50 73 93105111112107 99 92 89 91 96104113117114103 86 66 46 292412 6SH 73311217 91189999999999999912 3 89999999999999999999999
 19 19 26 40 58 78 95105109108103 95 89 87 88 93 99106109105 95 81 64 482412 7SH 820109175910999999999999999 032 1813 1 8799999999999999
 35 28 29 37 49 66 83 97105108106100 92 85 82 82 85 90 96 99 97 90 79 672412 8SH 9 510819 7 9999999999999999 120 281428 8299999999999999
 55 45 40 41 48 59 74 88100106107104 96 87 79 73 71 72 77 83 89 90 88 822412 9SH 9441072053 9099999999999999 215 4016 8 7199999999999999
 74 65 57 53 54 59 69 82 94104108108102 92 80 69 60 56 57 63 72 81 87 90241210SH10211092315 9099999999999999 323 531721 5699999999999999
 89 85 78 71 66 66 70 78 90101109112109100 87 72 56 44 39 41 49 62 76 88241211SH1058112999999999999999999999 436 651816 3999999999999999
 96 99 97 91 83 77 76 80 88 98108115116110 98 81 61 41 28 23 27 38 56 76241212SH 1 4 99113711699999999999999 543 7619 4 2399999999999999
 93104109107101 92 86 84 88 96105115121119110 94 73 48 27 13 10 16 32 54241213SH 217109121912199999999999999 642 841949 1099999999999999
 79 99112117115107 97 91 91 95102112122126122109 89 64 37 14  2  1 11 30241214SH 31311713 212699999999999999 734 902033  099999999999999
 57 85106118122118109 99 93 94 99107118128130123106 83 55 26  5 -5 -2 11241215SH 4 2122134713199999999999999 822 932117 -599999999999999
 34 64 91111121123117107 97 93 95101111122132132121101 76 47 19  0 -6  0241216SH 445123143013399999999999999 9 7 932159 -699999999999999
 16 42 72 98114121120113102 94 91 95102113125133129116 95 69 40 15  0 -2241217SH 525121151413399999999999999 950 912240 -399999999999999
  7 26 53 81103115118115107 96 89 88 93102114125130123108 86 61 35 14  4241218SH 6 01181556130999999999999991032 882319  499999999999999
  6 18 39 65 90107114114109 99 89 84 85 92101112122123115 98 78 55 33 18241219SH 6311151639124999999999999991115 832357 1399999999999999
 13 18 32 53 76 97109112109102 92 83 79 82 89 98108115114104 89 71 52 35241220SH 7 011217231159999999999999912 1 79999999999999999999999
 25 24 32 47 66 86102109109104 96 85 78 75 79 85 93101105103 94 81 67 52241221SH 729110181010599999999999999 033 231252 7599999999999999
 40 35 38 47 61 78 94105109106 99 90 80 73 71 74 79 85 91 94 92 86 77 66241222SH 8 110919 7 9499999999999999 110 351353 7199999999999999
 56 49 47 51 60 73 88100107108103 95 85 76 69 66 67 71 76 82 85 85 82 76241223SH 8361092029 8599999999999999 150 471513 6699999999999999
 70 65 61 60 64 72 83 95104108106100 91 81 71 63 59 59 61 67 73 78 82 82241224SH 9131082249 8299999999999999 237 601639 5899999999999999
 81 78 75 72 72 75 81 90 99106108105 98 88 76 65 56 50 49 52 58 67 76 83241225SH 954108999999999999999999999 341 711746 4899999999999999
 88 89 88 85 82 81 82 88 95103108108104 96 84 71 57 46 39 38 43 53 65 78241226SH 1 8 89104110999999999999999 5 0 811837 3899999999999999
 89 96 99 98 94 89 87 88 92 99105109109104 94 79 63 47 34 28 29 37 51 67241227SH 213 99113111099999999999999 614 861920 2899999999999999
 84 97105108105 99 93 90 91 95102108112111104 90 73 53 35 23 18 23 34 52241228SH 256108122011399999999999999 717 9020 0 1899999999999999
 73 92106114114109101 94 91 93 98105113116113103 85 64 42 23 12 11 19 35241229SH 33311513 611699999999999999 811 912039 1099999999999999
 57 81101114119116109100 93 91 94101110118120114 99 78 54 30 12  4  6 18241230SH 4 9119134812099999999999999 856 912117  499999999999999
 39 65 90108119120115106 96 90 90 95104115123123113 94 70 43 20  4 -1  6241231SH 444121143012499999999999999 935 892155 -199999999999999
