 44 26 18 23 39 63 90113129134130118103 89 82 81 88 99110119122116103 8424 1 1SM 9 1134195112299999999999999 2 7 181432 8099999999999999
 63 44 32 31 40 58 80103121130130122109 95 84 78 79 86 96105112113107 9524 1 2SM 931131203911399999999999999 239 301519 7899999999999999
 79 62 50 43 46 57 74 94112124129125115102 89 79 75 76 81 89 97103104 9924 1 3SM10 2129214210499999999999999 313 431618 7499999999999999
 91 79 68 60 58 62 73 88104117125126121110 97 84 74 69 69 73 80 88 94 9824 1 4SM10381272319 9899999999999999 351 581732 6899999999999999
 97 92 86 79 74 73 77 86 98110120125124117106 92 79 67 61 59 62 70 80 8924 1 5SM1120125999999999999999999999 441 721848 5999999999999999
 96100100 96 91 87 85 88 94103113120124122115102 87 71 57 48 46 50 60 7424 1 6SM 126101121212499999999999999 558 851951 4699999999999999
 88100109111109104 98 94 94 98105114121124122113 99 80 61 44 34 31 38 5324 1 7SM 3 2111131012599999999999999 736 932044 3199999999999999
 72 92109120124121114105 98 95 98106115123127124113 94 71 48 28 17 17 2824 1 8SM 4 312414 612799999999999999 858 952131 1699999999999999
 48 73 99120133136130119107 97 94 97107118128132127112 89 60 33 11  1  424 1 9SM 449136145913299999999999999 959 942216  199999999999999
 21 48 79109132144144135120104 93 91 97109124135138130110 81 48 18 -4-1224 110SM 5311451548139999999999999991048 9023 0-1299999999999999
 -4 19 51 87120142152148134115 98 88 88 97114131142143131106 73 36  5-1624 111SM 6111521636144999999999999991130 862344-2099999999999999
-20 -6 22 59 98130150155146128107 90 82 85 99119136147145129101 64 26 -424 112SM 6501551723148999999999999991211 81999999999999999999999
-21-20 -1 32 71109138153153140118 96 81 76 84101122140148144124 93 56 2024 113SM 729155181114899999999999999 027-231252 7699999999999999
 -6-18-11 12 47 85120144153147129106 85 72 72 83102122138145138117 86 5124 114SM 8 515319 014599999999999999 1 8-181334 7099999999999999
 20 -1 -6  5 31 65100129146148137117 94 75 65 68 80 99118133137128108 8024 115SM 840149195113799999999999999 149 -61419 6599999999999999
 51 26 13 13 28 54 84113135144141126104 83 67 60 63 76 9411112312511810024 116SM 913145204712699999999999999 228 1115 8 6099999999999999
 78 56 39 33 37 53 76101123137139131114 94 74 60 55 58 70 8510011011310824 117SM 945140215311399999999999999 3 5 3216 5 5599999999999999
 96 81 67 57 55 62 76 95113128135133122105 86 68 55 50 52 61 74 87 9810324 118SM1017135232410399999999999999 343 551712 5099999999999999
102 97 89 81 77 78 84 94107119128130126115 99 81 64 51 44 44 51 62 75 8824 119SM1053130999999999999999999999 424 771829 4399999999999999
 97102103101 97 95 95 99105112120125126121111 97 79 62 47 37 35 40 52 6624 120SM 143103114312699999999999999 528 951947 3599999999999999
 82 96107112113112109106105107111116121123120111 96 78 58 40 29 25 31 4424 121SM 349114125712399999999999999 7451052053 2599999999999999
 62 83102116123125121115109105104107113119123121113 96 75 52 32 19 16 2424 122SM 444125141512399999999999999 9381042147 1599999999999999
 41 64 89111126133132124114104 99 98103112121126125114 95 69 43 21  9  824 123SM 5191331518127999999999999991033 982231  799999999999999
 21 44 72100122136139133121107 96 91 93102115126131128113 89 60 32 10  124 124SM 54813916 8132999999999999991110 912310  199999999999999
  6 24 52 84112133142139127111 96 86 84 92106121132136128108 80 48 20  124 125SM 6151421650136999999999999991139 842345 -399999999999999
 -2  9 34 66 98125140143134117 98 84 78 82 95112128137137123 99 67 35 1024 126SM 64114317271399999999999999912 6 78999999999999999999999
 -3  1 20 50 83114135143138123103 85 74 73 83100119133139133114 86 53 2424 127SM 7 614318 113999999999999999 016 -31233 7299999999999999
  5  0 12 37 69101127141141128109 88 73 67 72 87106124136137125102 72 4224 128SM 730142183513899999999999999 046  013 0 6799999999999999
 18  7 11 30 58 90118136141133115 94 75 64 64 74 92111126133129113 89 6124 129SM 752141191013399999999999999 114  71330 6299999999999999
 36 20 17 29 52 81108129139136121100 80 64 59 64 77 95112124127119101 7824 130SM 814140194612799999999999999 140 1614 2 5999999999999999
 54 36 29 34 50 74100122135136126108 87 69 58 57 65 79 96110118118108 9124 131SM 836137202611999999999999999 2 6 291437 5699999999999999
 72 55 44 44 54 72 94115129134129114 95 76 61 54 56 65 79 93105110108 9924 2 1SM 858135211411099999999999999 233 431518 5499999999999999
 86 72 62 58 62 74 90108122130129119103 85 68 57 52 55 63 75 87 9710110124 2 2SM 922131222210299999999999999 3 0 5816 8 5299999999999999
 95 87 79 74 74 80 90103115124126121110 95 79 64 54 50 51 57 67 78 88 9524 2 3SM 949126999999999999999999999 332 741716 4999999999999999
 98 97 95 91 89 90 94100108116120120115105 91 76 62 51 44 43 47 56 68 8024 2 4SM 023 98102812199999999999999 421 891842 4399999999999999
 91100105107106103102102104108112116116112104 92 76 60 46 35 31 34 43 5824 2 5SM 3 1107113811699999999999999 63210120 6 3199999999999999
 76 93108117120119114107103101103108113116116109 96 77 57 37 22 15 18 3124 2 6SM 4 8121132111799999999999999 8551012112 1599999999999999
 51 76100119131133128118106 98 94 97105114122123116101 77 51 25  7 -1  524 2 7SM 44813314421249999999999999910 2 9422 5 -199999999999999
 23 50 82111132143142131115 99 88 86 92105120131133125104 75 42 12 -8-1424 2 8SM 5231441545134999999999999991045 852252-1499999999999999
 -4 21 56 92124145152144127105 86 76 77 90109128141143131105 70 32  1-1924 2 9SM 5571521639144999999999999991123 752335-2299999999999999
-20 -3 28 68106137154154139115 90 71 64 71 90114136149149132101 63 24 -624 210SM 62915617291519999999999999912 0 64999999999999999999999
-21-16  7 44 85122148157149127 99 73 56 55 68 91118141153149129 95 56 2024 211SM 7 1157181715499999999999999 015-221237 5399999999999999
 -5-13 -1 27 65104136154154138110 81 56 44 48 66 93120142150143121 88 5224 212SM 73015619 415099999999999999 054-131315 4499999999999999
 22  5  6 23 53 88121145153144121 92 63 43 37 45 66 93118137142132111 8224 213SM 758153195214299999999999999 129  31355 3799999999999999
 53 32 24 31 51 79109134147145129104 75 50 36 34 45 66 9011212612912010124 214SM 823148204213099999999999999 2 3 241437 3399999999999999
 80 60 49 48 59 79102124139142133114 89 64 44 34 35 46 65 8510311311510824 215SM 847142214111599999999999999 233 471523 3399999999999999
 96 83 73 69 73 84100117130136132120101 79 58 43 36 37 47 61 77 9110010324 216SM 9 813623 510399999999999999 259 691619 3599999999999999
101 96 91 88 89 94102113122127127121109 93 76 59 47 40 39 45 55 67 79 8924 217SM 929128999999999999999999999 318 881735 3999999999999999
 96100102102103104107111115118119117112103 92 78 64 52 43 38 40 47 57 7024 218SM 9511199999999999999999999991913 38999999999999999999999
 83 95105111114114113112110109109110110108104 96 84 69 54 41 34 32 38 5024 219SM 4441159999999999999999999992041 32999999999999999999999
 66 84101114121123120114107102 99100103108111109102 89 71 52 35 25 24 3224 220SM 4501231417111999999999999991018 992140 2399999999999999
 48 69 92112125130127119107 97 90 89 94102111118117108 90 68 45 26 16 1724 221SM 5 71301527118999999999999991041 882223 1599999999999999
 30 52 79104124134134125110 95 83 79 82 93107120126123109 86 59 33 15  824 222SM 52813516131279999999999999911 3 792258  899999999999999
 16 36 64 94119135139131115 96 80 70 71 82 99116129134125105 77 47 21  724 223SM 5491391651134999999999999991125 702328  599999999999999
  7 23 49 81111132142137122100 79 65 61 70 87108126138136122 96 64 34 1324 224SM 6101421725139999999999999991148 612357  599999999999999
  5 14 37 68101127142142128106 82 63 54 58 73 95118135141134113 83 51 2524 225SM 6301431758141999999999999991212 53999999999999999999999
 11 12 30 58 91120139144134113 87 63 49 47 59 80104126139139125100 70 4124 226SM 649144183014199999999999999 023  91237 4699999999999999
 22 17 28 52 82112134144138120 94 68 48 40 47 64 88113131138132114 87 6024 227SM 7 814419 313899999999999999 048 1713 3 4099999999999999
 38 27 32 49 76104128142141126102 75 51 38 38 50 71 96117131133122102 7724 228SM 727143193813399999999999999 113 271331 3699999999999999
 55 42 40 51 72 98121137140130109 83 58 41 34 40 56 78100118126123111 9224 229SM 745141201512799999999999999 137 3914 1 3499999999999999
 73 58 52 58 72 93114130137132115 92 68 47 36 35 44 61 8210111411811310224 3 1SM 8 4137205811899999999999999 2 2 521435 3499999999999999
 88 75 67 68 76 91108123131130119101 79 58 43 36 38 48 64 81 9610610910524 3 2SM 823132215610999999999999999 227 661515 3599999999999999
 98 89 83 81 84 92104116124125120107 90 71 55 43 38 40 49 61 75 87 9610124 3 3SM 844126234710299999999999999 254 811612 3899999999999999
102100 97 95 95 98103110115118117110 99 86 71 57 46 40 39 43 52 63 76 8724 3 4SM 910118999999999999999999999 331 951741 3999999999999999
 97104108109109107106106107109110109106 99 89 76 63 49 39 33 32 39 50 6624 3 5SM 3 410910 611099999999999999 6281061932 3299999999999999
 83 99112120123120114107101 99 99102106108106 99 86 69 50 33 22 18 24 3924 3 6SM 35412313 410899999999999999 918 992053 1899999999999999
 61 85108125134133125112 99 90 86 90 98109117118112 96 73 47 24  8  4 1324 3 7SM 426135144411999999999999999 959 862150  499999999999999
 34 63 94121139145138122102 84 74 73 83 99117129133124103 73 41 14 -3 -524 3 8SM 4561451548133999999999999991032 722236 -699999999999999
 10 38 73108136151149134110 85 65 57 62 80104127143145132106 71 35  6 -824 3 9SM 52515216411469999999999999911 6 572317 -999999999999999
 -4 17 51 90125149157146122 92 63 45 42 55 81111137153153135104 66 30  524 310SM 5541571729155999999999999991140 412356 -499999999999999
 -4  7 35 72110141157154134103 69 41 28 32 53 84117144157153132 99 62 3124 311SM 6211581816158999999999999991215 27999999999999999999999
 12 11 29 59 96129151157144116 80 47 24 17 29 55 88121145155147124 93 6124 312SM 64715719 215599999999999999 032  91251 1799999999999999
 37 27 34 56 86117142154148127 94 59 30 13 14 31 59 92121141146136114 8824 313SM 711154194914699999999999999 1 6 271328 1199999999999999
 65 50 49 61 82108132147148133107 75 44 21 12 18 36 63 9211713113212310624 314SM 734149203813399999999999999 137 4814 7 1299999999999999
 88 73 67 72 85104123138142135116 90 62 37 21 18 26 44 67 9010811811811224 315SM 754142213411999999999999999 2 4 671449 1799999999999999
101 91 85 85 92104117128134131120101 79 57 39 29 27 35 49 67 84 9710510724 316SM 811134225810799999999999999 227 841538 2799999999999999
105101 98 98100106113120124123117106 92 75 59 47 39 37 42 51 63 75 87 9524 317SM 822124999999999999999999999 241 971647 3799999999999999
101104106107108110111113114113110105 99 90 79 68 57 49 44 44 48 57 67 7924 318SM 8 51149999999999999999999991831 43999999999999999999999
 91102109114116115112108105102100100 99 98 94 87 77 65 54 45 41 42 50 6224 319SM 4 31169999999999999999999992014 41999999999999999999999
 78 94108118122120115106 98 91 89 90 95100104103 97 85 69 53 40 34 36 4624 320SM 4121221425104999999999999991010 892116 3499999999999999
 63 84103119127127120108 94 83 77 79 86 96107114113104 87 66 47 32 27 3324 321SM 4291281526114999999999999991021 772158 2799999999999999
 49 71 95116130133126112 94 78 68 66 74 88104118124120106 83 59 37 25 2424 322SM 44813316 8124999999999999991039 662232 2399999999999999
 36 58 85111130138133118 97 76 61 55 61 76 96116130132123102 75 49 29 2224 323SM 5 71381644133999999999999991059 5523 2 2299999999999999
 28 48 75103127140139125103 78 57 46 48 62 84108128139136120 94 65 40 2624 324SM 5261411717139999999999999991121 452330 2499999999999999
 26 40 65 95122139143132110 82 57 40 36 47 68 95121138143133112 83 56 3624 325SM 5451441750143999999999999991145 362356 2999999999999999
 29 38 59 87115136145138118 89 60 38 28 33 52 79107131144142126101 74 5024 326SM 6 314518231459999999999999912 9 27999999999999999999999
 38 40 56 81108131144142125 98 67 40 24 22 36 61 90118137143135116 91 6724 327SM 621145185614399999999999999 022 371235 2199999999999999
 50 46 56 76102125141143131106 76 47 26 17 24 44 72100124138138126106 8424 328SM 640144193014099999999999999 047 4613 2 1799999999999999
 65 57 60 75 96118135141134114 86 57 33 19 18 31 54 81107125133129116 9824 329SM 65914120 813399999999999999 113 571332 1799999999999999
 81 70 68 77 93111127136134119 96 69 44 26 19 24 40 62 8710812112511910824 330SM 718137205312599999999999999 139 6814 4 1999999999999999
 95 84 79 82 92106120129130122104 82 58 38 26 24 31 46 66 8610311311611224 331SM 738131215411699999999999999 2 8 791444 2399999999999999
105 97 92 91 95103113121124120109 93 74 55 40 31 30 36 49 64 80 9410410924 4 1SM 8 0124234511099999999999999 242 911540 3099999999999999
110108105102102104107112115114110101 89 74 60 47 39 35 37 45 57 70 85 9724 4 2SM 826115999999999999999999999 34510217 7 3599999999999999
107113116115112108105104104104104103 99 93 83 70 57 45 36 33 37 46 61 7824 4 3SM 213116 94510499999999999999 74010319 0 3399999999999999
 96112122126124117108 99 92 90 92 97102105103 96 83 66 48 34 26 27 37 5524 4 4SM 3 9126131310599999999999999 9 1 902025 2599999999999999
 78102122134136129115 98 84 75 75 82 94107117119111 95 72 49 29 18 20 3424 4 5SM 343136144411999999999999999 934 742124 1799999999999999
 57 86114135144141126104 81 63 56 60 76 96117131134125103 75 47 25 15 2024 4 6SM 41314515451359999999999999910 6 562211 1499999999999999
 39 68100129147150138114 84 57 40 38 50 74103129145147133107 76 45 24 1824 4 7SM 4411511637148999999999999991040 372253 1899999999999999
 28 53 85118144155149126 94 60 33 20 25 46 77111139155154136108 75 46 3024 4 8SM 5 91551726157999999999999991114 192332 2799999999999999
 29 45 73106135154155139108 71 36 12  6 19 47 83119146159154134105 75 5124 4 9SM 5351571813159999999999999991150  6999999999999999999999
 41 47 67 95125147156147122 87 49 17 -1  1 20 52 90124148156148128101 7724 410SM 6 1156185915699999999999999 0 8 411226 -299999999999999
 61 58 68 90115138151150133103 66 31  6 -4  4 27 60 95125143147138120 9824 411SM 625153194614899999999999999 042 5713 3 -499999999999999
 81 73 76 89108128143147137115 84 51 22  4  1 14 37 68 9812213413512711224 412SM 649147203513699999999999999 114 721341  199999999999999
 98 88 86 92105120133140136122 99 71 43 22 11 13 26 48 73 9711412312411724 413SM 710140213112499999999999999 144 861422 1199999999999999
108100 96 98104114123130130122107 87 64 44 30 23 27 38 56 75 9310611311424 414SM 730130224811599999999999999 214 9615 9 2399999999999999
112108104103105109115119120116108 96 81 65 51 41 37 39 47 60 74 87 9810624 415SM 746120999999999999999999999 2511031611 3699999999999999
110111111109108108108108108107104 99 92 83 72 61 53 47 46 51 59 71 83 9524 416SM 059111 72810899999999999999 5151071739 4699999999999999
105112115115113108104 99 96 95 95 96 96 94 89 82 72 61 53 49 50 57 68 8224 417SM 2321151142 9699999999999999 933 951917 4999999999999999
 96109117121119112103 94 87 83 83 87 93 99101 99 91 79 66 54 48 48 56 6924 418SM 3 512114 310199999999999999 924 822028 4799999999999999
 86104117125125118106 92 79 71 70 75 86 97107112108 98 82 65 52 45 47 5824 419SM 33012615 611299999999999999 941 702116 4599999999999999
 76 96115128131125112 93 76 62 57 62 74 90107119122116100 81 62 48 44 5024 420SM 35313115501229999999999999910 3 572154 4499999999999999
 66 88110127136133119 98 76 57 46 47 59 78100119130130119 99 77 57 46 4724 421SM 4141361629132999999999999991025 452227 4599999999999999
 59 79103125138139127105 79 55 38 34 43 62 88113132139134117 94 71 54 4824 422SM 43414017 4139999999999999991049 332258 4899999999999999
 55 73 96120137142134114 86 57 34 23 27 45 71101126142144133112 88 67 5524 423SM 4541421739145999999999999991114 232327 5399999999999999
 55 68 90114134144140122 95 64 36 18 15 28 53 83114137147143128105 82 6524 424SM 5151441814148999999999999991140 142356 6099999999999999
 60 67 84107128142143130105 74 42 19  9 14 34 64 96124143147138120 98 7924 425SM 53514418491479999999999999912 8  8999999999999999999999
 68 69 81100121137143136115 86 54 26  9  7 20 44 76106130143142130112 9324 426SM 557143192614499999999999999 025 671238  699999999999999
 79 75 81 95114131140138123 98 68 38 16  6 11 28 55 8511213113813512210624 427SM 62014120 813899999999999999 055 751311  699999999999999
 92 83 84 93107122133136127108 83 55 30 14 10 19 38 63 9011212713112711624 428SM 644136205813199999999999999 128 821349 1099999999999999
104 94 90 93102114125130127115 96 72 48 29 18 17 27 45 68 9010812012412124 429SM 71213022 412499999999999999 2 5 901434 1699999999999999
114106100 98100107114121122117106 89 69 50 35 26 26 34 49 67 8610311412024 430SM 745122233312199999999999999 258 981532 2599999999999999
120117111106103102105108111112108100 88 73 58 44 35 33 38 49 64 81 9811224 5 1SM 838112999999999999999999999 4361021651 3399999999999999
121124122116109102 97 95 97100103104101 94 83 69 55 44 38 39 47 61 79 9824 5 2SM 1 5124105310499999999999999 7 0 951824 3799999999999999
115126130127118106 93 84 80 82 88 97105109106 97 83 66 51 41 39 46 61 8124 5 3SM 2 4130131010999999999999999 812 801945 3899999999999999
103122134137130115 96 78 65 61 67 79 95111120121112 95 75 56 43 40 48 6624 5 4SM 245137143512299999999999999 855 612048 4099999999999999
 89113133143141126104 78 56 43 43 54 75 99120133135125105 82 61 47 45 5624 5 5SM 319144153813699999999999999 933 412140 4499999999999999
 76102126144148139116 87 56 33 23 28 47 75105131146146133111 86 65 53 5424 5 6SM 3501491632148999999999999991011 222225 5299999999999999
 68 91117139151148130100 66 34 12  7 19 45 80114141154152137114 89 70 6124 5 7SM 4201521722155999999999999991048  723 7 6199999999999999
 67 83107131148153142117 82 45 14 -2 -1 18 49 87122147157153136113 91 7624 5 8SM 4491531810158999999999999991126 -42346 7299999999999999
 72 81 99122141152149131100 63 28  2 -9 -1 23 57 95127148155148131110 9224 5 9SM 51815318571559999999999999912 4 -9999999999999999999999
 83 84 95113132146149139116 83 48 17 -3 -6  6 33 6710112914514814012410724 510SM 546150194414999999999999999 024 821243 -799999999999999
 95 90 94107122137144141126101 70 39 14  1  3 18 45 7610512713813913011724 511SM 615145203214099999999999999 1 0 901323  099999999999999
105 97 96103114126135137130113 89 61 36 17 10 16 32 56 8310612313113012224 512SM 644137212213199999999999999 136 9614 5 1099999999999999
112104100101107116124128127117102 81 58 39 26 23 30 45 66 8710611812312224 513SM 714129221812499999999999999 2171001449 2399999999999999
117110104102103107112117118115107 94 77 60 46 37 36 42 55 72 8910411411924 514SM 750118232411999999999999999 3121021541 3599999999999999
119115109104101101102105107107105100 91 79 67 56 48 47 52 62 76 9110411324 515SM 848107999999999999999999999 4481011643 4799999999999999
118119115109103 98 94 93 94 96 98 99 98 93 85 75 65 58 56 59 67 79 9310624 516SM 03411911 2 9999999999999999 7 3 931757 5699999999999999
116121121116108 98 90 83 81 82 87 93 98101100 94 84 74 65 61 63 71 83 9824 517SM 130122131010199999999999999 8 8 811912 6199999999999999
111121126123115103 89 77 69 68 72 81 93103109109103 92 80 69 65 66 75 8924 518SM 210126143011099999999999999 845 682014 6499999999999999
105119128130123109 92 75 61 55 57 66 81 98112119119110 97 83 72 67 71 8224 519SM 242130152512099999999999999 916 5421 4 6799999999999999
 98114128134131118 99 77 57 44 42 50 66 87108123130127115 99 84 73 70 7724 520SM 310134161013099999999999999 945 412146 7099999999999999
 91109125136137127107 83 58 38 29 33 48 71 97120135139132117 99 83 74 7524 521SM 3361381650139999999999999991013 292224 7399999999999999
 85102120135141135117 92 63 38 21 18 29 52 80109132144144133115 96 82 7724 522SM 4 11411728146999999999999991043 1823 0 7799999999999999
 82 96114131142141128104 74 44 20  9 13 32 60 92121142149145130111 93 8224 523SM 42714318 6150999999999999991114  92335 8099999999999999
 81 90107125139144136116 88 55 27  8  3 14 38 70103130147150142125106 9124 524SM 4551441845150999999999999991147  3999999999999999999999
 84 87100117133143142128103 72 40 15  1  3 19 47 8011113514714713611910224 525SM 524144192714899999999999999 010 841223  099999999999999
 91 88 95109125138142135117 90 59 29  9  1  8 28 56 8811613614414113011424 526SM 556142201214599999999999999 046 8813 2  199999999999999
100 92 93101115128137137127106 79 50 25  9  6 15 37 65 9411813414013612524 527SM 63113921 314099999999999999 127 911345  599999999999999
111100 95 97105117127133130118 98 73 48 27 15 14 25 45 71 9711813113613124 528SM 712133215813699999999999999 214 941433 1399999999999999
122110101 96 97104113121125122111 94 72 51 34 24 25 35 53 76 9911712913324 529SM 8 5125225813399999999999999 315 961528 2399999999999999
129120109100 94 94 98105112116115108 94 77 59 45 36 36 45 61 8110111813024 530SM 921116235713399999999999999 436 931631 3599999999999999
133129120108 96 87 84 86 93101108111109100 87 72 58 49 48 54 68 8610512124 531SM11 6111999999999999999999999 6 5 841742 4799999999999999
132135130118102 87 75 69 71 79 90102111114110100 86 72 62 59 63 75 9211124 6 1SM 051135125511499999999999999 717 691856 5999999999999999
127137138129113 93 73 58 52 54 66 83101115123122113 99 85 73 68 72 8310024 6 2SM 137138142312499999999999999 812 5120 6 6899999999999999
118134141139126105 80 56 40 34 40 56 79103123134134125111 95 82 77 80 9224 6 3SM 218142153313599999999999999 859 3421 7 7799999999999999
109127140145138120 93 64 38 22 18 29 52 80109132144144134119102 89 84 8824 6 4SM 256145163114699999999999999 943 1822 1 8499999999999999
101118135146147134111 80 48 21  7  8 25 52 85116140151150139122105 93 8924 6 5SM 3331481723152999999999999991026  62250 8999999999999999
 96110127142149145127 99 65 33  9 -2  5 26 57 92124146155151138121105 9524 6 6SM 4 914918111559999999999999911 8 -22334 9399999999999999
 94103117134146149140118 87 53 22  1 -4  7 32 6610113014915414813411710324 6 7SM 4461491856154999999999999991149 -4999999999999999999999
 96 98109124138147145132107 75 42 15  0  0 16 43 7610913414815014112611124 6 8SM 523147193815099999999999999 014 961230 -299999999999999
100 97102113128139144138122 96 66 36 14  4  9 28 56 8711513514414213211824 6 9SM 6 0144201814599999999999999 053 961310  499999999999999
105 97 97105116129137138130112 86 58 34 17 13 22 42 69 9712013513913412324 610SM 637139205713999999999999999 130 961349 1399999999999999
110100 96 98106117126132130120102 79 55 36 25 25 37 57 8110512313313412724 611SM 717132213513499999999999999 210 951428 2499999999999999
116105 97 94 97105114121124121111 95 75 56 42 36 39 52 71 9211112513112924 612SM 8 2124221413199999999999999 256 9415 8 3699999999999999
121110100 94 92 94100107113115113104 91 75 61 51 48 54 66 8310111612612924 613SM 859115225612999999999999999 354 921551 4899999999999999
125117106 97 90 87 88 93 99105108107101 92 80 69 62 61 67 78 9210712012724 614SM1017108234012899999999999999 5 8 871640 6199999999999999
128123114103 92 84 79 79 84 90 98103105103 97 88 80 74 73 78 8710011312324 615SM12 1105999999999999999999999 627 791741 7399999999999999
128128122111 98 85 74 69 69 74 83 93103108110106 99 90 84 83 86 9410511724 616SM 026129134211099999999999999 730 681852 8299999999999999
126130128120106 90 74 62 56 57 66 79 94107116119116108 99 92 89 91 9911024 617SM 111130145711999999999999999 818 5620 3 8999999999999999
122130133128116 98 79 60 47 43 48 61 79 98116127130125116105 96 92 9510424 618SM 153133155313099999999999999 859 4321 4 9299999999999999
115127134134126109 88 64 45 33 31 41 59 83107126137139132120107 97 94 9824 619SM 233135163913999999999999999 937 302156 9499999999999999
108121133139135122101 75 49 29 19 22 38 62 91117137147145135120106 96 9524 620SM 3111391721147999999999999991015 192240 9499999999999999
101114128139142134116 90 60 33 15  9 17 39 68100128146152147134117102 9424 621SM 34814218 2152999999999999991054  92321 9499999999999999
 96106120135144144131108 78 46 20  4  3 17 43 76110136152155146130112 9824 622SM 4271451843155999999999999991134  1999999999999999999999
 93 98110127141148143126 99 67 35 10 -2  2 21 51 8611814215415314112410624 623SM 5 8148192415599999999999999 0 2 931216 -399999999999999
 95 93100115132144148140120 91 57 27  5 -2  6 29 61 9512514615414913511724 624SM 55114820 615499999999999999 043 921258 -299999999999999
101 92 92102118133144145135113 83 51 24  7  4 16 41 7210413114715114312724 625SM 637146204815199999999999999 126 911342  399999999999999
110 95 88 91102117131140140128106 79 50 27 15 16 30 55 8411313514714713624 626SM 728141212914899999999999999 213 881426 1499999999999999
120103 90 84 88 98113125133132122102 78 55 37 28 32 47 70 9612013814514224 627SM 826134221014599999999999999 3 6 841512 2899999999999999
130113 96 84 79 82 91104117125125117102 83 64 51 46 51 65 8510712613914324 628SM 934126225214399999999999999 4 7 7916 0 4699999999999999
137123106 89 76 70 72 81 94107116120116105 92 78 68 65 70 81 9811613113924 629SM1058120233514199999999999999 515 701655 6599999999999999
140132118100 81 67 60 61 69 82 97109117118113104 94 86 83 86 9510812213324 630SM1240119999999999999999999999 625 5918 1 8399999999999999
139138129113 93 73 57 48 48 56 71 89106118124123117109101 97 9710411412524 7 1SM 021140142112599999999999999 731 471922 9699999999999999
135140137127109 86 64 46 36 36 46 64 8510712413313513012111210510410811724 7 2SM 112140154213599999999999999 830 34204510499999999999999
127136141137125104 79 54 34 24 25 38 60 8611113114214413812811710810610924 7 3SM 2 6141164214599999999999999 923 23215510699999999999999
118129139143138123 99 71 44 24 14 18 35 61 9111913915015014212911610710424 7 4SM 2591431730151999999999999991013 14224910499999999999999
109120132142145138119 93 63 35 15  8 16 37 67 9912714715515114012411010224 7 5SM 3481451811155999999999999991058  8233210199999999999999
102110122136145146136114 85 53 26  9  6 19 45 7710913615215514713311610324 7 6SM 4351471847155999999999999991140  6999999999999999999999
 97101112126140148145131107 75 44 20  7 10 28 57 9012014215315113912210624 7 7SM 518148192015499999999999999 0 8 971219  699999999999999
 96 94101115130143147141124 97 66 37 17 11 20 42 7210313014715114412811124 7 8SM 558147195115199999999999999 042 931255 1199999999999999
 97 90 92103118133143144134114 86 57 33 20 20 34 59 8911713814814613411724 7 9SM 637145201914899999999999999 114 901329 1899999999999999
100 89 86 92105120133140138125103 77 53 35 28 34 52 7810512814214513812324 710SM 716140204614699999999999999 148 8614 1 2899999999999999
106 91 83 84 93106120130134129115 95 72 53 42 41 52 72 9611813514314012924 711SM 757134211314399999999999999 224 831432 4099999999999999
113 96 85 80 83 92104116125126120107 90 72 59 54 58 71 9011012813914013324 712SM 844127214114199999999999999 3 6 8015 4 5499999999999999
120104 89 80 77 80 89100111118119113103 90 78 70 69 75 8810512113313813624 713SM 940119221013899999999999999 356 771539 6899999999999999
126112 97 84 75 73 76 84 94104111113111104 96 88 83 84 9110211412613413524 714SM1058113224513699999999999999 455 731622 8399999999999999
131120106 92 79 70 67 70 77 87 97106112113110105100 97 9710211011912813224 715SM1247113232913399999999999999 6 3 671724 9799999999999999
132127116102 87 73 63 59 61 68 80 9310511512012011711210810610811312012724 716SM1434120999999999999999999999 712 59185810699999999999999
131131125114 98 81 65 53 48 50 60 74 9210912213013112712111411011011312024 717SM 026132154513199999999999999 813 48203310999999999999999
127132132125113 95 74 55 41 35 39 52 71 9411613214114113512511510910811224 718SM 131133163414299999999999999 9 7 35214210799999999999999
120129135136128112 90 65 43 27 22 29 47 7210012514315114813812511210410424 719SM 232136171615199999999999999 955 22223310399999999999999
111122134142141130110 83 54 29 14 11 23 46 77109136153158151137120105 9824 720SM 3271421754158999999999999991041 102314 9899999999999999
101112127141149146132107 75 43 17  3  4 21 51 86120146161161149130111 9724 721SM 4181491831162999999999999991125  12354 9299999999999999
 92 99114132148155150131102 67 33  8 -3  4 27 60 9813115516415914212010024 722SM 5 715519 71649999999999999912 7 -3999999999999999999999
 87 87 98117137153158150128 95 59 27  5  0 12 39 7411114216016415213110824 723SM 555158194216499999999999999 033 861249 -199999999999999
 88 79 83 97119139154157146122 89 55 26 10 11 27 57 9212515016215814211824 724SM 645158201516299999999999999 113 791329  899999999999999
 95 78 72 79 96118138151152140115 85 55 33 23 29 49 7810913715515914912924 725SM 735153204715999999999999999 156 7214 8 2399999999999999
105 83 69 67 76 93114133144144132110 85 62 47 43 53 73 9812414515415213824 726SM 829145211715599999999999999 241 661446 4399999999999999
116 93 73 62 62 72 89108124134134125108 90 74 66 66 77 9511513414715014324 727SM 930135214815099999999999999 332 611524 6599999999999999
127106 84 67 58 58 67 82 99114123126121111 99 90 86 89 9811212613914514424 728SM1047126222014599999999999999 430 5716 6 8699999999999999
134118 99 80 64 55 54 60 73 8910311412012111711210710510711312113013714024 729SM123612123 114099999999999999 538 5317 310599999999999999
137128114 96 78 62 52 48 53 64 79 9510912012612712512211911811912312813324 730SM1448127999999999999999999999 655 48185411899999999999999
135134126114 97 78 60 47 42 44 55 71 9010912413413813613112512011812012424 731SM 0 813516 913899999999999999 811 4221 611899999999999999
129133134128116 98 77 57 41 34 36 48 68 9111413214414614213412411611211324 8 1SM 138134165314799999999999999 916 33221411299999999999999
119128135137133119 99 74 51 33 26 30 46 70 9812314215215114313011610710424 8 2SM 25413817261539999999999999910 8 26225410499999999999999
108118130140143137120 95 67 42 25 20 29 50 78109134151156150136120105 9724 8 3SM 3521431756156999999999999991051 202325 9699999999999999
 98107121136146148138117 88 58 33 18 18 33 60 92122145157155143125107 9324 8 4SM 4381481823158999999999999991129 162354 8999999999999999
 89 95110127143152149134109 77 47 25 17 24 45 76108136153158149131111 9324 8 5SM 51915218491589999999999999912 3 17999999999999999999999
 83 85 97115135149154147127 98 66 39 23 22 36 63 95125147157153138116 9524 8 6SM 556154191215799999999999999 021 831234 2099999999999999
 81 77 85101122140152152139115 86 57 36 28 35 55 8411413915415514312310024 8 7SM 631153193415699999999999999 049 7713 2 2899999999999999
 82 72 75 88107127143150145129104 76 53 40 40 53 7710513114915514713010724 8 8SM 7 7150195515599999999999999 118 721329 3899999999999999
 86 72 68 76 91111130142144136118 94 72 56 50 57 75 9912414315214913611524 8 9SM 744145201615399999999999999 149 681356 5099999999999999
 93 75 66 67 78 95113129137136126109 90 74 65 66 78 9611713614814914012224 810SM 824138203715099999999999999 222 651422 6499999999999999
102 82 69 64 68 80 96112124130127118104 91 81 79 84 9611312914114614112824 811SM 911130205914699999999999999 3 0 641450 7999999999999999
110 92 76 66 64 69 80 94108118122120114106 98 93 9410111112313414013913224 812SM1013122212414199999999999999 345 631522 9399999999999999
118102 86 73 65 63 68 77 8910111011611811611210910710811312012713313513224 813SM1156118215613599999999999999 444 6316 910799999999999999
124112 98 84 72 64 61 63 70 81 9310411412012312312111911811912112512813024 814SM1427123225513099999999999999 6 4 6118 611899999999999999
128122112 99 85 71 60 54 54 60 71 8610211612713313513212612111811812012424 815SM1544135999999999999999999999 732 53203711899999999999999
127128125116103 86 68 53 43 41 47 62 8210412413814514513812811911211111424 816SM 046128162614699999999999999 844 41214511199999999999999
122129134132123107 85 62 42 29 27 36 56 8311113515015615113912311010210324 817SM 21813417 015699999999999999 941 26222610199999999999999
111123136143142131109 82 53 29 15 16 30 57 90122148162162151132112 97 9124 818SM 3241441732164999999999999991029 1323 2 9199999999999999
 96110129146155152136109 76 43 17  6 11 32 65102136160169163144120 97 8224 819SM 41915518 4169999999999999991112  52338 7999999999999999
 80 92113136155164159138106 68 34 11  4 16 43 80119150169170156130102 7924 820SM 5 91641835172999999999999991152  4999999999999999999999
 68 73 90116143162169160135100 63 31 13 12 30 62100136162172164142113 8424 821SM 55716919 417299999999999999 014 681231 1099999999999999
 63 58 68 91119147165169156129 95 61 35 24 30 53 85120150167168152125 9424 822SM 645169193217099999999999999 051 5713 8 2499999999999999
 67 51 51 66 92121146162162148122 92 65 47 43 55 7910913715816615713610724 823SM 733164195816699999999999999 130 491343 4399999999999999
 77 55 45 49 66 92119141153152138117 93 74 65 68 8210412814815915814311924 824SM 824154202316099999999999999 211 441417 6599999999999999
 92 66 49 44 50 68 90114132141139129114 99 89 86 9210612313915015314612924 825SM 922141204615399999999999999 256 441448 8699999999999999
107 83 63 50 47 53 68 8710512012812912411710910510611212213214114614313424 826SM1038129211014699999999999999 349 47152010599999999999999
119100 81 65 55 51 56 66 80 9510811812312412312112012112412813313613613324 827SM1256124213713799999999999999 457 5116 512099999999999999
126115101 86 72 61 55 55 61 72 85 9911212212913213213112812612612612612724 828SM1536132231112799999999999999 628 54202112699999999999999
126123117106 93 78 64 55 51 54 64 78 9611312713714113913412712111611511724 829SM1612141999999999999999999999 8 2 51215011599999999999999
121126127124114 99 81 63 50 44 47 59 77 9912013714614714113111910910410624 830SM 152127163814899999999999999 911 44221810499999999999999
112122131135132120101 79 58 42 36 42 59 82108131147153148136120105 96 9424 831SM 3 913517 21539999999999999910 0 362242 9399999999999999
100113128140144138122 98 72 48 34 32 44 66 94122144155154143124105 90 8424 9 1SM 3591441725156999999999999991038 3123 6 8499999999999999
 88101119137149151140118 90 61 39 29 34 53 80111138155159149130108 88 7624 9 2SM 4391521747159999999999999991111 292330 7599999999999999
 76 88107129148157153136109 78 51 33 31 44 68 99129151160155137113 89 7224 9 3SM 51415718 7160999999999999991140 302354 6799999999999999
 67 75 93117140156160150127 97 67 44 35 41 61 89120145159159144120 94 7224 9 4SM 54816018271619999999999999912 7 35999999999999999999999
 60 63 78101127148159157141115 86 60 45 44 58 82111138156160149128100 7524 9 5SM 621160184616099999999999999 020 601233 4299999999999999
 58 54 65 85111135152158150130104 78 59 53 60 79105131151159153134108 8224 9 6SM 65415819 515999999999999999 046 541259 5399999999999999
 60 51 54 70 93119140152152139119 96 76 65 67 80101124144155154140117 9024 9 7SM 729153192315699999999999999 113 501324 6499999999999999
 67 52 49 59 78101123140147142129110 93 80 77 84 9911913715015214212410024 9 8SM 8 6147194215299999999999999 143 491349 7799999999999999
 76 58 50 53 65 84105124135138132120107 95 89 9210111513114214714212910924 9 9SM 84813820 014799999999999999 215 501414 8999999999999999
 87 69 56 53 58 71 8810511912812912511710910310210611512513514013913111724 910SM 943129202014199999999999999 253 53144310299999999999999
 99 82 67 59 57 62 72 8610011111912212211911611411411712212813213313012224 911SM1122122204313399999999999999 345 57152411499999999999999
110 96 82 71 63 60 62 68 79 9010211212012512712612512312212312412512512324 912SM1422127212812599999999999999 5 7 60181312299999999999999
118110100 88 76 66 58 56 59 67 79 9411012313313713713312712011611511611924 913SM1525138999999999999999999999 658 5621 011599999999999999
121122118110 97 81 65 52 45 46 55 71 9211413214514914513512211110410410924 914SM 037122155914999999999999999 824 44213610399999999999999
118127132131121104 82 60 42 32 33 46 69 97124145157157146129110 96 89 9324 915SM 221132162815899999999999999 923 3122 8 8999999999999999
105122137146145132109 81 52 31 21 26 45 75108138159166158139115 92 77 7424 916SM 3251471657166999999999999991010 212240 7499999999999999
 85106130150161157140111 76 45 23 17 28 54 89125154169168151124 94 70 5824 917SM 4181611725171999999999999991052 172314 5899999999999999
 63 82110139162172165142108 72 41 23 22 40 71108142166173162136103 71 4924 918SM 5 61721753173999999999999991131 202349 4399999999999999
 43 56 82116148170177166140105 70 43 31 38 61 94129157172169148116 80 5024 919SM 55317718201739999999999999912 8 31999999999999999999999
 33 35 54 85121152172175161134101 71 52 48 60 86117146166170157130 94 6024 920SM 640176184517199999999999999 025 311244 4799999999999999
 35 25 33 57 90124152167167152127100 78 67 70 86110135156166160140110 7624 921SM 72816919 916699999999999999 1 2 251318 6799999999999999
 47 28 25 38 62 93123146157154141122103 89 86 93108128146157158146123 9424 922SM 818158193215999999999999999 142 241350 8699999999999999
 66 43 31 32 46 68 9411913614314113212010910310411212413714715114513011024 923SM 915144195215199999999999999 224 30142010399999999999999
 86 64 47 40 42 54 72 9211012313013112712111711611812413113714013913111924 924SM1035131201014099999999999999 315 40145111699999999999999
103 85 69 57 52 52 60 72 8710111212012512712712612512612712812912812612124 925SM1319127201112999999999999999 422 51161212599999999999999
113103 92 80 69 62 59 61 69 79 9210511712613113313212912512111811611611624 926SM15 9133234411799999999999999 6 2 59214711699999999999999
117115110102 91 78 67 60 59 63 74 8810412013113813913412611710910410410724 927SM1537139999999999999999999999 745 58213710399999999999999
113119123120112 98 82 67 56 53 59 72 90110128140144140130116103 94 91 9524 928SM 2 8123155914499999999999999 853 532154 9199999999999999
105117128133130118100 80 61 50 49 58 76 99122140148147136119101 86 79 8224 929SM 310133162114999999999999999 938 482215 7999999999999999
 93109126139143136119 96 73 54 45 49 64 87113136150153143125103 83 70 6924 930SM 3531431642153999999999999991013 452238 6899999999999999
 79 97119138150150137115 89 64 48 45 55 77104130149156150132107 83 64 582410 1SM 43015217 2156999999999999991044 4423 1 5899999999999999
 64 82107131150158152133107 79 57 47 51 69 95122145157155139114 86 63 502410 2SM 5 41581721158999999999999991113 472324 4899999999999999
 51 66 91119144159161148125 97 72 55 53 65 88115140156158146122 93 65 462410 3SM 5371621740159999999999999991139 522349 4199999999999999
 41 51 74103131153163158140115 88 68 60 65 83108133152159151130101 71 472410 4SM 6 916317581599999999999999912 6 60999999999999999999999
 36 40 58 85115141158161150130105 83 70 70 82103126146156153137110 80 532410 5SM 642162181715799999999999999 015 351231 6899999999999999
 36 33 45 68 97125147157154140119 99 83 78 84100120139152153141119 90 632410 6SM 716157183615499999999999999 042 321257 7899999999999999
 42 33 37 54 79106130146151144129112 97 88 89 99115132145149143125101 752410 7SM 752151185514999999999999999 110 321324 8799999999999999
 52 38 36 45 64 88111130141141134122109100 97102112126137143141129110 882410 8SM 834142191514499999999999999 142 351352 9799999999999999
 66 50 41 43 54 71 921111251321321271191111071071121211291351361301171002410 9SM 931133193613699999999999999 220 41142610699999999999999
 82 65 53 48 50 59 73 89105116123126125122118116116118122126128126120110241010SM11 812620 112899999999999999 311 48152711699999999999999
 97 83 70 60 55 55 60 70 82 96108118125129129127123120118117117118117115241011SM1332129999999999999999999999 432 54999999999999999999999
110102 92 80 69 59 55 55 62 73 88104119131137138133125117109105105108112241012SM1437138999999999999999999999 624 54203510499999999999999
116117113104 91 75 61 50 47 52 65 84106126141147145135120105 94 89 92101241013SM 045117151314799999999999999 754 4721 7 8999999999999999
113124131129118100 79 59 44 39 46 64 88115138152155146128106 86 73 71 81241014SM 219131154315699999999999999 855 392139 7199999999999999
 98119137147145130107 80 55 39 36 47 70 99129152162157139113 85 62 52 56241015SM 320147161216299999999999999 944 352212 5199999999999999
 74101129151162157138110 79 53 39 40 56 84116145163166152124 91 60 38 33241016SM 4121621640167999999999999991027 372247 3399999999999999
 46 73107140163172164141110 79 55 45 51 72102134158169162138104 67 36 19241017SM 5 117217 71699999999999999911 7 452323 1899999999999999
 22 42 76114148171177165140109 80 61 57 69 93122149166167151120 81 45 18241018SM 5481771734169999999999999991145 57999999999999999999999
  8 18 45 82121153172174160135108 85 72 74 90113138158166158134100 62 29241019SM 63617518 016699999999999999 0 0  81221 7199999999999999
  9  7 22 52 89125152166165151129107 91 86 93109129148160159144117 83 49241020SM 724167182616199999999999999 038  51256 8699999999999999
 23 10 14 32 61 94125146156153140124109100100108122138150153146128102 72241021SM 814156185115399999999999999 118 101331 9999999999999999
 45 26 19 26 44 69 97121137143140132121113109111119129138143141131114 92241022SM 911143191514499999999999999 2 1 1914 610999999999999999
 69 49 37 33 40 55 75 96114126132131127121117116118122127131132128119106241023SM1025132193813299999999999999 250 33145411699999999999999
 90 73 59 50 47 52 63 77 93107117124127126124121119118118119119118116111241024SM1213127195511999999999999999 352 47171711899999999999999
103 93 82 71 63 59 60 66 76 89102113122127128126122117112108106106107109241025SM1350128234710999999999999999 518 58203410699999999999999
109107102 93 82 72 65 63 66 75 87101115126132132127119109100 94 92 95101241026SM1434133999999999999999999999 655 632054 9299999999999999
108114115112102 90 77 67 63 65 75 90106122133137134124110 96 84 79 80 88241027SM 15011615 313799999999999999 8 8 632117 7999999999999999
101113123126121109 93 77 65 61 66 79 97116132141140131115 96 79 68 66 74241028SM 253126152714299999999999999 858 612141 6699999999999999
 88107123134136127111 92 74 63 62 71 88109129142146138121 99 77 60 53 58241029SM 338136155014699999999999999 938 6122 5 5399999999999999
 73 95118136145142129109 88 70 62 66 80101123141149145129105 79 57 43 43241030SM 4171451611149999999999999991012 622230 4299999999999999
 57 79106131148153145127104 83 69 66 75 94116137150150137114 85 57 38 32241031SM 4521531632152999999999999991043 652255 3299999999999999
 40 61 90120144157156142121 98 79 70 74 89110132148153144123 94 63 38 252411 1SM 5261581653153999999999999991112 702321 2499999999999999
 27 44 71103133153160153136113 92 78 76 85104125143152149131104 72 43 242411 2SM 6 01601714153999999999999991141 752349 1899999999999999
 19 29 53 84116142157158147127106 89 81 85 99118137149150138115 84 53 292411 3SM 6341591735151999999999999991210 81999999999999999999999
 17 20 37 65 97126147155151137119101 89 88 96112129143149142124 97 67 402411 4SM 7 9156175814999999999999999 018 161239 8799999999999999
 22 17 27 48 76106131146149142128112 99 93 96107122136144142130109 82 552411 5SM 748150182314499999999999999 050 1713 9 9399999999999999
 34 22 23 36 58 85111130141141134122109101 99105115127136138132117 96 722411 6SM 833142184913999999999999999 125 211345 9999999999999999
 50 34 27 32 45 66 89110126134134128119111106106110118126130129122108 892411 7SM 931135192113199999999999999 2 7 27143210599999999999999
 69 52 40 36 40 52 70 891071201281301271211151111091111151191211201141032411 8SM105013020 712199999999999999 259 36155610999999999999999
 89 73 59 49 44 46 55 69 861021161261311301251191121071051051081101121102411 9SM122113122 311299999999999999 411 44181510599999999999999
105 95 83 70 59 51 50 56 67 83100117129135135129119107 97 91 90 94101108241110SM1328136999999999999999999999 541 501941 9099999999999999
113113108 97 82 68 57 52 55 66 83103122136142139129112 95 80 72 73 81 95241111SM 033114141214299999999999999 7 8 522027 7199999999999999
109121126123111 94 76 61 54 56 68 88110131145148140122 99 76 58 51 56 71241112SM 2 6126144814999999999999999 816 5321 6 5199999999999999
 93115133141138124103 82 65 57 60 75 97122142153151135109 80 53 35 31 43241113SM 312141152115499999999999999 912 572144 3199999999999999
 66 96125146155150133110 86 69 62 69 87111135152158148124 91 57 29 14 16241114SM 4 815515521589999999999999910 0 622222 1399999999999999
 35 66102134157164157138113 90 74 71 81101125147159157139109 71 36 10  0241115SM 4591641623160999999999999991044 7023 1  099999999999999
  9 35 71110143163168158138113 92 81 82 94115137155160151126 91 53 19 -2241116SM 5481681654160999999999999991126 792341 -799999999999999
 -6 10 40 78117147164166154134112 95 88 93108127146157156140111 75 39 10241117SM 63616717251589999999999999912 5 88999999999999999999999
 -5 -3 17 49 86121147160158146128110 98 96103118135148153146127 97 63 31241118SM 723161175615399999999999999 021 -61244 9599999999999999
  9  0  7 28 59 93123143151148136121108101102111124137145145134114 86 57241119SM 811152182914699999999999999 1 3  0132210199999999999999
 31 15 11 21 42 70 98122137142138128116107104107114124133137133122103 79241120SM 9 114219 313799999999999999 146 1114 410499999999999999
 56 36 26 25 36 55 78101119130133129121113107105107113120124125121111 96241121SM 954133194212599999999999999 231 24145710599999999999999
 77 60 46 39 40 50 66 84102116125127124118112106104104107110113114111104241122SM1054127204211499999999999999 321 38162210499999999999999
 93 80 67 57 52 53 61 74 89103115123125123117110104 99 97 97 99101104104241123SM1158125224410599999999999999 419 521828 9699999999999999
102 96 87 77 68 63 63 69 79 92105116124126123116107 98 90 85 84 87 92 98241124SM1256126999999999999999999999 529 631946 8499999999999999
103105103 96 87 78 72 70 74 84 96109121128129124113100 87 77 71 71 77 87241125SM 056105134112999999999999999 646 702028 7099999999999999
 98108113112105 95 85 77 75 79 88102115127132131121106 89 72 61 56 60 72241126SM 221113141713399999999999999 754 7521 1 5699999999999999
 87104117123122114101 89 80 78 83 94109123133136129115 94 73 55 45 44 55241127SM 319124144813699999999999999 849 782131 4399999999999999
 72 94114128134130119104 90 81 81 88102118132139136124103 78 54 37 31 37241128SM 4 4134151613999999999999999 934 8022 0 3199999999999999
 54 78104126140142134120103 89 82 85 96112128139141132113 87 59 35 22 22241129SM 4431431543142999999999999991013 822229 2099999999999999
 36 60 89117138148146135117100 87 84 91105122137144140124 98 68 39 19 12241130SM 5201491610144999999999999991049 8423 0 1299999999999999
 19 40 69101129147152146131112 95 87 88 99115132143144133111 81 50 23  82412 1SM 5551521637145999999999999991122 862332  599999999999999
  7 22 48 81113138151152141124106 92 88 94107124139145141123 96 64 34 122412 2SM 63215317 6146999999999999991155 88999999999999999999999
  2  9 29 59 92122143151147134116100 91 91100115131142143133111 82 50 232412 3SM 7 9151173714499999999999999 0 6  21229 9099999999999999
  6  3 15 39 70101127143147140126110 97 92 95107121134141137123 99 70 412412 4SM 750148181114199999999999999 042  213 6 9299999999999999
 18  6  8 24 49 79107129141142134120106 96 94 99110123133136129113 89 622412 5SM 834143184913699999999999999 122  61348 9499999999999999
 37 19 12 17 34 59 86111129138137128116104 96 95100110120127127120105 832412 6SM 923139193512899999999999999 2 4 121440 9599999999999999
 60 40 26 22 29 45 68 92113128135133125113103 95 93 971041121181181131002412 7SM1016135203811999999999999999 252 221550 9399999999999999
 83 64 48 37 34 41 55 75 96115128134132123112100 91 87 88 931001071111092412 8SM1112134221211199999999999999 347 341717 8699999999999999
101 89 74 60 50 48 52 65 82100117129134131122108 94 82 74 73 78 87 981062412 9SM12 8134999999999999999999999 453 471839 7399999999999999
110107 99 87 75 65 61 63 73 88105121132136132120102 83 67 57 56 62 75 91241210SM 0 8110125813699999999999999 6 8 611942 5599999999999999
105115118113103 90 79 72 73 81 95111127137139131115 93 69 49 38 37 47 66241211SM 151118134413999999999999999 727 712033 3699999999999999
 88109124130127117103 90 81 80 88101118133142141129107 80 52 30 19 21 36241212SM 3 9131142614399999999999999 837 802120 1899999999999999
 61 89116135143139128112 97 87 86 94108125139146141124 97 65 35 12  3 10241213SM 41214315 714699999999999999 938 8622 5  399999999999999
 31 61 94124144152147134116100 91 91100115132145148139117 86 51 19 -2 -7241214SM 5 51521548149999999999999991030 902248 -799999999999999
  5 31 65102132151156149134116100 92 95106122138149148134108 73 37  7-10241215SM 5541561627150999999999999991117 922331-1299999999999999
-10  6 36 73110138154156146129111 98 93 98111128142149144126 97 62 27  1241216SM 63915717 7149999999999999991159 93999999999999999999999
-11 -7 14 47 83117141152151139121105 95 94101116132143146137116 86 52 21241217SM 721153174614699999999999999 013-121238 9399999999999999
  0 -6  3 27 59 94122141148142128112 99 92 94104119132140140128105 76 45241218SM 8 0148182514199999999999999 054 -71315 9299999999999999
 20  5  4 18 43 73103126139141132118104 93 90 95106118129134130117 95 68241219SM 83714119 513499999999999999 133  31353 9099999999999999
 42 23 15 19 35 60 87111128135133122109 97 89 89 94104115123125119106 86241220SM 912136194812599999999999999 210 141436 8899999999999999
 64 44 31 28 36 53 75 98117128131125114102 92 86 86 92100108113114109 97241221SM 947131203711599999999999999 247 281527 8699999999999999
 81 64 51 43 44 54 70 89107121127127119108 97 88 82 82 86 92 99103104101241222SM1023128214510599999999999999 324 421634 8299999999999999
 93 82 70 61 57 60 69 83 99113122126123115104 93 83 77 75 77 82 89 95 98241223SM11 31262327 9899999999999999 4 5 571757 7599999999999999
 98 94 87 80 74 72 74 82 93105116123125121112100 88 76 68 65 66 72 80 89241224SM1148125999999999999999999999 458 721912 6599999999999999
 96100100 97 92 86 84 85 90 99109118123124119109 95 80 66 56 52 55 63 75241225SM 132101123812599999999999999 613 8420 8 5299999999999999
 88100108110108103 97 92 91 95102111120125125118105 88 70 54 43 40 45 57241226SM 3 1110132912599999999999999 741 912053 3999999999999999
 74 92108118122119111103 96 94 97104114123127125116 99 78 57 39 28 28 38241227SM 359122141512899999999999999 855 942132 2799999999999999
 56 78101119130131126115104 96 94 98107118127131126112 90 65 41 23 15 19241228SM 442132145713199999999999999 950 9422 9 1599999999999999
 35 59 87112131139138128114101 93 93 99111124133134124105 79 50 25  8  5241229SM 5201401536134999999999999991034 922246  499999999999999
 15 37 66 97124140145139126110 96 90 92103117131138135121 96 66 35 10 -3241230SM 5561451615138999999999999991112 902323 -499999999999999
 -1 15 43 77109133146147136119102 90 87 94108124137142135115 86 52 21 -1241231SM 6311481654142999999999999991148 86999999999999999999999
