 63 37 21 19 31 56 86115137148147135117100 88 84 8910211713214013912810824 1 1SR 922149202614199999999999999 238 181456 8499999999999999
 83 58 39 31 35 51 75102126141145139125108 93 84 82 8810011312513012811724 1 2SR 954145211213099999999999999 311 311543 8299999999999999
 99 79 60 48 45 53 69 92114132142141133118102 89 80 79 84 9410511511911724 1 3SR1029143221311999999999999999 346 451642 7999999999999999
109 96 81 68 61 61 70 85104122135140137127113 97 84 75 73 76 85 9510411024 1 4SR11 8140234211199999999999999 427 601753 7399999999999999
111107 99 89 80 75 76 84 97112126136139134124109 92 77 67 62 65 73 84 9624 1 5SR1155139999999999999999999999 519 7519 8 6299999999999999
106111112108101 94 89 89 94104116128136139134122105 85 68 54 48 51 60 7524 1 6SR 137112124913999999999999999 632 882013 4899999999999999
 91107118122120114106 99 96 99107118130138141135120100 76 54 38 32 36 4924 1 7SR 312122134714199999999999999 8 0 9621 8 3299999999999999
 69 92113129136134125114103 98100108120134143145137119 93 64 38 20 14 2224 1 8SR 416136144214699999999999999 917 982157 1499999999999999
 41 68 98124142149145132117103 96 98109124140151151140116 84 50 20  2 -224 1 9SR 5 51491534153999999999999991017 962242 -299999999999999
 11 37 72107137155160151134114 98 92 96111130149160158141111 73 34  3-1424 110SR 54816016221619999999999999911 5 922327-1699999999999999
-13  6 39 79119150166166152130107 91 87 96115138158168163140104 61 20-1124 111SR 6291681710168999999999999991149 87999999999999999999999
-25-19  7 46 91131160172166146121 97 83 83 97120146166174164136 96 50  824 112SR 7 9172175717499999999999999 011-261230 8199999999999999
-20-29-16 16 59104143167172160136109 86 75 80 98125152170175160129 86 4124 113SR 747172184517599999999999999 054-291312 7599999999999999
  3-20-22 -4 31 75118152169167150123 96 76 69 78100127153169169152119 7824 114SR 825170193317199999999999999 137-241355 6999999999999999
 37  5-11 -7 16 52 93131157167158137109 84 67 65 76 9812514816115914111024 115SR 9 1167202216299999999999999 218-121441 6499999999999999
 73 39 15  7 16 41 75111141159160147124 97 74 61 61 73 9411813814814512824 116SR 936161211614999999999999999 259  71531 5999999999999999
102 74 48 33 31 43 67 96125146156152135112 87 67 56 56 68 8610712413213024 117SR1011156222013399999999999999 338 301628 5599999999999999
119100 80 63 55 57 69 89112133147150143126104 81 63 52 51 60 75 9210811724 118SR1049150234411999999999999999 419 541734 5199999999999999
119114103 91 82 78 81 91106122136144144136120100 78 60 48 45 50 62 77 9324 119SR1132145999999999999999999999 5 6 781852 4599999999999999
106113115112106101 97 99104114124134139139132118 99 77 57 42 36 38 49 6524 120SR 148115123014099999999999999 615 972013 3599999999999999
 84101114122124121116110108109114122130137138133119 99 75 52 34 25 26 3824 121SR 349124134513999999999999999 8121082122 2499999999999999
 57 81103122133136132124115108106110118129138141136121 98 70 44 23 13 1624 122SR 454136145714199999999999999 9521062216 1399999999999999
 32 56 85112133144144137124111102100105117131142146140121 94 62 32 11  324 123SR 534145155514699999999999999104810023 1  399999999999999
 11 32 63 95125144152147134117102 93 93103120137150152141118 85 50 19  024 124SR 6 61521643153999999999999991127 922339 -399999999999999
 -2 12 40 75110138154155143125105 90 84 90106127146157155139109 72 35  724 125SR 6341561724158999999999999991158 84999999999999999999999
 -6 -1 21 55 93127150158151133110 90 79 79 92113136154161153130 95 56 2124 126SR 7 115818 016199999999999999 014 -71227 7799999999999999
 -1 -6  8 37 75112141157156141118 94 77 71 79 98122145160161146116 79 4124 127SR 726158183416299999999999999 046 -71255 7199999999999999
 12 -2  2 25 59 97130152157147126101 79 67 69 83106131151160154133100 6324 128SR 75015819 816099999999999999 115 -31324 6699999999999999
 30  9  5 19 47 83118144156152134109 84 67 62 70 89113136151154142117 8424 129SR 814157194115599999999999999 143  41354 6299999999999999
 51 26 15 21 41 72106135152154141118 93 71 60 60 73 9411713714614312710124 130SR 837155201614799999999999999 211 151426 5899999999999999
 72 46 31 29 42 66 96125145153146127103 79 63 56 62 77 9711813213713011324 131SR 9 0153205513799999999999999 237 2815 2 5699999999999999
 90 67 50 43 48 65 89115137148147134113 90 70 58 55 63 78 9711312412611824 2 1SR 925149214112699999999999999 3 5 431543 5599999999999999
104 86 70 60 60 69 86107127141145138123102 81 65 55 55 62 76 9110511311524 2 2SR 952145224511599999999999999 334 591634 5499999999999999
110101 89 80 76 78 88102118131139138129114 95 77 62 53 52 58 69 82 9410324 2 3SR1025139999999999999999999999 410 761740 5299999999999999
108109105100 95 92 94101111121130134132123110 93 75 60 50 45 48 57 69 8324 2 4SR 032109111213499999999999999 5 4 9219 6 4599999999999999
 97107114116114110106105107112119125129129124112 95 76 57 42 33 33 41 5624 2 5SR 257116123113099999999999999 6591052032 3299999999999999
 75 95113125130129123115108105107113122130133130118 99 75 51 30 17 15 2524 2 6SR 41713014 413399999999999999 9 61052139 1599999999999999
 45 72100124140145141129115103 97 99109122135143141127103 72 41 14 -1 -224 2 7SR 5 21451519144999999999999991015 972232 -499999999999999
 13 40 75110138155157147128108 92 86 92107127146156153136105 66 28 -3-1824 2 8SR 54015816191579999999999999911 1 862319-1999999999999999
-14  8 43 85125154167163144119 94 77 75 87109136159170164140102 57 14-1624 2 9SR 6141671711170999999999999991141 74999999999999999999999
-28-17 12 55101142167173160134103 76 62 65 85114146170179169139 95 47  424 210SR 648174175917999999999999999 0 2-281219 6199999999999999
-22-27 -9 28 74121157175172150117 83 58 49 60 86120153177182166131 86 3924 211SR 720176184618399999999999999 042-281258 4999999999999999
  1-18-15 11 51 98140168176162133 97 64 43 41 57 88124156176176157121 7724 212SR 751176193217999999999999999 121-201337 3999999999999999
 36  7 -3  9 38 79121155172169147113 77 48 34 37 58 9012415316716414310924 213SR 821173201916899999999999999 158 -31418 3399999999999999
 72 41 22 22 39 69106139162168155129 95 62 39 30 38 60 8911914215214712824 214SR 84916821 815299999999999999 232 2015 2 3099999999999999
101 74 53 45 51 70 98126149160157139112 81 54 36 32 41 61 8611012713412924 215SR 91616122 513499999999999999 3 5 451549 3299999999999999
116 98 82 71 70 80 97118137149152143125100 75 53 39 36 44 59 78 9711111724 216SR 943152232311899999999999999 335 701647 3699999999999999
116110102 95 91 94102114127137142140131115 95 75 57 45 41 44 54 68 83 9624 217SR1014142999999999999999999999 4 5 9118 3 4199999999999999
105110112111110109111115120126130132130123112 98 81 64 51 42 41 46 56 7024 218SR 2 411211 213299999999999999 4461091944 4199999999999999
 86100112119123123121118116116117120123125123116104 88 69 51 39 33 35 4624 219SR 43112313 712599999999999999 8521162112 3399999999999999
 64 84104120131134132125116109105106111119126129124112 92 69 46 30 22 2624 220SR 5 1134145612999999999999999101910522 9 2299999999999999
 41 64 90115133142141132119105 96 93 97109122134138133116 91 62 36 18 1324 221SR 5251431559138999999999999991053 922251 1399999999999999
 22 44 73104129145149141125106 90 82 83 95113132145148137114 83 50 23  824 222SR 5471491644148999999999999991119 812326  699999999999999
  9 26 55 89121145154149133110 89 74 71 81100123144156154136105 69 35 1124 223SR 6 91541721157999999999999991144 712357  299999999999999
  3 13 38 74110139156156141117 91 70 61 66 84110136156163153127 91 53 2224 224SR 63015817551639999999999999912 9 61999999999999999999999
  5  6 26 59 97131154160150126 97 71 55 54 68 93123149164163144113 74 3924 225SR 651161182716599999999999999 025  31234 5399999999999999
 14  8 20 48 85122149162156135106 75 53 45 53 75105135157165156131 96 5924 226SR 711162185916599999999999999 051  713 0 4599999999999999
 30 16 20 42 75112143160161144116 83 56 41 42 58 85116143159159143114 8024 227SR 731163193116199999999999999 116 151327 3999999999999999
 50 30 27 41 68102134156162151126 94 64 42 36 45 67 96125146155148128 9924 228SR 75116220 415599999999999999 141 261355 3699999999999999
 70 48 39 45 66 95125149160155135105 74 49 35 36 51 7610412814314613511424 229SR 811160203914699999999999999 2 6 391426 3499999999999999
 89 68 55 55 68 90117140154154141116 87 60 41 35 41 58 8210712613513312224 3 1SR 832156212113699999999999999 231 5315 0 3599999999999999
104 86 73 68 74 89110130145150143125101 75 53 40 38 47 63 8410311712412224 3 2SR 855150221612499999999999999 257 681542 3899999999999999
114102 91 85 85 93106122135142141130113 91 70 53 43 42 49 62 78 9310511324 3 3SR 921143235211499999999999999 327 841639 4299999999999999
114112107103100102107115124131134131121107 90 73 58 48 43 46 54 66 80 9324 3 4SR 958134999999999999999999999 41110018 8 4399999999999999
105113118119117115113113115119122125125120111 97 81 64 49 39 35 39 50 6624 3 5SR 250119112512599999999999999 63211320 0 3599999999999999
 85104120130134131124116110106108113120126127122110 91 69 46 29 20 22 3524 3 6SR 4 4134134712799999999999999 9131062120 1999999999999999
 57 84111133146148140126110 97 92 95106121134142139124 99 69 39 15  3  724 3 7SR 44114815151429999999999999910 8 922216  399999999999999
 26 56 91125149160156140117 94 79 75 84104128148159155136103 65 28  1 -924 3 8SR 5131611616160999999999999991046 7523 2 -999999999999999
  0 27 65107143166170156130 99 72 58 60 78107139164175168141102 57 18 -824 3 9SR 54317117 7175999999999999991123 562343-1499999999999999
-13  5 40 84128162177171147111 75 48 39 49 77113150177186173140 96 50 1224 310SR 6131781755186999999999999991159 39999999999999999999999
 -7 -4 22 62108149176180163128 87 50 27 25 44 79121159184188169133 88 4524 311SR 642181184118999999999999999 021 -91236 2399999999999999
 15  5 17 48 90133166181174146105 63 29 13 20 46 85127162182180159123 8224 312SR 710182192618499999999999999 057  51313 1399999999999999
 47 27 26 46 79118153175177159124 82 43 16  8 21 51 9012915917216614411224 313SR 736179201117299999999999999 132 241352  899999999999999
 80 56 47 54 77108140164173164139102 64 32 13 12 29 58 9412614815614913024 314SR 8 2173205915699999999999999 2 4 471432 1099999999999999
106 84 71 70 82104129151163162147119 86 54 30 19 22 39 65 9311813413813224 315SR 826165215313899999999999999 233 691516 1899999999999999
119104 93 89 93105122139151154146129105 78 54 37 30 34 48 67 8810611812224 316SR 84915423 912299999999999999 3 0 8916 7 3099999999999999
120115109105106111119129138141139131116 98 79 61 49 43 44 53 65 80 9410524 317SR 910142999999999999999999999 3241051718 4299999999999999
112116117117117118120123126127128125120111100 87 73 61 52 49 51 59 70 8424 318SR 93412899999999999999999999919 4 49999999999999999999999
 98110119125127126123120116114113114116117115108 98 83 68 55 47 45 51 6324 319SR 410127125011799999999999999 9471132045 4599999999999999
 80 98116128135135129120110102 99100107115122124119107 89 69 51 39 37 4524 320SR 4291361453124999999999999991011 992145 3799999999999999
 62 84107127140143137124109 94 86 85 93106121132136129112 88 63 42 30 3124 321SR 4491431552136999999999999991033 852226 2999999999999999
 45 68 96122142150145131111 91 76 71 78 93114133146146134110 81 52 32 2424 322SR 5 91501634148999999999999991056 712259 2499999999999999
 32 53 83114140154154140117 92 71 60 62 77101127147157152132102 69 41 2424 323SR 5291561710157999999999999991119 592328 2299999999999999
 25 42 71104135155160149126 96 69 51 48 60 84114142160164150123 89 56 3224 324SR 5481611743164999999999999991142 472356 2599999999999999
 25 35 60 94128154165158136104 72 48 37 44 65 96129155168164143110 75 4724 325SR 6 716518151699999999999999912 7 37999999999999999999999
 31 34 53 85119149166164146115 79 49 31 30 47 76111143164169157130 96 6524 326SR 626167184617099999999999999 021 301232 2899999999999999
 44 39 51 78111142163168155126 90 55 31 22 32 56 90125153167164145116 8524 327SR 646169191916899999999999999 047 381258 2299999999999999
 60 49 54 74103134158168161137103 66 37 20 21 39 6910413515716315313110324 328SR 7 6168195216399999999999999 112 481326 1999999999999999
 78 62 61 73 97125150164163146116 81 48 26 18 28 51 8211413915415314011924 329SR 726166202915599999999999999 137 601356 1899999999999999
 96 79 72 77 94117140156160150127 96 64 38 23 23 37 61 9011713614514112924 330SR 748161211114599999999999999 2 4 721430 2299999999999999
111 96 86 86 95111130146154150135110 82 56 36 28 32 46 68 9211312813313024 331SR 81215422 813399999999999999 233 851511 2899999999999999
122111102 98100109122135143145137122100 77 56 42 36 39 51 68 8610311612324 4 1SR 840145234612599999999999999 3 8 9816 8 3699999999999999
124122117113111112117124130134134127115 99 81 64 51 43 43 49 60 75 9110624 4 2SR 922135999999999999999999999 4 71111737 4299999999999999
118126129128124120116115116119123124123118107 93 77 60 47 40 40 48 63 8224 4 3SR 214129111212599999999999999 7 01151929 3999999999999999
102121134140139132122111104102105112121128129123109 89 67 47 33 29 36 5424 4 4SR 321141134212999999999999999 8551022051 2999999999999999
 79106131148153148133114 96 85 83 91106124139146141124 99 69 42 24 19 3024 4 5SR 35915315 714699999999999999 942 822149 1999999999999999
 54 86119147162163148124 97 74 61 64 80105132154164157136103 68 36 17 1624 4 6SR 43116416 7164999999999999991020 612235 1499999999999999
 33 64101138164174165140106 72 47 39 49 75110144169179169141104 64 33 1824 4 7SR 5 11741659179999999999999991057 392316 1799999999999999
 22 46 83123158178178157122 81 45 23 21 41 76117156181187172141101 62 3524 4 8SR 5301801747188999999999999991134 192354 2699999999999999
 27 39 68107145174184172141 98 55 20  5 12 40 81126164186187168135 97 6324 4 9SR 5581841833190999999999999991211  4999999999999999999999
 44 44 62 94131164183181158120 74 32  4 -3 12 46 89133167183180159127 9424 410SR 626185191918499999999999999 031 411249 -399999999999999
 69 59 66 88119151174181169139 97 54 18 -2 -1 20 55 9713616317416714611924 411SR 65318220 517499999999999999 1 5 591328 -499999999999999
 95 79 77 89112139162174171152118 79 42 14  3 10 33 6610213415415915113424 412SR 720175205215999999999999999 138 7614 8  399999999999999
115 99 92 96109129148162166155133102 68 39 20 15 25 46 7510412714114413824 413SR 745166214614499999999999999 2 9 921450 1599999999999999
126114106105111122136148154151138117 91 66 45 32 31 40 58 8010111812913224 414SR 811154225613299999999999999 2411041539 3099999999999999
129123117114115119127134140140135124108 89 71 56 47 45 51 64 80 9611011924 415SR 838141999999999999999999999 3191141642 4599999999999999
125126125123121120121123125126126123116107 94 81 69 59 55 57 65 76 9010424 416SR 056126 91912699999999999999 5 11201811 5599999999999999
116125130130128124118114111111112114116116112104 92 79 67 59 57 62 73 8824 417SR 243130122511799999999999999 8471111948 5799999999999999
104120131137136130120110101 96 96101109117123122115101 85 69 58 54 59 7224 418SR 324137142512399999999999999 927 962056 5499999999999999
 91111129141144138126110 95 84 80 85 97112125134133123106 85 66 53 51 6024 419SR 351144152813599999999999999 955 802143 5199999999999999
 78101124142151148134115 93 76 66 68 80100120138146142127105 80 60 50 5224 420SR 4141511613146999999999999991020 662220 4999999999999999
 67 90117140155156144123 96 72 56 52 62 83109134151156147126100 74 55 5024 421SR 4361571651156999999999999991045 522252 5099999999999999
 59 81108136156163154133103 73 49 39 44 63 92123149163162146121 92 67 5424 422SR 4571631726165999999999999991110 392321 5399999999999999
 56 73100129154167163144114 79 49 30 29 44 72106138162170162141112 84 6424 423SR 51816718 0170999999999999991136 272350 5999999999999999
 59 69 92121149167170155126 90 54 28 18 26 50 85121152170171157131102 7824 424SR 54017118341739999999999999912 3 18999999999999999999999
 66 69 87113141163172164139104 65 33 14 14 31 62100135161172167147121 9524 425SR 6 217219 917299999999999999 018 651232 1299999999999999
 78 73 84106132156170169151119 81 45 19  9 18 42 7611314416416815713611224 426SR 625172194516999999999999999 047 7313 2  999999999999999
 92 82 85100123147164169158133 99 62 32 14 12 27 54 8812114716015914712724 427SR 650169202616299999999999999 116 821336 1199999999999999
108 94 91 99115136154164161144116 83 51 27 16 20 37 65 9512414415214913824 428SR 718164211315399999999999999 148 911415 1599999999999999
122109101101111125142153157149130104 74 48 30 23 29 46 71 9712013614314124 429SR 749157221614499999999999999 22510015 1 2399999999999999
133123113109110118129140147147138121 98 74 53 38 33 38 52 71 9311412913724 430SR 829148234213999999999999999 31510916 2 3399999999999999
138134127120115114118124131136136130118101 82 63 49 42 43 52 68 8810712424 5 1SR 934137999999999999999999999 4421141722 4199999999999999
136141140134125116111109112118124129129123111 95 76 60 48 45 50 64 8310524 5 2SR 117141113213099999999999999 6501091854 4599999999999999
126141148147138124110 98 93 95103115127135135126110 89 68 52 45 48 62 8424 5 3SR 220149133113699999999999999 814 922012 4499999999999999
110134151158153137116 94 78 71 76 90110130145150142124 99 74 54 45 49 6624 5 4SR 3 3158145315099999999999999 9 6 712112 4599999999999999
 92122147164166154130100 72 53 48 59 81110138158165156135106 78 56 48 5524 5 5SR 339167155616599999999999999 949 4822 2 4899999999999999
 77106138163174169147114 78 47 29 29 47 78115148171177165141110 80 60 5624 5 6SR 4121751650177999999999999991029 272247 5599999999999999
 68 93125155176180165134 94 54 23  9 17 43 81122158180183169142110 83 6724 5 7SR 44418117401849999999999999911 9  92328 6599999999999999
 68 84112143170183178154116 72 32  5 -2 13 45 88131165183183166139109 8724 5 8SR 5151841828185999999999999991149 -2999999999999999999999
 77 83103131159179183170139 97 53 16 -4 -4 17 53 9713716818117715813310824 5 9SR 547184191518299999999999999 0 7 771229 -699999999999999
 92 89 99120146168180177156121 79 39  9 -3  4 28 6510614116517316614912724 510SR 61818120 017399999999999999 044 8813 9 -499999999999999
108 99101113133155170174164140105 67 33 11  5 17 43 7711214115916315413924 511SR 649175204716399999999999999 120 981350  599999999999999
122110105111124141156165164149124 93 61 35 20 19 33 57 8711613815115214424 512SR 721166213515299999999999999 1571051433 1799999999999999
132120112111117129141152155150135113 86 61 42 32 34 48 69 9411713414214324 513SR 756155223114399999999999999 2371111519 3299999999999999
136128119115115120128136142143137124106 86 67 52 46 49 60 78 9811613013724 514SR 838143233713899999999999999 3291141612 4699999999999999
138134127120116114116121126130131127118106 90 75 64 58 60 69 8310011612824 515SR 943131999999999999999999999 4551141716 5899999999999999
136137134128121114109108110114118122122118110 98 85 74 67 67 74 8610211824 516SR 050137113712399999999999999 6541081830 6699999999999999
131139141137128117107 99 95 96102110118123124118107 94 81 73 71 77 9010624 517SR 150141133212499999999999999 813 951942 7199999999999999
123137145145138125109 94 84 80 84 94107121130132127115100 85 76 74 81 9624 518SR 232146144913399999999999999 859 802041 7399999999999999
114133146152148135116 95 77 66 66 75 91111129141143136121102 86 77 77 8724 519SR 3 5152154414399999999999999 934 652129 7699999999999999
105126144156157146126100 76 57 50 55 71 95120141153152141123102 86 78 8224 520SR 33415816291549999999999999910 5 5022 9 7899999999999999
 97118140157163157138110 80 54 39 37 50 74104133154163159143121100 85 8224 521SR 4 116317 9163999999999999991035 362246 8199999999999999
 91109133154166166151124 90 58 34 24 31 52 83117147166170160140117 97 8624 522SR 42816817471709999999999999911 6 242320 8599999999999999
 88102124147165172163139105 69 37 18 16 31 59 95131159173172157135111 9424 523SR 4561721825175999999999999991138 142354 8999999999999999
 89 97115139160173171154123 86 49 21  8 14 36 7010814316717516915112810724 524SR 52517419 3175999999999999991212  8999999999999999999999
 95 95107128151168175166141107 68 34 11  6 18 45 8211915016917316214312224 525SR 556175194417399999999999999 029 931248  699999999999999
105 98103118139159171171156128 92 55 25  9  9 26 56 9212615316716715513624 526SR 630173202916899999999999999 1 5 981328  799999999999999
118105103110126145162169164145116 81 48 24 13 17 36 65 9912915216216014824 527SR 7 7169211816299999999999999 1461021413 1299999999999999
132117108107116130147159163155136108 77 48 28 21 27 46 7310313014915715424 528SR 751163221415799999999999999 23210615 2 2199999999999999
144130117109109116129142152154146129105 78 54 37 31 38 55 7910613014615424 529SR 845154231515499999999999999 3321081559 3199999999999999
152142129117108106111121132141145141128108 86 65 49 44 48 63 8510913114724 530SR 959145999999999999999999999 44810617 3 4399999999999999
154152143129114102 97 99107119131138139131116 97 78 63 56 58 71 9011313424 531SR 017154113414099999999999999 613 971814 5599999999999999
150157154143125106 91 82 82 91106122135142139128111 92 76 67 68 79 9712024 6 1SR 113157131414299999999999999 728 811925 6699999999999999
141157162157141118 94 74 63 63 75 94116136148150141124105 87 77 77 8710624 6 2SR 2 1162143915199999999999999 828 612030 7599999999999999
129151165168157135107 77 54 42 45 61 87115141157161153136115 96 85 85 9724 6 3SR 243168154816299999999999999 919 412129 8499999999999999
117140161173171155126 92 58 34 24 31 53 84119148167171162143121102 92 9424 6 4SR 32417416481719999999999999910 5 242221 9199999999999999
107128152170178171148114 75 40 17 11 23 51 87125156174177166146123105 9724 6 5SR 4 31781740178999999999999991050 1023 9 9799999999999999
102117139162177180167138100 60 26  6  5 22 55 9413316317917816514412210724 6 6SR 4411811828180999999999999991133  3235210299999999999999
102110127149169180178159126 86 46 16  1  6 29 6410414116717817415913811924 6 7SR 5191811913179999999999999991216  1999999999999999999999
107106117136157173180171148113 74 37 12  4 14 40 7611514716817416715013024 6 8SR 558180195517499999999999999 0331051257  499999999999999
114107110123142161173174162136101 64 33 15 12 27 55 9012415116616715714024 6 9SR 636176203516899999999999999 1111071338 1199999999999999
123111108114128146161169166150124 91 59 34 22 25 43 7010213215216115814724 610SR 715169211416299999999999999 1501081418 2199999999999999
131117109109117130146157161155138113 84 58 40 33 40 59 8611313715215615024 611SR 755161215315699999999999999 2301081459 3399999999999999
138124113107109117129141150151144128106 82 61 49 47 56 75 9912214115115124 612SR 840152223515299999999999999 3171071540 4699999999999999
144132120110105107114124134140141134121103 84 68 60 61 71 8910912914315024 613SR 935142231915099999999999999 4151051625 5999999999999999
148140129116107101102107116124131133128118105 90 78 73 74 8410011713414524 614SR1049133999999999999999999999 5261011716 7299999999999999
150147138126112101 94 93 97105115123128128121111 99 89 84 86 9510812413824 615SR 0 7150122412999999999999999 642 931816 8499999999999999
148151147137122106 92 83 81 86 96108120129132129120109100 94 9510211513024 616SR 056151135813299999999999999 748 811923 9399999999999999
143152154147133115 95 79 69 68 75 8910612313514113913011810710010110812124 617SR 142154151314199999999999999 839 67202910099999999999999
136149157156146127104 81 63 54 55 67 8610913014515214913812411110410411324 618SR 22515816 915299999999999999 923 53212610399999999999999
127143157162158142118 90 64 46 39 45 63 8811614115716215614312611210510724 619SR 3 416216561629999999999999910 2 39221510599999999999999
118135152164167157135106 74 47 30 27 39 63 9512715316817016014312411010524 620SR 3431671739171999999999999991041 26225910599999999999999
110125144161172170154126 92 57 30 16 19 38 6810413916417617416014012010724 621SR 4211721820177999999999999991120 15234010599999999999999
105115133153170177170148115 77 42 17  7 16 41 7611514917218017315613411524 622SR 5 117719 11809999999999999912 1  7999999999999999999999
105107120141162177180167140103 64 30  8  4 19 48 8612515817718016914912724 623SR 542180194218199999999999999 0201041243  399999999999999
110103109126147168180179162132 93 54 23  6  7 26 58 9713516317817616214124 624SR 626181202417999999999999999 1 21031326  499999999999999
120105102111130151170179175155123 85 49 22 10 15 38 7110914316617617115424 625SR 71218021 717699999999999999 1451021411  999999999999999
133113102101112130151168175168147116 81 49 27 20 29 53 8512014916817216424 626SR 8 2175215017399999999999999 2331001456 2099999999999999
146125107 97 98109127146161167160141113 82 56 39 36 47 7010013015416716824 627SR 858167223316999999999999999 326 961544 3599999999999999
157139118101 92 92102119137151157152136114 89 68 56 55 66 8711313815716724 628SR10 3157231816799999999999999 427 911634 5499999999999999
164152133112 94 84 83 92107125140148146136119100 84 75 75 8510312414516024 629SR1122148999999999999999999999 534 821729 7399999999999999
166161148127105 86 74 71 78 93112129141145140129115101 93 9310111513315024 630SR 0 5166125714599999999999999 644 711834 9299999999999999
162166160145123 98 76 62 57 64 7910012113814714814112911710910611112313824 7 1SR 055166143414999999999999999 753 57194910699999999999999
153164167160143118 90 65 48 43 50 68 9211814015415815314212911911411712724 7 2SR 149167155515899999999999999 855 4321 611499999999999999
142157167170161141112 81 54 35 30 40 61 9012014616216716215013512211711924 7 3SR 243170165716799999999999999 951 30221211699999999999999
130145161172173161137106 71 42 24 21 34 60 9312715417117416715113412111524 7 4SR 3351741747175999999999999991041 2023 511599999999999999
119132149166176175160132 97 61 31 15 16 34 6510113616317717716514712811524 7 5SR 4241771828179999999999999991127 14234811299999999999999
112120135155172180175156124 86 50 23 11 18 41 7511314717118017415813812024 7 6SR 51018019 51809999999999999912 9 11999999999999999999999
109110122141161177182172148114 75 41 19 13 26 54 9012715817517716614712624 7 7SR 552182193917899999999999999 0261081248 1399999999999999
110104110126147166179179165137101 65 35 19 21 40 7110814116517517115513424 7 8SR 632181201017699999999999999 1 11041324 1899999999999999
115103102112131152169178173154124 89 57 34 26 35 58 9112515317017216114224 7 9SR 711178204017399999999999999 1351011359 2699999999999999
122105 98102115134154168172163141112 80 54 39 38 53 7911114016117016515024 710SR 74917221 817099999999999999 210 981431 3799999999999999
130111 99 96103117136153163162150129102 76 57 50 56 7410012815116516615724 711SR 829164213716799999999999999 248 9515 4 5099999999999999
139120103 94 94103117134147154151139120 98 78 66 65 75 9411814115816516124 712SR 91315422 816599999999999999 331 931537 6499999999999999
148130112 98 91 92101114128140144141131116 99 86 80 82 9411213214916016224 713SR10 8144224116299999999999999 421 901613 8099999999999999
154140123106 93 87 88 96108120131136135128118107 98 95 9911012414015215924 714SR1121136232115999999999999999 520 871658 9599999999999999
158149135118101 88 81 82 88 9911212313113413212611811210911212013214415324 715SR13 2134999999999999999999999 628 81175910999999999999999
157155146131113 96 81 73 72 78 9010512013213914013713012411912012513414424 716SR 011157144514099999999999999 738 71192411999999999999999
153157155145129109 89 72 61 60 67 8110012013714815214814113112412212613424 717SR 110157155915299999999999999 841 59205212299999999999999
145155160157146127103 79 59 47 46 56 7610112614716016415814713412412012424 718SR 212160165016499999999999999 935 45215812099999999999999
135148160166163148125 96 67 44 31 33 48 7410513615917217316314713111911624 719SR 3101661733174999999999999991024 30224911699999999999999
123137154168174169150120 86 53 28 17 23 45 7711414817218217816314212311224 720SR 4 317418121839999999999999911 9 17233211099999999999999
111122141162178183173149114 74 38 14  7 19 47 8512616118318817815713311324 721SR 4521831850188999999999999991153  7999999999999999999999
103108124148171187190175145105 62 27  5  4 22 56 9814017319018917214712124 722SR 540191192619299999999999999 0121031235  299999999999999
102 96105127154179193192173139 96 53 20  4  9 33 7111515418219218416213324 723SR 62719520 219299999999999999 053 961317  499999999999999
107 91 90105129158182194190167131 88 49 22 13 24 52 9113216718718917414824 724SR 715195203619199999999999999 134 891357 1399999999999999
119 95 83 86104130158180190182158123 85 52 32 30 46 7611314917518718216224 725SR 8 4190211018799999999999999 218 821437 2899999999999999
134106 85 76 83102128154173179171148118 87 62 50 54 7210013316117918217124 726SR 856179214418399999999999999 3 4 761517 4999999999999999
149121 95 78 72 79 97121144161166159141118 95 79 73 80 9812214716717717524 727SR 955166221817899999999999999 356 721557 7399999999999999
160138112 89 73 68 75 91111132147153149138123108 99 9710411913715516817224 728SR11 8153225717299999999999999 455 681641 9799999999999999
167152131108 86 71 65 69 82 9911813314214514113312511911812313214415616424 729SR1250145234916799999999999999 6 5 65174111899999999999999
166161148129107 86 69 60 61 71 8610512313714614814614013513213213714415324 730SR1455148999999999999999999999 725 60192113199999999999999
160163159149131108 85 66 54 51 59 75 9711913915315915815214313613313414024 731SR 1 1163162015999999999999999 843 51211613299999999999999
149158163162152134109 83 60 45 41 50 69 9512314616316916615614413312612724 8 1SR 22216417 916999999999999999 947 41222512699999999999999
135147160168168157136107 77 51 35 33 45 7010113215817317616815313712311724 8 2SR 3311691745176999999999999991038 3223 811799999999999999
121133150166176174160134100 67 40 26 29 47 7811314617018017716314312411124 8 3SR 4251771816181999999999999991121 25234210999999999999999
109118136156174183178158126 89 55 30 22 32 57 9212916017918317215212911024 8 4SR 5101831844183999999999999991158 22999999999999999999999
101105120143166182187176150114 76 44 25 25 42 7411214717318417916113611324 8 5SR 54918719 918499999999999999 0131011231 2299999999999999
 97 94105126152174187186168137 99 63 37 27 36 61 9613316418218316914511924 8 6SR 625189193418499999999999999 042 9413 2 2799999999999999
 98 88 93110134160180187179156122 86 55 37 37 54 8512015317618417515412724 8 7SR 7 0187195718499999999999999 112 881331 3599999999999999
102 87 84 95116142165180181167140108 76 54 46 55 7811014316918217916213724 8 8SR 734182201918299999999999999 142 831358 4699999999999999
110 90 80 84 99122147166175170153126 98 74 61 62 7810313316017718016814724 8 9SR 810175204218099999999999999 214 801425 5999999999999999
121 97 82 78 86104126148162166158140117 94 79 74 8210112615116917717215524 810SR 84916621 517799999999999999 248 781452 7499999999999999
132108 89 78 79 89107127144154154146131113 99 91 9210312214316117117116124 811SR 934155213117299999999999999 327 771520 9099999999999999
142120100 84 78 80 9110612313614414413812811710910611012113615116216716224 812SR103414522 016799999999999999 414 77155410699999999999999
150133114 96 83 78 79 8810111512713513813713212712212212513314315315916024 813SR1210138224216099999999999999 514 77164212199999999999999
155144129112 95 83 76 75 81 9110411813013814214214013613413413714314915324 814SR1432142235415599999999999999 635 74182713399999999999999
155152144130114 96 80 69 65 69 79 9411212914415215515214614013513413714324 815SR1558155999999999999999999999 8 3 65204413499999999999999
150155156149136117 95 74 58 51 53 66 8711113615516616816215013812912613024 816SR 134156164316899999999999999 915 50215612699999999999999
140152162165159143119 91 63 43 34 39 57 8511714717018017816514712911811624 817SR 2551651718180999999999999991010 34224111599999999999999
124140158173178170149118 82 49 27 19 29 55 9112916318419018116013611510424 818SR 3561781752190999999999999991056 19231910399999999999999
106121145169187191180152113 71 35 13 11 28 62104146179196194176148119 9724 819SR 4481921824198999999999999991138  92356 9099999999999999
 90 99122152181199201184149105 60 25  8 12 38 78124165193202191163130 9924 820SR 5362031855202999999999999991218  7999999999999999999999
 80 79 95125160190207204182143 96 53 23 13 26 5710114618220220017914510924 821SR 623208192520499999999999999 034 771256 1399999999999999
 80 66 72 95129165194207200174134 90 53 31 30 49 8412616619320219016112524 822SR 710208195520299999999999999 113 651334 2799999999999999
 89 65 57 69 96131166191200189162126 89 61 48 55 7911315018019719417514224 823SR 757200202319899999999999999 153 5714 9 4899999999999999
106 75 56 54 70 97131161182186175151121 94 77 73 8510813816618619218115724 824SR 847187205119299999999999999 236 531444 7299999999999999
126 93 68 54 56 72 97126151167170160143123106 9710011213315517318318116724 825SR 943170212018499999999999999 323 531518 9799999999999999
143115 88 68 58 61 74 9411713715015414914012912111912313314716117117416824 826SR1057154215117499999999999999 418 58155411999999999999999
154135112 90 74 65 65 73 8810512213514314514414113813713914415115716216224 827SR13 4145223816399999999999999 529 63164813799999999999999
158148134116 97 81 70 66 69 79 9311012613914815215315114714514414514815124 828SR1540153999999999999999999999 7 3 6620 014499999999999999
154154149139124105 87 71 62 61 69 8310312414315616316315714914113513313724 829SR 031154162916399999999999999 837 60215013399999999999999
143151157156148132110 87 67 54 52 61 8010513115316717216715614212912112124 830SR 228157165817299999999999999 942 51222912099999999999999
129142155165166156136109 81 57 44 45 59 8411414416617717616414612711310824 831SR 3371671723178999999999999991028 43225910899999999999999
113128147165176175160134101 70 46 37 44 66 97131160179183173153130109 9724 9 1SR 42517717461839999999999999911 5 372325 9699999999999999
 98112134158177185179157124 89 57 38 36 51 81116151176187181162136110 9224 9 2SR 5 518518 8187999999999999991137 342351 8699999999999999
 86 96117144170187190176147111 74 47 36 44 68103140170187187171144114 9024 9 3SR 54019118301909999999999999912 6 36999999999999999999999
 78 81100127157181193188166133 95 63 44 43 61 92128162185191179154122 9324 9 4SR 613193185019199999999999999 017 771233 4199999999999999
 74 71 83108139168188192179152117 83 59 50 59 8411815317919118516313210024 9 5SR 646193191019199999999999999 043 701259 5099999999999999
 75 64 70 90119150175188185166136104 77 62 64 8211114417218818817114311024 9 6SR 718189192919099999999999999 110 641323 6199999999999999
 82 64 62 75 99129157177182173151123 97 79 74 8510713616418318817715312224 9 7SR 752182194918899999999999999 139 611348 7499999999999999
 92 69 60 65 83109137159172172159138115 97 88 9210713015517418317816113424 9 8SR 827174201018399999999999999 2 9 591412 8899999999999999
105 80 64 62 71 9111513915616315914713011410410211112714716517617616514424 9 9SR 9 8163203117799999999999999 243 61143810299999999999999
119 94 75 66 67 78 9611713514715214813912912011611912814115516616916415124 910SR10 2152205616999999999999999 322 6515 611699999999999999
132110 91 77 70 72 81 9611112613614214213913513113013313914715515915915324 911SR1135142212916099999999999999 416 70154713099999999999999
142127110 94 82 74 73 78 8810111412613614314614614414214114214414715015124 912SR1432146224515199999999999999 540 7318 614199999999999999
148141131117101 86 75 68 68 75 8710312113815115815915514814113613413614124 913SR1542159999999999999999999999 730 67205513499999999999999
147150149141127109 88 69 57 53 60 75 9812414716417217016014613212212012624 914SR 116151161717399999999999999 853 53214712099999999999999
137150161163156139113 85 59 42 38 48 7010113416318018417515613411410410524 915SR 249164164718599999999999999 949 37222310399999999999999
118139160176181171147113 77 47 28 27 44 75114152181194190171143114 92 8424 916SR 3501811716195999999999999991034 252258 8499999999999999
 93116145174193196181150109 68 36 20 26 51 90133172197202187157121 89 6924 917SR 4421971745203999999999999991115 202333 6699999999999999
 68 86118155187206206185147103 61 32 23 37 69112156191207201175136 95 6424 918SR 5292091814207999999999999991153 23999999999999999999999
 49 57 84123164197213208181141 97 59 37 37 58 95139178203208190154111 7124 919SR 615214184220999999999999999 010 491230 3499999999999999
 44 37 53 86128170200211201173133 94 65 52 61 87124163193206199172131 8824 920SR 7 221219 920799999999999999 047 3613 6 5299999999999999
 52 32 33 55 91133170195201188161127 97 78 75 8911614917919820018315011024 921SR 749202193620199999999999999 127 301340 7499999999999999
 71 43 31 38 62 96133165183186173150126106 9610011714116618519318616413224 922SR 83818720 219399999999999999 2 8 301412 9699999999999999
 96 65 44 38 47 70 9913015416716815914412911811612313815517218118016914724 923SR 935169202718299999999999999 253 37144411699999999999999
119 91 67 53 50 58 76 9912114015015314914213613213313914915916616916515324 924SR1052153205416999999999999999 346 49151713299999999999999
136116 95 77 66 62 67 78 9411112613714414714714614414514614915215415415124 925SR1329147212915499999999999999 456 62162914499999999999999
144134120105 90 78 71 70 76 8610111613114315115515415114714313913813914124 926SR1528155999999999999999999999 637 7021 813899999999999999
143143139130117101 85 73 68 69 79 9511413314915916315915114013012412212624 927SR 029143155916399999999999999 816 67214512299999999999999
134143149149141126106 86 70 61 63 75 9612014316016916815814312611310711024 928SR 231150162217099999999999999 919 61221110799999999999999
120135150160160149129104 80 62 55 61 79105133157173176166148126107 94 9324 929SR 33216116441769999999999999910 3 552236 9299999999999999
104122144162172168152126 96 70 54 52 65 90121151173181175157131105 86 7924 930SR 41617217 4181999999999999991037 5123 0 7999999999999999
 86105131157175181171148117 85 61 51 57 79110143170185183166139108 82 682410 1SR 45318117241869999999999999911 7 512324 6799999999999999
 70 87114144171186185167138105 75 57 55 71 99133164184189175148115 84 622410 2SR 5271871744189999999999999991135 542349 5799999999999999
 57 69 94127159182191182158125 93 69 60 68 92124157181191183159125 89 622410 3SR 55919118 31919999999999999912 1 60999999999999999999999
 49 54 75107142171189189173145113 85 70 71 88116148176191188168136 99 672410 4SR 631191182219299999999999999 014 481226 6899999999999999
 46 43 58 86121155179189181160131103 83 78 88111140168186190176148112 762410 5SR 7 4189184219199999999999999 040 421251 7899999999999999
 50 39 46 68100134163180182169146121 99 89 92108133159179187180157125 902410 6SR 73718319 218799999999999999 1 7 391316 8899999999999999
 60 43 41 55 801121421651751711561351151021001091281501701811801641371052410 7SR 813175192318299999999999999 137 401342 9999999999999999
 75 53 44 48 66 921201441601651591451291161101141251421591721751661471212410 8SR 854165194617599999999999999 210 4314 911099999999999999
 93 69 54 50 58 75 981211401511541491401301231221271371501601661631521332410 9SR 949154201216699999999999999 249 50144212299999999999999
111 89 71 60 58 65 79 97115130140145145141137133133136142148153155151141241010SR1123145204715599999999999999 342 58153713399999999999999
127110 93 78 68 64 67 76 89105120133142147149147143140137137139141143142241011SR1350149222214399999999999999 5 5 64183613799999999999999
139131119104 89 75 66 63 67 78 95113132147157160156148138129124124128134241012SR1457160999999999999999999999 654 63203612399999999999999
141144142133117 98 78 63 55 56 68 89114139159170171161145127112104106116241013SR 1 9144153317299999999999999 819 54212010499999999999999
131147157159149130104 77 56 45 48 64 92123153174183176157132106 88 82 90241014SR 23915916 318399999999999999 918 442156 8299999999999999
109134158174177164138106 73 49 39 46 70103140171190190173144109 79 61 61241015SR 34017716321929999999999999910 5 392232 5999999999999999
 78107142172191191174142104 69 46 40 54 84123161189200189161122 82 51 37241016SR 43219317 1200999999999999991047 4023 8 3799999999999999
 45 72111152185203200177141102 68 50 51 72107146181201201179141 96 54 27241017SR 5212041730204999999999999991126 482345 2099999999999999
 21 38 73118161194208200174137100 72 61 70 96131168195205193162117 70 32241018SR 6 820817582059999999999999912 4 61999999999999999999999
 11 14 38 78125167196204193166132101 82 79 93121154183200199178140 94 51241019SR 655205182720299999999999999 024  91240 7899999999999999
 19  7 17 46 86130167190194181156129106 95 99116142169189196186158120 78241020SR 743195185519699999999999999 1 3  71315 9599999999999999
 41 18 13 27 57 94132162178179167148128114110118135156175185184168140105241021SR 833181192318699999999999999 145 12134911099999999999999
 70 42 26 26 41 68100130152164164155142130123124132145160170174167150126241022SR 929165195117499999999999999 230 24142512399999999999999
 97 71 50 40 42 55 77101124141150152147141135132133139147154158158150137241023SR1042152202215999999999999999 320 40151013299999999999999
118 98 79 64 56 57 66 81 99117131141145146143140138137137139141143142138241024SR1234146211114399999999999999 425 5517 713799999999999999
130119105 90 78 69 67 71 82 96111126138146149148144138132128125125128130241025SR1415149999999999999999999999 551 67202512599999999999999
132131125115102 89 77 71 72 80 93110127142152155151143132120112108110117241026SR 0 9132145815599999999999999 724 7121 910899999999999999
126134138135126111 94 80 71 71 79 95115135151160160151135118103 93 92100241027SR 2 8138152716199999999999999 833 702138 9299999999999999
113128142148145133115 94 77 68 70 82103126148163167160143121 99 82 76 81241028SR 312148155116799999999999999 921 6822 4 7699999999999999
 96116138153159153136113 90 73 67 74 92117142163173169152127100 76 63 63241029SR 359159161417399999999999999 959 672229 6199999999999999
 76100126151166167156134108 84 70 70 83107135160175176163137105 75 54 48241030SR 4381681635178999999999999991032 682255 4899999999999999
 57 80110141164176171154127100 80 72 79 99126154174181172148115 80 52 37241031SR 51317616561819999999999999911 2 722320 3699999999999999
 40 59 90124156176181170147119 94 79 79 93118146170183179159127 89 55 332411 1SR 5471811717184999999999999991131 772347 2799999999999999
 28 41 68104140168182179163137110 90 83 91111138164181183169140102 65 362411 2SR 6211831739184999999999999991159 83999999999999999999999
 22 27 48 82119153175182173152127104 91 92106129155175183176152117 79 452411 3SR 65418218 218399999999999999 015 211226 9099999999999999
 24 20 33 61 96132160176176162141118102 97104122145166179178162133 96 612411 4SR 729178182718099999999999999 044 191255 9799999999999999
 34 21 25 44 74108140162171166151132115105106117135155170175166145114 802411 5SR 8 8171185317599999999999999 116 20132510499999999999999
 51 31 25 34 56 851161411581621561421271161111161281441581671651521301012411 6SR 852162192216899999999999999 153 2514 011199999999999999
 72 48 35 33 44 65 911171381501531481381281211191241331451541581531401192411 7SR 950153195815899999999999999 236 32144611999999999999999
 95 71 53 43 43 53 70 921141321431481461401321271241261311381441461421322411 8SR11 9148205214699999999999999 330 4116 412499999999999999
116 97 78 62 52 50 57 71 891091271401481491451381301231201211251311351352411 9SR1241149224013699999999999999 443 50181512099999999999999
131121106 89 73 61 55 58 69 86106126143153156151140127114106104108117127241110SR1349156999999999999999999999 611 55194910499999999999999
135137132120103 84 67 58 57 67 85108132152163164154136115 96 84 82 90106241111SR 052137143416599999999999999 733 562042 8299999999999999
124140149148136116 93 72 59 57 68 89116143164173169151124 96 72 59 60 75241112SR 223150151017499999999999999 838 562125 5799999999999999
 99127150164164150126 99 75 61 61 75100130159177181168141105 70 44 34 41241113SR 329166154418299999999999999 931 5922 5 3499999999999999
 65 98133162178177160133103 78 65 69 87116147174187183160124 82 44 19 14241114SR 4251791616188999999999999991018 652245 1399999999999999
 29 61102142173188184164135105 82 73 81103134164186192178146103 58 21  1241115SR 51718916491929999999999999911 1 732325 -299999999999999
  2 25 64109151180192185163134106 88 84 97121151177192189167129 82 38  5241116SR 6 61921722193999999999999991142 84999999999999999999999
 -9  0 29 71116156182190180157130107 95 97112137163183190180151110 65 25241117SR 654190175519099999999999999 0 6 -91222 9499999999999999
 -1 -8  7 39 80123158178182170149126109103109126148170183182166135 95 54241118SR 742182182918499999999999999 048 -813 010399999999999999
 21  2  2 20 52 90127156170170158141123112110119135153169175169150120 84241119SR 82917219 317599999999999999 131  0133911099999999999999
 50 24 13 17 36 65 98129150160158148134122115116125138151161162154135108241120SR 919161194016399999999999999 215 12142211599999999999999
 79 52 34 27 33 51 77104128144151148140130122117119125135143149148139123241121SR1013151202214999999999999999 3 1 27151511799999999999999
102 80 60 47 43 49 65 85107126139144143137129122118117120126131134134128241122SR1115144212313599999999999999 353 43163711799999999999999
117102 85 70 60 57 62 74 91109125137142141136129120114110110112117121123241123SR1224142231112499999999999999 452 57183510999999999999999
122116106 93 81 72 68 71 81 96112127138144143137127115105 98 95 98104112241124SR1323144999999999999999999999 6 2 6820 0 9599999999999999
119122121114103 91 81 76 77 86100117132144148146136121105 91 82 79 84 95241125SR 11412214 814999999999999999 715 752048 7999999999999999
108120128129123112 98 86 80 81 91106124140151153146131110 89 73 64 65 75241126SR 239130144415499999999999999 819 802124 6399999999999999
 92111128138140132118102 89 82 86 97115135150158155141119 93 69 53 47 54241127SR 338140151515999999999999999 910 822156 4799999999999999
 72 96120140150149137120102 89 85 91106127146160163152131102 72 48 35 36241128SR 424151154316399999999999999 954 852225 3399999999999999
 51 76105133153160154139119100 89 88 99118140158167162144115 81 49 28 21241129SR 5 31601610167999999999999991032 872255 2199999999999999
 30 54 85119147163166155136114 97 89 94110131153167169156129 94 58 29 13241130SR 54016716381709999999999999911 6 892326 1199999999999999
 14 32 62 99133158170167151129108 94 92103122145164172166145112 73 38 132412 1SR 61617117 7172999999999999991139 922358  599999999999999
  5 14 39 75112145166171162144121103 94 98113134156170172158130 93 55 232412 2SR 6521711737173999999999999991212 94999999999999999999999
  4  4 20 51 88124153168168155135114100 97105123144162171166146114 76 402412 3SR 72917018 917199999999999999 033  21246 9699999999999999
 14  2  8 30 63 99133156165161146127110100101113131150164167156133 99 632412 4SR 8 9166184516799999999999999 1 9  21323 9999999999999999
 32 11  6 17 41 74108137155160153138121108102106118135151160159145120 892412 5SR 854160192416199999999999999 150  614 610299999999999999
 57 30 15 14 28 52 831141381521551471331181071031081191331461521491351122412 6SR 943155201215299999999999999 234 13145810399999999999999
 84 57 35 24 25 39 62 901171381491511431311171071021051141251361411391282412 7SR1037151211414299999999999999 323 2316 710299999999999999
109 86 63 45 36 38 50 71 96120138149149142129115103 96 961021121231311322412 8SR1135150224113299999999999999 420 351731 9599999999999999
125112 93 74 58 50 50 61 79101123141150151142128110 94 83 80 85 961101222412 9SR1232152999999999999999999999 525 491853 8099999999999999
129128120106 89 73 63 62 70 87107128145154153142124101 80 65 60 65 79 98241210SR 027130132415599999999999999 638 621959 6099999999999999
117131136132120104 87 76 73 79 94115136152160156141116 88 61 44 38 46 65241211SR 2 5136141116099999999999999 751 722054 3899999999999999
 91116137147146135117 99 86 81 87102123144160166158136105 71 41 22 18 30241212SR 324148145516699999999999999 857 812143 1799999999999999
 56 88120146159158146127107 92 87 94110132154168170156128 91 53 21  3  3241213SR 427160153717199999999999999 956 872230  099999999999999
 21 52 90127155168167152131110 95 92101119142163174171151118 76 36  4-11241214SR 5221691619175999999999999991047 922315-1199999999999999
 -5 18 55 97135163174169153130109 96 96107128151170177169143105 62 22 -7241215SR 61217417 0177999999999999991134 942359-1699999999999999
-16 -6 23 63106143167174166147125106 96 99114135157173176162133 92 49 12241216SR 6571741741176999999999999991216 96999999999999999999999
-11-14  2 34 75116149167170158138117101 96103120141161172170152120 80 40241217SR 739171182117399999999999999 041-151256 9699999999999999
  9 -8 -5 15 49 88125152164161147127109 98 97107124144160166160139106 69241218SR 81816519 116699999999999999 123 -91335 9699999999999999
 35 10  1  9 32 66101132152158151135117102 95 98109126143155157147125 95241219SR 856158194115799999999999999 2 2  11415 9599999999999999
 62 35 18 15 27 52 82113137150150140125109 98 93 98109124137145144133112241220SR 933151202414699999999999999 241 141458 9399999999999999
 86 60 40 30 32 47 70 97122139146143132117103 94 92 96106118128133131120241221SR1010146211213399999999999999 319 291551 9299999999999999
103 82 63 49 45 50 65 86109128139142137125112 99 91 88 91 99108116121119241222SR1049142221712199999999999999 358 451657 8899999999999999
112 99 84 71 62 61 67 81 99117131139139133121108 95 85 81 82 88 96105111241223SR1133140235211399999999999999 442 601816 8199999999999999
113109102 92 82 76 75 81 93107122133139138131118103 89 77 71 70 76 85 96241224SR1222139999999999999999999999 536 751932 7099999999999999
106112113110103 95 89 87 91100113125135140138129114 97 79 65 57 57 64 76241225SR 145113131414099999999999999 647 872031 5699999999999999
 92106117122120114105 98 94 97105116128138142139127108 87 66 49 42 44 55241226SR 31512214 314299999999999999 8 6 942118 4199999999999999
 73 94113127133131123112102 97 99107120133143146139123 99 73 49 33 27 33241227SR 415134144914699999999999999 915 972158 2799999999999999
 50 75101124139145140128114102 97100110125140149149138116 87 57 31 16 15241228SR 5 014515301509999999999999910 9 972236 1499999999999999
 27 51 82112137151153144128111 99 95101115133148155151134106 72 39 14  2241229SR 5381531610156999999999999991052 952313  299999999999999
  7 27 58 93126149160156142123105 94 94104122142156160151127 93 55 22 -1241230SR 6141601649161999999999999991131 922350 -799999999999999
 -7  5 32 68106138159164154136114 96 89 94109130151164163147117 79 39  7241231SR 65016417291659999999999999912 7 89999999999999999999999
