 71 42 23 20 33 59 94128155169167152130108 92 88 9410812614215215214112024 1 1TB 923170203015399999999999999 243 191456 8899999999999999
 93 65 44 34 37 54 81112141159165157140119100 89 87 9410712213514214012924 1 2TB 954165211814299999999999999 315 331540 8799999999999999
110 88 67 53 49 57 75100126148160159148130111 95 86 85 9110211412413012924 1 3TB1029161222113199999999999999 350 491638 8599999999999999
121107 90 76 67 67 76 93114135151157154141124106 91 82 80 83 9210311312124 1 4TB11 8157235212399999999999999 431 661754 8099999999999999
123120111100 89 83 84 91105123139151155149137120102 86 74 69 71 79 9110524 1 5TB1155155999999999999999999999 527 831915 6999999999999999
117124126122114105 98 97102112127141150153148135116 95 76 62 54 56 65 8124 1 6TB 146126125115399999999999999 646 962021 5499999999999999
100118132138137129119109104106115128142152155149134112 86 63 45 36 39 5324 1 7TB 319138135115599999999999999 8141042115 3699999999999999
 75101126145154153142128114105106114129145157160152133105 74 45 25 18 2424 1 8TB 421155144916099999999999999 92910422 3 1899999999999999
 44 73107138161170166150130112102103114132151164167156130 96 59 26  6  024 1 9TB 5 917015421689999999999999910271012249  099999999999999
 12 39 77118153177183173152127106 96 99115137160174174158126 85 42  8-1224 110TB 5531831631176999999999999991116 952334-1599999999999999
-13  5 40 85131169190191174147118 97 89 97118145170184180157119 72 27 -724 111TB 6341931718184999999999999991159 89999999999999999999999
-24-20  5 47 98146181197192168136106 87 83 97123154179190181153110 60 1524 112TB 71319818 519099999999999999 018-251241 8399999999999999
-17-29-18 14 61113160190199185156122 93 77 80 99129161184191178145 99 5024 113TB 752199185219199999999999999 1 2-291322 7699999999999999
  8-19-24 -6 31 80130171193193173140106 81 71 78101132163183186169135 9024 114TB 830196194018799999999999999 144-2514 4 7099999999999999
 45  9-10 -8 15 54101146178191183157123 92 71 66 7810213215917517515712424 115TB 9 6191203017899999999999999 224-121447 6699999999999999
 84 45 18  8 17 43 81122158179183168140108 81 65 63 76 9912614916216114424 116TB 941184212316499999999999999 3 3  81535 6299999999999999
115 83 54 36 33 46 72105138164176172153126 97 74 61 61 73 9311613514614624 117TB1015176222614899999999999999 341 331630 5999999999999999
133112 89 70 60 62 76 98124148164168160141116 90 70 58 57 66 8210211913124 118TB1051168234613499999999999999 419 601737 5699999999999999
133127115101 90 86 89100116134150159159150133111 88 68 55 51 56 69 8610524 119TB1132161999999999999999999999 5 5 861857 5199999999999999
119127129125118111108109115125136147153153145130110 87 66 50 42 44 55 7324 120TB 143129122915499999999999999 6171082018 4199999999999999
 94114129137139135129122119120125133142149150145132111 86 61 41 30 31 4324 121TB 345139134915199999999999999 8201192126 2999999999999999
 65 91117138150154148138127119116119127138148153149135111 82 53 30 18 2024 122TB 45115415 615399999999999999 9591162221 1799999999999999
 36 63 95126151164165155139123111108112124140153159154136108 73 41 17  724 123TB 53216616 616099999999999999105510823 7  799999999999999
 13 35 69107141165174169152130111100 99109126146162167157133 99 60 26  424 124TB 6 61751653167999999999999991134 982346 -199999999999999
 -1 13 43 82124157177178164141116 97 89 94111134156171171155124 84 44 1224 125TB 63618017321739999999999999912 5 89999999999999999999999
 -4 -1 21 58102143171182174152124 99 84 83 96119145167177170146110 67 2824 126TB 7 318218 717799999999999999 021 -61234 8199999999999999
  2 -6  7 38 80125160180180162134104 83 74 82102130156174177162132 91 5024 127TB 729183184017899999999999999 053 -613 1 7499999999999999
 16 -1  1 24 62106146173181170144113 86 71 71 86112140164176171149114 7324 128TB 754182191317699999999999999 123 -31329 6999999999999999
 36 11  5 18 49 90131163179175154124 94 72 65 73 94121148166170158132 9624 129TB 818180194617199999999999999 150  51358 6599999999999999
 59 30 16 21 43 77117151173176162135104 78 64 64 7810112815016216014311524 130TB 841177202116399999999999999 216 161429 6299999999999999
 82 52 34 30 44 71105139164174167145116 88 68 60 66 8310612914615214612824 131TB 9 517421 015299999999999999 242 3015 2 6099999999999999
102 75 55 46 51 70 97127153167167153128100 77 63 61 70 8610712513814013324 2 1TB 929169214714199999999999999 3 8 461541 6099999999999999
117 97 78 66 65 75 94118141158163156138114 90 71 62 62 70 8510211712712924 2 2TB 956163225012999999999999999 337 641629 6199999999999999
124113100 89 84 86 96112130146155155145127105 85 70 61 60 66 78 9210511624 2 3TB1029156999999999999999999999 412 841737 6099999999999999
122122118112106103105111121133143149147137122103 85 69 58 54 56 65 78 9324 2 4TB 033123111514999999999999999 51010319 8 5499999999999999
108120128130129124119117117122130137143143137124106 86 67 51 42 41 48 6324 2 5TB 3 3130123214499999999999999 7191162037 4099999999999999
 84106126141148147139129120115116122132141146143132112 87 61 38 24 21 3024 2 6TB 422148141114699999999999999 9191142145 2199999999999999
 51 79110138158166162148130114105106115131146156156143118 85 51 22  4  224 2 7TB 5 716615291579999999999999910251042239  199999999999999
 15 43 81121155177181169147121101 92 96112135157171170153120 79 37  4-1424 2 8TB 5451821628173999999999999991112 912327-1699999999999999
-13  7 45 92138174192189168136105 84 77 88112143171186183159118 69 23-1124 2 9TB 6211931720187999999999999991152 77999999999999999999999
-27-19 10 56109158191201188157118 85 66 66 85117154184198189158111 58 1124 210TB 65520118 719899999999999999 011-271230 6399999999999999
-20-28-13 25 77132177201200176137 96 65 51 59 86124164193202187151101 4824 211TB 728204185420299999999999999 051-2913 8 5199999999999999
  6-17-17  7 51104155190202190157114 74 47 41 57 89131169193197177138 9024 212TB 759202193919899999999999999 129-201347 4199999999999999
 44 10 -3  7 38 83132172195194171133 90 55 36 38 59 9413316718518416212524 213TB 829198202518799999999999999 2 4 -31426 3599999999999999
 83 47 25 23 40 73114154181190178149110 72 44 33 40 63 9613115817016514424 214TB 856190211317199999999999999 237 2115 6 3399999999999999
114 82 58 49 55 76106139166180177158128 93 62 42 36 46 67 9512214315114624 215TB 92218122 715299999999999999 3 7 481552 3699999999999999
130109 89 77 77 87106130152166170160140112 84 60 46 43 51 67 8911012613324 216TB 946170231813399999999999999 334 761647 4399999999999999
131123112103100103113126141152158155145127106 84 66 54 49 53 63 78 9511024 217TB1013158999999999999999999999 4 110018 4 4999999999999999
119124125123121121123127133139144145142135123108 91 74 60 51 49 55 66 8224 218TB 137125105214599999999999999 4371211947 4999999999999999
 98114126134138138135132129128129131133135133128117100 81 62 48 41 43 5524 219TB 43113813 813599999999999999 9 91282115 4199999999999999
 73 95117136148152149140129120115115120128136140138126106 82 57 38 29 3224 220TB 5 015215111409999999999999910311142214 2999999999999999
 48 72101130151162161150134117105100104116131145152148132106 75 45 25 1824 221TB 52516316121529999999999999911 21002258 1899999999999999
 26 48 81116147167172162142119 99 88 89100120141158164155131 97 61 30 1224 222TB 5491721655164999999999999991128 872334  999999999999999
 11 28 59 98136165178173153126 99 81 75 84105131156172172154122 82 44 1624 223TB 6131781730174999999999999991152 75999999999999999999999
  5 13 40 79122158179181164135103 78 66 69 88116147171181172145106 64 2824 224TB 63518218 218199999999999999 0 5  51217 6599999999999999
  7  6 26 61105147176185174146112 80 60 57 70 98132163181182164129 87 4624 225TB 657185183318499999999999999 033  41242 5699999999999999
 18  8 19 49 90134169185181157122 86 59 48 55 78112147173184176149110 6924 226TB 71718619 418499999999999999 059  813 7 4899999999999999
 35 17 19 41 79121159182185167134 96 64 45 44 61 91126158178179163131 9224 227TB 737186193618199999999999999 124 151333 4299999999999999
 56 33 27 41 71110148176185174146109 73 48 39 47 7110413716317416814611324 228TB 75718520 917499999999999999 148 2714 0 3999999999999999
 79 53 41 46 69102137166181177155121 85 56 39 40 56 8311414216116515312924 229TB 817182204516599999999999999 211 411429 3899999999999999
101 75 59 58 71 97127155173175161133 99 68 47 39 46 65 9211914115215113924 3 1TB 838176212515499999999999999 235 5615 0 3999999999999999
118 96 80 74 80 97120144162169162142114 84 60 46 44 54 72 9411613214013824 3 2TB 9 0169221814199999999999999 3 0 741538 4399999999999999
128114101 93 93102117134149158158146126102 78 60 50 50 58 72 8910612012824 3 3TB 926159234612999999999999999 329 921631 4999999999999999
129126120114111113118127137145148145135119100 81 66 56 53 55 64 77 9110624 3 4TB10 3148999999999999999999999 41111118 3 5399999999999999
118127132133132129126125127130134137137132122108 91 74 59 49 45 48 59 7624 3 5TB 253133112613899999999999999 65712520 3 4599999999999999
 96116134146151149141131121116117122130136139135123104 81 57 38 28 29 4124 3 6TB 410151135713999999999999999 9261162126 2799999999999999
 63 92123149165169161144124107 99101112129145155154141115 82 49 23  9 1124 3 7TB 4481691527156999999999999991018 992223  899999999999999
 29 60 99138169184181163135106 86 79 87108135160175174155121 78 37  7 -624 3 8TB 5211851627177999999999999991058 792310 -799999999999999
  0 27 68116159188197183153115 82 62 61 78110147178195190163119 70 26 -424 3 9TB 5521971717196999999999999991134 592352-1399999999999999
-12  2 38 87139181203200173132 89 55 40 48 76117161194208196162113 61 1824 310TB 62320518 3208999999999999991210 40999999999999999999999
 -6 -6 18 62115164198208191153105 61 32 25 42 79127172203211193154103 5424 311TB 652208184821199999999999999 030 -91247 2499999999999999
 19  5 14 46 93144185206201172126 77 37 15 18 44 87136178203204181141 9424 312TB 719207193220799999999999999 1 6  41323 1499999999999999
 54 29 26 45 81126167195201184146 98 53 21 10 21 52 9614117619318916412724 313TB 745202201719499999999999999 139 2514 0 1099999999999999
 90 61 49 56 80115152181194187160120 76 39 17 14 31 6310314016717716914624 314TB 8 919421 217799999999999999 2 9 491438 1399999999999999
118 92 76 74 88112140166181182166136 99 63 36 23 26 44 7210513315215715024 315TB 831184215315899999999999999 236 731519 2299999999999999
133115100 95100115134153167171163144117 88 62 44 36 41 55 7710112213513924 316TB 852171225913999999999999999 3 0 9516 7 3699999999999999
136127119114115121131143152156154144128109 88 70 57 51 53 62 76 9210812024 317TB 910156999999999999999999999 3221141718 5199999999999999
127130130129129130133136139140140137131122110 97 84 71 62 58 61 69 82 9724 318TB 124130 91914099999999999999 33712919 8 5899999999999999
111124133139142141137133128125124124125126125120111 97 81 66 56 54 60 7324 319TB 41114213 71269999999999999910171242047 5499999999999999
 91111130144152152145134122113107108114123132137134123104 82 61 48 44 5224 320TB 43015315121379999999999999910231072149 4499999999999999
 69 94120143159163156140121104 94 92 99113130145152146129103 75 50 37 3624 321TB 45216316 5152999999999999991043 912232 3599999999999999
 50 75106137160171167150126102 84 76 82 98122145161165153127 94 62 38 2824 322TB 51317216441659999999999999911 4 7623 6 2899999999999999
 35 57 90126157176177162135104 79 64 65 81107137163176172151118 80 48 2824 323TB 5341791717177999999999999991127 632336 2599999999999999
 26 43 74113150176184173146111 79 57 51 62 88122156179185172142103 64 3724 324TB 5551841749185999999999999991151 50999999999999999999999
 26 34 61100140172188182158122 84 54 40 45 67102141173189186163127 86 5224 325TB 615188182119199999999999999 0 4 261215 3999999999999999
 33 33 53 88129165187189169134 93 57 35 31 47 80120158184192179149110 7324 326TB 634191185219299999999999999 030 301240 3099999999999999
 47 38 50 79118156183192178147106 65 36 24 32 58 96137171189187166132 9524 327TB 653192192519099999999999999 055 3813 6 2499999999999999
 65 50 53 74108145175190184158120 78 43 24 23 41 7311315017618517515011724 328TB 713190195818599999999999999 120 491332 2199999999999999
 86 66 62 75101134165183184166133 93 56 30 21 30 54 8912515617417516013524 329TB 733186203417699999999999999 145 6114 0 2199999999999999
107 85 75 80 98125153173180170145109 73 43 27 27 42 6810013115416416114624 330TB 755180211516599999999999999 210 751431 2599999999999999
125105 92 91101119142161171168152124 92 62 41 33 37 53 7710412814515214824 331TB 81817222 915299999999999999 238 9015 9 3299999999999999
137123111106108118133147158160153135111 85 63 48 42 47 59 78 9911813214024 4 1TB 846161233614199999999999999 31110516 2 4299999999999999
141136129124121122128135142147147140127109 90 73 59 52 51 58 70 8710412024 4 2TB 927148999999999999999999999 4 91211733 5199999999999999
133141144142138133129126127129133135135129119104 87 71 57 49 49 57 72 9224 4 3TB 2 9144112013599999999999999 7231261932 4899999999999999
114135150158158150137124114109112120130138142137124103 79 56 41 36 42 6024 4 4TB 327159135714299999999999999 9 81092057 3699999999999999
 87117145166174169153130108 92 87 95111132151161159142115 82 51 30 24 3324 4 5TB 4 7174152016299999999999999 953 872155 2399999999999999
 57 92130163184187172144111 82 66 66 81109141169183179156120 79 44 22 1824 4 6TB 4401881618184999999999999991031 642243 1799999999999999
 33 65107150183198191164125 84 53 40 48 75114155187201192163120 75 39 2024 4 7TB 51119917 72019999999999999911 8 402325 1899999999999999
 22 45 84130173200205184145 97 54 26 20 38 76123169202212197162115 71 3924 4 8TB 5412061754212999999999999991145 20999999999999999999999
 27 37 67111156192208199167119 68 27  6 10 37 83135181209213192154109 7024 4 9TB 6 9209183921499999999999999 0 3 271222  499999999999999
 47 43 61 96139178203206184142 90 42  8 -4  9 44 9314518620720518114410524 410TB 636208192420999999999999999 039 421259 -499999999999999
 74 61 66 90125162191203192161115 66 25  1 -2 19 5710515018319719016613324 411TB 7 220320 819799999999999999 112 601336 -499999999999999
103 84 80 92118149176192191171136 93 51 19  5 10 34 7111315017518217215124 412TB 727194205418299999999999999 143 791414  499999999999999
126106 96100116138161178183173149115 79 46 25 18 27 51 8311714516116515624 413TB 751183214416599999999999999 213 961454 1899999999999999
140124113111118132148162169166153130103 75 52 38 36 45 65 9011513614715024 414TB 814169224515099999999999999 2421101541 3599999999999999
144135127122123129138147153153148136119100 80 64 54 52 59 72 9010912613624 415TB 838154999999999999999999999 3181221645 5299999999999999
141141137134131131132134136137136133127117105 92 79 69 64 65 73 8710311824 416TB 022141 9 913799999999999999 4471311817 6399999999999999
131140144144141136130125121120121123126127124117105 91 77 68 65 70 82 9924 417TB 232145125012799999999999999 9 71201951 6599999999999999
117134146153152145134121110104103108117127135136130116 97 79 66 61 66 8024 418TB 325153144313799999999999999 9371032058 6199999999999999
101124144158162156142123104 91 86 90103120137149150140121 97 74 60 56 6524 419TB 35516215391519999999999999910 3 862146 5699999999999999
 85111138159170168153130104 83 71 72 84106131153164162145119 91 67 54 5524 420TB 4201711620165999999999999991028 702225 5399999999999999
 71 97128156174178165140109 80 61 55 64 87117148170177168144112 82 60 5224 421TB 4431781657177999999999999991053 552258 5299999999999999
 61 84116149174185177153119 83 55 41 45 65 97134166184185167137102 73 5624 422TB 5 51851731187999999999999991119 412329 5499999999999999
 57 74104140170188186166132 92 56 34 29 43 74113153182194186160126 92 6724 423TB 52619018 5194999999999999991145 282358 5999999999999999
 59 68 94128163186192178146104 64 33 19 25 50 89132169193196180149114 8424 424TB 5481931840197999999999999991212 19999999999999999999999
 67 68 87117152180193186160120 77 40 17 14 30 6410614918119619116813610424 425TB 610194191419699999999999999 027 661240 1299999999999999
 81 74 84108140170189190171137 94 53 23 10 17 42 8012316018519218015512524 426TB 633192195119299999999999999 056 7413 9 1099999999999999
 99 85 86102129158180188178151113 72 37 16 13 28 57 9513416518218216714324 427TB 658188203118499999999999999 125 831341 1299999999999999
118100 93101120145167180179161131 94 58 31 19 22 41 7010513816217317015624 428TB 724182211717499999999999999 157 931417 1899999999999999
136117106105116133153167173165145116 83 54 34 27 34 52 7910813515516316024 429TB 755173221416399999999999999 23210415 1 2799999999999999
149135122116117125138151160160151133109 82 59 44 38 44 59 8010512814615524 430TB 835161233415699999999999999 32011516 0 3899999999999999
156149140130124123126133141147148142130112 91 72 57 49 50 60 77 9812114024 5 1TB 942148999999999999999999999 4461231724 4899999999999999
153158156148138127120117119125133139141136124107 87 69 56 51 57 71 9311724 5 2TB 111158114714199999999999999 7 31171858 5199999999999999
140157166165155139122107 99100108122137147150142125102 78 59 50 53 68 9124 5 3TB 223167134515099999999999999 826 982016 5099999999999999
120148169178174157132106 85 75 78 93116141160168161141113 84 60 49 52 6924 5 4TB 31117815 416899999999999999 916 742117 4899999999999999
 98131162183188176150115 82 58 50 59 83116150176186178154120 87 62 51 5724 5 5TB 34918916 418699999999999999 959 5022 9 5199999999999999
 79111148179195193171134 91 54 31 28 46 80122162191200188160123 88 65 5824 5 6TB 4231971656200999999999999991039 272254 5799999999999999
 68 95131167194202189156111 64 28 10 14 40 83131175202208192160123 90 7124 5 7TB 4552031745209999999999999991119  92336 6799999999999999
 69 85115152184203201177136 86 40  8 -3 10 44 91142184207208188155120 9324 5 8TB 5262051832210999999999999991158 -3999999999999999999999
 80 84105136170195204191159113 64 22 -3 -6 15 5410315118820520117914811824 5 9TB 556204191820699999999999999 015 791237 -799999999999999
 97 91101125154181197196175138 93 48 14 -3  2 27 6811515718719718916713924 510TB 62619920 219799999999999999 051 911317 -499999999999999
116103103118141166185191182156119 78 40 14  6 16 44 8312415918118517515524 511TB 656191204718699999999999999 1261011357  699999999999999
132116109115130150169180179165138105 70 40 23 20 34 61 9513015717217216224 512TB 727181213317499999999999999 2 11091439 1999999999999999
145128118116124137152164168163148125 97 69 48 36 37 51 7510413215216216124 513TB 8 0168222416399999999999999 2391161524 3599999999999999
152139128121122128137146153154148136117 96 75 59 51 53 66 8510913114715524 514TB 841154232515699999999999999 3271211617 5199999999999999
154148138130124123125130135139141138129117101 85 72 64 66 75 9111113014424 515TB 950141999999999999999999999 4491231723 6499999999999999
152153148140131123118116117121127131133130122110 95 82 74 73 80 9511313124 516TB 036153115613399999999999999 7 51161837 7299999999999999
146155156151142129117107102103108118128135137132120105 90 79 77 83 9811724 517TB 144156134713799999999999999 8231011947 7799999999999999
136152161162154139121103 90 85 88 99115132144148143130111 93 81 79 8610324 518TB 234163145814899999999999999 9 7 852045 7899999999999999
124146162169166151130105 84 71 69 78 97120142157161153136113 93 81 81 9224 519TB 310170155016299999999999999 941 682133 7999999999999999
112136159173176165142113 84 62 53 57 74101131157172173160137112 91 81 8524 520TB 3411771634174999999999999991013 522215 8199999999999999
101125152173182177156125 91 61 42 38 51 77112146173185181162134108 89 8324 521TB 4 91831713186999999999999991043 372253 8399999999999999
 92113141168185186171141103 66 38 25 30 52 87127163187194182158129103 8824 522TB 4361881751194999999999999991114 252329 8699999999999999
 88103129158181191183158120 79 43 20 15 29 60101143177196196179151121 9924 523TB 5 41911829199999999999999991146 15999999999999999999999
 90 97117146173190191173140 98 57 25  9 13 35 7211615718719919317114211524 524TB 53319319 820099999999999999 0 4 901219  899999999999999
 98 95108132160183193184159120 78 40 14  6 17 46 8612916719119718516113324 525TB 6 4193194919799999999999999 039 941255  699999999999999
111100103120145170187188173143103 63 30 11 10 27 58 9813917118919017515224 526TB 637190203319199999999999999 115 991334  899999999999999
127110104112131154174184180160129 91 54 27 14 18 38 7010814417118418116624 527TB 714184212018599999999999999 1541041416 1499999999999999
145125112110119137156171176169149119 85 54 32 23 30 50 7911314516817817424 528TB 757176221417899999999999999 23910915 5 2399999999999999
160142125115114122135151163166159142116 87 60 42 35 41 60 8711714516517324 529TB 853166231317499999999999999 33611316 1 3599999999999999
170158141126115112117127140151157153140120 95 72 55 48 53 68 9212014516424 530TB10 9157999999999999999999999 45311217 6 4899999999999999
172170158141124110103104113126139150152145129108 87 69 61 63 76 9812314824 531TB 015173114715299999999999999 6221031818 6099999999999999
167175172159139117 99 87 86 95111130147156155143124102 83 72 72 8410413024 6 1TB 115175132415799999999999999 738 851929 7199999999999999
154173180175158133105 81 67 65 77 99125149165168159139116 95 82 81 9211324 6 2TB 2 6180144516899999999999999 836 642035 8099999999999999
138163181186176153121 87 59 44 45 62 91124155176182172152126104 90 8910124 6 3TB 252186155318299999999999999 926 432134 8899999999999999
123149174189190174143105 67 38 25 30 53 89129164187193182160133110 97 9724 6 4TB 3331921650193999999999999991013 242228 9599999999999999
111134161184195190167130 87 47 20 10 21 51 9213617419620018716213411210224 6 5TB 4121951742201999999999999991057 10231610199999999999999
105121146172192197185156114 69 31  7  3 20 5510014618220220218515913211324 6 6TB 4501981830204999999999999991141  2999999999999999999999
106113132157181195195176142 98 55 20  2  4 27 6511215618820219817815112724 6 7TB 528197191420399999999999999 0 01061224  099999999999999
112109120141166186195187164127 84 44 15  4 12 39 8012516419019818816714224 6 8TB 6 5195195619899999999999999 04010813 5  499999999999999
121111113128149171186189177150113 74 39 17 12 26 56 9613616918819017615424 6 9TB 642190203519199999999999999 1171101346 1199999999999999
132116111118134154172182179164136102 67 39 24 25 43 7411114617218317916424 610TB 720182211418399999999999999 1541111425 2299999999999999
143124113112122137155168173168151125 94 65 44 35 41 62 9112415317117716924 611TB 8 0173215217799999999999999 23311115 5 3599999999999999
152134119112114123137151160163156140116 91 68 53 49 59 7910713515717017024 612TB 846163223217199999999999999 3171111546 4999999999999999
160144128116111113121132143150152146132113 93 75 65 65 75 9511914216016724 613TB 944152231516899999999999999 4121111631 6399999999999999
165155140125114108108114123133140144140130116100 86 78 79 8910712814816124 614TB11 1144999999999999999999999 5271071723 7799999999999999
166163152137121109101 99103112123133140140134123110 98 91 9110011613515224 615TB 0 3166123614199999999999999 649 991825 9099999999999999
164167162150133115100 89 86 9010111613114214614413412110810010010812314024 616TB 05416714 714799999999999999 756 861932 9999999999999999
157167169162147127105 86 74 71 78 9411413415015715514513011610710611312824 617TB 144170151815899999999999999 847 71203710599999999999999
147163172172161141116 90 69 57 57 69 9111714316217016715413612010910911824 618TB 229174161317199999999999999 929 56213410899999999999999
135154170178174158131100 71 50 41 46 65 9312615617618317615913811910911024 619TB 31117817 01839999999999999910 9 41222410899999999999999
123142163179183174150118 83 52 33 28 39 6510013817018919218115913511610824 620TB 3501831742193999999999999991047 2823 810899999999999999
113129151173187186170140102 64 34 18 19 38 7011115118319919718015512911224 621TB 4291881824200999999999999991127 16235010799999999999999
107116136161183193186163128 86 48 20  8 15 40 7912316419320419617514712224 622TB 5 919319 52049999999999999912 8  8999999999999999999999
108107121145171190195183155115 72 35 11  4 17 48 9013617419920419116613824 623TB 550196194620599999999999999 0311061250  499999999999999
115105109127153178194194177145104 61 27  7  6 25 5910314718220020018315624 624TB 633196202820399999999999999 1111041332  499999999999999
129109103112132158181193190170136 95 55 25 11 15 38 7411715718619919317324 625TB 719194211019999999999999999 1541031416 1099999999999999
145120104102113134158178188182161129 90 55 30 21 30 54 9013016518819418424 626TB 8 9188215319499999999999999 24010115 1 2199999999999999
162136113100100112131154172180174154125 91 61 42 38 49 7410714217018718824 627TB 9 7180223519099999999999999 332 991547 3799999999999999
176153128107 95 95106124144161170166150125 98 74 60 58 70 9312215117418524 628TB1013170231918699999999999999 431 941637 5799999999999999
183168145121101 88 87 95112132150161161150131110 91 80 80 9011013415817524 629TB1131162999999999999999999999 539 861732 7899999999999999
183178162139114 93 78 75 82 98119139154160155142126110100 9910712314316224 630TB 0 618313 116099999999999999 651 751838 9899999999999999
176181175159135108 83 66 60 67 8410713215216316415614212711711311813114824 7 1TB 058181143516599999999999999 758 60195411399999999999999
165177181174156130100 72 52 46 53 72 9912915517117617015614012712112413524 7 2TB 153181155517699999999999999 9 0 46211212199999999999999
150167179183175154124 90 60 39 32 41 64 9713116218118818116514613112312524 7 3TB 250183165718899999999999999 955 32221812399999999999999
136153170183186175151117 80 48 27 22 35 6210013917219219618616714512812124 7 4TB 3441871746196999999999999991046 22231212099999999999999
124137156175188189174146108 69 36 18 17 34 6710915018220019918416113812224 7 5TB 4331901829202999999999999991133 15235611699999999999999
116123140162182193189170138 97 58 27 13 17 40 7812216319120319617615012724 7 6TB 51819319 7203999999999999991216 12999999999999999999999
114113124145169187195186162126 85 47 21 13 24 54 9513817519720118716313624 7 7TB 6 0195194120199999999999999 0341111256 1399999999999999
116107112129152175191193179151113 73 40 21 20 39 7311515518519819317314724 7 8TB 639194201319899999999999999 1 81071332 1899999999999999
122106104114135159179190186168137100 64 37 26 34 59 9513516919019418115724 7 9TB 717190204219499999999999999 14110314 6 2699999999999999
131110100104119140162179184176154123 89 59 41 39 54 8211815317919018516724 710TB 755184211119199999999999999 2141001438 3899999999999999
142118102 98106122143162174175164141112 83 61 52 57 7610613816618318617424 711TB 835176214018799999999999999 250 9815 9 5199999999999999
153129109 98 97107123142157166164152131106 84 70 68 78 9912715417418317824 712TB 921166221018399999999999999 331 961542 6799999999999999
163141119103 95 97106121137150156154143127108 93 85 87 9911914216317617924 713TB1016157224317999999999999999 419 951618 8499999999999999
170153132113 99 92 9410211412914114814814112911610610210511613315116617424 714TB1130149232217599999999999999 520 9217 510299999999999999
173163146126108 94 87 87 9410612013414314714513812912111711912714015416624 715TB13 7147999999999999999999999 631 86181211799999999999999
171169158142122103 88 79 77 83 9611313014415315515114313412812713214215524 716TB 011171144915599999999999999 743 77194012799999999999999
165170167157139118 96 78 66 64 71 8710813115116416916515514313312913214224 717TB 11117016 216999999999999999 845 6421 412999999999999999
154166172170158138112 86 65 51 50 60 8010813716217818317616214513212612924 718TB 217172165418399999999999999 939 4922 812699999999999999
140156170178175161136105 74 49 35 36 50 7711214717619319418316314112512024 719TB 3171791737195999999999999991029 34225912099999999999999
126141161178187182163132 95 59 32 20 24 45 8012116119120520118315713211624 720TB 4101871817206999999999999991115 19234211299999999999999
113124145169189197188163125 83 44 18  8 18 46 8813417620421220117614511924 721TB 5 019718552129999999999999912 0  8999999999999999999999
105107124151179199204191160117 71 32  8  3 20 5510215119121321419516413124 722TB 548205193221699999999999999 0231041243  299999999999999
106 96104127157187206208189153107 61 24  5  7 31 7112116820221620818214724 723TB 63521020 821699999999999999 1 3 961324  399999999999999
115 93 89103130163192208206183145 99 55 24 12 22 51 9414118320821319716624 724TB 723210204321499999999999999 144 8814 4 1299999999999999
130100 84 85103132165191204198174136 94 57 34 30 45 7711916119320820418124 725TB 812204211620999999999999999 226 821443 2999999999999999
148114 88 77 82102131162185194187163130 94 66 52 55 7410514217519720219024 726TB 9 4194214920399999999999999 310 771520 5199999999999999
164132102 81 73 81100127154174181174155128102 83 77 8410313015918219419224 727TB10 2181222219599999999999999 4 0 731559 7799999999999999
176150121 94 77 71 78 9511814216016816415113311610510311112714716718218724 728TB1112168225918799999999999999 457 71164210399999999999999
181165141115 92 76 69 73 8710612814615715915414413412712613114215516817724 729TB1246159234617999999999999999 6 7 69174212699999999999999
179173158138115 92 75 65 66 76 9411513615116016215915214614114214615416324 730TB1448163999999999999999999999 727 64192914199999999999999
170173169158140117 93 72 59 56 64 8210613115316817517316615614714214214824 731TB 059173161717599999999999999 845 56212514199999999999999
157166172172163145119 91 66 50 45 54 7510313416118018818417215614213413324 8 1TB 22917317 818899999999999999 950 45223413399999999999999
140153167177179169148118 85 57 39 36 48 7410814417419319718716814713112324 8 2TB 3411791746197999999999999991043 35231712299999999999999
125137154173185186173147112 75 46 29 30 48 8112115918920219918215713311724 8 3TB 4361881818203999999999999991127 27235111299999999999999
112120138162183194192173140100 62 35 23 31 57 9613917720020619316814011624 8 4TB 52019518472069999999999999912 6 23999999999999999999999
104106121146172193200191165127 85 50 28 24 41 7511816019220720118014912024 8 5TB 558200191420799999999999999 0221031240 2399999999999999
101 95105128157183200201184152111 71 41 27 34 60 9914318020220518916112824 8 6TB 633203193920699999999999999 050 951310 2799999999999999
102 90 93110138167191201194171135 95 60 39 36 53 8612716619420519617113924 8 7TB 7 720120 220599999999999999 119 891338 3599999999999999
109 89 84 95118148175193196183155118 83 57 46 54 7911515318420119918115124 8 8TB 741197202420399999999999999 147 8414 5 4699999999999999
119 93 81 84101127155178189186168139106 79 63 63 7910714217319419918716224 8 9TB 817190204719999999999999999 218 801431 6099999999999999
131102 84 79 88108133157175180173153127101 83 77 8510513316218519519017124 810TB 856180211019599999999999999 250 791457 7799999999999999
143115 92 80 81 93112135155167169160143123105 95 9610812915217418718817624 811TB 941170213518999999999999999 326 791525 9499999999999999
154128105 88 81 84 9611313214815715815214012611611311712914516217618117724 812TB103915922 418199999999999999 410 81155811399999999999999
163142120100 87 82 85 9410812413814815215014413713213113414215216317117324 813TB12 8152224417399999999999999 5 8 82164913099999999999999
167154136118101 88 82 81 87 9911312814115115515515214814514314615115816424 814TB1431155235216699999999999999 632 81185014399999999999999
166162152138121103 87 76 72 75 8610212114115716717016816015114414214415124 815TB16 1171999999999999999999999 8 4 72205914299999999999999
159164165159145126103 81 65 57 59 72 9311914616918318617916514913713213524 816TB 137165164718799999999999999 918 5622 713199999999999999
145158170175170155130100 71 49 39 43 60 8912415918620019818416113912311924 817TB 3 41751724201999999999999991014 38225211899999999999999
126143164182190184163130 92 57 31 22 30 55 9413717720421320317914812210624 818TB 4 619017582139999999999999911 3 22233110499999999999999
106121146175197206196167126 81 42 17 11 26 6010715619621921919916512910124 819TB 4582061831222999999999999991146 10999999999999999999999
 89 96120154188212218202166118 69 30  9 10 34 7612817821322721618514410624 820TB 54621819 322799999999999999 0 8 891227  699999999999999
 81 76 91123163200222223201159108 60 26 12 22 5410115319722322520316412024 821TB 632226193422799999999999999 046 7513 5 1299999999999999
 84 65 68 91129171206224220193149100 58 32 28 46 8313117721122421418213924 822TB 71822520 322499999999999999 123 631342 2699999999999999
 97 67 55 65 94134175205218209180139 97 64 49 54 7811615819421521619515924 823TB 8 5218203121899999999999999 2 2 551416 4899999999999999
117 80 57 53 68 98136172197204193166132100 80 74 8611214517820120920017324 824TB 854205205820999999999999999 242 521448 7499999999999999
137100 71 55 56 7310113416318218717715613211210110411814016518619819618124 825TB 948187212419999999999999999 326 54151910199999999999999
154123 93 71 61 63 7810112715016517016415213812812513014215717218318618024 826TB1055170215118799999999999999 418 60155212599999999999999
165143118 95 78 69 69 79 9611613514915715815515014714614915416116817217224 827TB1242158223017399999999999999 527 68164314699999999999999
167156141123104 88 76 72 76 8710312113815216116516516215915615415415615924 828TB1532165999999999999999999999 7 3 72202215499999999999999
161161156147133114 95 79 69 68 76 9211313615617017817817116115114314014224 829TB 025161162817999999999999999 837 6722 414099999999999999
149157163165158143121 96 74 60 57 66 8611314216718419018417015213712712524 830TB 243165165919099999999999999 945 57224112599999999999999
132145161173177169149121 90 65 49 49 63 8912215618319719618115913611811124 831TB 3521771726198999999999999991033 4723 911199999999999999
115130151172187188175148113 78 52 40 45 6710114017519820419316914011510024 9 1TB 4381891750204999999999999991112 402335 9899999999999999
 99112135163187199195173139 99 64 41 37 51 81122162194208203181149117 9524 9 2TB 5152001814209999999999999991145 36999999999999999999999
 87 95117148179200206193163123 83 52 37 42 67105148185207209192160124 9524 9 3TB 549207183621199999999999999 0 0 871215 3699999999999999
 79 80 98129164193209206184147106 69 46 42 58 92134174203212200172134 9924 9 4TB 621210185621299999999999999 025 771241 4199999999999999
 76 69 81108144178203210198169129 90 61 49 57 8312216219521120618214610824 9 5TB 653210191621299999999999999 051 6913 7 4999999999999999
 78 64 68 89122158188205203184151114 82 63 63 8111315118520620819115812024 9 6TB 725207193621099999999999999 117 631331 6199999999999999
 86 65 60 74101135168192200191167135103 81 74 8410914217519820619516913324 9 7TB 759200195520699999999999999 144 601355 7499999999999999
 98 71 60 64 84113145173188190176152124102 90 9310913516418820019617614624 9 8TB 834191201520099999999999999 212 591419 8999999999999999
112 83 65 62 73 9512315017017917616214212210810611413215517619019117915624 9 9TB 914180203619299999999999999 243 62144410599999999999999
126 98 77 67 70 8310312614716216716415313912712212413414916517818317716224 910TB10 516721 018399999999999999 318 67151212299999999999999
140116 94 79 74 77 8810412213815015615615114514013814114715616517017116424 911TB1126157213317199999999999999 4 7 74155213899999999999999
151134115 98 86 80 80 86 9711112513914915515815715515315115115315615915924 912TB1420158224515999999999999999 530 79183515199999999999999
156149137123108 93 82 76 76 83 9611313214916317217416916115114414114214724 913TB1546174999999999999999999999 730 7521 914199999999999999
154158157151137118 97 78 64 60 66 8210513215917918918817615914112812412824 914TB 126158162319099999999999999 856 60215812499999999999999
141156169174169152125 95 67 48 42 51 7310614317619820519617314612110610524 915TB 3 2174165520599999999999999 955 42223410499999999999999
118140166186195187163127 87 53 32 28 43 75117161197216214193159123 96 8424 916TB 4 21951725217999999999999991042 272310 8499999999999999
 90113147181206214201168123 77 41 22 24 48 88138184216226212178135 96 7024 917TB 4522141755226999999999999991124 202345 6399999999999999
 64 80114157198223227206166116 68 35 22 32 65112163206229226198154106 6724 918TB 53922818242319999999999999912 3 22999999999999999999999
 47 51 78121169210233230203158108 64 38 34 54 93142189221231214176126 7824 919TB 624235185223199999999999999 021 461240 3299999999999999
 45 33 46 81130179216233224193148103 68 51 57 84125170207226221193148 9824 920TB 7 9233191922799999999999999 058 331314 5199999999999999
 56 31 29 50 89137182213223210179140103 80 74 8811715419021421820216712224 921TB 755223194421999999999999999 135 271347 7499999999999999
 78 45 29 35 60 99142179202207192165135110 9810111914617519820820217914424 922TB 84320720 820999999999999999 214 291417 9799999999999999
104 69 45 37 47 7210514016918618717515613612312012714416418219419418115824 923TB 935188203119599999999999999 256 37144711999999999999999
128 97 71 55 52 61 8110713415516716916315314313814014715816917718017516324 924TB1042170205318099999999999999 345 51151713899999999999999
144122100 82 70 67 72 8510312314015215815915715415315315515816116316215824 925TB1240159211516399999999999999 453 67161715399999999999999
151140127112 97 85 78 77 83 9611212914415616316616616215715214714514514624 926TB1520166999999999999999999999 637 77213614599999999999999
148149146139127111 95 81 75 77 8710412414516217317717316315013813012713024 927TB 046149155817799999999999999 817 75215812799999999999999
138148156159153139118 95 77 68 69 8110312915417518518417215413411811011124 928TB 251159162418699999999999999 923 67222110999999999999999
122139157170174164144116 89 68 59 64 83111142171189194184162136112 97 9424 929TB 34717416481949999999999999910 8 592244 9399999999999999
104124149172186185169141107 77 58 54 67 93128162189200195173143112 89 7924 930TB 4281871710201999999999999991044 5423 8 7999999999999999
 85105134165189199190165130 94 66 52 57 78113151184203204185153117 87 692410 1TB 5 21991731206999999999999991115 522332 6699999999999999
 68 85115151183203205187154115 81 58 54 69 99138176202209196165126 89 642410 2TB 5352071751209999999999999991143 532357 5599999999999999
 55 66 93131170199211203177139101 72 59 65 90126166196211204177138 97 642410 3TB 6 62111811211999999999999991210 58999999999999999999999
 48 50 72108149186208211194162123 90 70 68 85117155188208208188151109 712410 4TB 638213183021199999999999999 022 461236 6699999999999999
 46 41 55 85126166196210203179145111 86 76 85110144178202209195164123 832410 5TB 710210185020999999999999999 047 4013 1 7699999999999999
 52 38 43 66102142177199204190163131104 89 90107135167192204198174137 972410 6TB 74420419 920499999999999999 114 381326 8899999999999999
 63 43 40 54 821181541811951921741491231051001091301561811961961791501142410 7TB 819195193019899999999999999 141 39135210099999999999999
 79 54 44 49 68 971291581771841771601401221131151281481681841881801591292410 8TB 859184195218999999999999999 211 43141911399999999999999
 98 71 55 52 61 801061321541681711651521391291261311431571701771751631422410 9TB 949171201817799999999999999 246 51145112699999999999999
117 93 74 63 62 71 86106127144156160158152145140140143149156162164160150241010TB11 9160205316499999999999999 334 61154313999999999999999
135116 98 83 74 71 74 84 99116132146156160160157153149145144146148150150241011TB1330161223115099999999999999 456 71185714499999999999999
146138126112 96 83 74 71 75 86104123143160170174170161148137129128131139241012TB1457174999999999999999999999 655 71204812899999999999999
147153152144129108 87 70 61 62 74 95122149172186188178159137118107107117241013TB 126153153918899999999999999 824 60213110699999999999999
134153168172165144116 86 62 49 51 67 95130164190202196176145114 91 81 87241014TB 254173161220299999999999999 924 4822 7 8199999999999999
108137167188195183156119 82 54 41 46 69105146184208212195162121 85 62 57241015TB 3521951642213999999999999991013 402242 5699999999999999
 73106146184209213196160117 76 49 40 52 82125169204221213183138 91 54 35241016TB 4422141712221999999999999991056 402318 3499999999999999
 40 67110159200224224200159113 74 50 48 68105150192219224203161109 61 27241017TB 5292271741225999999999999991136 462355 1699999999999999
 16 31 68119171212231225196153109 76 60 66 92132175209224215183134 80 36241018TB 61523218 9225999999999999991213 60999999999999999999999
 10  8 32 76129180216229217186146108 83 77 90120158193216218198158107 58241019TB 7 1229183622099999999999999 033  61249 7799999999999999
 21  4 12 42 87138183211218203174139111 96 98116145177201212203175133 86241020TB 74721819 321299999999999999 112  41323 9599999999999999
 45 18 11 24 56 99143179200201186162136117111119138162185198198182152114241021TB 835203192920099999999999999 151 10135611199999999999999
 76 45 27 26 41 71107143170184184171153136127127136152168181185179161135241022TB 927186195518599999999999999 234 24143012599999999999999
105 76 54 43 44 59 83111138158169169161150141137138145154163168167159145241023TB1029170202316899999999999999 322 42151113799999999999999
126105 85 69 61 62 72 89110130147157160157152147144144145147149150149145241024TB115816021 515099999999999999 425 60165114499999999999999
138127113 99 85 76 74 78 90106124140152159160158153146140135131131133136241025TB1353160999999999999999999999 553 74204213199999999999999
139139135126113 98 86 78 79 87102121139155164167163154141127117112113120241026TB 035139145516799999999999999 727 78211811299999999999999
131141148147139123105 88 77 76 85102124147164174174164147126108 97 94101241027TB 227149152917599999999999999 836 752145 9499999999999999
116135152162161148128104 84 73 74 87109135160177183176157131105 86 77 81241028TB 325163155618399999999999999 926 722211 7799999999999999
 97121147167176171152125 98 78 70 76 95122152177189187169140108 80 64 62241029TB 4 817616201909999999999999910 5 702236 6199999999999999
 76102134164183188175149118 90 73 70 84109142172191195181152116 81 56 46241030TB 4451881643196999999999999991039 7023 2 4699999999999999
 55 79114151181197193173141109 83 72 77 99130163189200191165127 87 54 36241031TB 51919817 4200999999999999991111 722328 3499999999999999
 37 56 91132170196204192165130 99 80 77 91119153183200199178141 99 60 332411 1TB 5532041726202999999999999991141 762355 2599999999999999
 25 37 67108151186205203184152119 93 82 88110141173196202188156114 71 382411 2TB 6262071748202999999999999991210 81999999999999999999999
 21 23 45 82126167196206196171139110 92 89104130161188200194169130 87 492411 3TB 7 0206181120099999999999999 022 191238 8899999999999999
 24 18 30 60100143177198199184157128105 96102122149176193194178146106 662411 4TB 735201183519699999999999999 051 1713 7 9699999999999999
 36 21 23 43 77116153181193188170145121107105117138162182189182158125 872411 5TB 81219319 118999999999999999 121 19133710499999999999999
 54 32 25 35 58 911261571771831751581371201131171301491671791791651401092411 6TB 855183193018099999999999999 154 25141111399999999999999
 77 51 36 35 47 70 991291541691721651511361251221271381521631691641501282411 7TB 94817220 516999999999999999 234 34145412299999999999999
102 76 56 46 46 58 771021261471601651601511401321291311371451521551521412411 8TB105816521 115599999999999999 326 4516 712999999999999999
125104 84 67 57 56 63 78 981211411551631631571471381301261271311371421442411 9TB1228164225514499999999999999 440 55182512699999999999999
140131116 98 81 68 61 64 75 93116138157168170164152136122111107111121133241110TB1347171999999999999999999999 614 6120 010799999999999999
143148145133115 94 75 63 62 71 91116142165178180170150126103 88 83 91108241111TB 1 8148143918199999999999999 738 612052 8399999999999999
130150163164153131104 80 64 60 71 93123153178191187169139105 77 60 58 73241112TB 235165151919199999999999999 844 602134 5799999999999999
100133163181184169142110 82 64 62 76102136169193200188159119 78 47 32 38241113TB 339185155420099999999999999 939 612214 3299999999999999
 62100142178199200181149113 84 68 69 86117154186205203181141 93 49 19 10241114TB 4332021627207999999999999991027 662254 1099999999999999
 24 58105153192211209186151114 86 74 80103136172200210199166118 67 24 -1241115TB 52321317 0210999999999999991111 742334 -599999999999999
 -3 20 62114164201217210184148114 91 84 95121155187207208186146 95 45  7241116TB 6112181732210999999999999991152 84999999999999999999999
-11 -5 24 71124172205215204176143113 96 96112139170195206197168124 75 30241117TB 65821518 420699999999999999 015-121231 9499999999999999
 -1-11  2 36 83134176202206192165136113104109127153179195197181149106 61241118TB 744207183619899999999999999 056-1113 910399999999999999
 24  2 -1 17 52 96140175193193178154130115111120139160179187182163131 93241119TB 829195191018899999999999999 138 -2134611199999999999999
 56 27 13 16 36 69107143170182178164144127118118128144160171174165146118241120TB 916182194517499999999999999 220 12142511799999999999999
 87 58 37 29 35 54 83115143163170166153138126121123131142152158157149133241121TB10 5170202715899999999999999 3 5 29151312199999999999999
111 87 66 51 46 53 70 94119142156161157148136127123123127132138142142137241122TB11 1161213014399999999999999 356 46162912299999999999999
126111 94 77 66 62 67 81100122140152157154147137127120116116118123128131241123TB12 6157233013299999999999999 456 62184011699999999999999
131126117103 90 79 74 77 88105124140152158156148136124112104100102109118241124TB1312158999999999999999999999 6 8 7420 810099999999999999
127133133126115101 89 82 83 93109127145157162159148132114 97 86 82 87 99241125TB 13113414 616299999999999999 721 812055 8299999999999999
115130141144138125108 94 85 86 97114134153165168160144121 97 77 66 66 77241126TB 249144144716899999999999999 824 852130 6599999999999999
 96120141154157148131112 95 87 89102122144163173171157132103 75 55 48 55241127TB 344157152117499999999999999 917 8622 2 4899999999999999
 74101131155169168155133111 94 87 93110134157174179169146114 80 51 35 35241128TB 42817015501799999999999999910 1 872232 3399999999999999
 50 78113147172182175156131107 92 89100122148171183180160128 90 55 30 20241129TB 5 71821619184999999999999991040 8823 3 2099999999999999
 28 53 89129164185189177152124102 90 94111136163182187174145106 66 32 13241130TB 5431901647187999999999999991116 902333 1099999999999999
 12 30 63105146178194191172144116 97 92102124151176188184161125 83 43 152412 1TB 6191951715189999999999999991151 92999999999999999999999
  4 12 38 77122161188196186162133108 95 96112138165184188175144104 61 262412 2TB 656196174518999999999999999 0 5  41224 9499999999999999
  5  2 18 51 93136171191192176150123103 96104124150173186182161126 85 452412 3TB 733194181718699999999999999 039  11258 9699999999999999
 16  2  7 30 65108147176188184165139116101101113135158176181171146110 702412 4TB 812189185218299999999999999 114  11334 9999999999999999
 36 13  6 17 43 79119153176182174154131112103106120140160172172158132 982412 5TB 855182193117499999999999999 153  6141410399999999999999
 62 34 17 15 30 56 911261551721751651471261111061101231401551631611471232412 6TB 942176201916499999999999999 235 1415 310699999999999999
 92 62 39 27 28 43 68 991301551681691591421251111061091181321441511501392412 7TB1034171212415299999999999999 324 2516 910699999999999999
120 94 69 50 40 42 55 781061331541661661571411231091011001061181301401432412 8TB1132168225414399999999999999 421 39173610099999999999999
138124104 83 65 55 56 66 86111136155166167157140120102 89 84 881001161312412 9TB1231168999999999999999999999 528 5419 1 8499999999999999
141142134118 99 82 70 68 76 93116140159170170158137112 88 70 63 67 82103241210TB 039143132817199999999999999 643 6720 8 6399999999999999
126144152149136117 97 83 78 84100122146165176173157130 99 69 47 39 46 67241211TB 214152141817699999999999999 757 7821 2 3999999999999999
 96126152165165152132109 93 86 91107130154174182175153119 81 47 24 18 29241212TB 32916715 418299999999999999 9 4 862151 1799999999999999
 57 93132162179180165142117 99 91 97114139164182186174145105 61 25  3  1241213TB 43118215471879999999999999910 4 912237  099999999999999
 19 53 97140174191190172146120101 95103123149173189188169134 88 43  7-11241214TB 5251931629191999999999999991056 952322-1399999999999999
 -8 16 56105150184198193172144118101 98109131158181192185160120 72 28 -5241215TB 61319917 9192999999999999991143 97999999999999999999999
-18 -9 21 65115160190200190166137113100101116140166185191178148105 58 17241216TB 658200174919199999999999999 0 6-181225 9899999999999999
-10-17 -2 33 79128168191195180154127106 98104123147171185184167134 91 48241217TB 740196182818799999999999999 049-1713 3 9899999999999999
 12 -8 -8 13 50 95139172188185166140116101 98109129152171179173152119 79241218TB 81918919 717999999999999999 130-101340 9899999999999999
 41 13  1  8 33 70112148173180172151127107 98100113132152166169159137106241219TB 856180194716999999999999999 2 9  11418 9799999999999999
 71 40 20 16 28 54 90126155170171158137116102 97102115132147156156145123241220TB 932173202915799999999999999 246 151458 9799999999999999
 96 67 45 32 34 50 76107136157166161146127110 99 96102113126137143142131241221TB10 7166211914499999999999999 323 311547 9699999999999999
114 91 70 54 49 54 71 94121143157160152138120106 96 94 98106116125131130241222TB1045160222713199999999999999 4 1 491653 9499999999999999
123110 94 79 68 66 73 88108129146156155147132117102 92 88 89 95104113121241223TB1128157999999999999999999999 446 661819 8899999999999999
124121113102 91 84 82 88100117134148154153144129113 97 84 77 76 81 91104241224TB 0 3124121815599999999999999 544 821940 7699999999999999
116124126123115105 97 94 98108122137149154152142126107 88 72 62 61 68 82241225TB 154126131315499999999999999 659 942039 6099999999999999
100118131137136128117107102103112125140151156153140121 97 74 55 46 47 58241226TB 31913814 715799999999999999 8181012125 4599999999999999
 78103126143152149139125111104105113128144156160154137112 83 56 37 29 35241227TB 417152145516099999999999999 92510322 5 2999999999999999
 53 80111139158165159144126110102104116133151163164153130 98 65 37 19 16241228TB 5 116515381659999999999999910181012243 1599999999999999
 28 54 88124154172175164144122105 98104120141160170167149119 82 46 18  4241229TB 54017616181719999999999999911 2 982320  399999999999999
  7 27 60101140169183179162137113 98 95106127151170176167142105 64 27  2241230TB 6171841657176999999999999991141 952359 -699999999999999
 -6  4 32 72116155181188177154126103 91 94111136161178180164132 90 47 11241231TB 6531881736181999999999999991217 90999999999999999999999
