 90 57 33 23 29 50 81115144162166156138116 98 88 88 9811513515015715213524 1 1TJ 94516621 615799999999999999 3 8 231529 8799999999999999
110 81 56 39 37 48 71100129151161159146127107 92 85 88 9811413014214613924 1 2TJ1018162215214699999999999999 342 361615 8599999999999999
123101 79 60 51 53 67 90115138154158152137119101 88 82 85 9410812213113424 1 3TJ1054158225113499999999999999 418 501711 8299999999999999
129117100 83 71 66 71 84104125143153154146131113 96 83 77 78 86 9811112124 1 4TJ1135155999999999999999999999 5 0 661818 7699999999999999
126125117105 93 84 81 86 97113130144152151142127108 90 76 68 68 75 8710224 1 5TJ 015126122515299999999999999 555 811931 6799999999999999
115124127124116106 98 94 96105118132145151150141124103 82 65 55 53 61 7624 1 6TJ 159127132215299999999999999 7 9 942037 5399999999999999
 95114128136136129119108101101107119134147154153141121 96 71 50 38 37 4824 1 7TJ 330137142115599999999999999 8351002134 3699999999999999
 68 93118138149150142128114103101107120137152160157143118 87 56 32 19 2124 1 8TJ 434151151816099999999999999 9491012223 1899999999999999
 37 64 96128152164163150132113101 98106122143160169164144113 75 39 13  124 1 9TJ 52416516 9169999999999999991046 972310  199999999999999
  7 30 65105141166177171154130108 95 94106127152171179170144105 62 22 -524 110TJ 6 81771659179999999999999991134 922355-1499999999999999
-14 -1 29 71117155180186174150122 99 87 91108135162182187173140 95 47  624 111TJ 6501861746188999999999999991217 87999999999999999999999
-19-22 -3 35 83131169189189171142111 89 80 89112143172191192172134 85 3524 112TJ 730191183319499999999999999 039-2313 0 8099999999999999
 -5-25-22  4 47 98145179193186162129 98 78 75 89116149179195191166124 7424 113TJ 8 9193192019699999999999999 122-261342 7499999999999999
 26 -8-22-12 19 65115158186192177149115 86 70 71 8911815217919218415611424 114TJ 84719220 819299999999999999 2 5-221426 6899999999999999
 67 24 -3 -9  7 41 86132168187185165134101 75 63 68 8811815017418217214424 115TJ 924188205818299999999999999 247-101513 6299999999999999
105 64 30 12 12 32 66108146173183174151120 89 67 58 65 8511314216216815724 116TJ10 1183215216899999999999999 328  916 3 5899999999999999
133101 68 44 33 39 60 91125155173175162138108 80 61 55 62 8010512914615124 117TJ1038176225415199999999999999 4 9 331659 5599999999999999
143125102 79 63 58 66 85111137157168165151127100 75 58 51 57 72 9211312924 118TJ1118168999999999999999999999 452 5818 3 5199999999999999
136134124109 95 85 83 90104123141155161157143122 97 73 56 47 49 61 78 9824 119TJ 01513712 616199999999999999 543 831918 4799999999999999
115127131129121112105102105114126139150154151139120 96 72 52 41 40 48 6524 120TJ 2 513113 815599999999999999 6581022037 3999999999999999
 87108125135139135128119113112115124135145152151140121 96 69 46 32 28 3724 121TJ 356139142315299999999999999 8491122146 2899999999999999
 56 81108130145151147137125115109111119131145154154144123 94 63 37 20 1824 122TJ 5 515115331559999999999999910191092242 1799999999999999
 29 53 84115141157161154140123109102104115132149160160147121 88 53 25  924 123TJ 55016116311619999999999999911151012327  899999999999999
 10 27 57 93128154168167154134113 98 93100116138157168165146115 77 39 1224 124TJ 6251691718169999999999999991155 93999999999999999999999
  1  8 33 69109144167174165145121 99 87 88101123148167175166140103 61 2524 125TJ 656174175917599999999999999 0 6  11228 8699999999999999
  2 -2 14 46 87128159175173157131105 86 79 87106133159176177161128 87 4524 126TJ 723177183517999999999999999 041 -31258 7999999999999999
 13 -2  4 29 67110147171177166142113 88 75 75 91116145168180173149111 6924 127TJ 74917719 918099999999999999 113 -31327 7399999999999999
 31  7  2 18 50 92132163177172152123 95 74 68 77 98127154173177162132 9324 128TJ 814177194217899999999999999 143  11355 6899999999999999
 53 23  9 15 40 77117152172175160134104 79 65 66 8210713616017216714711424 129TJ 838176201517299999999999999 212  91425 6499999999999999
 77 44 23 20 36 66103139165174166144115 87 67 60 68 8811414015916415313024 130TJ 9 1174205016499999999999999 239 191457 6099999999999999
 98 66 42 32 39 61 93127155170169153127 98 74 60 60 72 9311814015215213824 131TJ 926171212815499999999999999 3 7 321532 5899999999999999
115 88 64 50 49 62 86115143162167158137111 85 66 58 61 75 9611713414213924 2 1TJ 951167221314299999999999999 335 481612 5799999999999999
126107 86 71 64 69 84107131150160158145124 99 77 62 57 62 75 9311112513124 2 2TJ1020161231313199999999999999 4 5 6417 0 5799999999999999
128119106 93 84 82 89103120138150154149135115 93 74 61 56 60 71 8510111424 2 3TJ1056154999999999999999999999 443 8218 3 5699999999999999
122123120113106100100104114126137145147142129112 92 74 59 52 52 60 73 8924 2 4TJ 050124114714799999999999999 540 991927 5199999999999999
104117126129127122116112112116124132140144141131115 95 73 55 43 39 44 5824 2 5TJ 3 312913 714499999999999999 7321122055 3999999999999999
 77100120135143143136127117112111117127138146147140122 98 71 46 28 21 2624 2 6TJ 429144143914899999999999999 93211122 4 2199999999999999
 44 71101129150160158146130114103102110125142155160152131100 64 32  9  124 2 7TJ 51916015531609999999999999910391012258  199999999999999
 11 35 71110144167175167148124102 90 91105127151170175164137 97 54 15 -924 2 8TJ 5591751652175999999999999991127 892345-1599999999999999
-14  1 35 79125162183185169141110 86 75 82103133164185189173138 90 41  024 2 9TJ 63518717431909999999999999912 8 75999999999999999999999
-22-21  3 45 96144180195188162126 91 67 62 75104142176197198175133 81 2924 210TJ 710195183120099999999999999 028-251248 6199999999999999
 -9-26-17 15 64118164193199181146105 70 50 51 72108150185203198170124 7024 211TJ 743200191820499999999999999 1 9-261328 4899999999999999
 22 -9-17  0 39 90141181199193166126 84 52 38 46 7311315518720019015811224 212TJ 81520020 420099999999999999 148-1814 8 3899999999999999
 63 23  1  3 27 69117161190196180146104 64 38 31 45 7611615418118917514324 213TJ 846197205118999999999999999 226 -11450 3199999999999999
102 62 33 22 32 60 99141174189185161125 85 51 32 31 48 7911514816817115724 214TJ 916190214017299999999999999 3 2 221533 2999999999999999
130 97 69 51 50 64 91125156176181168142107 73 46 33 35 52 8011013515015124 215TJ 946181223515299999999999999 336 481620 3299999999999999
140121 99 82 74 78 93116140160169166151126 97 69 48 39 42 56 7710011913124 216TJ1017170234913499999999999999 410 741716 3899999999999999
134129119108100 98103114129144154157152138117 94 72 55 46 46 55 70 8710424 217TJ1053157999999999999999999999 447 981828 4599999999999999
116124126124121118117119124130137143144141132117 99 80 63 51 47 50 60 7524 218TJ 159126115114499999999999999 55011620 6 4799999999999999
 92109122131135135131127123122122126131136137133123107 87 67 51 41 40 4924 219TJ 424135135013799999999999999 9101212135 4099999999999999
 66 87110129142148146138127117111110115124135142142133115 91 65 44 31 3024 220TJ 51314815311439999999999999910391102234 2999999999999999
 42 63 91119142155158150135118104 97 99109125141152152140117 87 56 32 2024 221TJ 5431581632153999999999999991118 972317 1999999999999999
 23 41 70104135157166161146124102 88 85 93111134153164161142112 75 42 1924 222TJ 6 91661717165999999999999991147 842353 1299999999999999
 12 23 49 86123153170171157132106 84 74 78 95120147167174163136 99 59 2724 223TJ 6321731754174999999999999991214 73999999999999999999999
  9 11 32 67108145170177167143112 84 67 64 78103134162178177158123 81 4224 224TJ 654177182718099999999999999 024  81239 6499999999999999
 16  8 21 52 92133165180175154122 89 65 55 62 85116149174183173145105 6324 225TJ 715181185918399999999999999 052  813 5 5599999999999999
 30 13 17 41 78121157179181164133 97 67 49 49 66 96131162181180161127 8624 226TJ 736183193018399999999999999 119 121330 4799999999999999
 49 25 20 36 68108147175184172145109 74 49 41 51 7611014417018017014410824 227TJ 75618420 118099999999999999 144 191357 4199999999999999
 71 43 30 37 61 97136167182178155121 84 54 38 40 58 8812215217017115512724 228TJ 817183203317399999999999999 2 9 301425 3799999999999999
 93 63 46 44 60 89124156176179163134 98 65 43 35 45 68 9913015416415813924 229TJ 83818021 816499999999999999 234 431455 3599999999999999
112 85 65 57 65 86115144166175167144112 80 53 38 39 53 7810613214915314424 3 1TJ 9 1175214815399999999999999 3 0 571529 3799999999999999
126104 85 74 75 87108133154166165151126 96 69 49 41 45 61 8310712613814024 3 2TJ 925167224014099999999999999 327 7316 9 4199999999999999
133119105 94 90 95107124141154158152136113 89 67 52 46 50 63 81 9911512524 3 3TJ 955158999999999999999999999 359 9017 3 4699999999999999
129127121114109107111119130140147148141128110 90 72 58 50 51 58 70 8610124 3 4TJ 0 6129103814899999999999999 4471071828 4999999999999999
115125130131129125121120122126131137139137130117 99 81 63 50 43 45 54 7024 3 5TJ 24313112 813999999999999999 6581202020 4399999999999999
 90110128141146145138128119114114119128137142141131113 89 64 43 29 27 3624 3 6TJ 414146141914399999999999999 9291132143 2699999999999999
 57 85115140158163157143124108 98 98108125142155158148126 94 60 30 12  924 3 7TJ 4581631545159999999999999991029 972240  899999999999999
 23 52 89128159176177162137110 88 78 83101127154173178164135 94 51 16 -324 3 8TJ 5331791646178999999999999991111 782326 -599999999999999
 -2 20 58104148179191183157122 87 64 57 70 99135169191194175137 88 40  524 3 9TJ 6 51911737195999999999999991150 57999999999999999999999
-10 -2 29 76126170196199178141 98 61 40 41 63101145183205202176132 80 3224 310TJ 636200182520799999999999999 0 8-111227 3899999999999999
  1 -6 12 50101152190205195163117 71 36 21 31 63108155193210201170123 7224 311TJ 7 7205191121099999999999999 048 -713 6 2199999999999999
 30  8 10 36 79130174201204182140 91 46 17 11 29 6711516219420519115711224 312TJ 736206195620599999999999999 125  61344 1099999999999999
 69 37 26 37 68111155188202192160115 67 28  8 10 35 7512116218719117514324 313TJ 8 5202204119299999999999999 2 0 261423  699999999999999
105 71 52 50 68 99137171191192172136 92 51 21  9 18 45 8312315617317315624 314TJ 832195212817599999999999999 234 4915 4  999999999999999
130102 81 72 78 97125154176184175150116 78 45 24 19 31 56 8812014415515324 315TJ 859184222115699999999999999 3 6 721547 1999999999999999
141123106 95 94103120140158169168155132102 73 49 35 34 44 64 8811112813724 316TJ 926170233113899999999999999 337 931637 3399999999999999
137131122115111113120131143152155150138120 99 78 60 50 48 54 67 8310011424 317TJ 956155999999999999999999999 4101111744 4799999999999999
124129130129126125125127131135138139136129118104 89 74 62 56 57 63 75 8924 318TJ 149130104613999999999999999 5211251927 5699999999999999
105119129136139137133128124121120123126129129125115101 85 69 57 52 55 6624 319TJ 4 7139133413099999999999999 93912021 8 5299999999999999
 83103122138147149143133121111105105111121131137136127110 89 67 51 44 4724 320TJ 44414915241389999999999999910291042210 4399999999999999
 62 84110134151158155142124106 94 89 94107125141150149135112 84 58 40 3524 321TJ 5 91581623151999999999999991058 892252 3599999999999999
 44 66 95126151165165153131107 87 76 77 90112136155163157137106 73 46 3124 322TJ 53216717 4163999999999999991123 752326 2999999999999999
 32 49 79114146167174164141112 85 66 62 72 95124152170173159130 94 59 3524 323TJ 5531741740174999999999999991148 612355 2799999999999999
 27 38 64101138166179174153121 87 61 49 55 76107141168181175152117 78 4624 324TJ 6131801812181999999999999991212 49999999999999999999999
 30 32 53 88127161181182164132 94 62 42 40 56 86123158181185170139101 6424 325TJ 633184184418699999999999999 023 281236 3899999999999999
 40 33 47 77116153179187175145105 67 39 29 38 65102141172187182158123 8524 326TJ 653187191518799999999999999 049 3313 2 2999999999999999
 56 41 46 69105143174188182157119 78 43 24 25 45 7911915618018517114310724 327TJ 713189194718699999999999999 115 411328 2299999999999999
 75 55 51 66 96132164185186168133 92 54 27 19 30 57 9513416418017615712724 328TJ 734188202018199999999999999 140 501356 1999999999999999
 96 72 62 69 90121153176184174146109 69 38 21 22 41 7210914316517216314224 329TJ 756184205517299999999999999 2 7 621426 1999999999999999
115 91 77 76 89113140165178175156125 88 54 31 23 31 54 8511714415916115024 330TJ 820179213616299999999999999 234 751459 2399999999999999
131110 95 88 93108130151166170160138107 76 49 33 31 42 64 9111713714814824 331TJ 847170223014999999999999999 3 4 881540 3099999999999999
139126113104103109122138152160158146125 99 73 53 41 41 50 67 8810912613624 4 1TJ 919160235713999999999999999 3411021635 4099999999999999
139136130122117116120127137144148146136121101 81 63 51 47 51 62 79 9711424 4 2TJ10 9148999999999999999999999 4431161759 4799999999999999
128137141140135129124121122126131137139136127112 94 75 59 48 45 51 65 8524 4 3TJ 212141115813999999999999999 7161211949 4599999999999999
107128144153153146135122112107109117129139144142130110 85 62 43 34 38 5424 4 4TJ 333154141214499999999999999 9111072114 3499999999999999
 79109137158169166152130109 92 85 90106127147160161148123 91 59 34 23 2824 4 5TJ 41716915351629999999999999910 4 852212 2399999999999999
 49 82120154176183172147115 86 66 62 74 99131160178180163132 92 54 26 1724 4 6TJ 4521831636182999999999999991045 612259 1799999999999999
 27 56 96139174193191168132 91 57 39 41 63 99140175195194172134 89 49 2324 4 7TJ 5241941727198999999999999991124 372342 1899999999999999
 19 37 72118162193203189154108 62 29 16 27 59104151189207201173130 84 4724 4 8TJ 55520318152079999999999999912 2 16999999999999999999999
 28 31 56 97143182205203176132 81 35  7  2 22 62113161196209198166124 8224 4 9TJ 62520719 220999999999999999 021 261241  199999999999999
 51 41 52 82124166196206192156106 55 15 -6 -1 26 7112216819720318815611724 410TJ 655207194720499999999999999 059 411320 -799999999999999
 82 62 60 77109147181200198174132 83 37  4 -7  5 38 8213016818919017314424 411TJ 725202203219299999999999999 135 581359 -799999999999999
112 88 77 82103132163186193182152110 66 28  6  3 19 52 9313316217617315724 412TJ 754194211917799999999999999 210 771439  199999999999999
134111 97 94103123147168181179162132 95 58 30 16 19 37 6610013015216015724 413TJ 823182221116199999999999999 244 931521 1599999999999999
144129115108109119134151164168161143117 88 60 41 32 37 53 7610112414014624 414TJ 854168231614699999999999999 32010716 9 3299999999999999
145138129121118120127136146151151144130111 89 70 55 49 52 63 80 9811612924 415TJ 930152999999999999999999999 4 71181711 4999999999999999
137139137133129125125126129133136136133125112 98 82 70 62 61 67 78 9310924 416TJ 059139103713799999999999999 5511241838 6199999999999999
124135141142139134127121117116118122127129127120109 94 80 68 63 65 74 9024 417TJ 24814213 812999999999999999 8471162014 6399999999999999
108126140148150144133121109101100105114125133136132119102 83 68 60 61 7224 418TJ 340150145513699999999999999 9451002122 5999999999999999
 91114135151158155143125107 91 84 86 96113131144148142126104 81 63 55 5924 419TJ 4121581556148999999999999991018 8322 9 5599999999999999
 75100126150164166155134109 86 71 68 77 96120143157160149127 99 73 56 5224 420TJ 4381661641161999999999999991047 672246 5299999999999999
 63 86115144166174167146117 87 63 53 57 75103133158171168150122 91 65 5224 421TJ 5 21741719172999999999999991113 522319 5299999999999999
 56 74103136164179177158128 92 61 42 39 54 82117150173180170145112 81 6024 422TJ 5241801754180999999999999991139 382349 5499999999999999
 54 66 92126158180185171141103 65 37 26 34 59 95134167184184165135101 7324 423TJ 54618518281869999999999999912 5 26999999999999999999999
 60 63 83115149176188181156117 75 40 20 19 37 71112152179189180156123 9224 424TJ 6 918919 118999999999999999 018 591233 1799999999999999
 71 66 78104137168187188169134 91 50 21 11 20 48 8713016518618717114311224 425TJ 633190193518999999999999999 047 6513 2 1199999999999999
 86 74 77 96126157180189178150110 67 32 11 11 29 6310414317218517915913124 426TJ 658189201118599999999999999 116 731332  899999999999999
105 86 82 93115144169184182163129 88 50 22 11 18 42 7811715017217716814724 427TJ 725186205117899999999999999 147 8214 6 1099999999999999
123103 92 94109131155174180170146111 73 41 21 17 29 55 8912315016616715724 428TJ 754180213716899999999999999 220 911445 1699999999999999
139120106101107121141159170170156131 99 67 41 27 27 40 64 9412314515715824 429TJ 829172223515999999999999999 2591011531 2599999999999999
150137123114111116128142154161158145123 96 70 49 37 37 48 68 9311713714924 430TJ 913161235615399999999999999 3501111630 3599999999999999
153149140130121117118125135144149148139123102 79 60 47 44 51 67 8811113124 5 1TJ1022150999999999999999999999 5141171748 4499999999999999
146154154147136124115111113120130139144141131114 93 72 56 48 50 62 8310724 5 2TJ 127155121214499999999999999 7101111918 4899999999999999
131151162163154139120105 95 94102117133146151145130108 83 62 49 48 59 8124 5 3TJ 23616414 015199999999999999 834 942035 4799999999999999
110139161173172157134107 85 72 72 85107132153164162146120 91 64 48 47 6024 5 4TJ 323174152016599999999999999 930 702137 4599999999999999
 86120152176185177154121 86 59 46 50 71102137165180178159129 95 66 49 5024 5 5TJ 4 21851623181999999999999991015 452228 4899999999999999
 68 99136169190193175142100 60 32 22 34 63104145178193189167132 96 68 5424 5 6TJ 4381941717194999999999999991057 222313 5499999999999999
 59 82117154185200193166123 75 34  9  6 25 63110155188202194168132 97 7124 5 7TJ 51220018 7202999999999999991138  42356 6399999999999999
 63 74100136172197202186149101 52 13 -6 -1 26 70120164194203191163128 9724 5 8TJ 5462031855203999999999999991218 -7999999999999999999999
 78 76 91120155185201197172130 80 33  0-11  1 34 8012917019419818315512424 5 9TJ 619202194119999999999999999 037 741259-1199999999999999
 99 87 90109138168190197185154110 63 22 -2 -6 12 48 9313717118918717114624 510TJ 653198202619099999999999999 116 861339 -799999999999999
120102 96105124150174188187169136 94 53 21  4  7 29 6410414116817917415824 511TJ 727190211117999999999999999 154 961421  399999999999999
137118107106116135155172180173152121 84 51 26 17 24 46 7811214216116716224 512TJ 8 3180215916799999999999999 23310515 4 1799999999999999
148132119112114124139154165167158138111 81 55 38 33 42 62 8911714015415724 513TJ 842167225315899999999999999 3171111550 3399999999999999
152142130120116118125136147153153145128107 83 63 51 48 57 74 9611813614824 514TJ 930154235815199999999999999 4111161643 4899999999999999
151148140130122117117121128135141141136124108 90 74 64 61 67 81 9911813524 515TJ1039142999999999999999999999 5341161747 6199999999999999
146150148141131121114110111116123130134133126114 99 84 74 70 74 8510212024 516TJ 1 9150122113499999999999999 71911019 1 7099999999999999
137148153151142130116104 98 97103113124133136133123108 92 80 74 77 8810524 517TJ 21015414 213699999999999999 835 962011 7499999999999999
125143155159154141123104 89 81 82 92107124138145143132115 96 82 76 79 9224 518TJ 256159151614599999999999999 923 8121 9 7599999999999999
112134153164165154134110 87 70 64 70 86108131148156152138118 97 82 76 8324 519TJ 33116616101569999999999999910 0 642157 7699999999999999
100124147165172166147120 90 65 51 50 63 87116143162168160141117 95 81 7924 520TJ 4 21721655168999999999999991033 492237 7899999999999999
 90112138162176176161134100 67 43 34 41 63 95129158175176163139113 91 8124 521TJ 43117817351779999999999999911 4 342315 8099999999999999
 84101127155175183175150115 76 44 25 23 40 70108145172185180161134107 8924 522TJ 4591831813185999999999999991135 222350 8399999999999999
 84 93116144170185185166133 93 53 24 12 20 45 8212416018318917815512610224 523TJ 52918718501909999999999999912 7 12999999999999999999999
 88 90105131159181190180153114 71 34 11  7 23 55 9713817118918817214611924 524TJ 559190192819199999999999999 025 871242  699999999999999
 99 92 99119146171188188170137 95 53 21  5  9 32 6811014917718818316313824 525TJ 63219020 818999999999999999 1 0 921319  499999999999999
114 99 97109131157178188181158122 80 42 15  6 16 43 8012115617818417515524 526TJ 7 7188205218499999999999999 137 961359  699999999999999
131112102104119140163179183172146109 70 37 17 13 26 54 9112815717517716724 527TJ 747184214017899999999999999 2181011443 1299999999999999
148128112106110124144163175175162136102 67 39 23 23 38 65 9813115717117224 528TJ 832177223517399999999999999 3 61061532 2199999999999999
162145127114108112124141157167166154130101 71 47 34 34 48 7310313215516824 529TJ 928168233517099999999999999 4 51081628 3299999999999999
169160144127113106108117131146157158149131106 80 59 46 46 58 8010713415524 530TJ1040159999999999999999999999 5191061731 4599999999999999
168169160144125108 98 96103117134147154150137116 93 72 59 57 66 8611113724 531TJ 037170121015499999999999999 641 961841 5699999999999999
159171172162143119 98 83 79 86101122141153156147129107 86 71 66 74 9211724 6 1TJ 134173134315699999999999999 753 791952 6699999999999999
144166177176162138109 82 64 58 67 87113139158165160143120 97 81 75 8210024 6 2TJ 22517915 516599999999999999 853 582058 7599999999999999
126153174184179159129 93 62 42 38 50 76109141166176172155131106 88 82 9024 6 3TJ 311185161317799999999999999 945 372157 8299999999999999
109136164184190179153115 75 42 22 21 39 71110148175187182163137111 94 8924 6 4TJ 3531901712187999999999999991033 192250 8999999999999999
 98120148174191193176143100 57 23  7 11 35 73116156184194187166138113 9724 6 5TJ 43419418 4194999999999999991118  62338 9499999999999999
 95107131159183196191168129 84 41 10 -2  9 38 8012616519019718616313611224 6 6TJ 51519618521979999999999999912 2 -2999999999999999999999
100102117141168189196186157115 69 29  3 -2 14 48 9113617219219418015613024 6 7TJ 555196193619599999999999999 023 991245 -399999999999999
110102108126151175191193176144102 58 23  3  5 25 6210514617619018717014624 6 8TJ 635194201819199999999999999 1 51021327  199999999999999
124109105115134157178189185164130 90 51 22 10 17 41 7811815317718417715924 6 9TJ 715189205818499999999999999 14510514 8 1099999999999999
137118108108120139160177183174151118 81 48 27 21 33 59 9413015817417616624 610TJ 756183213817799999999999999 2251071449 2199999999999999
148129114108111124142160172173162139108 77 50 36 36 51 7710913916117116824 611TJ 838174221717199999999999999 3 71071529 3499999999999999
156139123111107113125140155163162150129102 77 57 48 52 68 9312114516116624 612TJ 924164225916699999999999999 3551071611 4899999999999999
161149133119109106111121135146153151140123101 81 67 62 68 8410613014916124 613TJ1018153234516499999999999999 4511061656 6299999999999999
163157144129115105102105114126137143143136122105 89 78 75 82 9611613615224 614TJ1129144999999999999999999999 5591021748 7599999999999999
161162154141125109 98 93 96104116128137140136126113 99 90 87 9310612314124 615TJ 034163125714099999999999999 710 931849 8799999999999999
156163162153138119101 88 81 84 93108123136143143135122109 99 9610011212924 616TJ 124164142514499999999999999 814 811956 9699999999999999
146160166164151132110 88 73 67 71 8410312414115115214513111710510110511824 617TJ 212167153615399999999999999 9 6 6721 010199999999999999
135153166171164148123 96 72 57 53 61 7910413015116316315413812010810310924 618TJ 256171163216499999999999999 950 52215710399999999999999
123142161173175164141111 80 54 40 40 54 8011114116417517315914012010710424 619TJ 3381761719176999999999999991030 38224510499999999999999
113130151170181178160131 95 61 36 25 31 52 8512215417718517816013811710524 620TJ 41718118 2185999999999999991110 25232910499999999999999
105118139162180187178154118 79 44 21 15 27 56 9413416818819117915713211224 621TJ 4571871843192999999999999991149 14999999999999999999999
103108125149173189191176145105 63 28  9  9 29 6310614717919519317615112524 622TJ 537192192319699999999999999 0101031230  799999999999999
108103112133159182195192171135 91 49 17  3  9 35 7411815918719719016914324 623TJ 61919620 519799999999999999 0511031312  399999999999999
118104103117140167189198189164124 80 39 12  3 15 45 8713116819119618416124 624TJ 7 3198204619699999999999999 1331021355  399999999999999
134112101104120145171190196184155115 72 36 14 10 27 5910114217519219217624 625TJ 749196212919499999999999999 2171001439  999999999999999
152126106 98104122146171187190176147109 70 38 22 23 43 7511515217919018624 626TJ 839191221219199999999999999 3 5 981525 2099999999999999
168143119101 94101119143165180181167140107 73 48 36 41 61 9212815918118724 627TJ 935182225718799999999999999 359 941612 3699999999999999
179160135111 94 89 95112134155169171160138110 82 62 55 61 8010813916518124 628TJ1039172234318499999999999999 458 8917 3 5599999999999999
184174154128104 87 80 85101122143158163156140118 96 81 75 81 9712114716824 629TJ1155163999999999999999999999 6 3 8018 0 7599999999999999
180181169148122 97 78 69 73 87108131149158158147131113 99 93 9711113015224 630TJ 032182132515999999999999999 712 6919 6 9399999999999999
170180179167144116 88 67 56 58 73 9512114415916315814512911510810911913624 7 1TJ 125181145616399999999999999 819 55202110799999999999999
155172181179165140109 79 55 42 44 60 8611614316317216915714112611611512324 7 2TJ 221182161517299999999999999 922 41213711499999999999999
139158175184181165137102 68 42 29 33 51 8211614817218217916614713011811624 7 3TJ 3171841717183999999999999991018 29224111599999999999999
124141162179188183163132 94 57 30 19 26 49 8412315718119018516914712711524 7 4TJ 41018818 71919999999999999911 8 19233411499999999999999
115125145167185192184160124 83 46 21 13 24 53 9213316819019518516514112124 7 5TJ 5 01921850195999999999999991154 13999999999999999999999
111113128150174191195182154115 72 36 15 12 30 6310514617819519417915513124 7 6TJ 546195192719799999999999999 0181101237 1199999999999999
113107114133157181195195177144103 61 29 14 18 42 7912216018619618816814324 7 7TJ 62919720 219699999999999999 0581071316 1399999999999999
120106105117139165186196190167131 90 52 26 19 31 60 9913917219019217815424 7 8TJ 7 9196203419399999999999999 1341041353 1899999999999999
129110101106122146170188192181154117 79 47 29 30 49 8112015618119018316424 7 9TJ 74719321 419099999999999999 2 91011427 2799999999999999
140117102 99109128151173185184168139104 71 48 39 47 7110413916818418517224 710TJ 825187213318799999999999999 244 9915 1 3999999999999999
151127107 97 99111131153171178172154126 96 70 55 54 68 9412515517618317724 711TJ 9 517822 318399999999999999 322 961533 5299999999999999
160138116100 94 99113132151164168160142118 94 75 68 73 9011514216517817924 712TJ 949168223418099999999999999 4 4 9416 7 6899999999999999
168150128109 96 92 98111129145155157150135116 98 86 84 9210913115316917624 713TJ104215723 917699999999999999 452 921644 8499999999999999
173160141120103 92 89 9510712213614614914413412110810110110912414115816924 714TJ1153149235117399999999999999 549 89173010099999999999999
173167153135115 98 87 83 88 9911412814014614514013012111511512113214615924 715TJ1327146999999999999999999999 655 83183411499999999999999
168170163150131110 92 79 74 78 8910512313814915315014213312612312613514724 716TJ 04417015 415399999999999999 8 4 7420 012399999999999999
159167169163149128105 84 69 62 66 79 9912214215716416215414213212612713424 717TJ 146170161716499999999999999 9 8 62212412599999999999999
147160170173166149125 98 72 55 48 54 71 9712615117017717416214613212412424 718TJ 24917317101779999999999999910 3 48222712399999999999999
133149165177180171150120 87 58 38 33 43 6710013416418418918116414412611824 719TJ 3461811754189999999999999991051 33231711799999999999999
120133153174188190177149113 74 42 22 20 37 6810714717919719818416113611724 720TJ 4381901833199999999999999991136 19999999999999999999999
111118136161185199198180146103 60 27 10 13 37 7512016319320620118015112424 721TJ 527201191120799999999999999 0 01111220  899999999999999
107104117141171196209204179139 92 47 15  3 13 44 8813617820521119817013824 722TJ 614210194821199999999999999 04110313 2  399999999999999
111 97 99117147179205215204174130 81 38 11  5 23 5910715419221120918915724 723TJ 7 1215202421399999999999999 122 951344  599999999999999
123 98 88 95119151185208214199166120 74 36 16 18 41 8112817120221220217524 724TJ 74821521 021299999999999999 2 4 881425 1499999999999999
141109 87 81 93119153185205207190156113 72 42 30 38 6610514818420520719024 725TJ 837209213520999999999999999 249 8115 5 3099999999999999
160126 96 78 77 91118151179196195178147111 78 57 52 65 9312916519120319724 726TJ 928198221020399999999999999 335 751546 5199999999999999
176146113 87 73 73 89114144168182181166142114 91 77 78 9311814717419219624 727TJ1026184224719699999999999999 427 711627 7699999999999999
186164135105 82 70 71 8510713215416716815914312410810110411613615817618724 728TJ1137169233018999999999999999 525 69171410199999999999999
187176155129102 80 68 68 78 9711913915416015814913812812212413214516017324 729TJ1312160999999999999999999999 633 67181812299999999999999
181180170151127102 80 66 63 69 8510612814615816316015314413813513814615624 730TJ 02518115 616399999999999999 751 62195913599999999999999
167175176169153130104 80 62 55 59 74 9612214516317217216615514413713614124 731TJ 140177163217399999999999999 9 8 55214413599999999999999
151163174178173157133104 76 55 45 49 66 9212315217318318317315714213112824 8 1TJ 3 01781726184999999999999991013 45225112899999999999999
134147164178185180162134100 68 44 35 42 64 9613216318519318817215113212124 8 2TJ 4 618518 51939999999999999911 4 35233511999999999999999
120130148169186193185163129 91 57 34 29 42 7010814617819619818516313911924 8 3TJ 5 01931837199999999999999991148 28999999999999999999999
110114131154179196200187158119 78 45 27 28 49 8412616419220219617614912324 8 4TJ 54420019 720399999999999999 0111101225 2599999999999999
106103114137164190204202181147104 64 36 26 36 6510514718220120218716013024 8 5TJ 623205193320499999999999999 0431021259 2699999999999999
107 96100119146176198207197170131 88 53 33 33 53 8813016919520419517114024 8 6TJ 659207195820499999999999999 113 961330 3099999999999999
112 94 91103127157185202203186153114 75 48 39 49 7711515518620220018115224 8 7TJ 733205202120499999999999999 143 901359 3999999999999999
121 97 86 91109137166190200193170136 99 69 52 53 7210414217619720118816324 8 8TJ 8 6200204420299999999999999 213 861426 5099999999999999
132104 86 83 94117145171189192179154122 91 70 64 74 9813116418919919317324 8 9TJ 84119221 719999999999999999 244 821453 6499999999999999
144115 92 81 84 99123150171182179164140113 91 80 82 9812415317819319318024 810TJ 919183213219599999999999999 318 811521 7999999999999999
156128103 86 80 87105127149165171166152132113 99 9610312114416618318918324 811TJ10 2171215918999999999999999 355 801550 9699999999999999
166142117 96 84 82 9110712614415616015614613212011311412313815517118018124 812TJ1059160223118299999999999999 440 82162511299999999999999
171154133112 95 85 84 9110412013514615215114713913212913013714715916917424 813TJ1227152231717499999999999999 538 83171612999999999999999
172164149131112 96 85 82 86 9510912413814815415515214714314114314815516324 814TJ1440155999999999999999999999 658 8219 014199999999999999
168168162150134114 96 82 74 74 82 9711613515216316816615915114414114314924 815TJ 033169161116899999999999999 829 73211014199999999999999
158167171169158140117 93 73 60 58 67 8711213916217818317816615213913213424 816TJ 21117117 018399999999999999 941 58222013299999999999999
143157172181181169146117 85 59 43 41 55 8211615017819419618516614412712024 817TJ 3301821738197999999999999991036 4023 611999999999999999
124140162183196195180150111 72 41 25 28 49 8512716719620920418415612911024 818TJ 4291971812210999999999999991122 24234510699999999999999
106118142171197212209186148102 58 26 13 23 53 9714518721321920417413910924 819TJ 52021318452199999999999999912 4 13999999999999999999999
 93 95114147183212225217187142 91 45 16 11 29 6711716720622422019415611724 820TJ 6 8225191722599999999999999 024 911245 1099999999999999
 88 77 87115154193222231217181132 81 39 17 20 47 9114218922022821217713524 821TJ 654232194922899999999999999 1 2 771323 1599999999999999
 95 71 66 83117160200225229210171122 76 42 30 41 7311916720622522119615624 822TJ 740231202022799999999999999 142 6514 1 3099999999999999
113 77 58 61 84121163200220219197159116 78 55 52 7010514718721422120717624 823TJ 827222205022299999999999999 223 571438 5199999999999999
135 95 65 54 61 87123162192207203181149115 89 76 8110213416819721220918924 824TJ 916208212121399999999999999 3 6 531514 7699999999999999
156119 85 62 55 66 9012315517918918516814412210610111013015518019720319424 825TJ1011190215220399999999999999 353 55155010199999999999999
172142110 83 66 62 72 9211814316217116916014613412612613414816518018918924 826TJ1121172222919099999999999999 446 62163012599999999999999
179160136111 89 74 70 75 9010912914515616115915414814514414815516417217624 827TJ1312161232617799999999999999 556 70173514499999999999999
176169156138118 98 83 75 75 83 9711513314916016516616315815315115115415924 828TJ1536166999999999999999999999 729 74202515099999999999999
165169168160146127106 87 74 69 73 8610612915016717617817216215214313914124 829TJ 118169164117899999999999999 9 3 6922 813999999999999999
149160169174170157135110 85 67 59 64 8010513416017918818617415714112912524 830TJ 3 517417171889999999999999910 9 59225312599999999999999
131145162177184180164137106 77 56 50 59 8111314717519319618616714412411324 831TJ 4111851745197999999999999991055 50232511299999999999999
114127148171189196188165131 95 64 46 45 62 9213016619220319717815112510624 9 1TJ 4581961810203999999999999991133 43235310099999999999999
100109130158185202204188158118 80 51 40 48 7411215218620520619016213010424 9 2TJ 53720518332089999999999999912 5 40999999999999999999999
 91 93112140172199211205181143102 66 44 43 62 9613817620321119917313910724 9 3TJ 611211185421199999999999999 020 901234 4199999999999999
 86 81 94121155187209213198166125 86 57 46 56 8512416519721220718415011424 9 4TJ 644214191521299999999999999 046 8113 1 4699999999999999
 86 74 79101134170199213208184148108 75 57 58 7811315318820921119416212424 9 5TJ 715213193521399999999999999 112 731326 5599999999999999
 92 71 69 84113148181204209195167131 96 73 66 7810614217820321220117313724 9 6TJ 747209195621299999999999999 139 681351 6699999999999999
101 75 64 71 93126160188202198179150118 92 79 8310313316719420820418315024 9 7TJ 819203201720899999999999999 2 7 641416 7999999999999999
115 85 67 65 79105137167187193184163137112 96 9310512815618320020218816224 9 8TJ 853193203920399999999999999 236 641441 9399999999999999
130 99 76 66 71 8911614416718018016915113011410811212614817118819518917124 9 9TJ 93218221 219599999999999999 3 9 6615 810799999999999999
144116 91 75 72 80 9812114316016916715814513312412313014416017518518517524 910TJ1022169213018699999999999999 348 71153812399999999999999
156133110 91 80 79 8610111813614915615815414814213813914415316317117517324 911TJ1144158221017599999999999999 439 78162113899999999999999
164149131113 97 87 83 86 9510812313714815515815815615215015015315716216524 912TJ1424159233616699999999999999 6 1 83183115099999999999999
165161152138122105 91 81 78 83 9311012814616117017316916215314614314515124 913TJ1555173999999999999999999999 755 78211014399999999999999
159165168164152133111 89 72 63 65 7810012715417518718817916314613312713124 914TJ 154168163518899999999999999 919 6322 712799999999999999
143159174183181167142112 81 57 46 50 6910013616919320319817915412911210824 915TJ 32118317 8203999999999999991015 45224710899999999999999
118140166189202199180147107 68 41 31 41 69109153190212215199169134105 8924 916TJ 42120317382169999999999999911 0 312323 8799999999999999
 91110142178207220214187145 98 56 30 25 44 81129176211226218189149108 7824 917TJ 51122118 9226999999999999991141 24999999999999999999999
 67 78108149191223234221187138 88 48 27 31 59103155200227231210170123 8024 918TJ 558234183823399999999999999 0 0 671220 2699999999999999
 54 51 71111159203232238219180129 82 48 36 50 84132181218234225192145 9524 919TJ 64423919 823499999999999999 038 491258 3699999999999999
 56 37 43 72117167209233233209169122 82 58 56 7711516020122723020916911924 920TJ 730236193723299999999999999 116 361334 5499999999999999
 73 41 31 44 78124171207225220195157119 89 76 8310814418221222521618814524 921TJ 81622620 722599999999999999 156 3114 9 7699999999999999
 99 60 37 34 52 8712916919820920117914912110310011113516619321121319716624 922TJ 9 4209203621499999999999999 237 331444 9999999999999999
127 88 58 43 45 64 9513016218318918316614612912112313515517619320019517724 923TJ 95818921 620099999999999999 322 42151912099999999999999
149118 88 66 56 60 76 9912614916517116816014914113814215116317518318417724 924TJ11 9171214118499999999999999 414 56155913899999999999999
162142118 97 80 72 73 83 9911713514915816116115715415215215515916316716824 925TJ1315161224216899999999999999 523 71172615299999999999999
164156143127110 95 84 80 83 9310712414015316316816716415815214814614815224 926TJ1528168999999999999999999999 7 5 8021 214699999999999999
156159158152140123105 90 80 78 84 9911813915817217817616715514213312913224 927TJ 119160161517899999999999999 845 7822 112999999999999999
141153163168164152132108 87 73 70 78 9612214817018418617816214212511411424 928TJ 3 5168164418799999999999999 948 70223411399999999999999
123140159174181176158132103 78 64 64 78103134164185194189172147123104 9724 929TJ 4 418117 8194999999999999991032 6223 2 9799999999999999
104122146171188193182157124 92 67 57 64 86119154183199199183156126100 8524 930TJ 44719317302019999999999999911 6 572327 8399999999999999
 86102129160187201199180148111 79 59 57 74104142176200206194167133100 782410 1TJ 5232031751207999999999999991136 562352 7199999999999999
 71 82108143177201209198171134 96 69 58 67 92129167197210204179143106 762410 2TJ 55620918112109999999999999912 3 58999999999999999999999
 61 65 87122160193211210190156118 85 66 66 85118156190210210191156115 792410 3TJ 627213183121399999999999999 017 601230 6399999999999999
 56 52 68 99139177204213203176140104 79 71 82109145181206213200169128 882410 4TJ 658213185121399999999999999 042 511255 7199999999999999
 58 46 53 78115156189208208190159125 96 82 841041351701982112051811431022410 5TJ 730211191221299999999999999 1 8 461321 8199999999999999
 67 47 45 62 94132169195205196174144115 96 921031281581872052061891571182410 6TJ 8 2205193420899999999999999 135 431346 9199999999999999
 82 55 45 52 761091451751931941811581331131031071241481751942011921691352410 7TJ 836196195720199999999999999 2 4 45141210399999999999999
100 70 53 51 64 901211511741841811671481291171151241411631811921901751502410 8TJ 915184202219399999999999999 237 50144111599999999999999
119 90 68 58 61 761001261501661721681571441331281301391531681791821761602410 9TJ10 6172205318299999999999999 316 57151512799999999999999
138112 90 74 67 71 84102123141154160160155149143140141147155163169170164241010TJ1128161213817099999999999999 4 8 67161114099999999999999
152135115 97 83 76 76 83 96112129144154160161159154150146145147151156159241011TJ1347162232215999999999999999 529 75184714599999999999999
158153142127110 93 81 74 76 85100119139157169174171163152141133131135144241012TJ1510174999999999999999999999 720 74204913199999999999999
154161163157142122100 80 66 63 72 90116144168184188181164143124112110119241013TJ 144163155218899999999999999 846 63214011099999999999999
136156173180176159132101 73 55 51 63 89123157186200199182155124 99 86 89241014TJ 3 9180162520299999999999999 945 512220 8599999999999999
106134165189200194171136 98 65 46 45 64 97139178205214202174135 97 69 60241015TJ 4 92001656214999999999999991032 432257 6099999999999999
 71100139178207218207177136 92 59 43 49 75116161199221220196155107 66 41241016TJ 5 02181727223999999999999991114 422335 3799999999999999
 39 60100148192221229212177131 88 58 49 62 96140185217228215179129 78 38241017TJ 5482291758228999999999999991154 48999999999999999999999
 20 27 58105158202229231209171126 87 64 63 84121165204227226200156102 53241018TJ 635233182822999999999999999 013 191232 6199999999999999
 19  9 25 63114166207227224199162122 91 78 84110147185215226213180131 80241019TJ 721229185922699999999999999 052  91310 7799999999999999
 36 12 10 33 74123170204218210186153121100 95108134166197215215195157111241020TJ 8 8218193021799999999999999 133  81346 9599999999999999
 66 32 16 21 47 86130169194202193172146124113114128152177197205198174139241021TJ 85620220 220599999999999999 215 15142311299999999999999
 99 63 38 29 38 62 96132162180185177161144131126130143160177188189179156241022TJ 949185203619099999999999999 259 2915 212699999999999999
127 96 69 52 47 56 76102129151165169165156146139137140148159168173172162241023TJ1056169211817399999999999999 350 47155413799999999999999
145124101 82 68 64 70 84103123141153160160157151146143142144148153156156241024TJ1237161223315799999999999999 454 64174214299999999999999
152142128112 96 84 77 78 86100117134148158162162157149142135132133136142241025TJ1422163999999999999999999999 622 77202313299999999999999
147149147138125109 94 83 80 84 96114133150163169168159146132121115116123241026TJ 058149151716999999999999999 756 80212411599999999999999
134146155156149135116 97 83 77 82 96116139160173177170155135116102 97102241027TJ 241156155117799999999999999 9 4 772159 9799999999999999
116135153165167158140116 94 78 74 82101127153174184181166142116 94 82 82241028TJ 342168161718499999999999999 952 742229 8099999999999999
 95117143165178177163139111 87 73 73 88113143170187190178153122 92 71 65241029TJ 4271791641191999999999999991029 712256 6599999999999999
 73 96126157180189183162132102 80 71 79101132163187197189166132 96 67 52241030TJ 5 518917 41979999999999999911 2 712322 5199999999999999
 54 73105141173193196182155122 93 76 76 92120153182199198178145105 69 45241031TJ 5401971726201999999999999991132 742348 3999999999999999
 39 52 82120159188202197175143111 87 78 86110142174197203190159118 77 452411 1TJ 61320217492039999999999999912 1 78999999999999999999999
 30 35 59 96138175199204190163130102 86 86103131164191204198173135 92 542411 2TJ 646204181220499999999999999 015 301229 8499999999999999
 30 25 41 73114155187202198179149119 98 90 99121151180199201184152110 692411 3TJ 718203183720399999999999999 043 241258 9099999999999999
 38 23 29 53 90131167191198187165137113 99100115140168190199191166129 892411 4TJ 75319819 319999999999999999 113 231327 9899999999999999
 53 31 26 39 681051431721881881741521291121061131301541771911911761471112411 5TJ 829190193219399999999999999 145 25135810699999999999999
 74 46 32 34 52 821161481711801771621441261161151251421621781841791601312411 6TJ 91218120 418499999999999999 222 31143311499999999999999
 99 69 48 39 45 64 911201461641711671551411291231251331471611711741661482411 7TJ10 6171204417499999999999999 3 4 39151912399999999999999
123 96 71 55 49 55 71 941191411561631621551451361301301341431531601621562411 8TJ1120163214516299999999999999 359 49163412999999999999999
142123101 80 65 59 62 74 921141351511611641601511411321261261311391471522411 9TJ1251164232815399999999999999 511 59183312699999999999999
152145131112 93 76 65 64 71 87109132152166171167156141125114109112122135241110TJ14 5171999999999999999999999 640 6320 610999999999999999
148156155145127105 84 68 62 68 84108135160176182174157133109 92 85 90106241111TJ 125156145518299999999999999 8 2 6221 4 8599999999999999
128150166170162142116 89 69 61 66 85114146173190191176149116 85 64 59 70241112TJ 251170153519299999999999999 9 7 602149 5999999999999999
 95127158180187178154123 92 69 61 69 93126161189202195171133 92 56 36 36241113TJ 35618716112029999999999999910 0 612231 3399999999999999
 55 90131169195202189162126 93 70 65 78107144179203209193158111 65 29 12241114TJ 4512021646209999999999999991047 652312 1299999999999999
 19 48 91139181206211195163126 93 75 74 92125162195212209183139 87 40  7241115TJ 5422121721214999999999999991131 722354 -399999999999999
 -3 12 49 98149190212213193160124 95 82 87110143178205214201167118 66 21241116TJ 6302151756214999999999999991213 81999999999999999999999
 -5 -7 15 56107157194211207185153121 99 92102127159189208208188149 99 50241117TJ 718212183121199999999999999 035 -91253 9299999999999999
 12 -6 -1 26 68117162192204196173145119104103116141169192203196171131 85241118TJ 8 420419 820399999999999999 118 -7133410199999999999999
 43 13  2 12 41 82125163186192182161138119110113128149172188192180154117241119TJ 851192194619399999999999999 2 1  2141410999999999999999
 77 43 21 17 30 58 94130160176178168151134120116121134151168178177164140241120TJ 939179202717999999999999999 245 16145911699999999999999
108 76 50 35 34 48 73103132154166167158145132123120124134147158164162150241121TJ1032168211516499999999999999 332 33155312099999999999999
130105 81 61 51 52 64 84109132149158159153143132124121122128136144149148241122TJ1134160222115099999999999999 425 50171112099999999999999
140126108 89 74 66 66 76 92112131146155156152143132122116114116123130137241123TJ1243157999999999999999999999 526 65185611499999999999999
140137128115 99 86 77 76 83 97114132147156158153143129116105100102108119241124TJ 0 1140134715899999999999999 638 76201810099999999999999
130138140135123109 95 85 82 87100118137152162162154139121103 89 83 86 97241125TJ 147140143516399999999999999 750 822110 8399999999999999
113130142147144132116100 88 84 90105125145161168165152130106 84 70 67 74241126TJ 3 6147151316999999999999999 852 842148 6699999999999999
 92114136152158153139119101 88 86 94112135156171174164143115 86 63 51 53241127TJ 4 2158154517499999999999999 943 852222 5099999999999999
 68 93122148165169160141118 98 87 88101123148169179175157128 94 63 42 36241128TJ 4471691615180999999999999991025 862253 3599999999999999
 46 70102136163177176162138113 95 87 93112137162180184171144108 70 40 25241129TJ 52717816441849999999999999911 3 872323 2399999999999999
 27 46 78116151176185178158132107 92 90102125152176187182160125 85 47 22241130TJ 6 31861713188999999999999991138 892355 1499999999999999
 14 25 53 92132166186188175150123101 91 96114140167185189175145104 62 282412 1TJ 6381901744190999999999999991211 91999999999999999999999
 10 11 31 65107147177190185166140114 97 94105127154178190185163127 84 442412 2TJ 714190181519099999999999999 028  81244 9399999999999999
 16  5 14 41 80122159182188178156130108 97100115140165184189177148109 672412 3TJ 751188184918999999999999999 1 2  51319 9699999999999999
 32 10  7 23 54 94134165182182168145122105100107125149171184182165133 942412 4TJ 830184192518599999999999999 139  6135610099999999999999
 56 26 11 15 35 681061411671781741591381181051041131321531711791731521212412 5TJ 91317820 617999999999999999 219 10143810399999999999999
 85 51 27 18 25 47 791141451651731671521331161061061161321501641691621422412 6TJ10 2173205516999999999999999 3 3 18153010599999999999999
114 82 53 34 29 37 59 881191461631681621481311151061051121261421541591532412 7TJ1056168215815999999999999999 353 28163610499999999999999
136112 85 61 45 41 50 69 95123147162167161147129113101 971021131281421492412 8TJ1155167232115099999999999999 450 411756 9799999999999999
148137118 95 74 59 54 61 77101126149164168162147126106 90 82 85 961131302412 9TJ1254168999999999999999999999 556 541916 8299999999999999
143148143129109 89 73 66 70 84106131153168172164145120 94 73 62 64 77 98241210TJ 059148135017299999999999999 7 9 662023 6199999999999999
122142153154143124103 86 76 78 90112137160175177165141109 77 52 39 42 60241211TJ 231155144017899999999999999 822 752119 3899999999999999
 87118146163167158138115 95 83 84 96119145169182181164133 95 57 29 17 24241212TJ 347167152618499999999999999 928 8222 9 1799999999999999
 47 82120153174180169148122100 88 89103127155178189183159122 78 37  9  0241213TJ 4491801610189999999999999991026 862257  099999999999999
 11 41 82126163185189176152125102 90 94110137165186193182152109 61 20 -6241214TJ 5441891654193999999999999991117 902343-1199999999999999
-10  7 43 89135171192192177150122101 92 99119146174192194176141 95 46  7241215TJ 63319417371959999999999999912 4 92999999999999999999999
-14-13 11 51 99144178194190171143116 98 94104127155180194190167128 81 35241216TJ 718195181919599999999999999 027-161247 9499999999999999
  1-14 -7 21 64111153181191182160133110 96 97111134161182191182155115 69241217TJ 8 019119 119199999999999999 110-141329 9599999999999999
 28  1 -7  6 38 80123159180183170148123104 95100116140164180183170141102241218TJ 840184194218499999999999999 152 -714 9 9599999999999999
 61 27  7  6 24 57 96134162176173157135114 99 96103120142162173171155126241219TJ 919176202317499999999999999 233  41449 9599999999999999
 91 57 31 19 24 45 76112143163169162145125107 97 96105121140155162157140241220TJ 95616921 716299999999999999 312 191534 9599999999999999
114 85 58 39 34 44 66 94124148161161152135118103 95 96104118133145149143241221TJ1034163215614999999999999999 351 341625 9499999999999999
128107 84 64 52 52 63 84109132150157155144129112 99 92 92 99110123132136241222TJ111415823 013699999999999999 431 511728 9199999999999999
132121105 88 74 67 69 80 98119137150154150139124108 94 86 85 90100111121241223TJ12 0154999999999999999999999 517 671842 8599999999999999
127127121110 97 87 82 84 93108125140150153148136120102 87 77 74 78 88101241224TJ 028128125215399999999999999 614 811955 7499999999999999
114124128126119109 99 93 94101113128142151153147133114 94 76 64 60 65 78241225TJ 210128134615399999999999999 726 922055 6099999999999999
 95113128136136130119108100 99104116131145154155147130107 82 61 48 45 54241226TJ 334137143815699999999999999 843 982143 4599999999999999
 72 95118137147148140126112102100106119135150159158146123 95 66 44 32 33241227TJ 433149152416099999999999999 9491002225 3099999999999999
 47 71101129150160158146128111100 99107123142158165160142114 80 49 26 17241228TJ 51916016 7166999999999999991040 9823 4 1799999999999999
 24 45 77112143163170163146125106 96 98110130152167171161135100 63 30 10241229TJ 5581701647172999999999999991123 952342  599999999999999
  6 21 50 88126157174176163141117 99 93 99117140163176175158125 85 44 13241230TJ 63517717271789999999999999912 1 93999999999999999999999
 -3  1 23 59102141170182176157131107 92 90102125151174183176151113 69 28241231TJ 71118218 618499999999999999 019 -41238 8999999999999999
