 59 35 21 21 34 57 86114134144142131114 97 86 82 87 9911412713513312210324 1 1UR 919145202213599999999999999 232 191454 8299999999999999
 79 56 39 32 37 52 76101123138141135121105 91 82 81 86 9711012012512211124 1 2UR 95114121 912599999999999999 3 5 321541 8099999999999999
 95 75 58 47 46 54 70 92113130138137129115 99 86 79 77 82 9210211111511324 1 3UR1025139221011599999999999999 341 451640 7799999999999999
105 92 78 67 60 62 71 86104120132137133123109 94 81 73 71 75 83 9210110724 1 4UR11 4137234210899999999999999 421 601752 7199999999999999
108104 96 87 79 75 77 84 97111124133135131120105 89 75 65 61 64 71 82 9424 1 5UR1151135999999999999999999999 514 7519 5 6199999999999999
103109110106 99 92 88 88 94103115126133135129118101 82 65 53 48 50 60 7424 1 6UR 139110124413599999999999999 629 8820 9 4899999999999999
 90105116120118112104 98 95 98106117128135137130116 95 72 52 37 32 36 5024 1 7UR 313120134113799999999999999 759 9521 3 3299999999999999
 70 92112127133131123112102 97 99107119131140141132113 88 60 36 20 15 2324 1 8UR 415134143614299999999999999 916 972151 1599999999999999
 43 69 98123140146142130115102 96 98108123138147146134110 78 46 18  2  024 1 9UR 5 41461527148999999999999991015 952236 -199999999999999
 14 40 73107135152156147131112 97 91 96110129146155152134104 67 31  2-1324 110UR 54615616161569999999999999911 3 912321-1499999999999999
-10 10 42 81119147162161147126105 90 87 96114136155162156133 97 56 17-1124 111UR 62716317 4163999999999999991146 86999999999999999999999
-23-14 12 50 92130157167161142117 95 82 83 97119143162167156128 89 45  724 112UR 7 6167175116799999999999999 0 5-231227 8199999999999999
-19-25-11 20 62105141162167155131105 84 75 80 98123148165167152121 80 3724 113UR 744167183916899999999999999 048-2513 8 7599999999999999
  2-18-18  1 36 77118149164162144118 93 74 69 78 99125148163162144113 7324 114UR 821165192816499999999999999 131-201351 6999999999999999
 34  5 -8 -2 21 55 95130154161153132105 81 66 64 76 9712214415515213410424 115UR 857161201815699999999999999 212 -81437 6399999999999999
 69 38 16 10 20 44 77111139155155142119 93 72 60 60 72 9311513314213912324 116UR 932157211314399999999999999 253 101528 5999999999999999
 98 71 48 34 34 46 69 97124144152147131108 84 65 55 56 67 8510412012812624 117UR10 7152221812899999999999999 333 321625 5499999999999999
114 97 78 63 56 59 72 91113132144146138122100 78 61 51 51 59 74 9010511424 118UR1043147234511699999999999999 413 561732 5099999999999999
116111101 91 82 79 82 92106121134141141132116 96 75 58 47 44 50 61 77 9224 119UR1126142999999999999999999999 5 0 791850 4499999999999999
104111113111105100 98 99105114124132137136129114 95 74 55 41 35 38 49 6524 120UR 151113122313899999999999999 611 9820 9 3599999999999999
 83100113121123120115110108109114121129135135129115 95 71 49 33 25 28 3924 121UR 350123133713699999999999999 8101082116 2599999999999999
 59 81104121131134130123114108106110118128136138132116 93 67 41 23 15 1924 122UR 453134144813899999999999999 9491062210 1599999999999999
 34 59 86112132142142135122110102100105116130140142135116 89 58 31 12  624 123UR 53214315471439999999999999910451002254  699999999999999
 15 36 65 97124143149145132115101 93 94103119135146147135112 80 46 19  224 124UR 6 41491635148999999999999991124 922333  099999999999999
  2 17 44 78111137151151140122103 89 84 91106125143152149132103 67 33  824 125UR 6321531716153999999999999991155 84999999999999999999999
 -3  3 26 58 94126147154147129108 89 78 80 92112134150155146123 89 52 2024 126UR 658154175315699999999999999 0 7 -31224 7899999999999999
  1 -2 13 41 77112139153151136114 92 76 72 80 98121142154154138109 73 3824 127UR 723154182815699999999999999 039 -31251 7299999999999999
 12  1  7 29 62 98129149153143122 98 77 67 69 83105128146154147125 94 5924 128UR 74715319 215499999999999999 1 8  11320 6699999999999999
 29 11  9 23 51 85118142152147129105 82 66 62 70 89111133146147135110 7924 129UR 8 9152193614999999999999999 136  71350 6299999999999999
 48 26 17 24 45 75107134149149136114 90 70 60 61 74 94115133141137121 9624 130UR 832151201114199999999999999 2 3 171422 5999999999999999
 68 45 31 32 45 69 98125143149141123100 77 62 57 62 77 9611512813212510824 131UR 855149205013299999999999999 230 301457 5799999999999999
 86 65 49 44 51 68 91116136145143130110 87 68 57 56 64 78 9511112012111424 2 1UR 919146213612299999999999999 257 441539 5599999999999999
100 83 69 61 61 71 88108127139142134119 99 79 63 55 55 63 76 9010311011224 2 2UR 945142224111299999999999999 326 601629 5499999999999999
107 98 88 80 77 80 89103118130137135125110 92 75 61 53 52 58 69 81 9310224 2 3UR1017137999999999999999999999 4 0 771736 5299999999999999
106106103 98 94 93 95102111121128131129120107 90 73 59 49 45 48 57 69 8324 2 4UR 03310711 313199999999999999 454 9319 1 4599999999999999
 96106112114113109106105107112118124128127120108 92 73 55 41 34 34 43 5724 2 5UR 3 0114122112899999999999999 6541052025 3399999999999999
 76 95112124128127121114108105107113121128130126114 95 72 48 29 18 17 2824 2 6UR 416129135613099999999999999 9 41052132 1699999999999999
 48 74100123138143138127114103 97100109122133140136122 98 68 37 13  0  124 2 7UR 5 01431511140999999999999991012 972225 -199999999999999
 17 44 78111137152153143125106 92 87 93108127144152148129 98 61 25 -3-1524 2 8UR 5371541611152999999999999991057 872312-1699999999999999
-10 13 48 88125151163158140115 92 78 76 88110135155164157132 95 52 12-1524 2 9UR 61116317 4164999999999999991136 752355-2499999999999999
-24-12 18 59103140163168155129100 75 63 67 86115144166172160130 88 42  324 210UR 6441681753173999999999999991215 63999999999999999999999
-20-22 -3 33 78121154170166144112 80 58 51 62 87120151171174158124 80 3524 211UR 716171184017599999999999999 036-241253 5199999999999999
  2-14 -9 17 56100139164170156127 93 62 44 43 60 89123152169168149114 7224 212UR 747170192717199999999999999 115-151333 4199999999999999
 34  9  2 14 44 83122152167162141108 74 47 35 40 60 9012214816115613610424 213UR 816167201516199999999999999 151  21414 3499999999999999
 69 41 25 26 44 73108139158162149123 91 60 39 32 40 61 8911713814614012224 214UR 84416321 514699999999999999 226 241457 3299999999999999
 97 72 54 48 55 74100127147157152134107 78 52 36 33 42 61 8510812413012524 215UR 91015722 313099999999999999 258 481546 3399999999999999
112 96 81 72 73 82 99119137147148139120 96 72 52 39 37 45 60 78 9510811424 216UR 936149232311599999999999999 327 711643 3799999999999999
113108100 94 92 95104115127136140137127111 92 73 56 45 41 45 55 68 82 9424 217UR10 5140999999999999999999999 355 921759 4199999999999999
103109110110109109111115120125129130128121109 94 78 62 49 42 41 47 57 7124 218UR 214110105113099999999999999 4281091937 4199999999999999
 86100111118122122120118116115117119122123120113101 84 66 50 39 34 38 4924 219UR 434122125512399999999999999 84811521 4 3499999999999999
 65 85104120129132130123115108105106111118124126120107 88 66 45 30 25 3024 220UR 459132144612699999999999999101610522 2 2599999999999999
 45 67 92115131139138130117104 95 93 98108121131135128111 86 59 35 20 1624 221UR 5221401550135999999999999991049 932245 1699999999999999
 26 48 76105128143145137122104 89 82 84 96113130142143131108 78 47 23 1024 222UR 5441461636144999999999999991115 812319  999999999999999
 13 31 59 91121142150145129107 87 74 72 81100122141151147129 99 65 33 1224 223UR 6 51501714151999999999999991140 712350  699999999999999
  6 18 43 77111138152151136113 88 70 62 68 85110134152156145120 85 49 2124 224UR 62615317481579999999999999912 4 62999999999999999999999
  7 11 31 63 99131151155144121 93 69 55 55 70 94122145158155137106 69 3624 225UR 646156182115999999999999999 018  61229 5499999999999999
 15 11 25 52 88122147157151130101 73 53 46 55 76105132152158148123 90 5524 226UR 7 6157185315899999999999999 044 101255 4699999999999999
 29 18 24 46 78113141157155138110 80 55 42 44 60 86115140154152136108 7524 227UR 725158192515599999999999999 1 9 181321 4199999999999999
 47 31 30 45 72104134153157145120 89 61 42 37 47 68 96123142149141121 9424 228UR 745158195814999999999999999 133 281350 3799999999999999
 67 47 41 48 69 97126147156149129101 71 47 36 38 53 7610312613914012910924 229UR 8 4156203514199999999999999 158 411420 3599999999999999
 85 66 55 57 70 92118139151150136111 83 58 41 36 43 60 8210512313112811724 3 1UR 825152211613199999999999999 222 541455 3599999999999999
100 84 72 69 76 91111130143147139120 96 72 51 40 39 48 64 8310211512011824 3 2UR 847147221212099999999999999 248 691536 3899999999999999
110 99 90 85 86 94107122134140137126109 88 67 52 43 42 50 62 78 9210411024 3 3UR 913140235111299999999999999 318 841633 4299999999999999
112110105101100102107115124130131128118104 87 70 56 46 43 46 54 66 80 9324 3 4UR 949132999999999999999999999 35910018 2 4399999999999999
104112116117116114112112114118121123122117107 94 78 61 47 38 36 40 51 6724 3 5UR 252117111312399999999999999 6251121951 3699999999999999
 86104119128131129122115108106107112118123124118106 87 65 44 28 21 24 3724 3 6UR 4 1131133812599999999999999 9 91062112 2099999999999999
 59 85111131143144136122107 96 92 95106120132138134118 94 64 36 14  5 1024 3 7UR 43714515 71389999999999999910 3 9222 8  599999999999999
 30 59 93124147156151135113 92 78 76 85104127145154149129 97 60 25  1 -624 3 8UR 5 915616 9154999999999999991042 752255 -699999999999999
  4 31 69108141161164150125 95 71 58 61 79107137160169160134 95 52 16 -624 3 9UR 53916517 1169999999999999991118 572336-1099999999999999
 -8 10 44 87128158171164140106 72 48 40 51 78113148171178164132 89 46 1224 310UR 6 91711749178999999999999991154 40999999999999999999999
 -4  1 27 66110148170173155122 82 48 28 28 47 81120155177179160125 83 4324 311UR 637175183618199999999999999 015 -51231 2599999999999999
 16  9 22 53 93133163175166138 99 59 28 15 22 48 85125158175172150116 7824 312UR 7 4175192217699999999999999 051  813 9 1599999999999999
 46 29 30 50 82119151170170151117 77 40 16 11 24 53 9012615316515913710724 313UR 73117320 916599999999999999 125 271348 1099999999999999
 77 56 49 58 80109139160168158132 97 60 30 14 14 31 59 9312314315014212424 314UR 755168205715099999999999999 157 491428 1299999999999999
102 82 71 72 84105129149160157141114 81 51 29 19 24 40 65 9211512913312724 315UR 819160215213399999999999999 227 701512 1999999999999999
115102 92 89 94106122138148150142124100 74 52 36 30 35 48 67 8710411511924 316UR 841151231011999999999999999 253 8916 3 3099999999999999
117112107104105110119128136139136127112 94 76 59 47 42 44 53 65 79 9210324 317UR 9 3139999999999999999999999 3151041713 4299999999999999
110114115115116116118121124125125122117108 97 83 70 59 51 48 51 59 70 8324 318UR 9231269999999999999999999991857 48999999999999999999999
 97108117123125124121117114112112112114114111105 94 80 66 54 47 46 52 6424 319UR 4 7125123911499999999999999 9471112037 4599999999999999
 80 98114126132131125117107100 97 99105113119120115103 85 66 50 40 38 4724 320UR 42513214441219999999999999910 7 972138 3899999999999999
 63 85107125137139132120105 92 85 85 92105119129131124107 84 60 41 31 3424 321UR 4441391544132999999999999991029 842219 3199999999999999
 47 70 97121139145140126107 88 75 71 78 93113131141140127104 76 49 31 2624 322UR 5 41451627142999999999999991051 712252 2699999999999999
 35 56 85114137149148134112 88 68 59 62 78100125144151145125 95 64 38 2524 323UR 52315117 3151999999999999991114 592322 2499999999999999
 27 45 73105133151154143119 91 66 50 48 61 84113139155157143116 83 52 3224 324UR 5421551737158999999999999991137 472349 2699999999999999
 26 38 63 95127150159151129 98 68 46 37 45 66 96127151162156135103 70 4424 325UR 6 115918 91629999999999999912 1 37999999999999999999999
 32 36 56 86119146160158139108 74 46 30 31 48 77110140159162149123 90 6124 326UR 620161184216399999999999999 015 311227 2999999999999999
 43 40 53 79111140159162147119 84 51 29 23 33 57 90123148160156137109 8024 327UR 639163191516199999999999999 040 391253 2299999999999999
 58 49 55 75104133155162154130 96 61 34 20 23 41 69103132151156146124 9824 328UR 659162194915699999999999999 1 5 491320 1999999999999999
 75 61 61 74 98124147159157139109 75 44 24 19 29 51 8111113514814713411324 329UR 720160202514999999999999999 131 601350 1999999999999999
 92 77 71 78 94116138153155144121 90 59 35 23 24 38 61 8911413213913612324 330UR 74115621 813999999999999999 157 711424 2199999999999999
107 93 84 85 95111128143149145129105 77 52 34 27 32 46 67 9011012412912624 331UR 8 514922 612999999999999999 226 8415 6 2799999999999999
118107 99 96 99108120132140140132116 95 73 53 40 35 38 50 67 8510111312024 4 1UR 834141234512199999999999999 3 1 9616 4 3599999999999999
121118114110108110114121127131129123111 95 77 61 48 41 41 48 59 74 9010424 4 2UR 916131999999999999999999999 4 31081732 4099999999999999
116123125124121116113112113116119121119114103 89 72 57 45 38 39 48 63 8224 4 3UR 2 912511 612199999999999999 6571121921 3899999999999999
101119131137135128118108101 99102109118124124118104 84 62 43 31 29 37 5524 4 4UR 316137133612599999999999999 850 992044 2899999999999999
 80106129144148142127109 92 82 81 89104121135140135118 92 64 39 23 20 3124 4 5UR 35414815 114099999999999999 938 802142 1999999999999999
 55 86118144157156142118 92 70 60 63 79104130149157150128 97 62 33 17 1824 4 6UR 42615916 2157999999999999991016 592229 1599999999999999
 35 65102136159167157132 99 67 45 38 49 75108141164171160133 97 60 31 1824 4 7UR 4561671654171999999999999991052 382310 1899999999999999
 25 48 84122154171170149114 75 41 22 22 42 76115151174179163132 94 58 3424 4 8UR 5251731743179999999999999991129 192349 2899999999999999
 28 41 70107143169176163133 91 49 18  5 14 41 81123158178178160127 91 6124 4 9UR 55317718301819999999999999912 7  5999999999999999999999
 44 45 64 95130160176172149111 68 28  3 -2 14 46 88129160175171151121 9024 410UR 620177191717699999999999999 026 421245 -399999999999999
 67 59 67 89119148169174161131 90 48 15 -2  0 21 55 9513115616615913911424 411UR 64717420 416699999999999999 1 0 591324 -399999999999999
 91 78 77 89111137158168164144111 73 37 12  3 10 33 65 9912914815314512924 412UR 713169205215399999999999999 133 7614 4  399999999999999
111 96 90 95108127145157159148126 95 63 36 18 15 24 46 7310112313613913324 413UR 739160214613999999999999999 2 5 901447 1499999999999999
122110103102108120133144149145132111 86 62 42 31 30 39 56 77 9811412412724 414UR 8 5149225712799999999999999 2371021536 2999999999999999
125119114111112116123130135135130119103 85 67 53 45 43 50 62 77 9310611624 415UR 833136999999999999999999999 3181111638 4399999999999999
121122121119117116116118120122121118112102 90 77 65 56 53 55 63 75 8810224 416UR 053122 91712299999999999999 5 411618 6 5399999999999999
113121126126123119114109107107108110112112108 99 88 75 64 57 55 61 72 8624 417UR 236126122111399999999999999 8411061941 5599999999999999
102117127132131124115105 96 92 93 98106114118117109 96 80 65 55 53 58 7224 418UR 317132141811899999999999999 922 922048 5299999999999999
 90109126136139132120104 90 80 77 82 94108121129127117 99 79 62 51 50 5924 419UR 345139152112999999999999999 950 772136 4999999999999999
 77100122138145141128108 87 71 63 66 78 97117133140135120 98 75 56 48 5124 420UR 4 814516 7140999999999999991015 632213 4799999999999999
 66 90115137149149137115 90 67 52 50 61 81106130146149139119 93 68 52 4924 421UR 4301511646150999999999999991040 492245 4899999999999999
 59 80107133151156147125 96 67 46 37 43 62 90120144156154138113 85 63 5224 422UR 45115617221579999999999999911 6 372316 5199999999999999
 55 72 99127149160155136106 72 44 28 27 43 70103134156163154133105 78 6124 423UR 5121601757163999999999999991131 252344 5799999999999999
 57 68 91119145161162146118 82 48 25 16 26 50 83118147163163149124 96 7424 424UR 5331631831165999999999999991158 16999999999999999999999
 64 68 85111138158165155130 95 58 28 12 13 31 61 97131155164158140114 9024 425UR 55616519 716599999999999999 013 631227 1099999999999999
 74 72 82104129151163160142110 73 39 16  8 17 41 7410913915716015013010724 426UR 619164194416199999999999999 042 711257  899999999999999
 88 80 83 98120142158161150125 91 56 27 11 11 26 53 8511714115315214012124 427UR 644162202515499999999999999 112 791331  999999999999999
103 91 88 96112132148157153136108 76 45 23 14 19 36 63 9211913814614313224 428UR 712157211314699999999999999 144 881410 1499999999999999
117104 97 98107121136147150141122 96 68 43 27 21 28 45 68 9411613113813624 429UR 744150221513899999999999999 222 961457 2199999999999999
128118109105106113124134140139130114 92 69 48 35 30 35 49 69 9011012413224 430UR 825141234013499999999999999 3141041558 3099999999999999
133129122115110109112119125130130124112 95 76 59 45 38 40 50 66 8510412124 5 1UR 931130999999999999999999999 4421091718 3899999999999999
132136134128119111105104106112119123123117105 89 71 55 44 42 48 62 8110324 5 2UR 112136113112499999999999999 6471031848 4199999999999999
123137143141132118103 92 87 90 98110122129128119103 83 63 48 42 46 60 8324 5 3UR 215143132813099999999999999 810 8720 6 4199999999999999
108131146152146130109 88 73 67 72 86106125139143135117 93 68 50 42 47 6524 5 4UR 258152144914399999999999999 9 2 6721 6 4299999999999999
 90119143158159146122 93 66 49 45 56 78106133152157148127 99 72 53 46 5424 5 5UR 334160155315799999999999999 945 452157 4699999999999999
 75104134157167160138106 71 42 26 27 45 76111143163168157133103 75 57 5424 5 6UR 4 71671648168999999999999991026 242242 5399999999999999
 66 91122150169171156125 86 47 19  7 15 41 78118152172174160134104 79 6524 5 7UR 43817217391759999999999999911 5  72324 6499999999999999
 66 83110140164175169144107 64 26  2 -3 12 44 85126158175174158131104 8324 5 8UR 5 91751827177999999999999991145 -4999999999999999999999
 75 81101127154171174160129 88 46 12 -6 -5 16 52 9313216017216815112710424 5 9UR 541175191417399999999999999 0 4 751225 -899999999999999
 89 86 97117141162172167146112 71 33  6 -5  2 27 6210113515816515914212124 510UR 61217220 116599999999999999 042 8513 5 -599999999999999
104 95 97110129149163166155130 96 60 28  8  3 15 40 7410713515215514813324 511UR 644166204715699999999999999 119 941346  399999999999999
117105101106119135150157155141116 85 55 30 17 17 30 54 8311113214414513824 512UR 717158213614699999999999999 1561011429 1599999999999999
126114107106112123135144147142127105 80 56 38 29 32 45 66 9011212813613724 513UR 753147223113799999999999999 2381061516 2999999999999999
131122114109109113121129135135129117 99 80 61 48 42 45 57 74 9311112413124 514UR 837136233713299999999999999 33210816 9 4299999999999999
132128121114110108110114119123124120112 99 84 70 59 54 56 65 79 9511112324 515UR 943124999999999999999999999 4571081712 5499999999999999
130132128122114107103101103107112115116112103 92 79 68 62 63 70 82 9811324 516UR 047132113711699999999999999 6531011825 6299999999999999
126133135130121110100 92 89 90 96104112117117111100 87 75 68 67 73 8610224 517UR 144135132811899999999999999 810 891936 6699999999999999
119132139139131117102 87 78 74 79 89102115124126120108 93 79 70 70 77 9224 518UR 226140144512699999999999999 855 742035 6999999999999999
110128141145140127108 87 71 61 61 70 87106123134136128113 95 80 72 73 8324 519UR 3 0145154013699999999999999 930 602123 7199999999999999
101121139149149138117 92 69 52 45 51 68 91115135145145133115 95 80 74 7824 520UR 32915116261479999999999999910 1 4522 5 7499999999999999
 93113134150155148129101 72 48 34 34 47 71100127147155150135114 93 80 7824 521UR 35615517 7155999999999999991031 322242 7799999999999999
 87105128148159157141114 82 51 29 20 28 49 80112141158162152133110 91 8124 522UR 42316017451629999999999999911 1 202317 8199999999999999
 84 98119142158163153129 96 60 31 14 13 28 56 91125152165163149127105 8924 523UR 4501631824166999999999999991133 112352 8599999999999999
 85 93111133153164161143113 76 41 16  5 12 34 6710313615916716014312110124 524UR 51916519 31679999999999999912 7  5999999999999999999999
 90 91103123144160165155131 97 59 27  7  3 16 43 7811414316116415413611524 525UR 550165194416599999999999999 027 891244  399999999999999
 99 93 98113133151162161145117 82 47 20  5  7 24 53 8712014615915814712924 526UR 624163202816099999999999999 1 3 931324  499999999999999
112100 97105120138153159154135106 73 41 19  9 15 34 62 9412314515415214024 527UR 7 3159211715599999999999999 144 9714 8  999999999999999
125110101101110124139150153145126 99 69 42 23 17 24 43 70 9812414215014724 528UR 747153221215099999999999999 2311001458 1799999999999999
136123110103103110121134143145137120 97 71 48 32 28 35 52 7510112414014724 529UR 843145231214799999999999999 3311021555 2899999999999999
144135122109101 99104113124133136132119100 78 58 44 39 45 59 8110412514024 530UR 957136999999999999999999999 447 991659 3999999999999999
147145135121106 95 90 92100112123130131123108 90 71 57 51 54 67 8610812924 531UR 013147113313199999999999999 612 9018 9 5199999999999999
144150146134117 98 83 75 76 85 99115128134131120103 85 70 62 64 75 9311524 6 1UR 1 8150131213499999999999999 725 741920 6299999999999999
136150155148132109 86 67 56 58 69 88110129141142133117 98 81 72 73 8410224 6 2UR 155155143714399999999999999 824 562026 7199999999999999
124144157159148126 98 69 47 37 40 57 82110134150153145128108 90 81 81 9324 6 3UR 238160154715399999999999999 915 362126 8099999999999999
112135154164161144116 83 51 28 19 27 49 80113141159163154136114 97 87 9024 6 4UR 31816516471639999999999999910 2 192219 8799999999999999
103123145163169160137104 66 33 12  7 20 47 83119149166169158138117100 9324 6 5UR 3561691740169999999999999991046  723 7 9399999999999999
 97113134155169170156127 90 51 19  2  2 20 51 9012715517017015713611610124 6 6UR 4351711828172999999999999991129 -12351 9799999999999999
 97105122143161171167147115 76 39 10 -2  3 26 60 9913415917016615113111224 6 7UR 5141711913170999999999999991212 -3999999999999999999999
101101111129149164169160137103 65 31  8  1 11 37 7210914016016615814212324 6 8UR 552169195516699999999999999 0321001253  199999999999999
108101104117135152164164151125 91 56 27 10  9 24 51 8511814315815914913224 6 9UR 631165203516099999999999999 1111011334  899999999999999
116104101108121138152159155139113 82 52 29 18 22 39 66 9712514515315013924 610UR 711159211315499999999999999 1501011414 1899999999999999
124110102102109122137148151145128104 76 51 34 29 37 55 8110813014414814224 611UR 753151215214899999999999999 2311011455 2999999999999999
131117106100102109121132140141134118 97 74 55 43 42 52 71 9311613414314324 612UR 838142223314499999999999999 3171001536 4299999999999999
136125112102 98 99106116125131131125112 94 77 62 55 56 67 8410412213614224 613UR 933132231714299999999999999 415 981620 5499999999999999
140132121109 99 94 94 99108116122124120110 97 83 72 67 69 79 9411212713824 614UR1047124999999999999999999999 526 931711 6799999999999999
142139130118104 93 87 86 90 98107115120119113103 92 83 78 81 8910311813124 615UR 0 4142122312099999999999999 641 851812 7899999999999999
141143139128113 98 84 76 74 79 89101113121124121113102 93 88 89 9710912324 616UR 052143135712499999999999999 745 741919 8899999999999999
136144145138124106 87 72 63 62 69 83100116128133131122111100 94 9510211524 617UR 138146151113399999999999999 836 612026 9499999999999999
129142149147136118 95 73 56 48 50 62 81103123138144141130117105 98 9910724 618UR 22014916 814499999999999999 918 472124 9799999999999999
121136148153148132108 81 57 40 34 41 58 83110134149154148135119106 9910124 619UR 259153165515499999999999999 958 342214 9999999999999999
112128144155157146124 96 65 39 24 23 35 60 90121146160161152135117104 9924 620UR 3371571738162999999999999991036 222258 9999999999999999
105119137153161158142115 81 48 23 12 16 35 65 9913215616716515113211310124 621UR 4161621819168999999999999991115 112339 9999999999999999
100109126145161166158136104 67 34 11  4 14 38 7311014216317116414712610824 622UR 45616619 0171999999999999991155  4999999999999999999999
 99101114133153166168155128 92 54 22  3  1 16 45 8212015016717015914011924 623UR 537169194117199999999999999 019 981237  099999999999999
103 97103119139158169167150120 82 45 16  2  4 24 55 9312815516816615213224 624UR 621170202216999999999999999 1 0 971321  199999999999999
111 98 95104122143160168163143112 75 41 16  6 13 35 6810413615816616114424 625UR 7 816821 416699999999999999 143 9514 5  699999999999999
124105 94 94104122142157163156136106 72 42 22 17 27 50 8111414215916315424 626UR 758163214616399999999999999 230 921451 1699999999999999
136116 99 89 91101119137151156148130103 74 49 34 32 44 66 9512414715915924 627UR 855156222916099999999999999 324 891538 3199999999999999
147129109 93 84 85 95111128141147141126104 81 62 51 51 63 8310813215015824 628UR10 1147231315899999999999999 424 831629 4999999999999999
155142123103 86 76 76 85100116131138137127111 93 78 70 71 81 9811913815224 629UR1121139235915799999999999999 531 751724 6999999999999999
157152137117 96 77 66 64 72 86104121132136131121107 95 88 88 9611012714324 630UR1257136999999999999999999999 641 641830 8799999999999999
154156150134112 89 68 54 51 58 73 9411413013914013312211110310110611713224 7 1UR 049157143414099999999999999 749 51194610199999999999999
146156157149132107 81 57 42 38 45 63 8711213314615014513512211310911212124 7 2UR 142158155515099999999999999 851 3721 510999999999999999
135149158159149129102 72 46 29 26 36 57 8511413915415915414212811611111324 7 3UR 236160165715999999999999999 946 25221111099999999999999
123138153162162149126 95 62 35 19 17 31 56 8912114716316615814312711410924 7 4UR 3291631746166999999999999991036 1623 410999999999999999
113125142157166163148120 86 52 25 11 13 32 61 9713015616816815613912110924 7 5UR 4181671827170999999999999991122 10234710599999999999999
106113128147162169163143113 76 42 18  8 16 39 7210814016217016514912911224 7 6UR 5 416919 41709999999999999912 4  8999999999999999999999
102103115133152166170160136102 66 34 14 10 24 51 8612115016616815713811824 7 7UR 547170193716999999999999999 0251011243 1099999999999999
103 97103118138156168167152125 91 56 29 15 18 37 6810213415716616114512524 7 8UR 62816920 816699999999999999 1 0 971319 1599999999999999
107 95 95105122142158166160142113 80 49 29 23 32 55 8611914516016215113324 7 9UR 7 6166203716399999999999999 133 941353 2299999999999999
113 97 91 94107126144157160150130101 71 47 34 35 50 7510513315216015514024 710UR 74516021 516099999999999999 2 8 911426 3399999999999999
121103 91 88 95109127143152151139118 92 68 51 45 52 70 9512214415615614624 711UR 825153213315899999999999999 246 881458 4599999999999999
130111 95 87 87 95109125138143140128109 89 71 60 60 71 9011313415015515124 712UR 91014422 315599999999999999 328 861530 5999999999999999
138120103 90 83 85 94106120130134131121106 91 79 74 78 8910612614215115224 713UR10 4134223615399999999999999 418 8316 6 7499999999999999
144130113 97 85 80 81 89101113122127126119109 99 92 89 9410411813314415024 714UR1119127231415099999999999999 517 801651 8999999999999999
148139125108 92 80 74 75 82 9310511612312512311811110510310611412513614424 715UR13 2125999999999999999999999 624 74175310399999999999999
148145135121104 87 74 66 66 72 84 9811212413113212912311711311411912713724 716UR 0 3148144613299999999999999 733 65192211399999999999999
144147144134118 99 80 64 55 54 62 76 9511413014014414013312411811611912724 717UR 1 3147155814499999999999999 835 53205211699999999999999
137146150147135116 93 70 51 41 41 52 71 9512014015215515013912611711411824 718UR 2 6150164915599999999999999 929 40215811499999999999999
127140150155151136113 85 58 37 27 29 45 7010012915216316415413912311210924 719UR 3 41551731165999999999999991017 26224810999999999999999
116129145158163156137108 75 44 22 13 21 42 7410914116317216815313411510524 720UR 35716318101739999999999999911 3 13232910399999999999999
105116134153167171160136102 64 31  9  4 17 45 8212115317317716714712410524 721UR 4461711847178999999999999991146  4999999999999999999999
 97101117140162176177162132 93 53 20  1  2 21 54 9513416417917716113611124 722UR 534178192318099999999999999 0 9 961229 -199999999999999
 94 89 99120145168181179160126 85 44 14  1  8 32 6911014717218117215012324 723UR 622182195818199999999999999 049 891310  199999999999999
 98 84 84 98122149171182176154118 78 41 17 10 22 50 8812715917717716213624 724UR 710182203217999999999999999 130 821351 1099999999999999
108 86 75 80 97122149169177169145111 75 45 28 27 44 7310914216617617015024 725UR 8 017721 517699999999999999 213 751431 2599999999999999
122 96 76 69 76 95120144162167158137107 78 56 46 51 69 9712715316917115924 726UR 852167213817299999999999999 3 0 691510 4699999999999999
137110 86 70 65 73 91114136151155148130108 87 73 69 77 9411814115916716424 727UR 952155221216799999999999999 351 651551 6999999999999999
149126102 80 66 62 69 84104123137143139129115101 93 9310011413214815916224 728UR11 6143225016299999999999999 451 621635 9299999999999999
156141120 97 77 63 59 63 76 9311012513413613212511811311311712713814915524 729UR1249136233915799999999999999 6 0 59173411299999999999999
157150137118 97 77 61 54 56 65 81 9911613013814013813312812512613013714524 730UR1455140999999999999999999999 719 54191812599999999999999
151153149137120 98 76 58 48 47 55 71 9211413214515115014413612912612713324 731UR 051153162015199999999999999 836 46211612699999999999999
141149154151141122 99 74 52 40 37 47 66 9111714015516015714813612512012024 8 1UR 21415417 816099999999999999 941 37222311999999999999999
128139151158157145124 96 68 44 30 30 43 67 9712615016416715914412811611024 8 2UR 3231591743167999999999999991032 2823 611099999999999999
114126141156165162147122 90 59 34 23 27 45 7510813916117116715313411610424 8 3UR 4181651813171999999999999991115 22234010299999999999999
102111128148164171165145115 80 48 26 20 30 55 8912415317017216214212010224 8 4UR 5 41711841173999999999999991152 19999999999999999999999
 94 98113134156171174163137103 67 38 22 23 41 7210714116417316815012610424 8 5UR 54417519 617499999999999999 010 941226 2099999999999999
 90 88 98119143164175173155125 89 55 32 24 34 59 9312815617117115713410924 8 6UR 620176193017399999999999999 039 871256 2499999999999999
 90 81 86103126151169175166143110 76 48 33 35 52 8211614616717316314211724 8 7UR 655175195217399999999999999 1 8 811324 3299999999999999
 93 79 77 88109134155168168154128 97 68 48 42 52 7510613716017116715012624 8 8UR 730170201417299999999999999 137 771351 4299999999999999
100 81 73 78 93115138156163158141115 88 66 56 58 7410012815316716915713524 8 9UR 8 6164203617099999999999999 2 9 731418 5599999999999999
110 88 74 72 80 98119139152155146129107 86 72 70 78 9712114416116716114424 810UR 844155205816799999999999999 243 711444 6999999999999999
121 98 80 71 73 83100119135144144135121104 91 85 87 9911713715316216115024 811UR 929145212316399999999999999 321 701512 8499999999999999
131110 90 76 71 74 8510011612813513512911910910210010511613014415415715224 812UR1029136215115799999999999999 4 7 71154510099999999999999
139122103 87 75 71 74 83 9510812012713012812411911511511912713714515015024 813UR12 6130223015199999999999999 5 7 71163111599999999999999
144133118102 86 75 69 69 76 86 9911212213013413413212912712813113614114524 814UR1433134234014699999999999999 626 68181912799999999999999
146142133120103 87 72 63 60 64 74 8910612313614414714413813212812713013624 815UR1557147999999999999999999999 755 60204312799999999999999
142146145138125106 85 66 52 46 50 63 8310612914715715915314213012211912324 816UR 125146164015999999999999999 9 7 46215411999999999999999
132143152154148132108 81 55 37 30 36 55 8211214116117016715513812111110924 817UR 24815417151709999999999999910 2 30223710999999999999999
118133150163167158137106 72 42 22 17 28 53 88124155175179169149126107 9724 818UR 3501671748179999999999999991049 162315 9799999999999999
100115138160176179166139101 62 29 10  9 27 60101140170185182164137109 8924 819UR 4421801820186999999999999991132  72352 8499999999999999
 84 94116145171188188170136 94 52 20  5 12 37 76119158183190177151118 9024 820UR 5311901851190999999999999991212  5999999999999999999999
 73 73 90119152180195191168130 86 46 19 11 25 56 98140173190187165133 9824 821UR 618195192019199999999999999 029 711250 1199999999999999
 71 60 67 90123157183195186160122 80 46 27 28 48 8212215918318917714811324 822UR 7 5195194919099999999999999 1 8 601328 2599999999999999
 79 57 52 64 91125157180187176150115 80 55 45 53 7711014417218518216113024 823UR 753187201718699999999999999 148 5214 3 4599999999999999
 95 66 50 49 65 92124153171174163140112 87 71 70 8210513315917718016914524 824UR 844175204518199999999999999 231 481438 6999999999999999
114 83 60 49 51 67 92119143157159150133114 99 92 9510812814916517317015524 825UR 941160211217399999999999999 318 481511 9299999999999999
131104 79 61 52 56 69 8911112914114514013112211511311812814115416316415824 826UR1055145214216499999999999999 412 52154611399999999999999
143124102 81 66 59 60 69 8310011612813513713613313113013313814415015415324 827UR13 2137222615499999999999999 523 58163813099999999999999
148138123106 89 74 64 61 65 75 8910411913214014414514314013813713814014324 828UR1540145999999999999999999999 655 61195513799999999999999
145144139129114 96 79 65 57 57 65 80 9911813614815415414914113312812613024 829UR 018145162715599999999999999 829 56214812699999999999999
136143147146137122101 79 61 50 49 59 7710112514515816215714613312111411524 830UR 219148165516299999999999999 935 48222611499999999999999
122134147155155145125100 73 52 41 43 57 8111013715816716615413611810610124 831UR 3301571720168999999999999991022 40225510199999999999999
107121140156165163148123 92 63 42 35 43 64 94126153169172162143120101 9124 9 1UR 41916617421729999999999999911 0 352321 9099999999999999
 93106127150167174166145114 80 51 35 34 50 78112144167176169151125101 8424 9 2UR 45917418 4176999999999999991131 322347 8099999999999999
 81 90111137161177178163135100 67 42 34 42 66 99134162177175159133105 8224 9 3UR 53517918251789999999999999912 0 34999999999999999999999
 72 76 94121149172181175154121 86 56 40 41 59 89124155175179167142111 8424 9 4UR 6 8182184517999999999999999 012 721227 3899999999999999
 67 65 78103132160177180167140106 75 53 47 57 82114147171180173151121 9024 9 5UR 64118119 418099999999999999 038 641252 4699999999999999
 68 59 65 85113143166177173154125 94 70 58 61 7910713916417817615913110024 9 6UR 713177192317999999999999999 1 5 591317 5799999999999999
 73 57 57 70 94123150167171161140113 88 72 70 8110313115717417716514111124 9 7UR 747171194317799999999999999 133 551341 6999999999999999
 82 62 54 60 78104130151162161148128106 89 82 8710312514916617316714912324 9 8UR 82316320 317399999999999999 2 3 5414 5 8299999999999999
 95 71 58 57 67 87110132148154149137121106 97 9710612214115816716615413324 9 9UR 9 4154202416899999999999999 236 561430 9699999999999999
108 85 68 60 62 74 9211112914014313913112011210911312213514815816015414124 910UR 957143204816099999999999999 315 59145810999999999999999
121101 82 70 64 67 77 9110612012913413413112712412312613214014815215114424 911UR1129134212015299999999999999 4 8 64153712399999999999999
132117101 86 74 68 68 74 84 9610912012913513813813613413413513714014214224 912UR1428138223114399999999999999 532 67175613499999999999999
139132121108 93 79 68 63 64 71 83 9911613114314915014614013312912713013424 913UR1539150999999999999999999999 721 63205012799999999999999
139142140132118100 80 63 52 50 57 73 9511914115616316015013712411511412024 914UR 1 9142161316399999999999999 845 49214211399999999999999
131143152154146128104 76 53 38 35 46 68 98129155171174164146125107 9810024 915UR 243154164317499999999999999 942 342218 9799999999999999
113132153167170160136103 69 41 25 25 42 73110145172183178159132105 85 7924 916UR 3441711712184999999999999991028 232253 7999999999999999
 89111139166183185169138 99 60 31 18 25 50 87129164186190174145111 80 6324 917UR 43618617411919999999999999911 9 182328 6199999999999999
 64 82113148179196194172136 93 54 28 21 36 68109150181195187161124 86 5724 918UR 52419718 9195999999999999991148 21999999999999999999999
 45 54 80118157188202195169130 88 53 34 36 57 93134170192195176142100 6224 919UR 611202183719699999999999999 0 5 451225 3299999999999999
 38 34 50 83123162190199189161123 86 59 49 59 85120156184195186158119 7824 920UR 65819919 419599999999999999 042 3313 1 4999999999999999
 45 28 31 52 87127162185190177150118 90 73 72 86113144172188188170138 9924 921UR 746190193019099999999999999 121 271335 7099999999999999
 63 37 27 35 59 92128157174175163141117 99 91 9611213615917718317415212124 922UR 836176195618399999999999999 2 3 2714 7 9199999999999999
 87 57 38 34 44 66 9512414615815915013512111211111813214916417217115813724 923UR 933160202117399999999999999 248 34143811099999999999999
110 83 61 48 46 55 72 9411613314314514113512812512713314215215916015614424 924UR1049145204716199999999999999 340 45151112599999999999999
127107 87 71 60 58 63 74 9010612013113713913913813713713914214514614614324 925UR1322139212214799999999999999 450 58162313799999999999999
136125112 97 83 72 66 66 72 83 9611112513614314614614313913513213113213424 926UR1523146999999999999999999999 630 6521 113199999999999999
136135131122109 94 79 69 64 66 76 9110912714215115415014213212311711612024 927UR 022136155415499999999999999 8 9 64214011699999999999999
128136141141133118 99 80 65 58 61 73 9211513615216015814813311810610110424 928UR 224142161716099999999999999 914 5822 610199999999999999
115129143152151140121 97 74 58 52 59 76101128150163165156138117 99 88 8824 929UR 326153163916699999999999999 958 522231 8799999999999999
 99117138155163159142117 89 65 50 50 63 88117145164171164146121 97 80 7424 930UR 4101631659171999999999999991032 482255 7499999999999999
 82101126150167171161138108 78 56 48 55 76106137162174172155128 99 75 632410 1UR 44717217191759999999999999911 2 482319 6399999999999999
 66 83110139164177174157128 96 68 52 52 68 96128157175177164137105 76 572410 2UR 5221781738178999999999999991130 502343 5399999999999999
 53 66 91122153174181171147116 85 63 56 65 88120151173181171147114 81 552410 3UR 5551811757181999999999999991156 56999999999999999999999
 45 51 72103137164180179162135104 78 65 67 84112143168181177157125 90 592410 4UR 627181181718199999999999999 0 8 441221 6499999999999999
 41 40 55 83117149171179171150122 95 77 73 84107135161177179164136102 682410 5UR 7 0179183618099999999999999 034 391246 7399999999999999
 44 36 44 65 96129156171172159137112 92 83 88104128152171178169146115 812410 6UR 733174185617899999999999999 1 1 361311 8399999999999999
 54 38 38 52 78108137157166162147127108 96 94104122144162172169153127 962410 7UR 8 9166191817399999999999999 131 361337 9499999999999999
 68 47 40 46 63 881151381531561501371211091041081201361521631651561371112410 8UR 851157194116699999999999999 2 3 4014 410499999999999999
 85 62 49 46 55 72 941161341441461411321221161161211311431531571541431252410 9UR 94514620 715799999999999999 243 46143711599999999999999
103 82 65 55 54 62 76 93110125134138137133129126126129135141146147143133241010UR1117138204314799999999999999 336 54153312699999999999999
119103 87 73 63 60 64 73 86101115127136140141139135132130130132134136135241011UR1342141222013699999999999999 459 60182713099999999999999
131123111 97 82 70 61 59 64 75 91109127141149151148140130122117117121128241012UR1450152999999999999999999999 648 59202911799999999999999
134137135125110 91 72 58 51 53 66 86110133152162161151136119105 98101111241013UR 1 5137152716399999999999999 813 502114 9899999999999999
126141150151141122 96 71 51 42 45 62 89119147166173166147122 98 82 77 86241014UR 234152155817399999999999999 913 412151 7799999999999999
105129152167168155130 98 67 44 36 44 68100135164180179162133100 72 57 58241015UR 33616916271829999999999999910 0 362227 5599999999999999
 75104137166182182164133 96 63 42 38 53 82119155180189178150112 74 46 35241016UR 4281841656189999999999999991042 3723 3 3499999999999999
 44 70108147178194189167132 94 63 47 49 70104141173191189167130 86 47 23241017UR 5171941725193999999999999991122 452340 1899999999999999
 19 37 71114156186198190164129 93 68 58 68 93127162186194181150107 62 27241018UR 6 519817531949999999999999912 0 58999999999999999999999
  9 13 38 77121161187194183157124 95 77 76 90117148176191188166129 85 44241019UR 653195182119299999999999999 019  81236 7499999999999999
 16  6 16 45 84126160181184172148121100 91 95112137162181186175148110 70241020UR 741185185018699999999999999 059  61311 9199999999999999
 36 15 12 26 55 91127155170171159140121108105113129150167177174158130 96241021UR 832172191817799999999999999 141 11134610599999999999999
 63 37 24 25 40 66 96124146156156147135124117118126139153163165158142118241022UR 928158194816599999999999999 226 22142311799999999999999
 90 65 46 38 40 53 74 97119135144145140134128125127132140147151150143130241023UR1040145202115199999999999999 317 37151112599999999999999
112 92 74 60 53 54 63 78 95112126135139139136133130129130132134136135132241024UR1227139211713699999999999999 421 5317 312999999999999999
124113 99 86 74 66 64 68 78 92107121132139142140136130124120119119122125241025UR14 6142999999999999999999999 547 64201111899999999999999
127125120110 97 84 73 68 69 77 90106122136145147143134123113105103105112241026UR 0 8127145114799999999999999 719 6821 110399999999999999
121129132129119105 89 75 67 68 76 92111130145152151142127110 96 88 88 95241027UR 2 3132152115399999999999999 828 662131 8799999999999999
109124137142139126108 88 73 65 67 80 99122142156158150134112 92 77 72 77241028UR 3 7142154615999999999999999 916 642158 7299999999999999
 93113133148152145128106 84 69 64 71 89113137156164159143118 92 70 59 60241029UR 35415216 816499999999999999 955 642224 5899999999999999
 74 97123146160160148126101 79 66 67 80103130153167167153127 97 69 50 45241030UR 4331621630169999999999999991028 652249 4599999999999999
 55 78107137159169164145120 94 75 68 76 95122148167172162138106 72 47 34241031UR 5 91691651172999999999999991058 682315 3499999999999999
 38 58 88121151169173161139111 88 74 75 90114141163174169149117 81 49 292411 1UR 5441741712175999999999999991127 732342 2599999999999999
 26 40 67102136162175171154129103 85 79 87107133157173174159130 94 58 312411 2UR 6181751735175999999999999991155 79999999999999999999999
 20 26 48 80116148168174165144120 98 86 88102124149168174166142108 72 402411 3UR 652174175817499999999999999 0 9 201223 8599999999999999
 21 19 33 60 94128155168168155134112 97 92100117139159170168152123 89 552411 4UR 727170182217199999999999999 039 171252 9299999999999999
 30 19 24 43 73106135155163158144125109100101112130149162166157136106 742411 5UR 8 6163184916699999999999999 111 191323 9999999999999999
 46 28 24 33 55 83112136151155149136121110106111122137151159157144122 942411 6UR 850155191915999999999999999 147 23135810699999999999999
 66 44 32 32 43 64 891131331441471421321221151131181271381471501451321122411 7UR 947147195615099999999999999 231 30144511399999999999999
 89 67 49 40 41 51 68 891101271381421391331261201181201251321371391351252411 8UR11 5142205213999999999999999 326 3916 411899999999999999
110 92 73 58 49 48 55 68 861051221351421421381311231171141151191251291302411 9UR1236143224113099999999999999 439 48181111499999999999999
125116101 85 69 57 52 55 66 83103122138147149143133119107100 99103112122241110UR1343149999999999999999999999 6 8 521944 9899999999999999
130132127115 98 79 64 54 55 64 82105128146156156146128108 90 79 78 86102241111UR 051132142915899999999999999 730 532037 7799999999999999
120136144142130110 88 68 56 55 66 87113139158166160142116 89 66 55 57 72241112UR 22014515 516699999999999999 834 542120 5499999999999999
 96123146158157144120 94 71 58 58 73 97127153170172159132 97 64 40 32 40241113UR 326160153917399999999999999 928 5622 1 3299999999999999
 63 96130157172170153126 97 74 63 67 85113143168179173150115 74 39 17 13241114UR 4231731611179999999999999991015 622241 1299999999999999
 29 60100139168181177157129100 79 71 79101130159178182168137 95 51 17 -1241115UR 5151821644183999999999999991059 712321 -299999999999999
  3 26 63107147174185178156128101 84 82 94118146171183179157119 75 33  3241116UR 6 51851716184999999999999991140 81999999999999999999999
 -9  1 30 70114152176182173151125103 91 94109133158176182170142102 59 21241117UR 653183175018299999999999999 0 2 -91220 9199999999999999
 -2 -7  8 39 79120153172175163143121105 99105122143163175173157126 88 49241118UR 741175182417699999999999999 044 -81259 9999999999999999
 18  1  2 20 51 88123150164164152135118107106114130147162167161142112 78241119UR 82916519 016799999999999999 127  0133910599999999999999
 46 22 12 17 36 64 96124145154152142128116110111119132145154155146128102241120UR 918155193815699999999999999 211 12142211099999999999999
 74 49 32 27 33 51 75101123139145143135125116112113119128137142141133118241121UR1012145202314399999999999999 258 27151611299999999999999
 97 76 57 45 42 48 63 83104122134139137131123116112111114120125129128123241122UR1113139212612999999999999999 350 42163711199999999999999
112 98 82 67 58 55 61 73 89106121132137136130123114108104104107112116119241123UR1220137231411999999999999999 450 55183110499999999999999
118112102 90 78 69 66 69 79 93109123133138137131121109 99 92 90 93100108241124UR1318139999999999999999999999 6 0 661954 9099999999999999
115118117110 99 87 77 73 75 84 97113128139143139129115 99 85 77 76 81 92241125UR 11311914 314399999999999999 712 732043 7599999999999999
105117125125119107 94 82 77 79 88103121136146147139124104 84 68 60 62 73241126UR 235126143914899999999999999 815 772119 6099999999999999
 90109125135135127113 97 85 79 83 95112131145152149134112 87 64 49 45 53241127UR 333136151015299999999999999 9 7 792151 4599999999999999
 71 94118137146144132115 97 85 82 88103123142154156145123 95 67 44 33 35241128UR 420146153815799999999999999 951 812220 3299999999999999
 50 75104131149155149133114 96 85 85 96115136153160155136107 74 45 26 20241129UR 5 015516 6160999999999999991029 842250 2099999999999999
 30 54 85117144159161150130109 93 86 91107128148161162148122 87 53 26 12241130UR 53716216331639999999999999911 4 862321 1199999999999999
 15 33 63 98130154165161146124104 91 89100118140158165158136104 67 34 112412 1UR 61316517 2165999999999999991138 892353  599999999999999
  5 15 40 75111141161166157138117 99 91 95109130150163164149122 86 49 202412 2UR 6501661732165999999999999991211 91999999999999999999999
  4  4 22 51 87122148162162149129110 97 94102119139156164158138106 70 362412 3UR 72716418 516499999999999999 027  21245 9399999999999999
 12  2  9 31 63 98129151160155140122105 96 98109127145157159148125 93 582412 4UR 8 8160184116099999999999999 1 4  21322 9699999999999999
 29 10  7 18 42 74106133150155147133116103 98102114130145153151138114 832412 5UR 851155192115499999999999999 144  614 4 9899999999999999
 53 28 15 15 29 53 82111134147149141128113103 991041141281401451421281062412 6UR 94015020 914599999999999999 229 131457 9999999999999999
 79 53 33 24 26 40 62 89114134145145138125112102 981011091201301351331222412 7UR1034146211313699999999999999 319 2316 5 9899999999999999
104 82 60 43 35 38 51 71 94117135144144137124110 98 91 91 981081181251272412 8UR1132145224112799999999999999 416 351729 9199999999999999
120107 90 72 57 49 50 61 78100120137146145137122105 89 79 76 81 921061182412 9UR1228147999999999999999999999 522 481850 7699999999999999
125124116102 86 71 62 62 70 85105126142150148136118 96 75 62 57 63 77 95241210UR 027125132015099999999999999 635 611956 5799999999999999
114127132129117101 85 74 71 78 93112133148155150134110 82 57 41 37 45 64241211UR 2 513314 615599999999999999 748 712050 3699999999999999
 89114134144142131114 97 84 80 86100121141156160151129 99 66 37 20 18 31241212UR 323144145016099999999999999 855 802139 1799999999999999
 56 87118143155154142123104 90 86 93109130150163163149121 85 48 18  2  4241213UR 426156153216599999999999999 954 862225  199999999999999
 22 53 90125152164162148128107 94 90 99117139158168164144110 70 32  3-10241214UR 5211651613169999999999999991046 902310-1099999999999999
 -4 20 56 97133159169165148127107 95 94105125147164170161135 98 56 19 -7241215UR 6101701654170999999999999991132 932354-1599999999999999
-15 -3 25 64105140163170161143121103 94 97112132153167168154125 86 45 10241216UR 6561701736170999999999999991215 94999999999999999999999
-10-12  4 36 75114145163165153134114 99 94101117137156165162144113 74 37241217UR 738166181616699999999999999 037-141255 9499999999999999
  8 -7 -3 17 50 88122148159156142123106 95 94104121139154160152131100 65241218UR 817160185716099999999999999 118 -71334 9399999999999999
 33 10  3 12 34 66100129147153146131113 99 92 95106122138149150140118 90241219UR 855153193815199999999999999 158  31414 9299999999999999
 59 34 18 17 29 53 82111133145145136121105 94 91 95106119132139138126107241220UR 931147202114099999999999999 236 161458 9199999999999999
 82 58 39 30 33 48 71 96119135142138127113100 91 89 93102113123128125115241221UR10 8142211112899999999999999 314 301550 8999999999999999
 99 79 61 49 45 51 66 86107125136138132121108 96 88 85 88 95104112116115241222UR1046138221711699999999999999 353 451657 8599999999999999
108 96 82 69 61 60 67 81 98115128135135129117104 91 82 78 80 85 93101107241223UR1130136235310999999999999999 437 601816 7899999999999999
109106 99 89 81 75 75 81 92106119130135134126114 99 85 74 68 68 74 83 93241224UR1218136999999999999999999999 533 741929 6799999999999999
103109110107100 93 87 86 90 99111123132136134125110 93 76 62 55 55 63 75241225UR 146111131013699999999999999 645 862027 5499999999999999
 90105115120118112103 96 93 95103114126135138134122104 83 62 47 41 43 55241226UR 313120135913899999999999999 8 5 932113 4099999999999999
 72 93112125131129121110100 96 98105118130139141134117 94 69 46 31 27 34241227UR 412131144414299999999999999 914 962153 2799999999999999
 51 75101123137142137125111100 95 98109123136145144132110 82 53 29 16 16241228UR 45714215251469999999999999910 8 952230 1499999999999999
 29 53 83112135148149140125109 97 94100113130144150145127 99 67 35 13  3241229UR 53615016 4150999999999999991051 9423 7  399999999999999
  9 29 59 93124146156152138120103 93 93103120138152154144120 86 50 19 -1241230UR 6121561643155999999999999991129 912344 -599999999999999
 -5  8 35 70106136155159150132111 94 88 93108128147158156140110 73 35  6241231UR 64715917231599999999999999912 5 88999999999999999999999
