279247196140 89 57 51 7612718924929431530827623118514813113716320123926524 1 1WH1214316235927599999999999999 541 50181513099999999999999
275261226179130 92 73 7911216221726529630328625020816814113114317020323524 1 2WH1247303999999999999999999999 615 72185613199999999999999
255259243211171133106 9711114418923427028928626423019215813713214416819824 1 3WH 042260132329099999999999999 653 97194613299999999999999
22524324523220617514612812513916820524026627727024721518115213312813816024 1 4WH 14024614 627799999999999999 740124204812899999999999999
18721323223823121319016815214915918121023825826525723620617414512511812524 1 5WH 257238145826599999999999999 845149215911899999999999999
145174204229242242231212191173165168183207232250258251231201166133109 9924 1 6WH 43224416 225899999999999999101416423 6 9999999999999999
106130164202235257263255235209185169166178201227249259253230195154116 8724 1 7WH 55526317 9259999999999999991141165999999999999999999999
 75 85115160208251280289278252218185162157170198230256267259231187138 9224 1 8WH 65628918 726899999999999999 0 3 75124815699999999999999
 59 49 6510616322327530731429626021617514914516520124027028126823017511624 1 9WH 746315185828199999999999999 054 48134014399999999999999
 64 30 23 5010517524530133333330525820515913313516521125728929727422515924 110WH 830337194629899999999999999 142 22142513099999999999999
 92 35  2  4 4411219327032735334330324618613911813117222727830831027721624 111WH 913354203231399999999999999 228 -215 811799999999999999
141 68 10-18 -5 4812921729534836434229122616411910713218524629732431727324 112WH 954365211932599999999999999 313-19155010699999999999999
203122 47 -7-27 -2 6415324331836236533027020114010310113819926231133231624 113WH103536922 633299999999999999 357-271632 9799999999999999
264187105 34-13-21 17 92182268334365355309243175119 9110114721127231633024 114WH1115367225433099999999999999 440-231714 9099999999999999
307249173 95 32 -4  1 50127212289341357334280214150102 8510515521727431224 115WH1154357234332199999999999999 523 -71758 8599999999999999
320291234163 95 44 21 38 91163238301337338305250187131 92 8411015921626724 116WH1232342999999999999999999999 6 5 211844 8399999999999999
299302273221162107 70 60 82132195255301322312274222167119 89 8711315720824 117WH 035304131032299999999999999 649 591934 8499999999999999
252279281257217172132106104126167215260290299283248202155114 90 8911114924 118WH 134284135129999999999999999 7371022033 8799999999999999
192232258264250224193164146144159187221252272275260231192151115 92 8810324 119WH 246264144127699999999999999 8371432143 8799999999999999
134173212241255254241220198181173177193215237253257247224191153117 90 8024 120WH 42525715492579999999999999910 917323 2 8099999999999999
 90117155197234259269264248225202185179185201222240249246227195155115 8224 121WH 6 92691715250999999999999991159179999999999999999999999
 67 7310114419323927328928626723820618016817118921423825425323419815210524 122WH 720290182925699999999999999 013 66131716799999999999999
 68 50 58 9114320125529431030227423519516415115918421824926726523919514124 123WH 8 9310192526999999999999999 112 4914 715199999999999999
 88 49 33 49 9315522227931532430426521817314313615519223326728327323718224 124WH 84732420 928399999999999999 2 0 33144413699999999999999
121 66 29 23 5110818025030433232629324319014612413116421025628829627322524 125WH 920333204629699999999999999 241 21151612399999999999999
160 95 42 15 23 6813721328132633831626921115812211313618223528030429926324 126WH 950338212130699999999999999 317 13154611299999999999999
202132 69 24 12 38 9817525030933833129223517612810511415320726129931129124 127WH1018339215431299999999999999 350 11161410499999999999999
241173103 47 17 24 69139217284328337311259197142106 9912517523228130930724 128WH1045338222731299999999999999 420 151643 9799999999999999
272212143 79 36 25 52111185257310334323280221161115 9310414319825329330824 129WH111133523 030899999999999999 448 241711 9399999999999999
291245182118 67 41 49 92157227287322325296243183131 98 9211716421826529424 130WH1136328233529999999999999999 517 391741 9199999999999999
296268218158105 70 61 86137200260302318303261206152111 9210013318122926724 131WH12 1318999999999999999999999 546 601813 9199999999999999
285277244196146107 87 94127178232277302300272226175131102 9511114719123224 2 1WH 012286122730499999999999999 616 861848 9499999999999999
26127025722518614912411613116420724827728727324019815512110210212115419124 2 2WH 055270125528799999999999999 6511161930 9999999999999999
22524825424221919116615014916318922124826526524821718114712010510612315024 2 3WH 150254133026799999999999999 736147202610499999999999999
18221223324223922620919217917618319821823624724523120717814812310710311324 2 4WH 312243142324899999999999999 851176214610399999999999999
135164196223242250247236220203191187192205220232236229212185154124100 8824 2 5WH 51525015542369999999999999910571872318 8899999999999999
 92111144183222253272276264242215191176175187207227241242228199160119 8424 2 6WH 6432761735243999999999999991236174999999999999999999999
 63 63 8512617923227630230528725221217615415317220323726026624921216010524 2 7WH 738307184626799999999999999 032 60133415199999999999999
 59 32 32 6211818625330633232829724819515012713316621325828929427021815224 2 8WH 822334194229599999999999999 130 28141812699999999999999
 84 29  0  7 5112420728333735733929122816611910212117123228631931928221624 2 9WH 9 2357203132399999999999999 220 -2145810299999999999999
136 60  2-23 -4 58145237314362369334271197131 88 8312018525631434333428324 210WH 939372211734599999999999999 3 5-231537 7999999999999999
204117 38-17-30  6 82178271342377365312238160 95 62 7412820427933535733524 211WH101537822 235799999999999999 347-311615 6199999999999999
273187 99 25-19-16 36122218303360375344278198122 66 48 7714222229534435624 212WH1049376224635799999999999999 427-241654 4899999999999999
323254169 88 26 -1 18 82168255325363356308236158 90 48 47 8815923630134124 213WH1122366233134699999999999999 5 6 -21732 4299999999999999
341300233157 90 44 35 68134211282332347323266195126 71 45 5710517224029524 214WH1153348999999999999999999999 544 331812 4499999999999999
323315274216155106 79 84122180242293321317282226164108 68 55 7412017823524 215WH 017325122432499999999999999 621 761854 5499999999999999
278296286252209167135122135168212255285295280244197148105 78 72 9112917524 216WH 1 7296125429599999999999999 7 11221943 7199999999999999
220253267261241215190172166176198224248262262246218184148117 96 9010212824 217WH 211267132926499999999999999 7521662049 9099999999999999
16219722624324924423321920719919920621622723423422520918716113511310110224 218WH 359249142923599999999999999 931198222410099999999999999
11714317520623325125925824723221520219519520121021922221820317915012210024 219WH 61826017 0222999999999999991226194999999999999999999999
 9210012415919923826728228026523921018617217118220122123523722319415611724 220WH 725283183723899999999999999 0 1 92133416999999999999999
 87 73 8111115720925629030329426622818915914615317721024025925923619614724 221WH 8 4303193026299999999999999 1 8 7314 814699999999999999
 99 65 53 7011317223328431431629225020115713012715019023326828427423818424 222WH 83431920 828599999999999999 155 53143512599999999999999
125 74 42 41 7413220126631233031427321916512310812316421626429730227622424 223WH 9 1330204130499999999999999 232 3815 110899999999999999
159 95 47 27 45 96167240300334331296240178126 96 9813419024929631830726324 224WH 926337211131999999999999999 3 3 271526 9399999999999999
197127 66 29 28 67134212281329341316262197136 92 8010515822328132032729724 225WH 950342214132899999999999999 332 231550 8099999999999999
237164 95 44 25 47106182258316343331284219152 98 70 8012418925530733232024 226WH1012344221133299999999999999 359 251616 6999999999999999
273204132 72 38 41 85155232297336339303242172111 71 64 9415322128232232924 227WH1034342224233199999999999999 425 341642 6299999999999999
299241172108 63 49 75133206273321337315262195130 81 59 7211918324829832324 228WH1056337231432499999999999999 451 4917 8 5899999999999999
313271210147 97 71 78119182248299326318278216152 98 65 62 9214721026530224 229WH1118327234731299999999999999 518 691736 6099999999999999
311288242187137103 95117165223274306311285235175121 82 65 7811717122627024 3 1WH1140313999999999999999999999 547 9418 5 6599999999999999
294291263221177143124129158202246280294283248198147106 81 77 9813718422924 3 2WH 02429612 429499999999999999 6191231839 7699999999999999
262276269245214184163155164189222251269270251217176137107 91 9311214418224 3 3WH 110276123327299999999999999 6581551925 9099999999999999
21724325525324122320519218619120422223824624322820317314512110610411413624 3 4WH 220256131524799999999999999 8 4186204210399999999999999
16419422124025125224623422020820020020621522322622220919016513911710310024 3 5WH 4402531459226999999999999991033199224010099999999999999
112136168204238264277277263240213191179178190208225236234219190153117 8824 3 6WH 6272791724237999999999999991231177999999999999999999999
 73 7910514820025129031030628124220016514614917220724226627025121115810424 3 7WH 721311184227199999999999999 015 73132214499999999999999
 62 39 46 8314321327732334032428222617012711112616822327230430727722115124 3 8WH 8 1340193631099999999999999 117 3814 211199999999999999
 83 32  9 25 79157240311355359325264193129 86 8111517824930834133629121824 3 9WH 837362202334499999999999999 2 6  91438 7899999999999999
135 60  7 -8 25 97188277344376361306229150 84 51 6311919927934136835029024 310WH 91137621 736999999999999999 249 -91515 4999999999999999
205116 41 -4 -4 47133228313368379342270184103 45 28 6113522430736438034724 311WH 944381215038099999999999999 329-111551 2799999999999999
275187101 34  4 23 89179269340376363306224137 63 19 22 7315724832537137324 312WH1015377223237899999999999999 4 8  31627 1499999999999999
329254170 95 43 32 69141225301352363329260177 98 37 12 33 9618026433036224 313WH1045365231536499999999999999 444 3117 4 1299999999999999
351302232161102 69 76122190261316344333284214139 73 30 23 5712219927032124 314WH1114345235833999999999999999 521 671741 2199999999999999
339320273216162122108126171227278311317291240177117 68 42 48 8614420826424 315WH1141319999999999999999999999 5571081819 4199999999999999
300307288252211175152151171207245275289280250206157114 81 68 7911215720524 316WH 04630812 828999999999999999 63514819 3 6899999999999999
246271276264243219198186188201222241254256243219189157128107 9810612715824 317WH 145276123625799999999999999 72418520 2 9899999999999999
19122124225325324723622421521121121622122422421820719217315313512312012824 318WH 334254132122599999999999999 920210214512099999999999999
14617119822424425826225824623021420119419219620321121421119817815513311924 319WH 55826217 5214999999999999991243192234111699999999999999
11612815218522025227528227525522719917616516718120222323723822319516012824 320WH 7 02821833239999999999999991320164999999999999999999999
104 9711114318723427329729928024720616914413915318321925026726223719615024 321WH 735301191926899999999999999 051 97134613899999999999999
108 82 8010515120726030031530326822117213311512515820425028329427723618124 322WH 8 3315195329499999999999999 135 78141011599999999999999
127 83 63 74116176240293323322291240182131 99 9712817923728631331027521924 323WH 828327202431699999999999999 2 9 631433 9499999999999999
155 98 60 55 86145215279323335312261198137 91 76 9614721227431933331125824 324WH 850336205433399999999999999 239 531456 7699999999999999
191124 72 50 66117188259314341329284218150 93 62 6911217925030934133729624 325WH 912342212334499999999999999 3 6 491521 6099999999999999
230159 97 58 56 95161235299338340304241169104 59 49 7914221728633535032524 326WH 934344215335099999999999999 333 521545 4899999999999999
269198131 80 61 82137210278327343320264191121 67 41 5410517825331434734224 327WH 955343222335099999999999999 4 0 611611 4099999999999999
301237170112 78 80120185254308336328283215144 83 45 41 7513921428232934424 328WH1017338225434499999999999999 427 741637 3899999999999999
322271208150108 93114165228284320326296238169106 60 41 5710617424329832924 329WH1040328232733399999999999999 456 9317 4 4199999999999999
328295243189144118120153204257297313299256195134 84 55 53 8213620025830024 330WH11 3313999999999999999999999 5261151734 5099999999999999
316304270226184153141153187231269292291265219165116 81 65 7410815821125724 331WH 0 5316112929499999999999999 6 11411810 6499999999999999
287295282254222193174169183209239262272263235196154118 93 84 9512416320524 4 1WH 05229512 227299999999999999 6451691858 8499999999999999
24126527426925323421419919419921322924224623922019416413611510410712515224 4 2WH 2 5274125424699999999999999 8 0194201610499999999999999
18521724426227026725623922020519719720421522422922521219116413711610611024 4 3WH 41427015 4229999999999999991027196221610699999999999999
127157194232265286292281258227198176167173192216237249245226192153117 9124 4 4WH 55229217182509999999999999912 51672352 8499999999999999
 84 9813318223628231231830026321617113912914518022326328628525921315710624 4 5WH 6453191829289999999999999991254129999999999999999999999
 69 56 75123188255310340338304248186130 96 9412718324629832732228322115124 4 6WH 726344192232999999999999999 055 561333 9199999999999999
 88 46 37 68132210285340361342288216142 84 56 7012420027633536134629221724 4 7WH 8 136120 836299999999999999 144 361410 5599999999999999
138 72 32 35 82159244318364367327255171 94 40 27 6213622630836538335428824 4 8WH 835371205238399999999999999 227 281447 2699999999999999
205125 62 34 52114198281345373355294210124 51 10 15 7115825333438338734524 4 9WH 9 7373213539199999999999999 3 7 331524  699999999999999
273191116 64 52 87157239311358364325251164 83 21 -3 23 9218527634838537524 410WH 939367221838799999999999999 346 5116 0 -399999999999999
325253179116 80 85131200272328353338284207125 55 10  4 4512120929135037124 411WH10 935423 037199999999999999 424 761637  199999999999999
351299235173125107125174235291327332301241169100 45 18 28 7715022829533824 412WH1039334234334799999999999999 5 11071714 1699999999999999
346321275223175144140164208255293310299261206146 92 54 42 6211017223628724 413WH11 9310999999999999999999999 5391381753 4199999999999999
315316293257219186169172194227258278281264229184139101 77 75 9613618523324 414WH 031319113928299999999999999 6211671836 7399999999999999
27028828827324922420319319620922824425325023420917914912310710712215018524 415WH 128290121525399999999999999 716192193210599999999999999
22024826527026525223622021020620821422022522521920719017015013513013515224 416WH 258270132822599999999999999 9 820521 113099999999999999
17620423025226526926224923121319919118919520421422122121219517415413913524 417WH 4512691633222999999999999991139189225313499999999999999
14316319122325227328127425522920117716416317619722023924623821718815813424 418WH 6 22811759246999999999999991231162999999999999999999999
12313015319023026629029528025021217514613514417120724226727325922718714824 419WH 644295184927499999999999999 0 912313 313599999999999999
11910812115620325128930830227322918013811311313918323227429729626922417424 420WH 715309192630099999999999999 058108133011099999999999999
129101 99125173229280313319295250193139100 8710515120926630832330726520924 421WH 742320195932399999999999999 135 961355 8799999999999999
152108 89102144204263309329315273212149 97 68 7411417624430233633730424824 422WH 8 6329203134199999999999999 2 7 881421 6699999999999999
185129 92 89120177242297330330295235167104 61 50 7813821228233335333628824 423WH 83033521 235399999999999999 237 861447 4999999999999999
224160110 88104152217279323337314260190121 66 38 49 9917224931535435632224 424WH 854337213336099999999999999 3 6 881514 3799999999999999
263198139102 98132191255308335327284217144 81 40 32 6513020928333836134524 425WH 91833622 636199999999999999 336 951542 3099999999999999
299237176127106120167229285323330302244173106 54 29 42 9216524230834835424 426WH 943332224035699999999999999 4 71051611 2999999999999999
325273215162127122150202258302322311268204137 80 42 35 6412419726631934524 427WH1010323231734699999999999999 4401201643 3499999999999999
337302252201160138146181229275304308283233172114 69 46 53 9115121727631724 428WH1040310235933199999999999999 5151371718 4599999999999999
331317282239198168157170203243276292286256208155108 74 61 7511416822527324 429WH1115293999999999999999999999 55715718 0 6199999999999999
304312299272238205182176187213241263272263237198156118 91 82 9512717121824 430WH 05231312 127299999999999999 6511751856 8299999999999999
25928729729127224621919718719120622524325224923320617214011410110612816324 5 1WH 2 6297131725299999999999999 813187201410199999999999999
20324227329129428326023120418517818420022123924824522820016713511410711924 5 2WH 34129515172499999999999999910 0178215210799999999999999
14718623026929730729727123419616615015317320523826327226123219215111710024 5 3WH 5 130716582729999999999999911211492319 9999999999999999
10413117622927831232430927322317313211312015220125128930629626121015711324 5 4WH 55732418 8306999999999999991215112999999999999999999999
 89 92124179241296331337311260197136 91 75 9414320927432134032427921815624 5 5WH 64133919 334099999999999999 024 871259 7599999999999999
106 80 88131195263318348342300233159 94 51 44 8014822830235236634128621724 5 6WH 720350195236799999999999999 117 791339 4299999999999999
151100 79 97150221289338355332274197118 54 19 28 8216425232837438034528224 5 7WH 756356203838399999999999999 2 3 791419 1799999999999999
210145 99 88119179250312350350310239157 80 23  3 29 9718727634838538033624 5 8WH 831355212238899999999999999 246 871457  399999999999999
270201141105108148211277327349332279203122 53  8  3 4512121229635838336724 5 9WH 9 534922 638399999999999999 3271011536  099999999999999
318255191141119133179239294330336305244170 97 39  9 20 7114923430835736924 510WH 940338224937099999999999999 4 71191615  799999999999999
345297239185147138161207258301322313274214146 84 40 25 4710317625131234624 511WH1014323233335199999999999999 4471371655 2599999999999999
348321276227184158159185226266295303286245191134 85 54 51 8013319825930624 512WH1050304999999999999999999999 5281551735 4999999999999999
328324297259219187172178202234263280280260224179133 97 77 8211215821126024 513WH 019330113028399999999999999 6131711818 7699999999999999
29430830228024921819418419020723025026025824121317814311710511213617421624 514WH 110309121926199999999999999 7 718419 910499999999999999
25428029228727024522020019119220221723124124223321418816114013013415218024 515WH 212292133624399999999999999 823190201412999999999999999
21424626928228126824622220118718218619821422823723722520518216114714515724 516WH 32528315272389999999999999910 1182213914499999999999999
17920924026628128227024721919317216216618120322724525224522620017415414724 517WH 43628317 025299999999999999111516223 114799999999999999
15417620824227128828827124220617214713714617020423926427426624221017715224 518WH 53129018 32759999999999999912 3137999999999999999999999
14115017721425328429929226622618214211711313317221926229129928425121017024 519WH 612299185029999999999999999 0 4141123911299999999999999
142134150185230272301307289250199148108 89 9813418724429131831829224920024 520WH 646308193032299999999999999 0511341311 8899999999999999
157132132158203253294315308275222163110 75 68 9514721327532134132829023824 521WH 71731620 634199999999999999 1301281342 6799999999999999
185143125137176229279313321298249186124 75 50 6110617224530734635332727824 522WH 746322204135499999999999999 2 61251413 5099999999999999
220168132126153202257302325316276215148 88 47 38 6712720327733436135431524 523WH 815326211736399999999999999 2411241445 3799999999999999
260202153128136175230282318326301247179113 59 31 39 8415623430435136534424 524WH 845327215336699999999999999 3161271518 2999999999999999
298240185145132154201255301324317278216148 86 42 27 5110818426032335836024 525WH 918325223236399999999999999 3521321554 2799999999999999
329279224174144144175224274309320301253189124 69 36 35 7013320827933135624 526WH 953321231435799999999999999 4301401633 3199999999999999
347312263212170149158193240282308309282232170111 65 41 50 9215522528833124 527WH1033312999999999999999999999 5121491715 4099999999999999
347333298251206171158171205246280299295266218162110 71 56 7011217123428924 528WH 0 1347112030099999999999999 6 015818 3 5599999999999999
324335320287245204174164176206240270286282257215166121 87 75 8912818023624 529WH 054335121928799999999999999 6571641858 7599999999999999
284316325312282243205175163172195226255274275257223181140109 9610613818324 530WH 154325133527799999999999999 8 516320 4 9699999999999999
23327830831930828024220216915315617620724026627726824220416413211511814224 531WH 25931915 327799999999999999 921152212011399999999999999
18222927430631830827923719215413213115218823126728828826723118915212812524 6 1WH 4 33181629291999999999999991032128223912499999999999999
14418122927530832131027522717412910310212817522927730731329325520916613624 6 2WH 5 23211743314999999999999991132 99235012899999999999999
128145184234282315326308266208148 99 72 7611217023629332933731627322217324 6 3WH 5533261845338999999999999991223 70999999999999999999999
140130149192244293324328301249183119 68 45 5810517525031335135633028222624 6 4WH 639330193935899999999999999 0511301310 4499999999999999
174140133158205259305331326288227156 90 42 26 5111018926833236836733328024 6 5WH 721333202837299999999999999 1431321354 2699999999999999
222171140139171222275317333317270202129 66 25 20 5612520828834837636632724 6 6WH 8 2333211437799999999999999 2301351438 1799999999999999
271213165141150188240290323330303248178107 49 18 25 7214723030535737535724 6 7WH 842331215837599999999999999 3151401520 1699999999999999
312256201160146163206257300324320284225156 91 42 23 42 9717325231935936524 6 8WH 922326224036799999999999999 35614616 1 2399999999999999
339292238189157154179223269305319305264204139 82 44 37 6712620027132635424 6 9WH10 2319232135699999999999999 4371511642 3699999999999999
349318270220179158164194236276303308287243187129 81 56 61 9715722428532724 610WH1043309999999999999999999999 5171571721 5499999999999999
343330295249205173162175205243276294293268226174125 89 75 8912918524429324 611WH 0 1343112629699999999999999 55816218 0 7599999999999999
32332830927323219517216718321124326928227725321417013010410011915820825724 612WH 042329121428399999999999999 6421661842 9999999999999999
29431431229025622018917117018520923725926926424321017414312512614618122324 613WH 124316131126999999999999999 733168192812399999999999999
26229130429727624421118416916717920122624825925724221618716214814916619524 614WH 210304142226099999999999999 835166202514699999999999999
23026328629528726623620417716115716818921524025726025023020418116716517724 615WH 3 2295154526199999999999999 944157213716499999999999999
20223226228329028225922819416514514115217721024126427326724822219617817224 616WH 35829017 5273999999999999991047140225517299999999999999
18120323326228328927925321717914512412113817121225128029328626523420318024 617WH 4532901810293999999999999991139120999999999999999999999
17118020423726828929227724420115712010010312917322427030331530427623820224 618WH 54229319 131599999999999999 0 11711223 9999999999999999
175166179209246279297295271229178129 93 78 9012918424429532733431527823424 619WH 625299194433599999999999999 05416613 4 7899999999999999
192166162182219260293307296260208151100 67 60 8613720326932134834631727224 620WH 7 5307202535199999999999999 1401601343 5999999999999999
222179156160190235278308314292245184123 73 45 50 8915322729534336335031124 621WH 74431521 536399999999999999 2211541422 4399999999999999
259207166150164204253296320317283226160 97 51 31 4810017325131836037034624 622WH 823322214637199999999999999 3 215015 3 3199999999999999
300243191155148173220271311328314271207138 76 35 25 5511719627433637036924 623WH 9 5328222837499999999999999 3421461545 2499999999999999
336284226176147150184236286321330308257190120 62 28 29 6913921929434937324 624WH 949331231137399999999999999 4241441629 2499999999999999
362322266209163143155195247295325328299244176110 58 32 43 9116324030835524 625WH1036330235436999999999999999 5 81421713 3199999999999999
369349304248194154141159202253297322321289234169108 64 47 6611718725831824 626WH1128325999999999999999999999 5551401759 4799999999999999
354359332285231180146139161203251292315312281229171117 81 71 9414420827024 627WH 038361122431799999999999999 6441381848 7199999999999999
32034734431426721516813913515719724228230530327623218213610710212416922324 628WH 124349132730799999999999999 739133194110099999999999999
27631733632829725120215813112714718422926929529827924320216313813315118724 629WH 212336143830099999999999999 839125204313299999999999999
23227630932331328323919114812011413216821425828929928926222719316715916924 630WH 3 532316 029999999999999999 945113215815999999999999999
197234272301312302273230181137106 9811415220125128930830628525321919017524 7 1WH 4 33121724310999999999999991051 97232017499999999999999
178199232267295306297267222171123 90 80 9713819425029632332630727423620124 7 2WH 5 53061837327999999999999991153 79999999999999999999999
180178197230265294306296264214159107 72 63 8413219425831034034432228524124 7 3WH 6 5306193734699999999999999 0351761249 6299999999999999
201177174195230269299310297259204144 91 56 50 7813420427332735635532728324 7 4WH 659310202736099999999999999 1361721340 4899999999999999
234192168170196237278308316296251191128 74 43 44 8214622129234436735732124 7 5WH 748317211136899999999999999 2261651428 3999999999999999
271219178159169204250292318320292239174110 60 36 48 9616724531335837034924 7 6WH 833323215137099999999999999 3 91591511 3599999999999999
305250199163154175217266306326318281222155 93 50 37 6212019627233236536324 7 7WH 915327222736999999999999999 3481531551 3799999999999999
331280225178152155187234282316328310264201136 80 48 49 8815322929734636424 7 8WH 95532823 136499999999999999 4241491628 4499999999999999
348306252199160147162202251295321323295243180120 74 56 7312219026031835224 7 9WH1033326233335799999999999999 45814717 2 5699999999999999
354325277223177149148174218264301319311275221162111 79 7610616122628733124 710WH1112320999999999999999999999 5321451735 7399999999999999
348335297247198161144154186229271301310294255204153113 9510614319825630424 711WH 0 4348115331099999999999999 6 814418 9 9599999999999999
33333531126922117915114516219523527129429627623919515412712114017922827524 712WH 034338123729899999999999999 645144184412099999999999999
31032531528524420116714714816719923426528328226323219716715015117220724724 713WH 1 6325132828599999999999999 728145192514899999999999999
28330631029426322518816014514816719622825627327326023621018717617819622324 714WH 142311143327599999999999999 820144201917599999999999999
25428029529327624721318015514214416118822024826727326725023021019819720824 715WH 225296155727399999999999999 921141213619699999999999999
22825227228328126523920717414813313314917721224527128428327125122921120424 716WH 320284172728599999999999999102913123 920399999999999999
20822324526527727726323620216613611811713516820925028430330529126723821324 717WH 4302791837306999999999999991133115999999999999999999999
199200216240264280282267236196154118 97 9712016221326430432632630727423624 718WH 537283193032999999999999999 0251981230 9499999999999999
204187189210241272291293273235186135 95 73 7710916322528532935034331327024 719WH 635295201535199999999999999 1221851321 7199999999999999
224188171180211251288309307279230171113 69 49 6110617224531035436935131024 720WH 726311205636999999999999999 2 917114 8 4999999999999999
257205168157177219268308328320281221152 89 44 30 5411219027033637638035024 721WH 813329213738299999999999999 2511571454 3099999999999999
297236181148147179232288329345328278207132 67 26 21 5812921529736039038024 722WH 9 0345221639199999999999999 3321431538 1899999999999999
337275210157131142187248306346355328269192115 52 18 26 7615724532337739424 723WH 947356225439499999999999999 4131301620 1599999999999999
369315247182134119143198263320355358322256177103 48 25 4610719027534438424 724WH1034361233139099999999999999 45411917 2 2599999999999999
385348286217156117113148208272326356351309242168102 58 49 8114722530035524 725WH1122358999999999999999999999 5351101744 4799999999999999
380365318254189135106113154214275324347336294232168115 84 8612418625531524 726WH 0 7380121234899999999999999 6191041826 8099999999999999
35436233728622516712210311715821427031233131928123118014012113016621827324 727WH 04436413 733199999999999999 7 5103191112099999999999999
31734133730625820415411810512015820725729531230427724020317416217119923724 728WH 122343141031299999999999999 75710520 516299999999999999
27630631931028124019415112010912015119423927529629728325923220919720021624 729WH 2 5319153429999999999999999 9 0109212019799999999999999
24126828829729026723319415512410911413917722126028830129828326123822021324 730WH 3 3297171930199999999999999101510923 821299999999999999
21723225227128228126523719915912510410312316120725429131431930728325322624 731WH 4262831845319999999999999991133101999999999999999999999
209206217237260278284273246205160119 92 8810815020425930533333832229025224 8 1WH 553284194333999999999999999 0432051241 8799999999999999
217194189204231263287297285253205153106 77 7310015021427632635235132528324 8 2WH 659297202735599999999999999 1431881337 7199999999999999
236196173175200238276304312295253196137 88 61 6510216423630134836535131324 8 3WH 75031321 336599999999999999 2261711423 5899999999999999
261210171156170208255297324324295242177116 69 50 6812019126632836536833824 8 4WH 831328213537199999999999999 3 115615 2 5099999999999999
288231180149148177226279320339327284221153 93 55 51 8615122830035237335724 8 5WH 9 933922 437399999999999999 3331441536 4899999999999999
312254196152135151194251303337344318263194127 76 53 6811919226833136736824 8 6WH 943346223137299999999999999 4 213516 8 5299999999999999
334278216164132131164218275322346339298236167108 70 65 9916223730535236824 8 7WH1017347225736999999999999999 4311271637 6399999999999999
348300239180138122138183241295333344322272208146 99 79 9314220927733236024 8 8WH1051344232136299999999999999 5 012217 6 7899999999999999
35531826120115112212315420526030733333129824518713610510313318725130734424 8 9WH1126336234635399999999999999 5291181734 9999999999999999
35232828122417113311813317222327230932431127422517714012513717522828032024 810WH12 3324999999999999999999999 6 011818 412599999999999999
33932929424519315112612414718823427530230829025621618115815517521225529424 811WH 010339124430899999999999999 634122183815499999999999999
31832030026221617414312813516019723626928929127524922119718518820723626724 812WH 037322133529299999999999999 712128192018499999999999999
29130229627223720016714413514316519622925727527927125623822221321422524324 813WH 1 8303144827999999999999999 8 2135202521299999999999999
26327728227425422719717014913914315918521424326527828027426224723422722824 814WH 153282164628199999999999999 914139222322699999999999999
23624826026626425223120417615113513114216619823326629030130028626524222424 815WH 3142671823302999999999999991046131999999999999999999999
21621923124826326926424521618014612010911714418523327831232932530427123624 816WH 5 5269191933099999999999999 01321512 610999999999999999
207194199219248274289286264225177130 95 79 9012718324530234235734430926224 817WH 62229020 235799999999999999 11419313 6 7999999999999999
215181169183218261298317312280227164106 65 50 7012219426933337237735029824 818WH 719318204037999999999999999 1581691357 5099999999999999
239185150147176228284327347334288219145 80 37 29 6313221830136439538534024 819WH 8 7347211639699999999999999 2361441441 2799999999999999
274205149121132180246311356371346285205123 56 19 24 7615925233439040537624 820WH 853371215040699999999999999 3141201523 1599999999999999
314239167115100128192268336379384346274187105 44 18 4010719828936340339924 821WH 938387222440799999999999999 352 9916 3 1899999999999999
351278199130 88 89134209288353389383334256172 97 47 37 7615124032238040124 822WH1022392225740199999999999999 430 831642 3599999999999999
376314237161101 73 90147225301359385369314239164102 68 7512419927734338124 823WH11 7386232938699999999999999 5 8 731721 6599999999999999
380339272198131 84 7210116223630535336834529322916812310512417423930134724 824WH1154369999999999999999999999 548 7118 010599999999999999
364347299235170116 83 8311717523929733534332027722818515615017321626530724 825WH 0 0364124434499999999999999 630 78184114999999999999999
333335309263209157116 9510013218023327930931530027224021219419421124027124 826WH 033338134631699999999999999 718 93193219299999999999999
29630730127724120016113011311714017621725528229329127926124323022523124324 827WH 1 9307151829499999999999999 819112205622599999999999999
25927227727325823620717614913112613816319623126228429629628727125323823024 828WH 2 5277173129799999999999999 946126233422999999999999999
22923624525526025824622519616513912412614417621625629031231830828625923224 829WH 4172601852318999999999999991125123999999999999999999999
21220521122724726527326724421017013411110812716521526630833433631828524524 830WH 6 6273193833899999999999999 1 2205123910799999999999999
209185181196224257284297287257212162118 92 9211916923028933335334431226624 831WH 7 6297201235399999999999999 1431801331 8899999999999999
217178159165196238281311319300256199142 96 74 8512719125931935636233628924 9 1WH 748320204036499999999999999 2141581411 7399999999999999
233181147141165212265311337333298240175115 75 66 9415322629634837035631224 9 2WH 82333921 637099999999999999 2421391445 6499999999999999
253193145124137181240297339353333281213145 91 63 7412219326933236936933324 9 3WH 855353213037499999999999999 3 81241514 6299999999999999
274209152116114148207273327359356317253182118 76 6810016424131135937435124 9 4WH 926362215337599999999999999 3341111542 6699999999999999
297229165118100120172239303349365344291221153101 76 9114221428634337136224 9 5WH 957365221537299999999999999 35910016 9 7699999999999999
317251184128 96 99139202270326359357320259192134 98 9412919126132235936424 9 6WH1028363223736699999999999999 425 931636 9199999999999999
332273205145103 9011316623229433835533729123017312911112717423729734035624 9 7WH11 0355225935699999999999999 452 9017 311199999999999999
338291228166118 93 9913719525630733833931126321116613913916821827231634024 9 8WH1133343232134299999999999999 519 92173113599999999999999
335301248190140107 9911916321827030932631728624420417516317420725029031724 9 9WH12 9326234432399999999999999 548 9818 216399999999999999
32230326321316613011111514118323027129830729526923921319519320723426528924 910WH1254307999999999999999999999 621110184119299999999999999
30129527123419415913412413215619022725928028728126724923322222022924426124 911WH 01130114 028799999999999999 7 5124194122099999999999999
27427726924922219416814813914215818221023826127528127927125924723723323624 912WH 049277161428199999999999999 81513822 323399999999999999
24325025525424623021018616314613914315918521725027829730429928226023722024 913WH 22225618 43049999999999999910 8138999999999999999999999
21321622924425726225523620617214112011512916020425229532433432329425521824 914WH 456262185733499999999999999 0 9213114711599999999999999
191181191217250279294289262219169123 91 8210114620727132535736033428723324 915WH 616294193636299999999999999 0591811250 8299999999999999
184153150175221272313332321281221155 97 60 54 8614922730235938437232726224 916WH 710332201138599999999999999 1371471339 5299999999999999
195141115126173239303351367345288212134 71 36 42 9117126033838939936630124 917WH 757367204440199999999999999 2131141422 3399999999999999
222150 98 84116184265337384391354283196114 53 27 5011720829937040639534024 918WH 841394211640899999999999999 249 8415 3 2799999999999999
260176104 63 68120204292365405400349267179101 49 40 8115925233439040537124 919WH 924409214840699999999999999 325 591542 3799999999999999
300213130 68 42 67136227314381410391331249167100 63 7212620729135839338424 920WH10 7410221939599999999999999 4 2 421620 6199999999999999
332253168 95 47 40 81158247327382398369307233164113 9411817625031736437624 921WH1051398224937799999999999999 439 371658 9499999999999999
348287210136 76 44 5410417925932736937334028622617314013616722027832535024 922WH1136376231935299999999999999 517 43173613399999999999999
344306246180120 76 60 7912919526131534334131327222919317417920824828731424 923WH1226346235032299999999999999 558 60181817399999999999999
322305267218167123 94 8710814920125229231231129426924222020921423225527624 924WH1327314999999999999999999999 644 86191120999999999999999
28828727024220817314212111713015819523326428429228827726224723623323624324 925WH 02529015 829299999999999999 745116205823399999999999999
25125725624923521619316914913914115518021024126728629529428326624723122124 926WH 126257172129699999999999999 921138235521899999999999999
21822223023924624723821919416814713714216119222926629631231129627024021224 927WH 4342471829314999999999999991112137999999999999999999999
19318919821724126127026424120817214012312514718723528131533032329625721524 928WH 6 627119 933199999999999999 050188122412199999999999999
18016216518822326028829828525220716012210411214719825630633834232027822724 929WH 657298194034499999999999999 121161131210499999999999999
179145137156197246291319321294247190137101 9111316322628833535434130024424 930WH 73432320 535499999999999999 1481361348 9099999999999999
186139116126165222280325344330287227164112 84 911321962653233573563222642410 1WH 8 6344202936199999999999999 2131151419 8299999999999999
199141104 99131190257316353357324266199136 93 821091682393063523653402862410 2WH 836359205136599999999999999 237 971448 8199999999999999
217151101 81100153224294346369353304237169114 86 961442132843393663543072410 3WH 9 6369211336699999999999999 3 2 811515 8599999999999999
239168108 74 76118186261326366370336275206144103 961271892593203583603252410 4WH 936373213436499999999999999 327 701542 9499999999999999
262189124 78 64 891482232953483713563082441801311081211692342973423573362410 5WH10 6371215635799999999999999 352 6316 910799999999999999
283213145 92 64 711161842573183563613312772171651311271582122723203453392410 6WH1038364221834799999999999999 418 62163712599999999999999
299237170113 76 67 931492172813293513403022512011631461571962472953253312410 7WH1110351224133299999999999999 445 6617 714699999999999999
306257196140 97 77 851221792402923263343152782361991741701902272683003132410 8WH114733423 731399999999999999 515 76174116999999999999999
304270221170127 98 911081481992492893113122932642342091951972162442712882410 9WH1232314233729199999999999999 549 90182319499999999999999
290274241201162131112111129163203242273290293283266246229218218227242257241010WH1340294999999999999999999999 634109193321699999999999999
266264251229201173148132128139161191223251273285287281267250234223220224241011WH 024266154428899999999999999 747128215622099999999999999
232240246245236220197172150135133144167199234267293306304289263235210195241012WH 224247172430799999999999999 941132234019299999999999999
193203222243258263252227193158129114117140180229277314332327301261216179241013WH 4482631818333999999999999991120113999999999999999999999
157158180218257288300289255206155112 88 91122176240300343357340297239180241014WH 6 2300185835799999999999999 0281551225 8699999999999999
135115128170229286327340321272207142 91 65 75120190266331370372336273200241015WH 655341193337699999999999999 1 71151315 6499999999999999
133 88 79111175252321366373340276199126 73 53 76138220300361388370313234241016WH 74137520 738899999999999999 144 771359 5399999999999999
152 84 47 55110193282355395392345269186113 65 57 97171257333382389349275241017WH 826400203939299999999999999 220 451440 5599999999999999
186104 43 21 49123218310379410394335255174108 71 80133212293356386372314241018WH 9 9411211138799999999999999 257 211520 6999999999999999
229141 65 17 13 60145242330390408380317240167113 92115175250319364373340241019WH 953409214337599999999999999 335  81559 9299999999999999
271186105 42 10 24 83170262339386391356295228168129123156214278329355346241020WH1037394221635699999999999999 413  9163812199999999999999
300230154 86 38 23 50112193273335368364328276222177153159193242289322331241021WH1123371224833299999999999999 452 22171915199999999999999
310262200137 85 52 50 82140208273320342334304264224193180190218253284301241022WH1212342232330399999999999999 534 4618 418099999999999999
299274233185137 99 79 83113160214263298313308288261233212204210227248265241023WH1313313999999999999999999999 620 7719 320499999999999999
272267248219185152125111114136169209246274290292283266246229218215220229241024WH 0 5272143929399999999999999 719110204921599999999999999
238243243236221200176154139136146168197229257278288287276257237218204199241025WH 128244162428999999999999999 84513623 619999999999999999
202212224235240237223202178157144145159185218251280296298284260230201180241026WH 4 92401736299999999999999991029143999999999999999999999
171177194219243259261247221190160139135149179219260293310307285249209172241027WH 538262182131199999999999999 0 6171114613499999999999999
148144160192231265285285265229188151127124145185234280313323307271223174241028WH 630288185432399999999999999 042143123712299999999999999
135117126159207257295313304271224174133113120153205260306330326294242184241029WH 710313192133299999999999999 111117131611299999999999999
132 99 95123174235290326334310263207153116106128176236292330339315264201241030WH 744335194634099999999999999 138 93134910599999999999999
139 92 72 88137203271324350342302245183132105111151210272321343332287223241031WH 816351201034499999999999999 2 4 72141910399999999999999
154 95 60 61 991652393073513613362832191591171061311852493053403423082472411 1WH 847362203434599999999999999 230 56144910599999999999999
176109 61 44 671252012763363663583172571931411131211622232833283443242712411 2WH 918367205834499999999999999 256 44151811299999999999999
201131 73 41 45 891592383073543663422912301731331221471982583083363312922411 3WH 950367212233899999999999999 324 38154812199999999999999
229158 95 52 38 621201952693273583533172642081611361411782312833193293062411 4WH1022360214932999999999999999 353 38162013499999999999999
255189124 73 45 50 891542262903343493332922421951601491662072552953153092411 5WH1058350221731699999999999999 423 43165414999999999999999
274219158104 66 53 711181812452983293333112732301931691681902272652922992411 6WH1138335225030099999999999999 457 53173416699999999999999
283245194142 99 73 70 951411982522933153142942632292001841862052342612772411 7WH1227318233228099999999999999 536 68182418299999999999999
278260226183142108 89 911141542012462813003012872642372121971952062252432411 8WH1334303999999999999999999999 627 87193719499999999999999
2562582462221901571271091071231541922322662892972912732482212001891912022411 9WH 03925915 329799999999999999 737106212318899999999999999
219236247248235212181151127116122143178218257288305303286256220188167161241110WH 232249162630699999999999999 910116225016199999999999999
172196225251265262243210172138116112129164211259298320318294252204160131241111WH 4222661726322999999999999991042111234712399999999999999
124142179226268294297276235186140108 99117159215273317337328291234173120241112WH 5382991812338999999999999991152 99999999999999999999999
 88 87119175239295328331303251191136 99 90114166232294337350327273203132241113WH 636334185235099999999999999 032 841247 8999999999999999
 75 48 59110184262325360358319257189130 92 89124186257318353353312243162241114WH 726364192935899999999999999 113 471335 8699999999999999
 88 34 17 46114202288353384372323254183124 92 99145213283337360342286206241115WH 81338520 536099999999999999 153 171420 9099999999999999
122 49  4  2 48129224311372393371315244175123101120173242305347354320252241116WH 859393204135699999999999999 233 -315 310199999999999999
169 87 23 -9  4 64152246327379389358300232170127117146203266318345336291241117WH 944391211734699999999999999 313-10154511699999999999999
219138 65 12 -6 22 88176264335374373337281220167137139173227280319331311241118WH1029379215433299999999999999 354 -6162713399999999999999
259190118 56 17 13 49117198275332359350313263211170151161196241283308309241119WH1114360223231299999999999999 436 1017 915099999999999999
282232170109 60 35 41 81145215278322338325291248206176166179209245275290241120WH12 2338231429099999999999999 518 33175616699999999999999
284256212161113 76 61 74112167225274306315302274239206184178189212238258241121WH1253316999999999999999999999 6 3 61184917899999999999999
267260237202163126100 92105138182227266290297286263235209190183189204222241122WH 0 5267135229799999999999999 653 9120 118399999999999999
237245243228203174146126119129154188224256277285278260235210190179178186241123WH 11724615 028599999999999999 754119213517799999999999999
201218231236231215192168149139143160188220250272281277259234205180162157241124WH 3 1236161028299999999999999 913139225415799999999999999
165183206228243245233212187164149147160186218250275285279258226190158137241125WH 43924517 8285999999999999991038146234613299999999999999
132145173207239260266254229198169149144158187224259284292279249208165128241126WH 5492661753292999999999999991145144999999999999999999999
108110134174220260285289271238199164141139159195238275297296272230179130241127WH 640290182930099999999999999 025106123613799999999999999
 94 81 96136190245288311306279236190152132138168212258293306293255201143241128WH 72031219 130699999999999999 059 81131713199999999999999
 93 64 64 96151216275317330314275224174138127145186236281308308279227164241129WH 757330193131299999999999999 130 60135312799999999999999
104 59 42 60109177248306339340310261205157128129161210262301316300254191241130WH 83134420 031699999999999999 2 0 42142712599999999999999
125 69 34 34 701342092793313513372962401851421251411842382853143132812232412 1WH 9 5351202931899999999999999 231 2915 112599999999999999
154 90 41 21 39 911642413063463523252752181671341311602102623023173012542412 2WH 94035421 031799999999999999 3 3 21153512899999999999999
189121 63 25 21 541181952683243513433062541991551331431822332803093102812412 3WH1016352213431399999999999999 337 18161113399999999999999
226159 95 46 21 31 771462222883323463282862341851501391592012492883062962412 4WH1055346221130699999999999999 413 20165013999999999999999
259201137 80 40 27 491021722412983323353112682201771511491732142562862952412 5WH1137338225329599999999999999 453 27173414699999999999999
279239183125 76 45 42 711251902523003253222962562121751541561812172522762412 6WH1224327234528299999999999999 536 40182415299999999999999
281264226176125 83 60 63 931432012562963153112852482081741551571772082392412 7WH1318317999999999999999999999 625 58192515399999999999999
261268255223181137101 81 841101542052532893073022792442051711501471621902412 8WH 052268141730899999999999999 723 79203814699999999999999
2212472612562331971581251041031231592042492843022992772411991611341261382412 9WH 215261152130399999999999999 833101215312699999999999999
167203238261267252223185150124116129159202246282302299275235187142109 97241210WH 346267162430399999999999999 9541162259 9799999999999999
110144190237272287279251212171139124130158201248286306301272224168115 77241211WH 5 928717203079999999999999911131232355 6599999999999999
 65 82126185244290312307277233186146125129159205255294312303265207142 84241212WH 6183131811313999999999999991221124999999999999999999999
 44 35 62118189259311337330295244191147124130164215266304318300252185114241213WH 716338185731899999999999999 045 34131812399999999999999
 53 16 14 52121202277333356343302246188143122134174229280314320292234160241214WH 8 8356194132299999999999999 132 1014 912299999999999999
 87 27 -4  5 55133219297349366345298238180137123143189245293321316278213241215WH 856366202332399999999999999 218 -6145512299999999999999
136 64 10-12  8 68152240313358365337284223168132127155206260303321307260241216WH 94136721 532199999999999999 3 2-12153812599999999999999
191115 48  2 -8 24 91176260325359355319264205156130135171222272306315291241217WH1024362214631599999999999999 345-10162012899999999999999
238169 98 39  5  8 50121202277330351337295241187147132147187235278303301241218WH11 5351222830699999999999999 426  117 013299999999999999
271217151 88 40 19 34 83153226289328336313269218172143138160199242276292241219WH1144337231029299999999999999 5 6 19174013699999999999999
283249197138 85 50 43 67118183246295320316288245199162142145170205241268241220WH1222322235527699999999999999 545 42182214199999999999999
276263229182133 92 70 73103152207258293306294264224185157144151174204234241221WH13 1306999999999999999999999 623 6819 914499999999999999
254259245215176138109 97106136178223262286290274245210177154144151170196241222WH 046259134229199999999999999 7 5 9720 514499999999999999
221239244234211181152132125135160194230259275275259232200171149139143159241223WH 150244142927799999999999999 754125211313999999999999999
182207227236232218196173156150156174201229253265264249224193163140127129241224WH 313236152526799999999999999 9 2150222512699999999999999
143168197223239243234216195176165165178200226248260260245218185151124109241225WH 4472431627262999999999999991028164232610799999999999999
110128159196229253261255236211186169165175197224248262260242211171132101241226WH 6 42611725263999999999999991148164999999999999999999999
 86 92118158204246274284274249217185163158171197229255268263238198151107241227WH 659284181426999999999999999 015 85124715899999999999999
 75 64 78116168223270299304286252212175152151171204240268277264229179126241228WH 743305185627799999999999999 057 64133414899999999999999
 78 49 46 73124187248296320316288245198159140147177218258283285260214155241229WH 821322193528799999999999999 136 44141413999999999999999
 96 50 27 36 77141212276320335320280229178142131150191238277297288251193241230WH 858335201329799999999999999 214 26145113199999999999999
128 67 25 12 35 91165241303339342313263206156127128160209260296307286237241231WH 934345205230799999999999999 252 11152812399999999999999
