 75 50 30 21 26 44 69 98124143150143129114101 93 9310111212213013312811324 1 1WY 956150205613399999999999999 311 211528 9299999999999999
 92 70 51 38 35 45 64 87111132143143134120107 96 90 91 9810611412112311724 1 2WY1028145214612399999999999999 343 351619 8999999999999999
103 87 71 57 50 53 64 82102121135141137126114101 91 86 86 91 9710411011224 1 3WY11 3141225311299999999999999 416 501725 8599999999999999
108 99 88 77 69 66 71 82 97113127136137131120108 95 85 78 77 80 86 9310124 1 4WY1140138999999999999999999999 455 661846 7799999999999999
106106102 95 88 83 82 86 96107119130135134127115102 88 76 67 65 67 74 8424 1 5WY 029107122213699999999999999 545 8220 0 6599999999999999
 96105110110107102 97 95 98105114123131135133124111 95 78 63 53 50 53 6324 1 6WY 230111131113599999999999999 7 1 952056 5099999999999999
 78 95111120123121116109104104109116125133137133122105 86 65 47 35 33 4024 1 7WY 4 312314 413799999999999999 8291032144 3399999999999999
 55 77101121134138135126115107105110118128137141136121100 75 50 29 17 1724 1 8WY 459138145814199999999999999 9461052228 1599999999999999
 29 51 80111136150152144131116105103109120133144148140120 93 62 33  9 -224 1 9WY 54115215521489999999999999910441032312 -299999999999999
  3 22 51 88124151163161148130111 99 99109124140152155144118 85 49 16 -924 110WY 6181641644156999999999999991131 982356-1799999999999999
-17 -6 20 56 99138165173164146123102 92 96111130148161163146114 75 36  124 111WY 6551731735164999999999999991214 91999999999999999999999
-23-26 -8 24 66112152175176161138113 92 85 94114135155168167145108 66 2524 112WY 733178182517099999999999999 039-271256 8599999999999999
 -9-29-26 -2 35 79125162178172152127101 83 80 94116139159171165139100 5824 113WY 810178191417299999999999999 122-311338 7999999999999999
 19-12-26-16 12 51 94138168175162140114 89 75 77 94116138158168158130 9224 114WY 84817520 316899999999999999 2 5-261422 7499999999999999
 54 19 -6-12  4 33 70110147167166149126101 80 69 75 9111213315115814611924 115WY 926170205415899999999999999 246-1215 9 6999999999999999
 87 55 27 10 11 29 57 90123151162155136114 91 72 65 71 8610412313914413324 116WY10 4162214914499999999999999 327  916 1 6599999999999999
111 86 62 43 34 40 57 81107133150153143124103 82 66 60 65 77 9210912312824 117WY1042154225412899999999999999 4 7 3417 2 6099999999999999
121107 90 75 64 61 68 83101120137146144132115 95 76 61 55 57 65 78 9410724 118WY1120146999999999999999999999 448 611815 5499999999999999
115114108100 92 87 87 93103115127136140136124108 90 72 56 47 46 53 64 8024 119WY 02411512 114099999999999999 532 861937 4699999999999999
 95107114115113110108107110115122128133135131120105 87 68 50 38 35 40 5224 120WY 246115125313599999999999999 6441072053 3599999999999999
 69 89107119125127126122118117118122126130133130120104 84 62 42 28 23 2924 121WY 45812714 513399999999999999 8591172156 2399999999999999
 44 65 90113130138139135128121116115119124130134133122103 80 55 32 16 1224 122WY 54113915201349999999999999910341152247 1299999999999999
 22 41 68 98125142148146137126114108110116124133139137124101 73 45 20  524 123WY 6 614916211409999999999999911191082329  399999999999999
  5 20 45 77111139154154145131116103100105116128139146142123 95 63 33  724 124WY 6301551711147999999999999991151100999999999999999999999
 -4  3 25 56 92127152160153138120102 92 93105120134148153142117 84 51 1924 125WY 656160175315399999999999999 0 7 -41221 9199999999999999
 -3 -7  8 36 71110143161159144125104 88 83 92108126142155155137106 71 3724 126WY 723162183015799999999999999 042 -81251 8399999999999999
  8 -7 -1 21 54 91128155162151131109 89 77 79 94114133149158150125 92 5724 127WY 75016219 515899999999999999 114 -71320 7699999999999999
 25  3 -2 13 41 75112144160156138116 93 76 71 81 99119138152154139111 7724 128WY 817161193915599999999999999 145 -31351 7199999999999999
 46 19  6 12 33 64 97130153157144123100 80 68 70 84103122139149145124 9624 129WY 843158201415099999999999999 213  61423 6799999999999999
 66 40 22 19 33 58 87118143154148130108 87 70 64 71 8710512213614113111024 130WY 9 8154205014199999999999999 240 181457 6499999999999999
 84 60 41 32 38 57 82108132148149135115 94 76 64 63 73 8710311912912911724 131WY 933150213113199999999999999 3 6 321535 6299999999999999
 98 79 62 51 50 61 81103124140146139122102 84 69 61 63 72 85 9911211911824 2 1WY 957146222112099999999999999 334 491619 6199999999999999
108 94 81 70 66 70 83100118132140139127110 92 76 64 59 61 69 80 9110210924 2 2WY1023141233111099999999999999 4 2 661713 5999999999999999
110104 96 89 85 84 90101114125133136130117101 85 71 61 55 56 62 70 81 9324 2 3WY1052136999999999999999999999 437 841822 5499999999999999
102107107105103101101105112120126130130124112 97 82 68 56 48 46 50 58 7024 2 4WY 130107113113199999999999999 5351011946 4699999999999999
 85100110117119119117114113116119123126127122112 98 82 65 49 38 33 35 4524 2 5WY 426120123912799999999999999 7371132110 3399999999999999
 61 82103120131135133127119113112114119125128126118103 82 60 39 23 15 1824 2 6WY 5 9136141212899999999999999 9531122214 1599999999999999
 32 55 83112135148149142129116106103108118128136137128108 82 53 26  5 -424 2 7WY 539150154013799999999999999105010323 4 -499999999999999
  3 24 55 91126152162158143124105 93 93104120135148151139113 78 43 10-1324 2 8WY 6 81631646151999999999999991129 922348-2099999999999999
-19 -5 24 61104144168171158136111 89 78 85103124145162165147113 73 32 -424 2 9WY 63917217391669999999999999912 6 78999999999999999999999
-27-26 -4 32 75122161178172150123 93 70 65 80104130156175174148109 65 2224 210WY 710179182817799999999999999 029-291244 6499999999999999
-13-30-21  8 48 95142174180163136104 73 54 56 77105135164181174143102 5924 211WY 742181191418299999999999999 1 8-301322 5299999999999999
 17-13-20 -3 30 71116158179172148117 83 54 42 52 76106137166178165133 9424 212WY 81517920 017899999999999999 146-2114 3 4299999999999999
 55 20 -1  2 24 57 96136166174158129 97 66 42 36 50 7510413515916615012124 213WY 846174204716799999999999999 223 -31445 3699999999999999
 89 57 32 23 33 56 86118149165161139111 81 53 36 36 50 73 9912714614813424 214WY 917166213715099999999999999 259 231531 3499999999999999
112 88 67 53 52 66 87110134152156144122 96 70 48 36 38 51 69 9211412812924 215WY 946157223613099999999999999 332 511622 3599999999999999
120107 93 82 78 82 95111126139146143128108 86 65 49 40 41 50 64 82 9911024 216WY1011146999999999999999999999 4 1 781724 3999999999999999
114112108103101102107116124132136136129117101 83 67 53 44 42 46 56 70 8424 217WY 0 4114102713799999999999999 4181011848 4299999999999999
 97106112115117118120122125127128128125120111100 86 71 57 46 40 40 47 5924 218WY10161289999999999999999999992028 39999999999999999999999
 74 91106118126130131129127124121120119118117113105 92 76 59 44 34 32 3824 219WY 5531319999999999999999999992146 31999999999999999999999
 52 71 92113129137139136129121114111111114118121121112 97 77 57 37 24 2324 220WY 54713915281229999999999999911161112238 2299999999999999
 33 51 75102127142145141132120107100101106114123131131118 97 73 48 26 1424 221WY 55314516281329999999999999911221002317 1399999999999999
 17 33 57 86118142151147136121104 91 88 96107120134143138119 93 64 36 1324 222WY 6 81511712143999999999999991141 882351  699999999999999
  7 18 40 70104136154154142125104 85 76 82 96113131147153140114 83 51 2224 223WY 62915617481539999999999999912 5 76999999999999999999999
  4  7 26 55 89125152160150130107 84 68 67 81101122144158156134103 70 3724 224WY 652160182216099999999999999 022  31231 6699999999999999
 11  4 17 43 75112145162157137113 87 65 56 65 85109133155163151123 89 5524 225WY 715162185516399999999999999 050  41258 5699999999999999
 26  9 14 35 65100135159162145120 92 66 50 52 69 92118143161159139108 7524 226WY 738163192716399999999999999 117  81326 4999999999999999
 44 22 18 33 59 91124152162152128100 72 50 43 53 74100126149159149124 9424 227WY 75916220 015999999999999999 143 171354 4399999999999999
 65 41 29 36 57 85115143159156135108 80 56 41 42 58 8110613114915013511024 228WY 820160203515299999999999999 2 8 291425 4099999999999999
 84 61 46 45 60 83109134152156141116 89 64 45 38 46 64 8711013114213812224 229WY 842156211414399999999999999 233 431458 3899999999999999
101 81 65 59 66 84106126143151144124 98 73 53 41 40 51 69 8910912613212624 3 1WY 9 3151215913299999999999999 259 591534 3999999999999999
112 97 85 77 78 88105122136144142129107 84 64 49 42 44 55 70 8710411612124 3 2WY 92314523 012199999999999999 326 761617 4199999999999999
117109101 95 93 97106119129136137131116 96 77 61 50 45 46 55 67 80 9410524 3 3WY 941138999999999999999999999 355 931716 4499999999999999
112113112111110110112118124129130128121108 93 78 64 53 46 45 49 57 68 8224 3 4WY 051114 95813099999999999999 4381101844 4499999999999999
 96108117122125125123121121121122122121117109 98 85 70 56 44 37 37 42 5424 3 5WY 42212511 212299999999999999 7401212039 3699999999999999
 72 92112127137140136128120114111112116120121119110 95 76 56 38 25 20 2724 3 6WY 45114013591219999999999999910121112155 2099999999999999
 44 68 95122143152150139125110 99 97103113124133136126106 79 52 27  8  424 3 7WY 5141531546136999999999999991042 972246  399999999999999
 16 39 71106140160163152134111 90 79 83 98116135151155141113 79 45 13 -724 3 8WY 5391641646156999999999999991113 792328 -999999999999999
 -6 13 44 82124159174166146119 89 66 60 73 96122149170172150115 76 36  224 3 9WY 6 71741735174999999999999991147 60999999999999999999999
-14 -5 22 58102146176178159130 97 63 42 45 67 96129163185180152112 71 2924 310WY 635181182118699999999999999 0 7-141223 4099999999999999
 -2 -9  9 41 81126166184173144109 71 37 24 36 65 99137173190179146107 6624 311WY 7 518419 519099999999999999 045 -913 0 2499999999999999
 28  6 10 34 67107148178180158123 85 46 19 15 34 6510214317618516813710124 312WY 735183195018699999999999999 121  41339 1399999999999999
 65 36 26 38 64 95131163178166137101 63 29 10 14 37 6810514316817115312724 313WY 8 4178203617399999999999999 156 261419  999999999999999
 98 70 53 53 70 94120147166166146115 81 48 22 12 20 42 7110513615315213824 314WY 831169212515599999999999999 229 5115 1 1299999999999999
118 98 82 76 83 99118137153158149126 97 69 43 25 21 30 49 7310112313513424 315WY 853158222413699999999999999 259 761548 2099999999999999
125114104 98 99108120132142147143130109 87 65 46 35 32 39 54 73 9310911824 316WY 9 8147235712199999999999999 322 981643 3299999999999999
121119116114114118124130135137135127115100 84 69 56 46 43 46 55 68 83 9624 317WY 9 1137999999999999999999999 32511418 0 4399999999999999
107114119123125127129130130128126121115108100 89 78 66 56 50 48 52 62 7424 318WY 7241309999999999999999999991949 48999999999999999999999
 88102116126132134133130125120116113111110109106 99 88 75 62 51 45 47 5624 319WY 5181349999999999999999999992118 45999999999999999999999
 70 87106124135139137132123112105103104107112118117109 94 78 61 46 38 4124 320WY 5 713915291199999999999999911 61032212 3899999999999999
 53 71 94118136144142134122107 95 90 93100110122131129115 96 75 54 36 3124 321WY 51414516201319999999999999911 1 902251 3199999999999999
 40 57 80107133149149139124106 87 77 80 90103120137144136116 93 67 43 2824 322WY 5301501659144999999999999991118 772323 2799999999999999
 30 45 68 96126149156146129107 84 67 64 75 92112135152153137112 84 56 3324 323WY 5501561734154999999999999991140 642352 2599999999999999
 26 36 58 85117146160154136111 85 61 51 58 76 99126150163155132103 73 4424 324WY 61116018 61639999999999999912 5 51999999999999999999999
 28 32 51 77108139161161144118 89 61 42 42 58 83111141163166150122 92 6124 325WY 632164183816899999999999999 019 271230 4099999999999999
 38 33 47 71100131157166153126 96 65 40 30 41 64 93125154169163140111 8124 326WY 652166191117099999999999999 045 331257 3099999999999999
 54 41 47 68 95124151166160135104 72 43 25 27 46 7310413716216815312810024 327WY 713166194516899999999999999 110 411325 2499999999999999
 73 55 52 67 91117143162163144114 82 51 28 20 31 54 8311514516215914111724 328WY 734165202016399999999999999 136 511355 2099999999999999
 93 73 63 71 90113135154161150124 93 63 37 22 23 39 64 9312214615514713024 329WY 75516121 015599999999999999 2 4 631426 2199999999999999
110 92 79 79 91110129145155151132104 75 50 32 24 31 49 72 9812314014413624 330WY 816155214714499999999999999 233 7715 2 2499999999999999
122108 97 92 97109124138146147136115 89 65 46 34 31 39 55 76 9711713013324 331WY 835148225013399999999999999 3 4 921544 3199999999999999
128120113108107112121131138140135122103 82 64 49 40 38 45 58 73 9110711924 4 1WY 850140999999999999999999999 3401071643 3899999999999999
125126125123121120122126129131129124114100 85 70 57 48 44 46 53 65 80 9624 4 2WY 047126 9 213199999999999999 4501201810 4499999999999999
111123130134134131126123121120120120118114106 95 82 67 54 45 41 44 54 7024 4 3WY 32813499999999999999999999920 5 41999999999999999999999
 90110128141146143135124114107105108114119123121112 95 76 57 41 32 33 4524 4 4WY 4 4146141812399999999999999 9481052124 3199999999999999
 65 90117141155155145130112 95 86 89 99112127139141129107 82 57 34 22 2624 4 5WY 4301561540142999999999999991015 862217 2199999999999999
 43 68 99132157166157139115 89 69 64 75 94116140158160143115 84 53 27 1724 4 6WY 4571661635162999999999999991047 6423 0 1799999999999999
 26 49 80116151173171151124 92 61 42 45 65 92124156177175151119 84 50 2424 4 7WY 5251751724179999999999999991122 412340 1999999999999999
 20 37 65 98137170181167137102 64 32 20 32 60 94134171190181153119 83 4824 4 8WY 55418118 9190999999999999991158 20999999999999999999999
 29 34 56 86121158182179153117 77 37  9  6 27 60100144181193179150117 8224 4 9WY 624184185519399999999999999 018 281236  499999999999999
 53 44 56 81110143173183167133 94 52 15 -4  2 28 6410715118218717014311324 410WY 653183194018899999999999999 054 431315 -599999999999999
 84 65 65 82105132159177173148112 73 35  5 -5  8 35 7111315217417315713524 411WY 721178202817699999999999999 129 621355 -599999999999999
111 91 82 89106126147164169155127 93 58 27  7  4 19 45 7911614616015714524 412WY 747170211916199999999999999 2 2 821437  399999999999999
128112101101110124139152159154136109 80 52 29 17 19 33 56 8511413514414324 413WY 8 8159221814599999999999999 2341001522 1699999999999999
135125117114117125134142147146136119 97 75 54 39 32 34 46 65 8710812313124 414WY 819148234413299999999999999 3 21141614 3299999999999999
132130126124124127131135137136130121108 93 78 63 52 47 48 56 69 8510111424 415WY 811137999999999999999999999 3281241721 4699999999999999
123128130130130130129128127125122117112105 96 86 75 65 58 56 60 69 82 9624 416WY 2501309999999999999999999991851 56999999999999999999999
109121130135135133129124118114111110109110109105 96 85 74 65 60 60 68 8024 417WY 3401359999999999999999999992024 59999999999999999999999
 95111126137140137131122111102 99 99103108115119116106 92 79 66 58 59 6824 418WY 35914015 5119999999999999991018 982126 5799999999999999
 83100119136145143135123108 93 85 86 92102114126131125112 95 78 63 55 5924 419WY 4191451557131999999999999991026 842210 5599999999999999
 72 90111132148150141126108 88 74 70 78 91107126141142132114 94 74 58 5524 420WY 4401511638143999999999999991046 702245 5499999999999999
 64 81103126147156149132110 87 66 56 60 75 95119142154150134112 89 67 5624 421WY 5 21561714154999999999999991110 562315 5599999999999999
 60 75 96120144159157140116 89 62 45 43 57 79106135158164152132107 82 6324 422WY 5221601748164999999999999991134 422343 5899999999999999
 59 70 90114139160164149124 94 64 39 29 38 59 87120152170167150126100 7524 423WY 54316518221719999999999999912 1 29999999999999999999999
 63 68 86109133157168159134103 70 40 21 22 39 67101137166175165144118 9224 424WY 6 4168185617599999999999999 011 631228 1999999999999999
 73 70 83104127151167166146114 80 48 22 12 22 47 7811515117317415813611124 425WY 627169193217699999999999999 040 691258 1299999999999999
 88 77 82100121143162168156127 93 60 30 12 12 29 57 9112815817216715012824 426WY 652169201117299999999999999 110 771330  999999999999999
106 90 87 98116136154164160139108 75 45 21 11 18 39 6810113415816515714124 427WY 717165205516599999999999999 142 8614 5 1199999999999999
123106 97100112129145156158147122 92 63 38 21 18 28 49 7710713415115514824 428WY 742159214715699999999999999 217 971445 1799999999999999
135122112108112124136146151147133109 83 58 39 28 27 38 57 8110612814214624 429WY 8 7151225514699999999999999 2571081534 2699999999999999
142134126120118121129136141141135122103 81 62 47 37 37 45 61 8110112113524 430WY 834142999999999999999999999 3531181635 3699999999999999
141141137132127123123125129131130127118104 88 72 57 48 44 49 61 77 9611524 5 1WY 029142 92513199999999999999 5351231755 4499999999999999
131141145143137129121116114115118121123121113100 85 69 56 49 50 59 74 9424 5 2WY 2 714512 212399999999999999 8 21141926 4899999999999999
115134147152148138124111100 96 99107117126131128116 98 80 63 52 49 58 7524 5 3WY 259152141113199999999999999 9 1 962043 4999999999999999
 96120143157158148131111 91 77 75 84 98116134147145131110 89 68 53 50 6224 5 4WY 335160152514899999999999999 940 742141 5099999999999999
 81105132156167161142117 90 65 51 55 71 94121147164161144120 96 71 55 5624 5 5WY 4 71671622165999999999999991017 512228 5399999999999999
 71 93119148170173156129 97 64 37 28 39 63 94129162179173152127100 74 6124 5 6WY 4391741712179999999999999991056 282311 6099999999999999
 67 85109136164179171145111 74 38 13 11 30 60 98140175188178156130101 7824 5 7WY 51117918 1188999999999999991135  92351 7199999999999999
 71 82102126153176181162129 91 51 15 -3  3 28 6310615118219017715612910224 5 8WY 5431821848190999999999999991215 -4999999999999999999999
 85 85 99119142166180174148111 72 32  2 -8  4 33 7111615818318517215112624 5 9WY 614181193618799999999999999 030 821255 -899999999999999
105 95100115134154171176161131 94 56 22 -1 -3 13 43 8212415917717616214324 510WY 645176202517899999999999999 1 8 941337 -599999999999999
124109106114129145160169164145115 81 48 20  6  8 27 56 9212815516716415224 511WY 714169211516799999999999999 1451051421  599999999999999
137123115116125137149157159149129102 73 47 27 19 24 42 6910012814815615224 512WY 74015922 915699999999999999 22311415 6 1999999999999999
143132124121123130139146149146135117 95 72 52 38 34 40 57 8010412614114624 513WY 8 214923 914699999999999999 3 41211555 3499999999999999
144138131126124126130134137137132123110 93 76 61 51 49 55 69 8710612313524 514WY 822137999999999999999999999 4 31241649 4999999999999999
140140136132127124123124125125124122117108 96 84 72 64 61 66 77 9210812224 515WY 023141 85912599999999999999 6 41231751 6199999999999999
133139140137132125119115112112113115116116112104 93 82 74 71 74 83 9611024 516WY 141140122011799999999999999 84111219 4 7199999999999999
124136142142137129119109101 98 99104110117121120112102 91 82 77 79 8810124 517WY 233143141912199999999999999 913 982016 7799999999999999
116130141147144134121107 94 85 83 89 99111123130129121109 97 86 81 83 9424 518WY 3 9147152513199999999999999 941 832111 8099999999999999
108124139149150141126108 90 75 68 72 83 99117134142139128114100 88 83 8924 519WY 33715116131429999999999999910 8 682155 8399999999999999
102118135149156150134113 90 69 55 54 65 83105130148154147133117100 88 8724 520WY 4 21561655154999999999999991035 532233 8699999999999999
 97112130147159158143121 95 68 47 39 45 63 88117145162163152135115 97 8924 521WY 42616017331649999999999999911 3 3923 7 8999999999999999
 94107125143159165154131103 73 46 28 28 42 67 98133161173168153133111 9524 522WY 4511651810173999999999999991132 262341 9199999999999999
 92102119138156168165145115 83 51 26 15 23 45 7511214917317816915012810624 523WY 51816918471799999999999999912 3 15999999999999999999999
 95 98113131150167171158131 98 64 33 12 10 25 52 8712716117917916514512224 524WY 548172192718199999999999999 015 941238  899999999999999
104 98107124142160171168148116 81 48 20  6 11 31 62 9913716717917415913824 525WY 619172201017999999999999999 052 981316  699999999999999
118105105116134151165170160135102 68 38 15  8 17 40 7210814316717516815224 526WY 653170205717599999999999999 1311031357  899999999999999
134118109112125140154164163149124 92 61 35 18 14 26 50 8111414416316816024 527WY 729165214916899999999999999 2141091443 1499999999999999
147132120114118129142152157154139115 87 61 39 26 25 37 60 8711614215816224 528WY 811157224716299999999999999 3 51141535 2399999999999999
155144132122117120128137144148145132112 88 66 48 37 37 48 68 9211714015424 529WY 9 8148235015899999999999999 4 91171631 3599999999999999
158153143132122115115120127133138138130114 95 76 60 50 49 59 76 9711914024 530WY1031139999999999999999999999 5321141734 4899999999999999
153157152142130117107103106112121130134132122106 90 74 64 62 69 8410312324 531WY 054157121413599999999999999 7 21031845 6299999999999999
142155159152139123106 92 86 88 97110124136140133120104 89 78 73 79 9311124 6 1WY 148159135314099999999999999 812 861957 7399999999999999
130148161161150132111 89 72 65 70 84102123142151147134118103 89 83 8910324 6 2WY 233163151015199999999999999 9 4 6521 1 8399999999999999
120139157167162145121 95 69 49 44 54 73 98126151163160147131113 98 92 9924 6 3WY 313167161416399999999999999 949 442156 9299999999999999
113130149166171160137108 76 47 28 27 42 67 9913416217517015713912010410024 6 4WY 3521721710175999999999999991033 25224610099999999999999
109123140159173173155126 92 58 27 11 16 36 6610414417318317716214212210824 6 5WY 43017518 2183999999999999991117 11233210699999999999999
107118133150168177170147114 77 41 13  2 12 37 7211415418018617816114112124 6 6WY 5 817818511879999999999999912 1  2999999999999999999999
111113126142159173177164136101 64 29  5  0 15 44 8212416118318517315513524 6 7WY 546178193718699999999999999 0161101244  099999999999999
119113119133149164174172155124 89 54 23  5  6 25 56 9413416618117816514724 6 8WY 623175202018299999999999999 0581131328  399999999999999
129118116125139153165171164143113 80 48 23 12 17 39 7110714116617516915524 6 9WY 7 117121 217599999999999999 1381151410 1199999999999999
138125117119129142154162163153131103 73 47 29 23 33 56 8611714616316715924 610WY 738164214416799999999999999 2181171452 2399999999999999
145132121117121131141150155153141121 96 72 51 39 38 50 73 9912614815915924 611WY 818155222616099999999999999 3 11171533 3699999999999999
150138127119117121129136142145142131113 93 74 59 51 54 68 8811013214815524 612WY 9 5145231015599999999999999 3511171614 5199999999999999
152144133124117115117122128133135133124110 95 80 69 65 71 8310112013714824 613WY10 5135235615299999999999999 4551151656 6599999999999999
152148140130120112109109112117123127127121112100 89 81 80 85 9611112714124 614WY1127127999999999999999999999 6221091744 8099999999999999
149150146137125114105 99 98101107115122125124118109100 94 93 9710712013324 615WY 044151131212699999999999999 746 981843 9299999999999999
144150150144132119105 93 86 85 90 9911112213013112711911110510310611512724 616WY 129151144513299999999999999 840 85195110399999999999999
139148153150140126108 91 78 71 72 81 9511212813914213813012011210911312224 617WY 2 9153155214299999999999999 921 70205610999999999999999
133145153156149135116 95 75 61 56 62 75 9511913915115314813812511611311824 618WY 246156164415499999999999999 957 56215111399999999999999
128140151159158146126103 78 57 44 43 54 7410113015316416415514212611611424 619WY 3231601728165999999999999991032 42223811499999999999999
122133147159165158141116 88 60 39 29 34 51 7811114416717517115914112411424 620WY 4 116518 81759999999999999911 9 29232111399999999999999
116126140155167169157134104 72 43 23 18 29 53 8612315717818317415713711924 621WY 4401701847183999999999999991148 17999999999999999999999
112117131148164174172154125 91 57 28 11 11 28 58 9613616918618517215213024 622WY 521175192718899999999999999 0 31121228  999999999999999
115111121137155171178171149115 79 44 17  4 10 33 6710714717718918316614524 623WY 6 517820 818999999999999999 0451111311  499999999999999
124111112125143161174179168141106 70 37 13  5 16 42 7811715518018717715824 624WY 651179205018799999999999999 1281101355  599999999999999
137119109113128145162174176162134 99 65 35 15 12 27 55 9012716018018116924 625WY 740177213318399999999999999 2131091440 1199999999999999
150131115108113128144159169169155127 95 65 40 25 26 43 7010213616317717424 626WY 833171221817899999999999999 3 31081526 2399999999999999
161143125110105110123137151161161147123 97 71 51 41 45 62 8611514316417324 627WY 93116323 317399999999999999 3581051614 4099999999999999
167153136119104 99103114127140151152142124103 83 67 61 66 8210312614816424 628WY1038153235016899999999999999 5 2 9917 3 6199999999999999
168161147129111 96 89 92101113128140145141128113 98 87 82 8710011713515224 629WY12 0145999999999999999999999 614 891759 8299999999999999
163165156140121102 86 77 77 8610011613214314413712611610610210511512814224 630WY 038166133614499999999999999 727 7619 610299999999999999
155163163152134113 92 73 62 62 71 8710712814415114814113212311811812613624 7 1WY 127164151015199999999999999 831 60202311799999999999999
147158164162149129105 80 59 47 47 59 7810312915016116115414513512712613124 7 2WY 218165162816299999999999999 928 45213712599999999999999
140151161167162147123 96 69 45 33 35 50 7410413516017117116415213912912824 7 3WY 3 91671728173999999999999991021 32224012799999999999999
134143154165170163144117 87 57 33 21 27 46 7511014517018117816715213712724 7 4WY 4 01701813181999999999999991110 21233112599999999999999
126134146159170173164141110 77 46 22 14 24 49 8212115718018617816414613024 7 5WY 4501741852186999999999999991156 14999999999999999999999
122125136150164174176162135101 67 36 15 13 29 58 9413416818618617315513624 7 6WY 537177192818899999999999999 0131211238 1199999999999999
121117124139154168178175157126 92 58 29 14 18 40 7210914717618617916314424 7 7WY 62117920 218699999999999999 0511171318 1399999999999999
125114114126142158171178171148115 82 51 27 19 30 56 8912515918018216915024 7 8WY 7 3178203618399999999999999 1271121355 1999999999999999
132116109115129145160171174161136105 74 48 31 31 48 7510814016717817315724 7 9WY 74217421 817899999999999999 2 31091430 2999999999999999
138121109107116131146159167165149124 96 70 50 41 49 69 9612515217017316224 710WY 821168213917499999999999999 24010715 3 4199999999999999
145128113105107117130143154159154137114 91 71 58 57 69 9011514016016916524 711WY 9 2159221016999999999999999 3191051534 5699999999999999
152135120108102106115126137147149142128110 92 79 72 77 9111013115016316524 712WY 948150224016599999999999999 4 510216 6 7299999999999999
156143127113103 99102110119130138140134123111 99 91 89 9611012614215516224 713WY1045140231116299999999999999 5 0 991640 8999999999999999
159149135121107 97 94 9610211112113013413112511811010510611312413714815724 714WY12 5134234615999999999999999 6 6 94172310599999999999999
159153142129114101 90 86 87 9310211412513213413312912312012012513414315124 715WY1357134999999999999999999999 717 86182511999999999999999
156156149138123108 93 81 75 76 83 9411012513714314414113613113013213814524 716WY 029157154814499999999999999 822 75195313099999999999999
152156155147135118100 83 69 63 64 73 8911013014615515715314513713313413824 717WY 121157165115799999999999999 919 62212313399999999999999
145153158157148133113 91 70 55 48 52 65 8711413915916816916114913813113124 718WY 22115817321709999999999999910 9 48222913099999999999999
137147157163162151132107 80 56 39 34 41 61 8912215217318117716414813312524 719WY 32216418 7181999999999999991055 34231712599999999999999
127137151163171169155130 99 68 41 23 21 34 61 9613416718718917916114012424 720WY 4211711840190999999999999991139 20235811899999999999999
118124139156172180177157126 90 55 26 10 13 34 6710714818119619217515212924 721WY 5161811915197999999999999991221  9999999999999999999999
113111123143163180189182156119 80 44 15  3 13 40 7812116319220018816614124 722WY 6 7189194920099999999999999 03811013 3  399999999999999
117103106124146168187195182152112 73 36 11  5 22 54 9313617619819617815324 723WY 656195202520099999999999999 1181021344  599999999999999
127104 95104124148170189194177144106 68 36 16 18 40 7311115218419718716524 724WY 74519521 119799999999999999 2 0 951424 1499999999999999
140114 94 89101122145168186187168137103 70 44 32 41 64 9513016418719017524 725WY 834189213719199999999999999 245 8915 4 3299999999999999
152126102 86 85 98117139161176175158131104 79 60 56 68 9011714617118417924 726WY 927178221318499999999999999 333 831545 5699999999999999
162139115 93 81 81 92110130150163162149130111 93 83 84 9611513615717217724 727WY1027164224917799999999999999 428 791625 8299999999999999
168150128107 88 76 76 8510011813614915114513412211310811112013414816116924 728WY1144151232617099999999999999 532 7517 910899999999999999
168158141122102 84 72 70 76 8810512313714514514213713213013113714515316024 729WY1337146999999999999999999999 647 69181013099999999999999
164161152137119 99 81 67 62 66 76 9311213114415115415214914514414514815224 730WY 01116416 215499999999999999 8 6 6220 614499999999999999
157159158151137118 98 77 61 53 55 66 8510713115016216616415915214614314524 731WY 117160171016699999999999999 919 5322 614399999999999999
149154158159154139119 96 72 53 43 46 59 8210913816017317517016114914013724 8 1WY 2441601743175999999999999991019 43225913799999999999999
140146154161165159142118 91 65 43 34 39 58 8511715017318217916915513912924 8 2WY 35716518101829999999999999911 7 33233412799999999999999
128136146158169173164142114 83 54 33 27 39 63 9513116418418617616114212524 8 3WY 4531731837187999999999999991148 27999999999999999999999
118123135150165177180165137105 73 43 25 27 46 7511114917919018416714712624 8 4WY 53918119 519099999999999999 0 51181225 2399999999999999
111110121138156173185181160128 94 61 34 24 35 60 9313016618818917415313124 8 5WY 619186193219199999999999999 0361081259 2499999999999999
111101107124144163181188177149116 82 52 32 32 51 8011415018019018116013724 8 6WY 656188195919099999999999999 1 71011330 2999999999999999
114 98 96109128149169184184166136103 73 48 39 49 7310313616718618516714424 8 7WY 731186202518899999999999999 138 951359 3999999999999999
121101 91 96112132153171181174151123 94 69 53 54 71 9712615617818417315224 8 8WY 8 6181205018499999999999999 210 901427 5199999999999999
128107 91 88 98115135154169172160138113 90 72 67 76 9612114616918017615824 8 9WY 843173211318099999999999999 243 881453 6799999999999999
136115 96 86 88100116134151162160147128109 93 84 86 9911914016017317516324 810WY 923163213617699999999999999 320 861520 8399999999999999
144123104 90 85 8910111513114515214913812511210310010712113715316617116524 811WY101215222 017199999999999999 4 2 85154810099999999999999
150132113 98 87 84 89 9911112513714314113512812111711812513714915916516424 812WY1116143222616599999999999999 452 84162111799999999999999
155140123108 94 85 82 86 9410411712913613913813713413313413914615315816024 813WY13 8139225916099999999999999 555 82171413399999999999999
157147134119105 92 82 78 79 85 9510812313514314714914814614414514815115324 814WY1610149999999999999999999999 714 7819 514499999999999999
155152145133120105 90 77 70 68 73 8410112113915216116316015314714414314524 815WY 0 0155165416399999999999999 843 68214414399999999999999
150153154149138123105 85 68 57 54 60 76 9912414816617517416615414313613524 816WY 133154172317699999999999999 952 54223613599999999999999
141149157161158147127102 77 55 40 38 49 7110113416318218717916414713112424 817WY 3111611750187999999999999991042 37231112399999999999999
127138153165174172156129 97 66 39 23 25 44 7411014918119619317715613211524 818WY 4221751818197999999999999991125 22234611099999999999999
110121140159178189185162127 89 53 24 11 20 47 8312516819720419116714011324 819WY 51719018472059999999999999912 5 11999999999999999999999
 97 99118143168191203193162122 81 43 15  9 27 5910014518620820318115112024 820WY 6 6203191820999999999999999 022 951244  899999999999999
 92 81 92117146175201210193157116 74 37 16 19 44 8012216620020919316413224 821WY 652210194921099999999999999 059 811322 1499999999999999
 99 74 71 89117148180205208186150111 72 41 29 42 7010514518320520117714524 822WY 738210202020699999999999999 138 691359 2999999999999999
112 80 62 66 87116147179200198174142109 77 56 54 71 9913016419119918515824 823WY 825202205120099999999999999 220 611435 5299999999999999
127 95 69 58 65 86113143172187182162137112 90 80 8510312615117518918716724 824WY 915188212119199999999999999 3 4 581511 7999999999999999
141112 85 65 58 67 8510913515816916515213612111010711513014716317618017124 825WY1013170214818099999999999999 354 58154410799999999999999
151128104 82 67 62 69 8310212414215215214714113413113213914815816617016724 826WY1133153221017099999999999999 454 62161513199999999999999
157141122103 85 72 67 69 79 9311112713914614915014914915015315615916016024 827WY2219160999999999999999999999 611 67999999999999999999999
156148137123107 91 78 69 67 72 83 9911713314615616116216115815515315115124 828WY17 0162999999999999999999999 747 67999999999999999999999
150150147140129114 97 80 67 61 64 75 9211313515416617016916415614814214124 829WY1716171999999999999999999999 913 61225314199999999999999
143146150152148137119 98 78 61 53 57 71 9211814416617617616915914513412924 830WY 3 01521729177999999999999991011 5323 212999999999999999
132139147157163158142119 95 71 52 45 54 73 9913015917818217516214512811824 831WY 4 71631746183999999999999991054 45232211799999999999999
119128140154168174164142115 87 60 42 42 58 8211314717618718216714812610924 9 1WY 45317418 7187999999999999991130 40234610499999999999999
105114129147166181181164136106 75 48 37 46 69 9813316718818917415212810524 9 2WY 53118418301919999999999999912 2 37999999999999999999999
 93 98114135157179190182157126 93 62 42 41 59 8712015518419318215913310724 9 3WY 6 7190185419399999999999999 013 931231 3999999999999999
 87 84 97119143168189192175146113 81 55 45 55 8011014417519318816714011224 9 4WY 640193191719499999999999999 041 831258 4599999999999999
 87 75 81101126153178192186163132101 73 56 58 7710413516618819117414811924 9 5WY 714193193819399999999999999 1 9 751324 5499999999999999
 92 73 70 85108134161183188175149120 93 72 66 7810212915718119018015612724 9 6WY 747189195919099999999999999 138 691349 6699999999999999
 99 77 66 72 91115140165180178160137112 92 81 8510212615017218518216313624 9 7WY 822182201918699999999999999 2 8 661414 8099999999999999
108 84 68 66 77 97120144164172165148129111 98 9610712514616417818016714424 9 8WY 9 0172203918199999999999999 240 651440 9599999999999999
118 95 76 67 70 8310212314315816115314012711611111512714315816917416815024 9 9WY 945162205817499999999999999 315 6715 611199999999999999
128106 87 75 70 75 8810412113714815014513813212712713314315416216616415424 910WY1045151211416699999999999999 358 70153412699999999999999
137118100 86 77 74 78 8810011412813814314414314214114214515115615815815424 911WY1239144212415999999999999999 455 74161514199999999999999
144130115101 90 80 76 77 83 9210411813114114815315515415215115115115014924 912WY16 6155999999999999999999999 618 75999999999999999999999
147141131120108 94 82 73 70 72 80 9311113014716016716716215514714214014124 913WY1632168999999999999999999999 8 8 7022 714099999999999999
144146146141131116 97 79 65 57 57 67 8611013615917517917416214813512712824 914WY 118146165417999999999999999 929 56222612699999999999999
135144153159157144122 97 73 53 41 44 60 8611714917618918617215313211511024 915WY 3191591717190999999999999991020 40225310999999999999999
117132149166177174155125 94 63 38 28 37 61 93131168194198185162135108 9124 916WY 42117817421999999999999999911 2 282324 9099999999999999
 93110134159183196188161125 88 53 27 23 41 72109152189207199174143110 8124 917WY 51019618 9207999999999999991141 222359 6999999999999999
 69 81107137170199210195161122 82 46 25 31 56 91131174205210189156119 8224 918WY 5562101838211999999999999991218 24999999999999999999999
 56 53 74106142180210216194158118 79 47 36 50 80115156193212201171133 9424 919WY 64121719 821299999999999999 035 511254 3599999999999999
 58 38 46 72107147187213211186151115 80 58 57 7810714117620320618414911024 920WY 726215193720899999999999999 114 381330 5499999999999999
 72 41 31 45 74109149186204198174145115 90 78 8610813416218720019116312824 921WY 81320520 520099999999999999 154 3114 5 7899999999999999
 91 58 36 34 50 7711114717718818116214112110610411613415417318718717014224 922WY 9 3189203118999999999999999 237 32143810399999999999999
111 81 55 41 43 58 8111014016216916515414113112612913915216517417716915124 923WY10 3169204917799999999999999 324 4015 712699999999999999
128103 80 62 52 54 65 8410612814515215315014614414414815416016416516215224 924WY1134153204916599999999999999 421 52152814399999999999999
138121104 87 73 65 64 70 83 9911613114114815215415515615715715615415114724 925WY1847157999999999999999999999 538 64999999999999999999999
141133123111 98 85 75 70 71 79 9110712313815015916316316015514914414113824 926WY1635163999999999999999999999 720 70999999999999999999999
137137136131121108 94 80 71 68 74 8610312314315816716816415614513412912824 927WY1640168999999999999999999999 850 68224612799999999999999
130135141145142130114 97 79 66 63 71 8610713115416917316815714312711611424 928WY 3 6145165017399999999999999 947 63224311499999999999999
119128139152158151135115 94 73 60 60 73 9211714516817817316014312310610024 929WY 4 015817 7178999999999999991028 58225910099999999999999
105117132150166168156135111 86 64 55 63 81106135163181180166146123100 8724 930WY 44016917271839999999999999911 1 552322 8599999999999999
 88102120142165178174155130102 75 58 57 73 96124155180186174152126 99 782410 1WY 5161791749187999999999999991131 552347 7299999999999999
 73 84105129156179186173149121 91 67 58 67 89116147175189182160132102 752410 2WY 5501871810189999999999999991158 58999999999999999999999
 61 66 86112142171189187167139110 82 65 67 85110139168188188169139108 772410 3WY 623191183019199999999999999 013 611224 6499999999999999
 56 52 68 93123155182192181157129100 78 72 84107133160183190176148116 842410 4WY 656192185019199999999999999 040 511250 7299999999999999
 57 45 52 74103135167187187170145119 95 82 87105129154176188182157125 932410 5WY 729190191018999999999999999 1 7 451315 8299999999999999
 64 45 43 58 84114146173184177158135113 97 941061261481681821821651361042410 6WY 8 5184193118599999999999999 136 421342 9399999999999999
 75 53 43 49 68 941231511711751651471291131051101251431611741781681451162410 7WY 843176195117999999999999999 2 7 4214 910599999999999999
 88 65 50 47 58 781021281501641641541411291201191271401541651711671511272410 8WY 92916520 817199999999999999 241 47143911899999999999999
102 80 63 54 55 67 841051261431531531481401341311331401501581621611521362410 9WY1031154202016299999999999999 322 53151113199999999999999
116 96 79 67 61 63 72 86102119134143147147146144143144147151153152149141241010WY1227147202015399999999999999 418 61161514399999999999999
128113 99 86 75 68 67 72 81 94110125138147153155155151148145143142140139241011WY1514156999999999999999999999 541 67999999999999999999999
135129120108 95 82 72 66 66 73 85102121140155164165161152142133128127130241012WY1545166999999999999999999999 729 65214112799999999999999
134138139134122105 88 72 61 57 63 79100125149168175172160144127113109113241013WY 14013916 817599999999999999 853 57215810999999999999999
124136148155151136114 90 68 52 48 58 79106136165182183170150126102 88 89241014WY 312155163218599999999999999 948 482226 8699999999999999
102121143164175169147119 90 63 45 44 61 87119154183194183160131 99 72 62241015WY 4 91751659194999999999999991032 422259 6299999999999999
 72 95124155183194181154122 88 59 43 50 73103138174198197174141105 68 43241016WY 4581941727201999999999999991112 432334 3999999999999999
 41 61 93129168199206187156122 87 59 50 65 92124160192205190157117 76 39241017WY 5452071757205999999999999991150 50999999999999999999999
 21 29 57 94137180208209186155121 87 66 67 87115146179202201174135 93 51241018WY 631212182720599999999999999 011 201227 6399999999999999
 18  9 25 57 98144186208203180151120 93 81 89111137165190201186153113 72241019WY 717209185620199999999999999 051  913 4 8199999999999999
 34 10  9 29 63104148184198191170146121103101113133155176191189167132 95241020WY 8 6198192419299999999999999 131  6133910099999999999999
 58 28 13 18 39 71109147175183176160142126118121133149165177181170146116241021WY 858183194818199999999999999 215 12141411799999999999999
 84 55 33 25 32 51 79111141161167162153142134132137146156164168164151130241022WY 95916720 416899999999999999 3 2 25144713299999999999999
106 82 61 46 41 47 63 85109131146153153149145143143146150154155153147136241023WY1124153195615599999999999999 357 41152514299999999999999
121104 87 72 61 57 60 71 87105122136145149150150149147146145143141137133241024WY1414150999999999999999999999 5 5 57999999999999999999999
127119109 97 85 75 69 69 75 87101117132143151154153150144138132128125125241025WY1519154999999999999999999999 631 68225212599999999999999
125126124118108 96 84 76 72 76 86101117134148157158153145134123115112113241026WY 057126153915899999999999999 759 7222 711299999999999999
118125132134128117103 89 77 72 77 88105124143157162158147133117103 97 99241027WY 246134155816299999999999999 9 3 722213 9799999999999999
106118131143145136122105 89 76 72 80 95114135155166164152135115 95 83 82241028WY 341145161816799999999999999 948 722232 8199999999999999
 91106124143155154141123104 85 73 75 87106128151168170159139116 92 72 66241029WY 4231561640171999999999999991024 722255 6699999999999999
 74 90112137158166159142121 99 81 74 82100121145166175167146120 92 67 53241030WY 5 016617 1175999999999999991055 742320 5299999999999999
 55 71 95123152172173160139116 93 79 80 95115139162177175155128 97 67 45241031WY 5351751722178999999999999991124 772346 3999999999999999
 40 52 75105139168181175157133108 88 82 91111133157176180165137105 72 432411 1WY 6 91811743181999999999999991152 82999999999999999999999
 29 35 55 85120155179183171150125102 88 91107128151171182173148115 81 492411 2WY 64318418 518299999999999999 013 291220 8799999999999999
 27 23 38 64 97135167183180163141117 99 93104123144164179178159128 93 602411 3WY 718184182818199999999999999 042 221249 9399999999999999
 33 20 26 46 76111146172180172154133113101104118138156172177166140107 752411 4WY 755180185217799999999999999 112 20131910199999999999999
 46 26 22 34 57 87121152170172162145128114109117132148162171167150122 912411 5WY 837173191717199999999999999 146 21135210999999999999999
 63 40 28 29 44 68 961261501631631531401271201201281411531611621541341082411 6WY 926164194016399999999999999 224 26143011899999999999999
 81 58 42 35 39 54 751011251441541541481391321281291351441501531501401232411 7WY102915520 215399999999999999 3 8 34151912799999999999999
101 79 62 49 44 48 61 791001201371481501481431381341331351391411411381312411 8WY1154150203214199999999999999 4 5 44165213399999999999999
118102 85 70 59 53 54 64 79 971161331451511521481421351291261261271291292411 9WY1335152225812999999999999999 517 52194012699999999999999
128121110 96 81 69 60 58 64 77 94114133149157158151141128117109108112118241110WY1432158999999999999999999999 644 58204410899999999999999
126131132124110 93 77 65 60 64 77 96118140158166162149132112 95 86 88 97241111WY 13213215 816699999999999999 8 6 602120 8599999999999999
112128142147140124104 85 69 61 65 81103127152169172160139114 88 68 60 69241112WY 256147154017399999999999999 9 8 612156 6099999999999999
 87110135157165156136114 91 71 63 72 91114141166180174152123 91 59 39 37241113WY 356165161218099999999999999 959 632233 3599999999999999
 54 80112147173180168146120 94 74 70 83104129157180185169138102 64 30 14241114WY 4491801644186999999999999991043 692312 1399999999999999
 21 45 79119159186190175151124 97 79 81 97120146172189183157119 79 38  7241115WY 5381911717190999999999999991126 782352 -399999999999999
 -3 12 42 82128170194193176152124 99 88 95114136161182190174141100 58 19241116WY 62719617511909999999999999912 6 88999999999999999999999
 -7 -8 12 46 89136176194189172148123104 99110129150171185182160124 83 42241117WY 716194182318699999999999999 034-111246 9899999999999999
  9 -9 -5 19 55 98142175187180163142122110111123141158173179169143108 70241118WY 8 5187185517999999999999999 117-10132510899999999999999
 35  8 -2  7 31 66106143169176169154137123117121133147160168167153127 96241119WY 856176192516999999999999999 2 2 -214 511799999999999999
 64 36 17 12 23 46 78111141159163157145134125123128137147154156151137115241120WY 949164195315699999999999999 249 12144912399999999999999
 89 64 43 30 29 40 61 87114136150153148140133128127130135140142142136124241121WY1047153201714399999999999999 337 28154612699999999999999
107 88 70 55 46 46 56 73 94114132143146143138133128126126127128128127124241122WY1155146204912899999999999999 430 44173012599999999999999
117105 92 79 67 60 61 68 82 98115130140143142138132125119115113113114116241123WY1312143235111799999999999999 528 59203911399999999999999
117115109 99 89 79 73 72 78 89103118131141145143136127117107100 98 99104241124WY14 9145999999999999999999999 636 7221 7 9899999999999999
110116119116108 98 89 82 80 85 95109123136145148142131118103 90 83 82 88241125WY 2 1119144714899999999999999 749 802133 8299999999999999
 98110121127125117107 96 88 85 90102116131144151149138121103 85 71 66 70241126WY 314128151715199999999999999 850 852159 6699999999999999
 82 98117132138135125112100 91 89 97110125140152154145128106 83 63 51 52241127WY 4 7138154315599999999999999 938 892227 5099999999999999
 63 82105129145149142130115100 92 94105119136151159154137113 87 61 42 36241128WY 45014916 8159999999999999991018 912254 3699999999999999
 44 62 88118144158157147131113 98 94100114131148160161147123 94 64 38 24241129WY 5281591633163999999999999991053 942323 2399999999999999
 26 42 67100133158167162147128108 96 97108125143159166158136106 73 42 19241130WY 6 516717 0166999999999999991127 952353 1299999999999999
 13 23 46 78115149169172161143122103 96103118136154167166149120 87 53 232412 1WY 64017317281699999999999999912 0 96999999999999999999999
  7  8 25 54 91130160174171157136115100 99110128147163169161137104 68 352412 2WY 717175175916999999999999999 025  51234 9899999999999999
 11  1 10 33 66104141166174166149128110101105119137154166166151122 88 532412 3WY 756174183216899999999999999 1 1  1131110099999999999999
 24  6  3 17 44 78115148167169158141122108104112127143157163158138108 752412 4WY 83817019 716399999999999999 139  2135110499999999999999
 44 20  7 10 27 55 88122149163162150135120110109117131144153155147126 982412 5WY 924164194515699999999999999 221  6143710899999999999999
 68 42 23 14 20 39 66 961251471581551441311201121111191291391451451361172412 6WY1015158203314699999999999999 3 6 14153311199999999999999
 92 67 46 31 25 32 51 751011261451531501411301191121101141211281331341282412 7WY1112153214313499999999999999 356 25164610999999999999999
113 93 73 55 43 39 46 62 831051271441511481401281161061011021071141211252412 8WY1212151232012699999999999999 452 39181710199999999999999
124115100 83 68 57 53 58 72 90110130145151148138124109 95 86 84 90 991102412 9WY13 9151999999999999999999999 557 531940 8499999999999999
120125122112 98 84 73 67 70 82 98116134148154148134115 95 77 65 63 71 85241210WY 1 8126135915499999999999999 710 672039 6299999999999999
102120132134126113100 87 79 81 91106123141154157147127103 77 54 41 41 54241211WY 239135144315899999999999999 823 792127 3999999999999999
 74 99125143148141128114 99 89 89100115132149161159143117 87 57 31 18 23241212WY 351148152416299999999999999 927 872213 1899999999999999
 41 68100133156162154140123106 95 96108123141158167159136105 70 36  9  0241213WY 45216216 5167999999999999991022 942258  099999999999999
 10 34 67107144167172163147127108 98102115132150165170156127 92 53 17 -7241214WY 5461721646170999999999999991112 982343-1399999999999999
-12  3 33 72116154175177166147125107101107122140157170169150117 78 39  4241215WY 6351791727172999999999999991158101999999999999999999999
-16-16  5 39 81126162179176162141120105102112129146162171165141105 66 28241216WY 72018018 817199999999999999 028-19124110299999999999999
 -3-18-11 14 50 93135166176169153133114103105117134150163167156129 93 56241217WY 8 3176184916799999999999999 112-18132210299999999999999
 22 -3-11  1 28 65105142165169159141123108102107121136150159158144116 83241218WY 844170192916099999999999999 154-1114 210299999999999999
 50 22  4  2 18 46 80116145160159146131115105102110122135145150146130104241219WY 924162201015099999999999999 235  0144410299999999999999
 75 48 27 16 20 38 65 95124145153148136122110102102110120129136138132117241220WY10 3153205313899999999999999 314 15153010199999999999999
 95 72 51 37 32 40 58 82107129143146139128116106100100106113119124126120241221WY1043146214412699999999999999 352 321626 9999999999999999
107 90 73 59 50 50 60 77 96116132141140132122111102 96 95 98102107112114241222WY1124141225311499999999999999 430 491743 9599999999999999
111102 91 80 70 66 68 78 92107122134138136128118106 96 89 85 86 89 95102241223WY12 7138999999999999999999999 510 661922 8599999999999999
107107104 97 90 84 81 84 91103115127134136133124113 99 87 77 72 72 77 86241224WY 039108125313799999999999999 6 0 812031 7199999999999999
 96105110111108102 97 94 95101110120129135136131120106 90 74 63 57 59 67241225WY 239111133913799999999999999 713 942117 5799999999999999
 80 95110119122120114107103102107115124132138137129115 96 77 59 46 42 47241226WY 4 1122142313899999999999999 8351022156 4299999999999999
 61 80101120131134131123113106105109118128137141137125107 84 61 41 30 29241227WY 45613415 414199999999999999 9421052232 2899999999999999
 40 59 85112133144145138126114106105111121133143145137120 96 69 43 23 15241228WY 536146154514599999999999999103410423 7 1599999999999999
 20 37 64 96126147156152140124109102104114127141150149135112 83 52 24  7241229WY 61115616261519999999999999911161022343  399999999999999
  3 15 40 73110141160163154137118103 98104118134149156151131102 68 35  8241230WY 64416417 7156999999999999991154 98999999999999999999999
 -6 -3 16 47 85124154168165150129109 95 95106124142156161150125 90 54 20241231WY 717168175116199999999999999 020 -71232 9499999999999999
