 15 16 18 20 21 21 19 15 11  6  2  0 -2 -1  1  4  7 10 12 13 13 13 12 1224 1 1XM 421 211921 13999999999999991220 -22332 1299999999999999
 12 13 14 15 17 17 17 15 12  8  4  2  0  0  1  3  6  9 11 12 12 12 11 1124 1 2XM 5 1 171942 13999999999999991247  0999999999999999999999
 10 10 10 11 13 14 14 13 11  9  6  4  3  2  2  4  6  9 11 12 13 12 11 1024 1 3XM 546 1420 1 1399999999999999 056 1013 8  299999999999999
  9  8  8  8  9 10 11 11 10  9  8  6  5  5  5  6  7  9 11 13 14 14 13 1124 1 4XM 652 112019 1499999999999999 222  81321  599999999999999
 10  8  6  6  5  6  7  8  9  9  9  8  8  7  7  8  9 11 13 14 15 15 15 1324 1 5XM 851  92041 1599999999999999 340  51314  799999999999999
 11  9  6  4  3  3  4  5  7  8  9 10 10 10 10 11 11 12 14 15 17 17 17 1624 1 6XM2110 17999999999999999999999 445  3999999999999999999999
 13 10  7  4  2  1  0  2  4  6  8 10 11 12 13 13 13 14 15 16 18 19 20 1924 1 7XM2148 20999999999999999999999 537  0999999999999999999999
 17 13 10  6  2  0 -2 -2  0  3  6 10 12 14 15 15 15 16 16 17 19 20 21 2224 1 8XM2235 22999999999999999999999 624 -2999999999999999999999
 20 17 13  9  4  0 -3 -5 -4 -1  3  7 11 14 16 17 17 17 17 17 18 20 22 2324 1 9XM2328 24999999999999999999999 711 -5999999999999999999999
 23 21 18 13  7  2 -3 -6 -7 -6 -2  3  8 12 15 17 17 17 17 17 18 19 21 2424 110XM9999999999999999999999999999 758 -7999999999999999999999
 25 25 23 18 12  6 -1 -6 -9-10 -8 -3  3  9 13 16 17 17 16 16 16 17 19 2224 111XM 023 251614 1799999999999999 847-1019 4 1699999999999999
 25 26 26 23 18 11  3 -3 -9-12-12 -9 -3  3  9 13 15 16 15 14 14 14 15 1824 112XM 119 271641 1699999999999999 936-121949 1499999999999999
 21 25 27 26 23 17  9  1 -5-10-13-13 -9 -3  4  9 13 14 13 12 11 11 12 1324 113XM 215 271710 14999999999999991025-132044 1199999999999999
 16 20 24 26 25 21 15  7  0 -7-11-13-12 -8 -1  5  9 12 12 11  9  9  8  924 114XM 311 261741 12999999999999991112-1322 3  899999999999999
 10 13 18 21 23 22 18 12  5 -1 -6-10-11 -9 -5  1  6 10 11 11  9  7  6  524 115XM 4 8 231813 11999999999999991158-112330  599999999999999
  5  7 10 14 18 19 18 15 10  4 -1 -5 -7 -8 -5 -1  4  8 11 11 10  8  6  424 116XM 5 8 191845 11999999999999991241 -8999999999999999999999
  3  2  4  7 10 13 15 14 12  8  4  1 -1 -3 -3  0  4  8 11 12 12 10  7  524 117XM 615 151917 1299999999999999 045  21321 -399999999999999
  2  0  0  1  3  6  9 10 10  9  7  5  4  3  2  3  5  8 11 13 14 13 10  724 118XM 739 111952 1499999999999999 2 0  01356  299999999999999
  4  1 -1 -2 -2  0  2  5  7  8  8  8  7  7  7  7  8 10 12 14 15 15 14 1124 119XM 950  82030 1699999999999999 321 -21416  799999999999999
  8  4  1 -2 -4 -4 -3 -1  2  5  7  8  9 10 10 11 11 12 13 15 17 17 17 1524 120XM2114 17999999999999999999999 444 -4999999999999999999999
 12  8  5  1 -3 -5 -6 -5 -3  1  4  7  9 11 12 13 14 14 15 16 17 18 19 1824 121XM22 5 19999999999999999999999 559 -6999999999999999999999
 16 13  9  5  0 -3 -6 -7 -6 -3  1  5  8 11 13 14 15 15 15 16 17 18 20 2024 122XM23 1 20999999999999999999999 659 -7999999999999999999999
 19 17 14  9  4  0 -4 -7 -7 -6 -2  2  6 10 13 14 15 15 15 15 16 17 19 2024 123XM2356 21999999999999999999999 749 -7999999999999999999999
 21 20 17 13  8  3 -2 -5 -8 -8 -5 -1  4  8 11 13 14 14 14 14 14 15 17 1924 124XM9999999999999999999999999999 832 -8999999999999999999999
 21 21 20 17 12  7  1 -4 -7 -8 -8 -4  0  5  9 12 13 13 12 12 12 13 14 1624 125XM 048 211623 1399999999999999 910 -81859 1299999999999999
 19 21 21 19 15 10  4 -2 -6 -8 -9 -7 -3  2  6 10 11 12 11 10 10 10 11 1324 126XM 136 211635 1299999999999999 946 -91943 1099999999999999
 16 18 20 20 17 13  7  1 -4 -8 -9 -9 -6 -1  3  7 10 10  9  8  7  7  8  924 127XM 219 201653 10999999999999991018-102028  799999999999999
 12 15 17 18 17 14  9  3 -2 -6 -9 -9 -8 -4  1  5  8  9  8  7  6  5  5  624 128XM 259 181713  9999999999999991047 -92121  599999999999999
  8 11 14 16 16 14 10  5  0 -4 -7 -9 -8 -5 -1  3  6  8  8  7  5  4  3  324 129XM 337 161731  8999999999999991113 -92223  399999999999999
  4  6  9 12 13 13 10  6  2 -2 -5 -7 -7 -5 -2  2  5  7  8  7  5  3  2  124 130XM 414 131748  8999999999999991134 -72325  199999999999999
  1  3  5  8 10 10  9  7  3  0 -3 -4 -5 -4 -1  2  5  7  8  8  6  4  2  124 131XM 453 1018 4  8999999999999991150 -5999999999999999999999
  0  0  1  4  6  7  7  6  4  2  0 -2 -2 -1  0  3  6  8  9  9  8  5  3  124 2 1XM 538  71819  999999999999999 024  01157 -299999999999999
  0 -1 -1  0  2  4  5  5  4  3  2  1  1  1  3  5  7  9 11 11 10  8  5  324 2 2XM 641  51838 1199999999999999 124 -11140  199999999999999
  1 -1 -2 -2 -1  1  2  3  4  4  4  3  4  4  5  7  9 10 12 12 12 10  8  524 2 3XM19 3 12999999999999999999999 229 -2999999999999999999999
  2  0 -2 -3 -3 -3 -1  1  2  4  4  5  6  7  8  9 10 12 13 14 14 13 11  924 2 4XM1940 14999999999999999999999 342 -4999999999999999999999
  5  2 -1 -3 -5 -5 -5 -3 -1  2  4  6  7  9 10 11 11 12 13 14 15 15 14 1224 2 5XM2038 15999999999999999999999 455 -5999999999999999999999
  9  6  2 -2 -5 -7 -8 -7 -5 -2  2  5  8  9 11 11 12 12 13 14 15 16 17 1624 2 6XM2154 17999999999999999999999 6 0 -8999999999999999999999
 14 10  6  1 -3 -7-10-11-10 -7 -2  2  6  9 10 11 12 12 12 13 14 16 17 1824 2 7XM2310 18999999999999999999999 656-11999999999999999999999
 18 15 11  6  0 -6-10-13-14-12 -8 -3  3  7  9 11 11 10 10 10 11 13 15 1824 2 8XM1540 11999999999999999999999 749-1418 5 1099999999999999
 19 19 16 11  5 -2 -8-13-16-17-14 -9 -2  3  7  9 10  9  8  7  8  9 11 1524 2 9XM 017 201543 1099999999999999 838-1719 7  799999999999999
 18 20 20 17 11  4 -4-10-15-18-18-14 -8 -1  4  7  8  7  6  4  4  4  5  924 210XM 120 2016 0  899999999999999 925-182011  499999999999999
 13 18 20 19 16 10  2 -6-12-16-18-17-12 -6  1  5  7  7  5  2  1  0  0  224 211XM 219 201622  79999999999999910 9-182121  099999999999999
  6 11 16 18 18 14  8  0 -6-12-15-16-14 -9 -2  3  6  7  5  2 -1 -3 -4 -424 212XM 317 191647  7999999999999991051-162228 -499999999999999
 -2  3  9 13 16 15 11  5 -1 -6-10-12-12 -9 -4  2  6  8  7  4  0 -3 -5 -724 213XM 416 161714  8999999999999991130-132330 -799999999999999
 -7 -4  0  6 10 12 11  8  4 -1 -4 -7 -8 -7 -3  2  6  9  9  7  3 -1 -4 -724 214XM 518 121743  99999999999999912 5 -8999999999999999999999
 -9 -9 -6 -2  2  6  7  7  6  3  1 -1 -2 -2 -1  3  6  9 11 10  7  3 -1 -424 215XM 627  81812 1199999999999999 032 -91234 -299999999999999
 -7 -9-10 -8 -5 -1  2  4  4  4  3  3  3  3  3  5  8 10 12 12 11  8  4  024 216XM 8 3  41845 1299999999999999 138-101236  299999999999999
 -3 -7 -9-10 -9 -7 -4 -1  1  3  4  5  5  6  7  8  9 11 12 13 13 11  9  524 217XM1923 13999999999999999999999 255-10999999999999999999999
  1 -2 -6 -8 -9 -9 -8 -6 -3  0  3  5  6  8  9 10 11 11 12 13 14 13 12 1024 218XM2017 14999999999999999999999 426 -9999999999999999999999
  6  3 -1 -4 -7 -9-10 -9 -6 -3  0  3  6  8 10 11 11 11 12 12 13 14 14 1324 219XM2131 14999999999999999999999 551-10999999999999999999999
 10  7  4  0 -4 -7 -9-10 -9 -6 -3  1  5  7  9 10 11 11 11 11 12 13 14 1424 220XM2248 14999999999999999999999 654-10999999999999999999999
 13 11  8  4 -1 -5 -8-10-10 -9 -5 -1  3  6  8  9  9  9  9  9  9 10 12 1424 221XM2352 14999999999999999999999 741-11999999999999999999999
 14 13 11  7  2 -2 -6 -9-11-11 -8 -4  0  4  6  8  8  7  7  7  7  7  9 1224 222XM1537  8999999999999999999999 820-111919  799999999999999
 13 14 13 10  5  0 -5 -9-11-12-11 -7 -2  2  5  6  6  5  4  4  4  4  6  824 223XM 046 141535  699999999999999 854-121946  499999999999999
 11 13 13 11  8  3 -3 -7-11-12-12 -9 -5 -1  3  5  5  4  3  1  1  1  2  424 224XM 133 131544  599999999999999 923-132021  199999999999999
  8 11 12 12  9  5 -1 -6-10-12-13-11 -7 -3  1  4  5  4  2  0 -2 -2 -2  024 225XM 215 121556  599999999999999 948-1321 2 -299999999999999
  4  7 10 11 10  6  1 -4 -8-11-12-11 -8 -4  0  3  4  4  2 -1 -3 -4 -5 -324 226XM 255 111610  4999999999999991011-122145 -599999999999999
 -1  3  7  9  9  7  3 -1 -6 -8-10-10 -8 -4  0  3  5  4  2  0 -3 -5 -6 -624 227XM 334  91623  5999999999999991031-102229 -699999999999999
 -5 -1  3  6  7  6  4  0 -3 -6 -8 -8 -7 -4  0  4  5  6  4  1 -2 -5 -7 -824 228XM 413  71636  6999999999999991048 -82312 -899999999999999
 -7 -5 -1  2  4  5  4  2 -1 -3 -5 -5 -4 -2  1  4  6  7  6  3  0 -3 -6 -824 229XM 456  51650  7999999999999991058 -52357 -899999999999999
 -8 -7 -5 -1  1  3  4  3  1 -1 -2 -2 -2  0  2  5  8  9  8  6  3 -1 -4 -624 3 1XM 546  417 6  9999999999999991049 -2999999999999999999999
 -8 -8 -7 -5 -2  1  2  2  2  1  1  1  1  2  4  6  9 10 10  8  6  2 -1 -424 3 2XM 654  21725 1099999999999999 045 -81014  199999999999999
 -7 -8 -8 -7 -5 -3 -1  1  2  2  2  3  4  5  6  8  9 11 11 10  8  6  2 -124 3 3XM1751 11999999999999999999999 141 -8999999999999999999999
 -4 -7 -8 -9 -8 -6 -4 -2  0  2  3  4  5  6  7  9 10 11 12 12 11  9  6  224 3 4XM1830 12999999999999999999999 252 -9999999999999999999999
 -1 -4 -7 -9-10-10 -8 -6 -3 -1  2  4  5  7  8  9 10 10 11 12 12 11 10  724 3 5XM1945 12999999999999999999999 418-10999999999999999999999
  3  0 -4 -8-10-12-12-11 -8 -5 -1  2  5  6  7  8  9  9  9 10 11 12 12 1124 3 6XM2135 12999999999999999999999 536-12999999999999999999999
  8  4  0 -5 -9-13-15-15-13-10 -5 -1  3  5  6  7  7  7  7  7  8 10 12 1324 3 7XM23 4 13999999999999999999999 639-15999999999999999999999
 12  9  5  0 -6-11-15-17-17-15-10 -5  0  3  5  5  5  4  3  3  4  6  9 1224 3 8XM1444  5999999999999999999999 732-181829  399999999999999
 14 13 11  6  0 -7-13-17-19-18-15 -9 -3  1  4  4  3  1  0 -1 -1  0  3  824 3 9XM 017 141449  499999999999999 820-191932 -199999999999999
 12 14 14 11  5 -1 -8-13-17-19-17-13 -6 -1  3  4  3  1 -2 -5 -6 -6 -4  024 310XM 123 1415 5  499999999999999 9 3-192033 -699999999999999
  6 11 14 13 10  5 -2 -8-13-16-17-14 -9 -2  2  5  5  2 -2 -6 -9-10-10 -824 311XM 225 141526  599999999999999 944-172130-1199999999999999
 -2  4  9 12 12  9  3 -2 -7-11-13-13 -9 -3  2  6  7  5  1 -4 -9-12-14-1324 312XM 327 121551  7999999999999991022-132225-1499999999999999
-10 -4  2  7 10 10  7  2 -2 -5 -8 -9 -7 -3  2  7  9  8  5  0 -6-10-14-1624 313XM 428 101618  9999999999999991056 -92320-1699999999999999
-15-11 -6  0  4  7  7  5  2  0 -2 -3 -3 -1  3  7 10 10  9  5 -1 -6-11-1424 314XM 533  71646 11999999999999991125 -3999999999999999999999
-16-15-12 -7 -2  2  4  5  4  3  2  1  1  2  5  8 10 12 11  9  5 -1 -5-1024 315XM 649  51716 1299999999999999 016-161139  199999999999999
-13-14-14-11 -8 -4 -1  2  3  3  4  4  5  6  7  9 11 12 12 11  9  5  0 -424 316XM1748 12999999999999999999999 116-15999999999999999999999
 -8-11-12-12-11 -8 -5 -2  0  2  4  5  7  8  8  9 10 11 12 12 11  8  5  124 317XM1826 12999999999999999999999 229-13999999999999999999999
 -2 -6 -9-10-11-11 -9 -6 -3  0  2  5  7  8  9 10 10 10 11 11 11 10  8  624 318XM1925 11999999999999999999999 4 1-11999999999999999999999
  2 -1 -4 -7 -9-11-10 -9 -6 -3  0  3  5  7  8  9  9  9  9  9  9 10  9  824 319XM21 6 10999999999999999999999 528-11999999999999999999999
  6  3  0 -4 -7 -9-11-11 -9 -6 -2  1  4  6  7  7  7  7  6  6  7  8  9  924 320XM1517  72238  999999999999999 630-111840  699999999999999
  8  6  3  0 -4 -7-10-11-11 -8 -5 -1  2  4  5  6  5  5  4  4  4  5  7  824 321XM1444  62347  999999999999999 715-1119 8  499999999999999
  9  8  5  2 -2 -6 -9-11-11-10 -7 -3  0  3  4  4  3  2  1  1  1  2  4  624 322XM1432  4999999999999999999999 751-111933  199999999999999
  8  8  7  4  0 -4 -7-10-11-11 -9 -5 -1  2  3  3  2  0 -1 -2 -3 -2  0  324 323XM 042  81434  499999999999999 820-121958 -399999999999999
  6  8  8  6  2 -2 -6 -9-11-11 -9 -6 -2  1  3  3  2  0 -3 -5 -6 -6 -4 -124 324XM 130  81441  399999999999999 844-112028 -699999999999999
  3  6  7  7  4  0 -4 -7 -9-10 -9 -7 -3  1  3  4  3  0 -3 -6 -8 -8 -8 -524 325XM 214  71451  499999999999999 9 6-1021 2 -899999999999999
 -1  3  6  7  5  3 -1 -5 -7 -8 -8 -6 -2  1  4  5  4  2 -2 -6 -8-10-10 -824 326XM 256  715 3  599999999999999 926 -82138-1099999999999999
 -5  0  3  6  6  4  1 -2 -4 -6 -6 -5 -2  2  5  7  6  4  0 -4 -8-10-12-1124 327XM 338  61516  799999999999999 945 -62215-1299999999999999
 -8 -4  1  4  5  5  3  1 -2 -3 -3 -3 -1  3  6  8  8  6  3 -2 -6 -9-11-1224 328XM 422  51532  89999999999999910 0 -32253-1299999999999999
-11 -7 -3  1  4  5  4  3  1  0  0  0  1  4  7  9 10  9  6  2 -3 -7-10-1224 329XM 5 9  51550 109999999999999910 2  02334-1299999999999999
-12-10 -6 -2  1  4  4  4  3  2  2  2  3  5  8 10 11 11  9  5  0 -4 -7-1024 330XM 6 5  41610 1199999999999999 933  2999999999999999999999
-11-11 -9 -5 -2  1  3  4  4  4  4  5  5  7  8 10 12 12 11  8  4  0 -4 -724 331XM1634 12999999999999999999999 020-12999999999999999999999
-10-11-11 -9 -6 -3  0  2  3  4  5  6  7  8  9 10 12 12 12 10  7  4  0 -424 4 1XM17 6 12999999999999999999999 115-11999999999999999999999
 -7-10-11-11 -9 -7 -4 -1  1  3  4  6  7  8  9 10 11 11 12 11 10  7  4  024 4 2XM1756 12999999999999999999999 225-11999999999999999999999
 -4 -7-10-11-12-11 -9 -6 -3  0  3  5  6  7  8  9  9  9 10 10 11 10  8  524 4 3XM1937 11999999999999999999999 351-12999999999999999999999
  1 -3 -7-10-12-13-13-11 -7 -3  0  3  5  6  6  6  6  6  7  8  9 10 10  924 4 4XM2133 10999999999999999999999 510-13999999999999999999999
  6  2 -2 -7-11-13-15-14-11 -7 -3  1  3  5  5  4  3  3  3  3  5  7  9 1024 4 5XM1337  523 4 1099999999999999 612-151749  399999999999999
 10  7  3 -2 -7-11-14-15-14-11 -6 -1  2  4  4  3  1 -1 -2 -2 -1  2  6  924 4 6XM1331  4999999999999999999999 7 4-151846 -299999999999999
 11 11  8  4 -1 -6-11-13-14-12 -8 -3  2  5  5  3  1 -3 -5 -7 -7 -5 -1  424 4 7XM 021 111343  599999999999999 750-141940 -799999999999999
  9 11 11  9  4 -1 -6 -9-11-11 -8 -3  2  6  7  6  2 -2 -6-10-11-11 -9 -324 4 8XM 131 1114 3  799999999999999 831-122033-1299999999999999
  3  8 11 11  9  5  0 -4 -7 -8 -7 -3  2  7  9  9  6  1 -4 -9-13-15-15-1124 4 9XM 237 111428  999999999999999 910 -82124-1599999999999999
 -5  2  7 10 11  9  5  2 -1 -3 -3 -2  3  7 11 12 11  6  0 -6-11-15-17-1624 410XM 341 111456 1299999999999999 945 -32215-1799999999999999
-12 -5  1  6  9 10  8  6  3  2  1  2  4  8 12 14 14 11  6  0 -7-12-15-1724 411XM 444 101527 14999999999999991016  123 6-1799999999999999
-16-11 -5  0  5  8  9  8  7  6  5  5  6  9 12 15 16 15 11  6 -1 -6-11-1424 412XM 553  91559 16999999999999991036  52359-1699999999999999
-16-14-10 -5  0  4  6  8  8  8  8  8  9 10 12 15 16 16 14 11  5  0 -5 -924 413XM1632 169999999999999999999999999999999999999999999999999
-12-13-12 -9 -5 -1  3  5  7  8  9 10 10 11 12 14 15 15 15 13 10  5  1 -424 414XM17 8 16999999999999999999999 056-13999999999999999999999
 -7-10-11-10 -8 -5 -1  2  4  6  8  9 10 11 12 12 13 14 14 13 12  9  5  124 415XM1749 14999999999999999999999 2 3-11999999999999999999999
 -2 -5 -7 -8 -8 -7 -5 -2  1  4  7  8 10 11 11 11 11 11 12 12 11 10  8  524 416XM1853 12999999999999999999999 324 -9999999999999999999999
  2 -1 -4 -6 -7 -8 -6 -4 -1  2  5  7  8  9 10  9  9  9  9  9  9  9  9  724 417XM1415 102037  999999999999999 443 -81740  999999999999999
  5  2 -1 -3 -5 -7 -7 -6 -4 -1  3  5  7  8  8  8  7  6  6  6  7  7  8  824 418XM1341  82218  899999999999999 542 -71819  699999999999999
  7  5  2 -1 -3 -5 -7 -6 -5 -2  1  4  6  7  7  6  5  4  3  2  3  5  6  724 419XM1322  72334  799999999999999 626 -71847  299999999999999
  7  6  4  2 -1 -4 -5 -6 -5 -3  0  3  5  6  6  5  3  1  0 -1  0  1  3  624 420XM1318  6999999999999999999999 659 -61914 -199999999999999
  7  7  6  4  1 -2 -4 -5 -5 -3  0  3  6  7  7  5  3  0 -2 -3 -4 -2  0  324 421XM 035  71320  799999999999999 725 -51941 -499999999999999
  6  7  7  6  3  1 -1 -3 -3 -2  0  4  6  8  8  6  3  0 -3 -5 -6 -6 -3  024 422XM 129  71328  899999999999999 747 -32011 -699999999999999
  4  7  8  8  6  3  1  0 -1 -1  1  4  8 10 10  8  5  1 -3 -6 -8 -8 -7 -324 423XM 217  81340 1099999999999999 8 8 -12044 -899999999999999
  1  5  8  9  8  6  4  2  1  1  3  6  9 11 12 11  8  4 -1 -5 -8-10 -9 -624 424XM 3 3  91356 1299999999999999 829  12119-1099999999999999
 -2  3  7  9 10  9  7  5  4  4  4  7 10 13 14 14 11  7  2 -3 -7 -9-10 -924 425XM 348 101416 1499999999999999 849  42156-1099999999999999
 -5  0  5  8 10 10  9  7  7  6  7  8 11 14 16 16 14 11  6  1 -4 -8-10-1024 426XM 435 101440 1699999999999999 9 1  62236-1099999999999999
 -8 -3  2  6  9 10 10  9  9  8  9 10 11 14 16 17 17 14 10  5 -1 -5 -8-1024 427XM 526 1015 7 1799999999999999 850  82319-1099999999999999
 -9 -7 -2  2  6  9 10 10 10 10 10 11 12 14 16 18 18 17 13  9  4 -1 -5 -824 428XM1537 189999999999999999999999999999999999999999999999999
 -9 -9 -6 -2  2  6  8 10 10 10 11 12 13 14 16 17 18 18 16 12  8  3 -2 -524 429XM1614 18999999999999999999999 0 8 -9999999999999999999999
 -8 -9 -8 -6 -2  2  5  7  9 10 11 12 13 13 14 16 17 17 17 15 12  7  3 -124 430XM17 2 17999999999999999999999 1 5 -9999999999999999999999
 -5 -7 -9 -8 -6 -3  1  4  6  8 10 11 12 12 13 13 14 15 16 15 14 11  7  324 5 1XM1815 16999999999999999999999 212 -9999999999999999999999
 -1 -4 -7 -8 -8 -7 -4  0  3  6  8 10 10 11 11 11 11 11 12 13 14 13 11  824 5 2XM1954 14999999999999999999999 326 -8999999999999999999999
  4  0 -3 -6 -8 -8 -6 -3  1  4  7  9  9  9  9  8  7  7  8  9 11 13 13 1124 5 3XM1214  92139 1399999999999999 435 -81644  799999999999999
  9  5  1 -2 -5 -7 -7 -5 -1  3  6  9  9  9  8  6  4  3  3  4  6  9 12 1324 5 4XM12 4  92311 1399999999999999 534 -71747  399999999999999
 12 10  7  3  0 -3 -4 -4 -2  2  6  9 11 10  8  6  2  0 -2 -2  0  3  7 1124 5 5XM1216 11999999999999999999999 624 -51842 -299999999999999
 13 13 11  8  5  2  0 -1 -1  2  6 11 13 13 11  8  3 -1 -4 -6 -6 -4  1  624 5 6XM 033 131237 1399999999999999 7 9 -11934 -699999999999999
 11 14 14 13 10  7  5  3  3  4  7 12 15 17 15 12  7  1 -4 -7 -9 -9 -6  024 5 7XM 148 1413 4 1799999999999999 749  32024 -999999999999999
  6 11 14 15 14 12 10  8  7  7  9 13 17 19 20 17 13  6  0 -5 -9-11-10 -624 5 8XM 256 151335 2099999999999999 825  72114-1199999999999999
  0  6 12 15 16 15 13 12 11 11 11 14 18 21 22 22 18 13  6 -1 -6-10-11-1024 5 9XM 4 1 161410 2299999999999999 857 1122 3-1199999999999999
 -5  1  7 12 15 16 16 15 14 14 14 15 18 21 24 24 22 18 12  5 -1 -6 -9-1024 510XM 5 5 161447 2499999999999999 914 142253-1099999999999999
 -8 -4  2  7 12 15 16 16 16 16 16 16 18 20 23 25 24 22 18 12  5  0 -5 -824 511XM1526 259999999999999999999992344 -8999999999999999999999
 -8 -6 -2  3  8 12 14 15 16 16 17 17 18 19 21 23 24 23 21 17 11  5  1 -324 512XM16 7 249999999999999999999999999999999999999999999999999
 -5 -6 -4  0  4  8 11 13 15 16 16 17 18 18 20 21 22 22 21 19 15 10  6  224 513XM1649 22999999999999999999999 037 -6999999999999999999999
 -1 -3 -3 -2  1  4  8 11 13 14 15 16 17 17 18 18 19 20 20 19 17 13 10  624 514XM1735 20999999999999999999999 135 -4999999999999999999999
  3  0 -1 -2  0  2  5  8 11 13 14 15 16 16 16 16 16 17 17 17 16 14 12  924 515XM1834 17999999999999999999999 237 -2999999999999999999999
  6  3  1  0  0  1  3  6  9 11 13 14 14 14 14 14 13 13 14 14 14 14 13 1124 516XM1226 141959 1499999999999999 337  01639 1399999999999999
  9  6  4  2  2  2  3  5  7 10 12 13 14 13 13 12 11 10 10 11 12 12 12 1224 517XM1159 142144 1399999999999999 428  11732 1099999999999999
 11  9  7  5  4  3  4  5  7 10 12 13 14 13 12 10  9  8  7  7  8 10 11 1224 518XM1152 142316 1299999999999999 5 7  318 9  799999999999999
 12 11  9  8  6  5  5  6  8 10 13 14 15 14 12 10  8  6  4  4  5  7  9 1124 519XM1153 15999999999999999999999 537  51841  499999999999999
 12 12 12 10  9  8  8  8  9 12 14 16 17 16 14 11  8  5  3  2  2  4  7 1024 520XM 032 131159 1799999999999999 6 2  81912  299999999999999
 12 14 14 13 12 11 10 10 11 13 16 18 19 19 17 13 10  6  2  0  0  1  5  824 521XM 135 141213 1999999999999999 625 101945  099999999999999
 12 14 16 16 15 14 13 13 13 15 17 20 21 21 20 17 12  8  4  0 -1 -1  2  624 522XM 229 161234 2299999999999999 651 122020 -199999999999999
 10 14 16 17 17 16 15 15 15 16 18 21 23 24 23 21 16 11  6  2 -1 -2 -1  324 523XM 317 1813 0 2499999999999999 717 152058 -299999999999999
  8 12 16 18 19 19 18 17 17 18 19 22 24 26 26 24 21 15 10  4  0 -2 -3  024 524XM 4 2 191332 2699999999999999 738 172139 -399999999999999
  4  9 14 18 20 20 19 19 19 19 20 22 24 27 28 27 24 20 14  8  3 -1 -3 -324 525XM 448 2014 8 2899999999999999 750 192224 -399999999999999
  0  5 10 15 18 20 20 20 19 20 20 21 24 26 28 29 27 24 19 13  7  2 -1 -324 526XM 540 201448 2999999999999999 755 192312 -399999999999999
 -2  1  6 11 15 18 19 20 20 20 20 21 23 25 27 28 29 27 23 18 12  6  2 -224 527XM1533 299999999999999999999999999999999999999999999999999
 -3 -2  1  6 11 15 17 18 19 19 20 20 21 23 24 26 28 27 25 22 16 11  6  224 528XM1624 28999999999999999999999 0 4 -3999999999999999999999
 -1 -2 -1  2  6 10 14 16 18 18 19 19 20 20 21 23 25 26 26 24 20 16 11  624 529XM1724 26999999999999999999999 1 0 -2999999999999999999999
  2  0 -1  0  3  7 11 14 16 17 18 18 18 18 18 19 20 22 23 23 22 19 15 1124 530XM1838 24999999999999999999999 158 -1999999999999999999999
  7  4  2  1  2  5  8 12 15 17 18 18 17 16 16 15 16 17 19 20 21 21 19 1624 531XM1018 1820 8 2199999999999999 257  115 7 1599999999999999
 12  9  6  4  4  5  7 11 14 17 18 18 17 16 14 13 12 12 13 15 18 19 20 1924 6 1XM1027 192150 2099999999999999 354  41628 1199999999999999
 17 14 12  9  8  7  9 11 15 18 20 21 19 17 14 12  9  8  8  9 12 16 18 2024 6 2XM1046 212328 2099999999999999 446  71734  799999999999999
 20 19 17 15 13 12 12 13 16 19 22 24 23 20 17 13  9  6  4  4  6 10 14 1824 6 3XM1111 24999999999999999999999 533 121831  499999999999999
 20 21 21 19 18 17 16 16 18 21 24 27 27 25 22 17 12  7  4  2  2  5  9 1424 6 4XM 1 0 211141 2799999999999999 614 161925  199999999999999
 19 22 23 23 22 21 20 20 20 22 26 29 30 30 27 22 17 11  6  2  0  1  4  924 6 5XM 221 231217 3099999999999999 649 202016  099999999999999
 15 20 23 25 25 24 23 23 23 24 26 30 32 33 32 28 23 16 10  5  1  0  1  524 6 6XM 329 251257 3399999999999999 713 2321 5  099999999999999
 11 16 21 24 26 26 25 25 25 25 27 29 32 35 35 33 29 23 16 10  5  1  0  224 6 7XM 427 261340 3599999999999999 718 252154  099999999999999
  6 12 18 22 25 26 26 26 26 26 27 29 31 34 36 35 33 28 22 15 10  5  2  224 6 8XM1425 369999999999999999999992242  1999999999999999999999
  4  8 14 19 23 25 26 26 26 26 27 28 29 32 34 35 35 32 27 21 15  9  5  324 6 9XM1510 359999999999999999999992330  3999999999999999999999
  3  6 10 15 19 23 24 25 25 25 26 27 28 29 32 33 34 33 30 25 19 14  9  624 610XM1555 349999999999999999999999999999999999999999999999999
  5  5  8 12 16 20 22 24 24 24 25 25 26 27 28 30 31 32 30 27 23 18 13 1024 611XM1638 32999999999999999999999 016  5999999999999999999999
  7  6  7 10 13 17 20 22 23 23 24 24 24 25 25 27 28 29 29 27 24 20 17 1324 612XM1722 29999999999999999999999 1 1  6999999999999999999999
 10  9  8 10 12 15 18 20 22 23 23 23 23 23 23 23 24 25 26 25 24 22 19 1624 613XM1812 26999999999999999999999 143  8999999999999999999999
 13 12 11 11 12 14 17 19 21 22 23 23 22 21 21 21 21 21 22 23 23 22 20 1824 614XM10 7 231922 2399999999999999 221 111511 2199999999999999
 16 15 14 13 14 15 17 20 22 23 23 23 22 21 20 19 18 18 19 20 21 21 21 2024 615XM10 7 2421 7 2199999999999999 252 131624 1899999999999999
 19 18 17 16 16 17 19 21 23 24 25 25 23 22 20 18 16 16 16 17 18 20 21 2124 616XM1012 2523 6 2199999999999999 316 161716 1699999999999999
 21 20 20 19 19 20 21 23 25 26 27 27 26 24 21 18 16 14 13 14 16 18 20 2224 617XM1022 27999999999999999999999 339 191759 1399999999999999
 22 23 22 22 22 22 23 24 26 28 30 30 29 26 23 20 17 14 12 12 13 16 19 2124 618XM 052 231041 3099999999999999 4 4 221837 1299999999999999
 24 25 25 25 25 25 25 26 28 30 32 33 32 30 27 23 19 15 12 10 11 13 16 2024 619XM11 8 339999999999999999999991917 10999999999999999999999
 24 26 27 27 27 27 27 28 29 31 33 35 35 34 31 27 22 17 13 10  9 10 13 1824 620XM1142 359999999999999999999991958  9999999999999999999999
 22 26 28 29 29 29 29 29 30 31 34 36 37 37 35 31 26 21 15 11  8  8 10 1424 621XM1223 389999999999999999999992041  8999999999999999999999
 19 24 27 30 30 30 30 30 30 31 33 36 38 39 39 36 31 25 19 13  9  7  7 1024 622XM 414 3013 8 3999999999999999 639 302128  799999999999999
 15 20 25 28 30 31 30 30 30 31 32 34 37 40 41 39 36 31 24 17 12  8  6  624 623XM 451 311356 4199999999999999 7 9 302216  699999999999999
 10 15 21 25 28 30 30 29 29 30 31 32 35 38 40 41 39 35 29 22 16 11  7  524 624XM1446 4199999999999999999999923 6  5999999999999999999999
  6 10 16 21 25 28 29 29 28 28 29 30 32 34 38 40 40 38 34 28 21 15 10  724 625XM1539 409999999999999999999992356  6999999999999999999999
  6  7 11 17 22 25 27 28 28 27 27 28 28 30 33 36 38 38 36 32 26 20 15 1124 626XM 654 281636 3899999999999999 916 27999999999999999999999
  8  7  9 13 18 23 26 27 27 27 26 26 26 26 28 30 33 35 36 34 30 25 20 1624 627XM 732 271738 3699999999999999 045  71152 2699999999999999
 13 10 10 12 16 21 24 27 28 27 26 25 24 23 23 25 27 30 32 32 31 29 25 2124 628XM 8 6 281852 3299999999999999 134 101331 2399999999999999
 18 16 14 15 17 20 24 27 29 29 28 26 24 22 21 21 21 24 26 28 30 30 28 2624 629XM 837 292024 3099999999999999 221 141453 2099999999999999
 23 21 20 19 20 22 25 28 30 31 31 29 26 23 21 19 18 18 20 23 26 28 29 2924 630XM 9 8 312215 2999999999999999 3 7 191610 1899999999999999
 27 26 25 24 24 25 27 29 32 34 34 33 30 27 23 19 17 15 16 18 21 24 27 2924 7 1XM 942 34999999999999999999999 350 241721 1599999999999999
 30 30 29 29 28 28 29 31 34 36 37 37 35 31 27 23 19 15 14 14 16 20 24 2724 7 2XM 023 301019 3899999999999999 427 281824 1399999999999999
 30 32 32 32 32 32 32 33 35 37 40 41 40 37 33 28 22 18 14 13 13 16 20 2524 7 3XM11 1 419999999999999999999991921 12999999999999999999999
 29 32 33 34 34 34 34 35 36 38 40 42 43 42 38 33 28 22 17 14 12 13 16 2124 7 4XM1148 439999999999999999999992013 12999999999999999999999
 26 30 33 35 35 35 35 36 36 38 40 42 44 45 43 39 34 27 22 17 14 12 14 1724 7 5XM1237 4599999999999999999999921 1 12999999999999999999999
 22 28 32 34 35 36 35 35 36 37 38 41 44 45 45 43 39 33 26 21 16 13 13 1524 7 6XM1327 469999999999999999999992147 13999999999999999999999
 19 24 29 32 35 35 35 35 35 36 37 39 41 44 45 45 42 37 31 25 20 16 13 1324 7 7XM1415 469999999999999999999992230 13999999999999999999999
 16 21 26 30 33 34 34 34 34 34 35 36 38 41 44 45 44 40 35 29 23 19 15 1424 7 8XM 530 3415 1 4599999999999999 740 342310 1499999999999999
 15 18 22 27 30 32 33 33 32 32 33 34 35 37 40 42 43 41 37 32 27 22 18 1624 7 9XM 6 1 331543 4399999999999999 824 322347 1599999999999999
 15 17 20 24 28 31 32 32 32 31 31 32 32 34 36 38 40 40 38 34 29 25 21 1824 710XM 633 321624 4099999999999999 919 31999999999999999999999
 17 17 19 23 26 29 31 32 31 31 30 30 30 31 32 34 36 37 36 34 31 27 24 2124 711XM 7 3 3217 6 3799999999999999 020 1711 7 3099999999999999
 19 19 20 23 26 28 31 32 32 31 30 29 29 29 29 31 32 34 34 33 31 29 26 2424 712XM 728 321753 3499999999999999 047 191245 2999999999999999
 23 22 22 24 26 29 31 32 32 32 31 30 28 27 27 28 29 30 31 31 31 30 28 2724 713XM 747 331858 3199999999999999 1 8 221359 2799999999999999
 26 25 25 26 28 30 32 34 34 34 33 31 29 28 26 26 26 27 28 29 30 30 30 2924 714XM 8 5 342044 3099999999999999 121 251510 2699999999999999
 29 28 28 29 30 32 34 35 36 36 35 33 31 29 27 25 24 24 26 27 28 30 31 3124 715XM 825 36999999999999999999999 119 281616 2499999999999999
 31 31 31 32 33 34 36 37 39 39 38 37 34 31 28 26 24 23 23 25 27 29 31 3224 716XM 853 399999999999999999999991714 23999999999999999999999
 33 34 34 34 35 36 37 39 40 41 41 40 38 35 31 28 24 22 21 22 24 27 30 3224 717XM 930 4199999999999999999999918 4 21999999999999999999999
 34 35 36 37 37 37 38 40 41 43 44 43 42 39 35 31 26 23 20 20 21 24 27 3124 718XM1017 449999999999999999999991852 20999999999999999999999
 34 36 37 38 38 38 39 40 41 43 45 46 45 43 39 35 30 25 21 18 18 20 23 2824 719XM11 9 469999999999999999999991940 18999999999999999999999
 32 36 38 39 39 39 39 39 41 42 45 47 48 47 44 40 34 28 22 18 16 16 19 2324 720XM12 3 489999999999999999999992029 16999999999999999999999
 28 33 36 38 39 38 38 38 39 41 43 46 48 49 48 45 39 33 26 20 16 14 15 1824 721XM 4 1 391258 4999999999999999 617 382118 1499999999999999
 23 29 34 37 38 38 37 37 37 38 40 43 46 49 50 48 44 38 31 24 18 14 13 1424 722XM 422 381353 5099999999999999 7 4 3722 6 1399999999999999
 18 24 30 34 36 37 36 35 35 35 36 38 42 46 49 50 48 43 37 29 22 17 14 1324 723XM 448 371448 5099999999999999 756 352252 1399999999999999
 15 20 26 31 34 36 36 34 33 32 33 34 36 40 44 47 48 46 41 35 28 22 18 1524 724XM 517 361544 4899999999999999 9 5 322337 1499999999999999
 14 17 22 28 32 35 36 34 32 31 30 30 31 34 38 42 45 45 43 39 33 28 23 2024 725XM 547 361644 46999999999999991048 30999999999999999999999
 18 18 21 26 31 34 36 36 34 31 30 28 28 28 31 35 39 41 42 41 37 33 29 2624 726XM 618 361749 4299999999999999 020 1812 9 2899999999999999
 23 22 23 27 31 34 37 38 36 34 31 29 27 26 26 28 32 35 38 39 38 36 33 3124 727XM 650 3819 8 3999999999999999 1 2 221321 2699999999999999
 29 28 28 29 32 35 38 40 39 38 35 32 29 26 24 24 26 29 32 34 36 37 36 3524 728XM 725 402053 3799999999999999 140 271435 2499999999999999
 34 33 33 33 34 37 39 41 42 42 39 36 32 29 26 24 23 24 26 29 32 35 36 3724 729XM 8 4 42999999999999999999999 214 331555 2399999999999999
 37 37 37 37 38 39 41 43 44 45 44 41 38 34 30 26 23 22 23 25 28 31 34 3724 730XM 850 459999999999999999999991714 22999999999999999999999
 38 39 40 40 40 41 42 43 45 47 47 46 43 39 35 30 26 23 22 22 24 27 31 3524 731XM 943 479999999999999999999991823 22999999999999999999999
 38 40 41 42 42 42 43 44 45 47 48 49 47 44 40 36 31 26 23 21 22 24 28 3224 8 1XM1041 499999999999999999999991921 21999999999999999999999
 36 39 41 42 42 42 43 43 44 46 48 50 50 48 45 41 35 30 26 23 21 22 25 2924 8 2XM1139 509999999999999999999992011 21999999999999999999999
 34 38 40 41 42 42 42 42 43 44 46 49 50 51 49 45 40 34 29 25 22 21 22 2624 8 3XM1233 519999999999999999999992054 21999999999999999999999
 31 35 38 40 41 40 40 40 40 41 43 46 49 51 50 48 44 38 32 27 23 21 21 2324 8 4XM 356 411323 5199999999999999 625 402133 2199999999999999
 28 32 36 39 40 39 39 38 38 39 40 42 46 49 50 49 46 41 35 30 25 22 21 2224 8 5XM 410 4014 9 5099999999999999 711 3822 9 2199999999999999
 25 30 34 37 39 39 38 36 36 36 37 39 42 45 48 48 47 43 38 32 28 24 22 2124 8 6XM 430 391451 4899999999999999 758 362240 2199999999999999
 23 27 32 35 37 38 37 36 34 34 34 35 38 41 44 46 46 44 40 35 30 26 24 2324 8 7XM 452 381531 4699999999999999 853 3423 8 2399999999999999
 23 26 30 34 36 37 37 36 34 33 33 33 34 37 40 43 44 43 41 37 33 29 26 2524 8 8XM 512 381611 449999999999999910 3 332332 2599999999999999
 25 27 30 33 36 38 38 36 34 33 32 31 32 33 36 39 41 41 40 38 35 32 29 2824 8 9XM 531 381654 41999999999999991110 312350 2899999999999999
 28 29 31 34 37 38 39 38 36 34 32 31 30 31 32 35 37 39 39 38 36 34 32 3124 810XM 547 391744 39999999999999991210 30999999999999999999999
 31 31 33 35 38 39 40 40 38 36 34 32 30 30 30 32 34 36 37 37 37 35 35 3424 811XM 6 3 401850 3799999999999999 0 0 3113 8 302349 349999999
 34 34 35 37 39 41 42 42 41 38 36 34 32 30 29 30 31 33 34 36 36 36 36 3624 812XM 622 429999999999999999999991410 29999999999999999999999
 37 37 38 39 41 42 43 44 43 42 39 37 34 32 30 29 29 30 32 34 35 36 37 3824 813XM 649 449999999999999999999991519 29999999999999999999999
 39 39 40 41 42 43 45 45 45 44 43 40 37 34 31 29 28 28 29 31 33 35 37 3924 814XM 729 459999999999999999999991631 28999999999999999999999
 40 41 42 42 43 44 45 46 47 47 46 44 41 37 34 31 28 26 26 27 30 33 36 3824 815XM 828 479999999999999999999991736 26999999999999999999999
 40 42 42 43 43 44 45 46 47 48 48 47 45 41 37 33 29 26 24 24 26 29 33 3624 816XM 941 489999999999999999999991833 24999999999999999999999
 39 41 42 43 43 43 44 45 46 48 49 50 49 46 42 37 32 27 23 21 22 24 28 3324 817XM1051 509999999999999999999991925 21999999999999999999999
 37 40 42 42 42 42 42 42 44 46 48 51 51 50 47 42 36 30 24 21 19 20 23 2824 818XM1155 519999999999999999999992014 19999999999999999999999
 33 37 40 41 41 40 39 39 40 42 45 48 51 52 51 47 41 34 28 22 18 17 19 2324 819XM 314 411255 5299999999999999 625 3921 1 1799999999999999
 29 34 38 40 40 39 37 36 36 37 39 43 48 52 53 51 46 40 33 26 21 18 17 1924 820XM 330 401353 5399999999999999 722 362146 1799999999999999
 25 31 36 39 39 38 36 34 33 33 34 37 42 47 51 52 50 45 38 31 26 21 19 1924 821XM 352 391451 5299999999999999 830 332228 1899999999999999
 22 28 34 38 39 39 36 33 31 30 29 31 34 40 45 49 50 48 43 37 31 27 23 2224 822XM 417 401551 5099999999999999 947 2923 9 2299999999999999
 23 27 32 37 40 40 39 35 31 29 27 26 28 32 37 42 46 47 45 41 37 33 29 2724 823XM 444 411654 47999999999999991056 262348 2699999999999999
 26 28 32 37 41 42 41 39 35 31 28 26 25 26 30 35 39 42 43 43 40 37 35 3324 824XM 513 4218 4 439999999999999912 0 25999999999999999999999
 32 32 34 38 41 44 44 43 39 35 31 28 25 24 25 28 32 36 39 40 41 40 39 3824 825XM 546 441932 4199999999999999 024 3213 5 2499999999999999
 37 37 37 40 42 45 46 46 44 40 36 32 29 26 24 25 27 30 33 36 38 40 40 4024 826XM 623 46999999999999999999999 054 371417 2499999999999999
 41 41 41 42 43 45 47 47 47 45 42 38 34 30 27 25 25 26 28 31 35 37 39 4124 827XM 7 9 479999999999999999999991543 25999999999999999999999
 42 43 43 44 44 45 46 48 48 48 46 43 40 36 32 28 26 25 25 27 30 34 37 4024 828XM 810 489999999999999999999991710 25999999999999999999999
 42 43 44 45 45 45 46 47 48 49 49 47 45 41 37 33 29 26 25 25 27 31 34 3824 829XM 925 499999999999999999999991820 25999999999999999999999
 41 43 44 44 44 44 44 45 46 48 49 49 48 45 42 37 33 29 26 25 25 28 31 3524 830XM1038 499999999999999999999991915 25999999999999999999999
 39 41 43 43 43 42 42 43 43 45 47 49 49 48 45 41 36 32 28 25 24 25 29 3324 831XM 3 6 431141 4999999999999999 6 6 421959 2499999999999999
 37 39 41 42 41 40 40 40 40 42 44 47 49 49 47 44 39 34 30 26 24 24 26 3024 9 1XM 254 421234 4999999999999999 639 402035 2499999999999999
 34 38 40 40 40 39 38 37 37 38 41 44 47 48 48 46 42 37 32 28 25 24 25 2824 9 2XM 259 401320 4999999999999999 711 3721 7 2499999999999999
 32 36 38 39 39 37 36 35 35 35 37 40 44 46 47 47 44 39 34 29 26 24 24 2624 9 3XM 311 3914 3 4799999999999999 748 342135 2499999999999999
 30 34 37 39 39 37 35 33 32 32 33 35 39 43 45 46 44 41 36 32 28 26 25 2624 9 4XM 326 391444 4699999999999999 831 3222 0 2599999999999999
 29 33 36 38 39 37 35 32 31 30 30 32 35 39 42 44 44 42 38 34 30 28 27 2724 9 5XM 341 391525 4499999999999999 917 302221 2799999999999999
 29 33 36 39 39 38 36 33 30 29 28 29 31 35 39 41 42 42 39 36 33 31 30 2924 9 6XM 355 3916 7 429999999999999910 4 282238 2999999999999999
 31 34 37 39 40 40 38 35 31 29 28 27 28 31 35 38 40 41 40 38 35 33 32 3224 9 7XM 4 9 401653 41999999999999991051 272249 3299999999999999
 33 35 38 40 42 41 40 37 34 31 29 27 27 29 31 35 37 39 39 38 37 36 35 3524 9 8XM 423 421746 39999999999999991138 272240 3599999999999999
 35 37 39 41 43 43 42 40 36 33 31 29 27 27 29 32 34 37 38 38 38 37 37 3724 9 9XM 439 431857 38999999999999991228 272148 3799999999999999
 38 39 40 42 44 44 44 42 39 36 33 31 29 28 28 29 31 34 36 37 38 38 38 3924 910XM 459 449999999999999999999991324 27999999999999999999999
 40 41 42 43 44 45 45 44 42 39 36 34 31 29 28 28 29 30 32 34 36 38 39 4024 911XM 527 459999999999999999999991433 27999999999999999999999
 41 42 42 43 44 45 46 45 44 42 40 37 34 31 29 27 26 27 29 31 33 36 38 4024 912XM 613 469999999999999999999991556 26999999999999999999999
 41 42 43 43 44 44 45 45 45 45 43 41 37 34 31 27 25 24 25 27 29 33 36 3824 913XM 739 469999999999999999999991712 24999999999999999999999
 40 41 42 42 42 43 43 44 45 46 46 44 41 38 34 29 26 23 22 22 25 28 32 3624 914XM 921 469999999999999999999991812 22999999999999999999999
 38 40 41 40 40 40 40 41 43 45 46 47 45 42 38 33 28 23 20 19 20 23 28 3324 915XM1043 4799999999999999999999919 4 19999999999999999999999
 36 38 39 39 38 37 37 37 39 41 44 47 48 46 43 38 32 26 22 19 18 20 24 2924 916XM 2 5 391152 4899999999999999 553 371951 1899999999999999
 34 37 38 38 36 34 33 33 33 36 39 44 47 48 47 43 37 31 25 21 18 18 21 2624 917XM 212 381255 4899999999999999 648 332035 1899999999999999
 31 36 38 38 36 33 30 28 28 29 32 37 43 47 48 47 43 37 30 25 21 19 20 2424 918XM 228 381357 4899999999999999 747 282117 1999999999999999
 29 35 38 39 37 34 29 26 24 24 25 29 36 42 46 47 46 42 36 31 26 24 23 2424 919XM 250 391459 4799999999999999 849 242157 2399999999999999
 29 34 38 40 40 36 32 27 23 21 20 22 27 34 40 44 45 44 41 36 32 29 27 2724 920XM 315 4016 2 4599999999999999 949 202235 2799999999999999
 30 34 39 42 42 40 36 30 25 22 19 18 21 26 32 38 41 43 42 40 37 34 33 3224 921XM 344 4217 8 43999999999999991047 182310 3299999999999999
 32 35 39 43 44 44 41 36 30 25 21 19 18 20 25 30 35 39 40 40 39 38 37 3624 922XM 415 441824 41999999999999991145 182340 3699999999999999
 36 37 40 43 45 46 44 41 36 31 26 22 20 19 21 24 29 33 36 38 39 39 39 3924 923XM 450 469999999999999999999991247 19999999999999999999999
 39 40 41 43 45 46 46 44 41 37 32 28 24 22 21 22 24 27 31 34 37 38 40 4124 924XM 530 4699999999999999999999914 0 21999999999999999999999
 41 42 42 43 44 45 46 45 44 41 38 34 30 27 24 22 22 24 26 30 33 36 38 4024 925XM 624 469999999999999999999991528 22999999999999999999999
 41 42 42 42 42 43 44 44 45 44 42 39 35 32 28 25 23 23 24 26 29 33 36 3824 926XM 742 459999999999999999999991656 23999999999999999999999
 40 41 41 41 41 41 41 42 43 44 43 42 39 36 33 29 26 24 23 23 26 29 33 3624 927XM 210 41 916 4499999999999999 459 4118 2 2399999999999999
 38 39 40 40 39 38 38 39 40 41 43 43 42 39 36 32 29 25 23 22 24 27 30 3424 928XM 2 2 401038 4399999999999999 555 381852 2299999999999999
 36 38 38 38 37 36 35 35 36 38 40 42 42 41 38 35 31 27 24 23 23 25 28 3224 929XM 151 381141 4299999999999999 632 351931 2299999999999999
 34 36 37 36 35 33 32 32 32 34 37 40 41 41 40 37 33 29 26 23 22 23 26 3024 930XM 150 371233 4299999999999999 7 2 3220 2 2299999999999999
 33 35 36 35 33 31 30 29 29 30 33 36 39 41 40 38 35 31 27 25 23 23 25 292410 1XM 156 361319 4199999999999999 731 292028 2399999999999999
 32 35 36 35 33 30 28 26 26 26 29 32 36 39 40 39 36 33 29 26 25 24 25 282410 2XM 2 5 3614 3 4099999999999999 8 1 262050 2499999999999999
 32 35 36 36 33 30 27 25 23 23 25 28 33 36 39 39 38 35 31 29 27 26 26 292410 3XM 216 361445 3999999999999999 834 2321 9 2699999999999999
 32 35 37 37 35 32 28 24 22 21 22 24 29 33 36 38 38 36 34 31 29 28 28 302410 4XM 229 371528 3899999999999999 911 212126 2899999999999999
 33 36 38 38 37 34 30 26 23 21 20 21 25 29 34 36 38 37 35 33 31 30 30 312410 5XM 243 381613 3899999999999999 949 202139 3099999999999999
 34 36 39 40 39 36 32 28 24 21 20 20 22 26 30 34 36 37 36 35 33 33 33 332410 6XM 3 0 4017 0 37999999999999991029 202140 3399999999999999
 35 37 40 41 40 39 35 31 27 23 21 20 21 23 27 31 34 36 36 36 35 34 34 352410 7XM 318 411755 36999999999999991111 2021 9 3499999999999999
 36 38 40 41 42 40 38 34 30 26 23 21 20 21 24 27 31 33 35 35 35 35 36 362410 8XM 339 429999999999999999999991158 20999999999999999999999
 37 38 40 41 42 41 40 37 33 29 26 23 21 21 22 24 27 30 32 33 34 35 36 372410 9XM 4 4 429999999999999999999991254 21999999999999999999999
 38 38 39 40 41 41 41 39 36 32 29 26 23 21 21 21 23 25 28 30 32 34 35 36241010XM 436 4199999999999999999999914 2 21999999999999999999999
 37 38 39 39 40 40 40 40 38 35 32 29 26 23 21 20 20 21 23 26 29 32 34 35241011XM 529 409999999999999999999991525 20999999999999999999999
 36 37 37 37 38 38 39 39 39 38 36 33 29 26 22 20 18 18 19 22 25 28 31 33241012XM 720 399999999999999999999991642 18999999999999999999999
 35 35 35 35 35 35 35 36 38 38 38 36 33 30 26 22 19 17 16 18 21 25 29 31241013XM 912 389999999999999999999991743 16999999999999999999999
 33 33 33 32 31 31 31 32 34 36 38 39 37 34 30 25 21 18 16 16 18 22 26 30241014XM 057 331040 3999999999999999 521 311834 1599999999999999
 32 33 32 30 28 27 26 26 28 32 35 38 39 38 35 30 25 21 18 16 16 19 24 29241015XM 053 331155 3999999999999999 611 261920 1699999999999999
 32 33 32 30 27 24 22 21 22 25 30 35 38 40 39 35 31 26 22 19 18 19 23 28241016XM 1 5 3313 3 4099999999999999 7 1 2120 2 1899999999999999
 32 34 34 32 27 23 19 17 16 18 22 28 34 38 40 39 36 31 27 24 22 21 23 28241017XM 125 3414 9 4099999999999999 754 162042 2199999999999999
 32 36 37 35 31 25 20 16 13 12 14 20 27 33 37 39 39 36 32 29 26 25 26 28241018XM 150 371514 3999999999999999 848 122120 2599999999999999
 33 37 39 39 36 30 24 18 13 11 10 13 19 26 32 36 38 38 36 33 31 30 29 30241019XM 220 391618 3999999999999999 941 102155 2999999999999999
 33 37 40 41 40 36 29 23 17 13 10 10 13 18 25 31 35 37 37 35 34 33 33 33241020XM 253 411726 37999999999999991035  92224 3399999999999999
 34 37 40 42 42 40 35 29 23 17 13 11 11 14 19 24 29 33 35 35 35 35 35 35241021XM 330 431851 35999999999999991131 102221 3599999999999999
 35 37 39 42 43 42 39 35 29 24 19 15 13 13 15 19 23 28 31 33 34 35 36 36241022XM 410 439999999999999999999991231 12999999999999999999999
 36 37 38 40 41 41 41 38 34 30 25 21 17 15 15 16 19 23 26 30 32 33 35 36241023XM 456 429999999999999999999991340 15999999999999999999999
 36 36 37 37 38 39 39 39 37 34 30 26 22 19 17 16 17 19 22 25 28 31 33 34241024XM 554 3999999999999999999999915 1 16999999999999999999999
 35 35 35 35 35 35 36 37 36 35 33 30 27 23 21 18 17 18 19 22 25 28 30 32241025XM 714 379999999999999999999991620 17999999999999999999999
 33 33 33 33 32 32 32 33 34 34 34 32 30 27 24 21 19 18 18 20 22 25 28 30241026XM 058 33 854 3499999999999999 456 321722 1899999999999999
 31 32 31 30 29 28 28 29 30 32 32 32 31 29 26 23 21 19 18 19 21 23 26 29241027XM 045 321024 3399999999999999 545 2818 9 1899999999999999
 30 30 30 28 27 25 25 25 26 28 30 31 31 30 28 25 23 21 19 19 20 22 25 28241028XM 039 301135 3199999999999999 622 241845 1999999999999999
 29 30 29 27 25 23 21 21 22 24 27 29 31 31 30 27 25 22 21 20 20 22 25 28241029XM 041 301233 3199999999999999 652 211912 2099999999999999
 29 30 29 27 24 21 19 18 18 20 23 27 29 31 30 29 27 24 23 21 21 23 25 28241030XM 046 301324 3199999999999999 720 181933 2199999999999999
 30 31 30 27 24 21 18 16 15 16 19 23 27 30 31 30 29 26 25 23 23 24 26 29241031XM 055 311412 3199999999999999 749 151951 2399999999999999
 31 32 32 29 26 21 18 15 13 14 16 20 24 28 31 31 30 29 27 25 25 25 27 292411 1XM 1 8 321456 3199999999999999 821 1320 9 2599999999999999
 32 34 34 32 28 24 19 15 13 12 13 17 21 26 29 31 32 30 29 27 27 27 28 302411 2XM 125 341539 3299999999999999 855 122026 2799999999999999
 33 35 35 34 31 27 21 17 13 11 11 14 18 23 27 30 32 31 30 29 28 28 29 312411 3XM 147 351623 3299999999999999 932 112038 2899999999999999
 33 35 37 36 34 30 25 20 15 12 11 12 15 19 24 28 30 31 31 30 29 29 30 312411 4XM 211 371710 31999999999999991012 112035 2999999999999999
 33 35 37 37 36 33 28 23 18 14 12 11 12 16 20 24 28 30 31 30 30 30 30 312411 5XM 239 379999999999999999999991055 11999999999999999999999
 32 34 36 37 37 35 31 26 21 17 14 12 11 13 16 20 24 27 29 29 29 30 30 312411 6XM 310 379999999999999999999991142 11999999999999999999999
 32 33 35 36 36 35 33 29 25 20 16 13 12 11 13 16 19 23 25 27 28 29 29 302411 7XM 346 369999999999999999999991237 11999999999999999999999
 31 32 33 34 35 35 34 31 28 23 19 16 13 11 11 12 15 18 21 24 26 27 28 292411 8XM 432 359999999999999999999991341 11999999999999999999999
 29 30 30 31 32 32 32 32 30 27 23 19 16 13 11 11 12 14 17 20 23 25 26 272411 9XM 541 329999999999999999999991453 11999999999999999999999
 28 28 28 28 28 29 29 30 30 29 26 23 19 16 13 11 10 11 13 17 20 23 25 26241110XM 721 302337 269999999999999916 2 10999999999999999999999
 26 26 25 24 24 24 25 26 28 29 28 26 24 20 17 14 12 11 12 14 18 21 24 26241111XM 9 8 292328 2699999999999999 419 2417 1 1199999999999999
 26 24 23 21 20 19 19 21 23 26 28 28 27 25 21 18 15 13 13 14 17 21 24 26241112XM1044 282340 2799999999999999 517 191753 1399999999999999
 26 25 23 20 17 15 14 14 17 21 25 28 29 28 26 23 20 17 16 15 17 20 24 27241113XM12 7 29999999999999999999999 6 9 141839 1599999999999999
 29 28 25 21 16 12 10  9 10 14 19 24 28 30 30 28 25 22 20 19 19 21 25 29241114XM 0 1 291322 3099999999999999 7 0  91921 1999999999999999
 31 31 29 24 19 13  9  6  5  7 12 18 24 28 31 31 29 27 24 23 22 23 26 30241115XM 029 311431 3199999999999999 751  520 0 2299999999999999
 33 34 33 29 24 17 11  6  3  3  5 11 18 24 29 31 31 30 28 26 26 25 27 30241116XM 1 1 341535 3199999999999999 842  22034 2599999999999999
 34 36 37 34 30 23 16  9  5  2  2  5 11 18 24 28 31 31 30 29 28 28 28 30241117XM 139 371637 3199999999999999 934  121 2 2899999999999999
 33 36 38 38 35 29 22 15  9  5  2  2  6 12 18 24 28 30 30 29 29 29 29 30241118XM 220 381741 30999999999999991026  221 2 2999999999999999
 32 35 37 38 37 34 28 22 15 10  5  3  4  7 12 18 23 26 28 29 29 29 29 29241119XM 3 4 389999999999999999999991119  3999999999999999999999
 30 32 34 36 37 36 32 27 21 15 10  7  5  6  9 13 18 22 25 27 27 28 28 28241120XM 351 379999999999999999999991214  5999999999999999999999
 29 30 31 33 34 34 33 30 25 20 15 11  9  7  8 10 14 18 21 24 25 26 27 27241121XM 440 349999999999999999999991313  7999999999999999999999
 27 27 28 29 30 31 31 30 27 23 19 16 12 10  9  9 11 14 17 20 23 24 25 25241122XM 534 319999999999999999999991415  9999999999999999999999
 26 25 25 25 26 26 27 27 26 24 22 19 16 13 11 11 11 12 15 18 20 22 23 24241123XM 638 272326 24999999999999991516 10999999999999999999999
 24 23 23 22 22 22 23 23 24 23 22 20 18 16 14 13 12 12 14 16 18 21 22 23241124XM 8 5 242317 2399999999999999 413 221611 1299999999999999
 23 22 21 20 18 18 18 19 20 21 21 21 20 18 16 15 14 13 14 16 18 20 22 23241125XM 953 212318 2399999999999999 514 181655 1399999999999999
 22 21 20 18 16 15 14 15 16 18 20 20 20 20 18 17 16 15 15 16 18 20 22 23241126XM1128 212323 2399999999999999 556 141728 1599999999999999
 23 22 20 17 15 12 11 11 13 15 17 19 21 21 20 19 18 18 17 18 19 21 23 24241127XM1246 212332 2599999999999999 629 111752 1799999999999999
 24 23 21 17 14 11  9  8  9 12 15 18 20 22 22 21 20 20 19 19 20 22 24 26241128XM1349 222347 2699999999999999 659  81813 1999999999999999
 26 25 23 19 15 11  8  7  7  8 12 16 19 22 23 23 23 22 21 21 22 23 25 27241129XM1439 23999999999999999999999 731  61836 2199999999999999
 28 28 26 22 17 13  9  6  5  6  9 13 17 21 23 24 24 23 23 22 23 24 26 28241130XM 0 9 281520 2499999999999999 8 4  519 2 2299999999999999
 30 30 28 25 21 16 11  7  4  4  6 10 15 19 23 25 25 25 24 23 23 24 26 282412 1XM 037 301557 2599999999999999 840  41928 2399999999999999
 30 31 31 28 24 19 13  8  5  3  3  6 11 16 20 24 25 25 25 24 24 24 25 272412 2XM 110 311635 2599999999999999 919  31949 2499999999999999
 30 32 32 31 28 23 17 11  6  3  2  3  7 12 17 21 24 25 25 24 24 24 25 262412 3XM 147 321717 259999999999999910 2  220 1 2499999999999999
 28 31 32 32 30 26 21 15  9  5  2  1  3  7 12 17 21 23 23 23 23 23 24 252412 4XM 226 329999999999999999999991047  1999999999999999999999
 26 28 30 31 31 28 24 18 12  7  4  1  1  3  7 12 16 20 21 22 22 22 22 232412 5XM 3 9 319999999999999999999991135  1999999999999999999999
 24 25 27 29 30 29 26 21 16 11  6  3  1  1  3  7 12 16 18 20 20 20 21 212412 6XM 356 309999999999999999999991226  1999999999999999999999
 21 22 24 25 27 27 26 23 19 14 10  6  3  1  2  4  8 12 15 17 19 19 19 192412 7XM 450 279999999999999999999991320  1999999999999999999999
 19 19 20 21 22 24 24 24 21 18 13 10  6  4  3  3  5  9 12 15 17 18 18 182412 8XM 557 242124 18999999999999991415  3999999999999999999999
 17 17 16 16 17 19 20 21 21 20 17 14 11  8  6  5  5  8 11 14 17 18 19 182412 9XM 723 212143 1999999999999999 229 161512  599999999999999
 16 15 13 12 12 13 14 17 18 19 19 17 15 13 10  9  8  9 11 14 17 19 20 19241210XM 910 1922 7 2099999999999999 354 1216 7  899999999999999
 18 15 12 10  8  7  8 10 13 16 18 19 18 17 15 14 12 12 13 15 17 20 22 22241211XM11 0 192234 2299999999999999 5 2  71659 1299999999999999
 21 17 14 10  7  4  3  4  7 11 15 18 20 20 19 18 17 16 16 16 19 22 24 25241212XM1240 2023 7 2599999999999999 6 1  31747 1699999999999999
 25 22 17 12  8  3  1  0  1  5 10 15 19 21 22 21 21 20 19 19 20 22 25 28241213XM14 6 222345 2899999999999999 656  01830 1999999999999999
 28 27 23 17 11  6  1 -2 -3 -1  4  9 15 20 22 23 23 22 21 21 21 23 26 29241214XM1513 23999999999999999999999 749 -319 6 2199999999999999
 31 30 28 23 17 10  4 -1 -4 -4 -2  4 10 16 20 23 24 24 23 22 22 23 25 28241215XM 029 3116 5 2499999999999999 840 -41933 2299999999999999
 31 32 32 29 24 17  9  3 -2 -4 -4 -1  4 11 17 21 23 24 23 23 22 23 24 26241216XM 117 321651 2499999999999999 930 -51951 2299999999999999
 29 31 33 32 28 23 16  8  2 -2 -4 -4  0  6 12 17 20 22 22 22 22 22 22 23241217XM 2 6 331735 22999999999999991020 -42010 2299999999999999
 25 28 31 32 30 27 21 14  7  2 -2 -3 -2  2  7 12 17 20 21 21 20 20 20 21241218XM 255 321819 219999999999999911 8 -32037 2099999999999999
 22 24 27 29 30 28 24 18 12  6  2 -1 -2  0  3  8 13 16 18 19 19 18 19 19241219XM 343 309999999999999999999991154 -2999999999999999999999
 19 20 23 25 26 26 24 20 15 10  6  2  0  0  2  5  9 13 15 17 17 17 17 17241220XM 428 269999999999999999999991238  0999999999999999999999
 17 17 18 20 22 22 22 20 17 13  9  5  3  2  2  4  7 10 13 15 16 16 16 15241221XM 513 232033 16999999999999991318  2999999999999999999999
 15 15 15 15 17 18 18 18 16 14 11  8  6  4  4  5  7  9 12 14 15 15 15 14241222XM 6 2 1821 0 1599999999999999 124 151352  499999999999999
 14 13 12 12 12 13 14 14 14 13 12 10  8  7  7  7  8 10 12 14 15 16 15 15241223XM 7 9 142117 1699999999999999 253 121417  799999999999999
 13 12 10  9  9  9 10 11 12 12 12 11 10 10  9  9 10 11 13 14 16 16 16 16241224XM 9 6 122131 1799999999999999 412  91426  999999999999999
 14 12 10  8  7  6  6  7  9 10 11 12 12 12 12 12 12 13 14 16 17 18 18 17241225XM2146 18999999999999999999999 511  6999999999999999999999
 16 13 11  8  6  4  4  4  6  8 10 12 13 13 14 14 14 15 16 17 18 20 20 20241226XM22 9 20999999999999999999999 556  4999999999999999999999
 18 16 13  9  6  3  2  2  3  5  8 11 13 15 16 16 16 17 17 18 19 21 22 22241227XM2241 22999999999999999999999 634  1999999999999999999999
 21 19 15 11  7  4  1  0  0  2  6  9 13 15 17 18 18 18 18 19 20 21 23 24241228XM2321 24999999999999999999999 711  0999999999999999999999
 24 22 19 15 10  5  1 -1 -2 -1  3  7 11 15 17 18 19 19 18 19 19 21 23 25241229XM9999999999999999999999999999 749 -2999999999999999999999
 25 25 22 18 13  8  3 -1 -3 -3 -1  3  8 13 16 18 19 19 18 18 19 20 22 24241230XM 0 5 251616 1999999999999999 829 -41847 1899999999999999
 26 26 25 22 17 12  5  0 -4 -5 -5 -1  4  9 14 17 18 18 18 17 17 18 19 22241231XM 052 261635 1899999999999999 912 -51922 1799999999999999
