 16 17 19 21 23 23 22 19 14  9  5  1  0 -1  1  4  8 11 14 15 15 15 14 1324 1 1XO 436 231940 15999999999999991241 -12335 1399999999999999
 13 14 15 17 19 20 19 18 15 11  7  4  2  1  1  4  7 10 12 14 15 14 13 1224 1 2XO 515 2020 4 159999999999999913 9  1999999999999999999999
 12 12 12 13 14 16 16 16 14 12  9  6  4  3  3  4  7 10 12 14 15 15 14 1324 1 3XO 6 0 162024 1599999999999999 112 121330  399999999999999
 11 10 10 10 10 12 13 13 13 12 10  8  7  6  6  7  8 11 13 15 16 16 15 1424 1 4XO 7 7 132040 1699999999999999 236  91342  699999999999999
 12 10  9  8  7  8  9 10 11 11 11 10 10  9  9  9 10 12 14 16 18 18 18 1624 1 5XO 911 112057 1899999999999999 349  71341  999999999999999
 14 11  9  7  5  5  6  7  9 10 11 12 12 12 12 12 13 14 16 18 19 20 20 1924 1 6XO2122 20999999999999999999999 455  5999999999999999999999
 17 14 10  7  5  3  3  4  6  8 10 12 14 15 15 15 16 16 17 19 21 22 23 2224 1 7XO2159 23999999999999999999999 551  3999999999999999999999
 20 17 13  9  5  2  1  0  2  5  8 12 14 16 17 18 18 18 19 20 21 23 25 2524 1 8XO2246 25999999999999999999999 641  0999999999999999999999
 24 21 17 13  8  3  0 -2 -2  0  4  9 13 16 18 19 20 20 20 20 21 23 25 2724 1 9XO2341 27999999999999999999999 729 -2999999999999999999999
 27 26 22 17 12  6  1 -3 -5 -5 -1  3  9 14 17 19 20 20 20 20 20 22 24 2624 110XO1613 20999999999999999999999 817 -51837 2099999999999999
 28 29 27 23 17 10  3 -2 -6 -8 -7 -3  3  9 14 18 20 20 19 18 18 19 21 2424 111XO 039 291639 2099999999999999 9 7 -81929 1899999999999999
 27 30 30 27 23 16  8  1 -5 -9-10 -8 -3  3 10 14 17 19 18 17 16 16 17 1924 112XO 135 3017 9 1999999999999999 957-102017 1699999999999999
 23 27 30 30 27 22 15  6 -1 -7-11-11 -9 -3  4 10 14 16 17 16 14 13 14 1524 113XO 230 301741 17999999999999991046-1221 9 1399999999999999
 17 21 26 29 28 25 20 12  4 -3 -8-11-11 -8 -1  5 11 14 15 15 13 11 10 1024 114XO 324 291812 15999999999999991133-112216 1099999999999999
 12 14 19 24 26 26 23 17 10  3 -3 -7 -9 -9 -5  2  7 12 14 14 13 10  8  724 115XO 419 261843 14999999999999991217-102347  799999999999999
  7  8 11 16 20 22 22 19 14  8  2 -2 -5 -6 -4  0  5 10 13 14 14 11  9  624 116XO 518 221913 14999999999999991258 -6999999999999999999999
  5  4  5  8 12 16 17 17 15 12  7  4  1 -1 -1  1  5 10 13 15 15 14 11  824 117XO 629 181943 1599999999999999 1 5  41336 -199999999999999
  5  3  2  2  5  8 11 13 13 13 10  8  6  5  4  5  7 10 14 16 17 17 14 1124 118XO 758 132015 1799999999999999 215  214 6  499999999999999
  8  4  2  0  0  2  4  7  9 11 11 10 10  9  9  9 10 12 15 17 19 19 18 1524 119XO 953 112050 1999999999999999 330  01411  999999999999999
 12  8  4  1 -1 -2 -1  1  4  7  9 11 12 12 13 13 14 15 16 18 20 21 21 1924 120XO2132 21999999999999999999999 452 -2999999999999999999999
 16 13  8  4  1 -2 -3 -3 -1  3  6  9 12 14 15 16 17 17 18 19 20 22 22 2224 121XO2222 23999999999999999999999 610 -3999999999999999999999
 21 17 13  9  4  0 -3 -4 -4 -1  3  7 10 13 15 17 18 18 19 19 20 21 23 2424 122XO2319 24999999999999999999999 712 -4999999999999999999999
 23 21 18 14  9  4 -1 -4 -5 -4 -1  3  8 12 15 17 18 18 18 18 19 20 22 2324 123XO9999999999999999999999999999 8 3 -5999999999999999999999
 25 24 22 18 13  8  2 -2 -5 -5 -4  0  5 10 13 16 17 17 17 17 17 18 19 2224 124XO 014 25999999999999999999999 847 -6999999999999999999999
 24 25 24 21 17 11  5  0 -4 -6 -6 -3  1  7 11 14 15 16 15 15 15 15 17 1924 125XO 1 5 251651 1699999999999999 927 -61927 1599999999999999
 21 24 25 23 20 15  9  2 -3 -6 -7 -6 -2  3  8 11 14 14 14 13 12 12 13 1524 126XO 151 2517 2 149999999999999910 4 -720 8 1299999999999999
 18 21 23 23 21 17 12  5 -1 -5 -7 -8 -5 -1  5  9 12 13 12 11 10  9 10 1124 127XO 233 231720 13999999999999991037 -82051  999999999999999
 13 17 20 21 21 18 14  8  1 -4 -7 -8 -7 -3  2  6  9 11 11 10  8  7  7  824 128XO 312 221740 119999999999999911 8 -82138  799999999999999
  9 12 15 18 19 18 14 10  4 -1 -5 -7 -7 -5 -1  4  8 10 11 10  8  6  5  524 129XO 350 1918 0 11999999999999991134 -72235  599999999999999
  6  7 11 14 16 16 14 11  6  1 -3 -5 -5 -4 -1  3  7  9 10 10  8  6  4  324 130XO 427 161817 10999999999999991157 -52343  399999999999999
  3  4  6  9 12 13 12 10  7  3  0 -2 -3 -2  0  3  7 10 11 11 10  7  5  324 131XO 5 7 131829 11999999999999991212 -3999999999999999999999
  2  2  3  5  8 10 10 10  8  5  3  1  0  0  2  5  8 11 12 12 11  9  6  424 2 1XO 556 101839 1299999999999999 045  21213  099999999999999
  2  1  1  2  4  6  8  8  8  7  5  4  3  4  5  7  9 12 14 14 13 12  9  624 2 2XO 711  81852 1499999999999999 142  112 0  399999999999999
  3  2  0  0  1  3  5  6  7  7  7  6  6  7  8  9 11 13 15 16 16 14 12  924 2 3XO 9 5  71915 1699999999999999 242  01139  699999999999999
  6  3  1 -1 -1  0  1  3  5  6  8  8  9 10 11 12 13 15 16 17 18 17 15 1324 2 4XO1953 18999999999999999999999 351 -1999999999999999999999
  9  6  3  0 -2 -3 -2 -1  2  4  7  9 10 11 12 13 14 15 17 18 19 19 19 1724 2 5XO2049 19999999999999999999999 5 7 -3999999999999999999999
 14 10  6  2 -1 -4 -5 -5 -3  0  4  7 10 12 14 14 15 16 16 17 19 20 21 2024 2 6XO22 6 21999999999999999999999 616 -5999999999999999999999
 18 15 10  6  1 -3 -7 -8 -7 -5 -1  4  8 11 13 15 15 15 15 16 17 19 20 2224 2 7XO2326 22999999999999999999999 714 -8999999999999999999999
 22 20 16 11  5 -1 -6-10-11-10 -7 -2  4  9 12 14 14 14 13 13 14 15 18 2124 2 8XO16 1 14999999999999999999999 8 7-111836 1399999999999999
 23 23 21 16 11  4 -3 -9-13-14-12 -8 -1  5  9 12 13 13 11 10 10 11 13 1724 2 9XO 035 2316 9 1399999999999999 857-141933 1099999999999999
 21 24 24 21 16 10  2 -6-12-15-16-13 -7  0  6 10 12 12 10  8  6  6  7 1024 210XO 135 241628 1299999999999999 945-162029  699999999999999
 15 20 23 23 21 15  8  0 -8-13-15-15-12 -5  2  7 10 11  9  6  4  2  2  324 211XO 232 241651 11999999999999991030-162133  299999999999999
  7 13 19 22 22 19 13  6 -2 -8-12-14-13 -8 -1  5  9 11 10  7  3  0 -1 -224 212XO 328 221715 11999999999999991111-142245 -299999999999999
  0  4 10 16 19 19 16 11  4 -2 -7 -9-10 -8 -2  4  9 11 11  9  5  1 -2 -424 213XO 429 191740 11999999999999991149-102351 -599999999999999
 -5 -3  2  8 12 15 15 13  9  4 -1 -3 -5 -5 -1  4  9 12 13 12  9  4 -1 -424 214XO 537 1518 5 13999999999999991224 -5999999999999999999999
 -6 -7 -5 -1  5  8 11 11 10  7  4  2  1  1  2  5  9 13 14 14 12  9  4 -124 215XO 654 111832 1499999999999999 052 -71251  199999999999999
 -4 -6 -7 -6 -2  1  5  7  8  8  7  6  6  6  6  8 11 13 15 16 15 13  9  424 216XO 822  819 2 1699999999999999 154 -71227  699999999999999
  0 -3 -6 -7 -6 -4 -1  2  4  6  7  8  9  9 10 11 12 14 16 17 17 16 13 1024 217XO1939 17999999999999999999999 3 4 -7999999999999999999999
  6  2 -2 -5 -6 -6 -5 -3  0  3  6  8  9 11 12 13 14 15 16 17 17 17 16 1424 218XO2032 17999999999999999999999 430 -6999999999999999999999
 11  7  3  0 -4 -6 -6 -6 -4 -1  3  6  9 11 13 14 15 15 15 16 17 17 18 1724 219XO2147 18999999999999999999999 6 0 -6999999999999999999999
 15 12  8  4  0 -3 -6 -7 -6 -4  0  4  7 10 12 13 14 14 14 14 15 16 17 1824 220XO23 7 18999999999999999999999 7 6 -7999999999999999999999
 17 15 12  8  4  0 -4 -7 -7 -6 -3  1  5  8 11 12 13 12 12 12 13 13 15 1724 221XO9999999999999999999999999999 755 -7999999999999999999999
 18 17 15 12  7  2 -2 -6 -8 -8 -6 -2  2  6  9 10 11 11 10 10 10 10 12 1424 222XO 011 181559 1199999999999999 836 -81911 1099999999999999
 17 18 17 14 10  5  0 -5 -8 -9 -8 -5 -1  4  7  9 10  9  8  7  6  7  8 1124 223XO 1 3 181559 1099999999999999 911 -91948  699999999999999
 14 16 17 16 12  8  2 -3 -7-10-10 -8 -4  1  5  8  9  8  6  4  3  3  4  624 224XO 147 1716 8  999999999999999 941-102028  399999999999999
 10 13 16 16 14 10  4 -1 -6 -9-10 -9 -6 -1  4  6  8  7  6  3  1  0  1  224 225XO 228 161621  89999999999999910 8-102112  099999999999999
  5  9 13 14 14 11  7  1 -4 -8 -9 -9 -7 -3  2  6  7  7  6  3  0 -2 -2 -124 226XO 3 8 141633  8999999999999991033-102159 -299999999999999
  1  5  9 12 12 11  8  4 -1 -5 -7 -8 -7 -3  2  6  8  8  7  4  0 -2 -4 -424 227XO 348 121644  8999999999999991054 -82246 -499999999999999
 -3  0  5  8 10 10  9  6  1 -2 -4 -5 -5 -2  2  6  8  9  8  6  2 -2 -4 -524 228XO 431 111652  99999999999999911 9 -52330 -599999999999999
 -5 -3  0  5  8  9  8  7  4  1 -1 -2 -2  0  3  7 10 11 10  8  4  0 -3 -524 229XO 521  91659 11999999999999991113 -2999999999999999999999
 -6 -5 -3  1  4  6  7  7  6  3  2  1  1  3  5  8 11 12 12 10  7  3 -1 -424 3 1XO 621  71712 1299999999999999 015 -611 0  199999999999999
 -5 -6 -5 -2  1  4  5  6  6  5  4  4  5  6  7  9 12 14 14 13 10  7  3 -124 3 2XO 734  61732 1499999999999999 1 1 -61049  499999999999999
 -4 -5 -6 -5 -2  0  2  4  5  6  6  6  7  8  9 11 13 15 15 15 13 10  6  324 3 3XO18 0 15999999999999999999999 155 -6999999999999999999999
 -1 -3 -5 -6 -5 -3 -1  1  3  5  6  7  8  9 11 12 13 15 16 16 15 13 10  724 3 4XO1842 16999999999999999999999 3 2 -6999999999999999999999
  3  0 -3 -5 -6 -6 -5 -3 -1  2  5  7  9 10 11 12 13 14 15 16 16 15 14 1124 3 5XO1958 16999999999999999999999 428 -7999999999999999999999
  8  4  0 -3 -6 -8 -9 -8 -5 -2  2  5  8  9 11 12 12 12 13 14 15 16 16 1524 3 6XO2151 16999999999999999999999 551 -9999999999999999999999
 13  9  5  0 -4 -8-11-12-10 -7 -3  2  5  8 10 10 10 10 10 10 11 13 15 1724 3 7XO2323 17999999999999999999999 656-12999999999999999999999
 16 14 10  5  0 -6-10-13-14-12 -8 -3  2  6  8  9  9  7  6  6  7  8 11 1524 3 8XO15 3  9999999999999999999999 750-141846  699999999999999
 18 18 15 11  5 -1 -8-12-15-15-13 -7 -1  4  7  8  8  6  3  2  1  2  5 1024 3 9XO 034 181511  899999999999999 838-161943  199999999999999
 15 18 18 16 11  5 -2 -9-13-15-15-11 -5  2  6  8  8  6  2 -1 -3 -3 -2  224 310XO 136 181526  899999999999999 922-152043 -399999999999999
  8 14 17 18 16 11  4 -3 -9-12-13-12 -7  0  6  9  9  7  3 -2 -5 -7 -8 -624 311XO 237 181545  99999999999999910 3-132145 -899999999999999
 -1  6 12 16 16 14 10  3 -3 -7 -9-10 -7 -1  5  9 11 10  7  1 -5 -9-11-1124 312XO 342 1716 7 11999999999999991042-102243-1199999999999999
 -9 -3  5 10 13 14 13  8  3 -1 -3 -5 -4  0  5 10 13 13 10  6 -1 -6-10-1324 313XO 451 141631 13999999999999991116 -52339-1399999999999999
-13-10 -4  3  8 11 12 11  7  4  2  1  1  2  6 11 14 15 14 10  5 -1 -7-1024 314XO 6 1 121656 15999999999999991146  1999999999999999999999
-13-13-10 -4  1  5  8  9  9  7  6  5  5  6  8 11 14 16 16 14 10  5 -1 -624 315XO 713  91724 1699999999999999 033-131153  599999999999999
 -9-11-11 -9 -5 -1  3  6  7  8  8  8  9  9 10 12 14 16 16 16 14 10  5  024 316XO1754 16999999999999999999999 130-12999999999999999999999
 -4 -7 -9 -9 -8 -5 -2  1  4  6  7  9 10 11 12 13 14 15 16 16 15 13 10  624 317XO1831 16999999999999999999999 236 -9999999999999999999999
  2 -1 -5 -7 -7 -7 -5 -3  0  3  6  8 10 11 12 13 14 14 14 15 15 14 13 1024 318XO1938 15999999999999999999999 4 2 -7999999999999999999999
  7  4  0 -3 -5 -7 -7 -5 -3  0  3  6  8 10 12 12 12 12 12 13 13 13 13 1224 319XO2123 13999999999999999999999 536 -7999999999999999999999
 10  8  5  1 -2 -5 -7 -7 -6 -3  0  4  7  9 10 11 10 10 10 10 10 11 12 1324 320XO1519 112258 1399999999999999 642 -71840 1099999999999999
 12 10  8  4  1 -3 -6 -7 -7 -5 -2  1  5  7  8  9  8  8  7  7  7  8 10 1224 321XO1457  9999999999999999999999 729 -719 9  799999999999999
 12 12 10  7  3 -1 -5 -7 -8 -7 -5 -1  3  6  7  8  7  6  4  4  4  4  6  924 322XO 0 7 121450  899999999999999 8 6 -81936  399999999999999
 11 12 11  9  5  1 -3 -6 -8 -8 -6 -3  1  5  7  7  6  4  2  1  0  1  2  524 323XO 059 121451  799999999999999 836 -820 6  099999999999999
  9 11 12 10  8  3 -1 -5 -7 -8 -7 -4  0  4  6  7  6  4  1 -1 -3 -3 -2  124 324XO 145 121458  799999999999999 9 3 -82041 -399999999999999
  5  9 11 11  9  6  1 -3 -5 -7 -7 -4  0  4  7  8  7  5  1 -2 -5 -5 -5 -324 325XO 230 1115 6  899999999999999 926 -72117 -699999999999999
  1  6  9 11 10  8  4  0 -3 -5 -5 -4  0  4  7  9  8  6  3 -2 -5 -7 -8 -624 326XO 315 111514  999999999999999 948 -52153 -899999999999999
 -3  2  7  9 10 10  7  3  0 -2 -3 -2  1  5  8 10 10  8  5  0 -4 -7 -9 -924 327XO 4 3 101523 109999999999999910 6 -32230 -999999999999999
 -6 -2  3  7  9 10  9  6  3  1  0  1  2  6 10 12 12 11  8  3 -2 -6 -8 -924 328XO 453 101536 12999999999999991016  023 8 -999999999999999
 -9 -5  0  5  8  9 10  8  6  4  3  4  5  7 10 13 14 13 11  7  2 -3 -7 -924 329XO 545 101553 149999999999999910 9  32349 -999999999999999
 -9 -8 -4  1  5  7  9  9  8  7  6  6  7  9 11 14 16 15 13 10  5  0 -4 -724 330XO 641  91615 169999999999999910 1  6999999999999999999999
 -8 -8 -6 -3  1  4  7  8  9  8  8  8  9 10 12 14 16 16 15 13  9  4  0 -424 331XO 747  91642 1699999999999999 034 -9 956  899999999999999
 -6 -8 -8 -6 -3  1  3  6  7  8  8  9 10 11 13 14 16 17 16 15 12  9  4  024 4 1XO1716 17999999999999999999999 128 -8999999999999999999999
 -3 -6 -7 -7 -6 -4 -1  2  4  7  8  9 10 11 12 13 14 15 16 15 14 12  9  524 4 2XO18 8 16999999999999999999999 236 -7999999999999999999999
  1 -3 -5 -7 -8 -7 -5 -3  0  3  6  8  9 11 11 12 12 13 14 14 14 14 12  924 4 3XO1954 15999999999999999999999 4 0 -8999999999999999999999
  6  2 -2 -5 -8 -9 -9 -7 -4  0  3  6  8  9 10 10 10 10 10 11 12 14 14 1324 4 4XO2152 14999999999999999999999 523 -9999999999999999999999
 11  7  3 -2 -6 -9-10-10 -8 -4  0  4  7  8  9  8  7  6  6  6  8 10 13 1424 4 5XO1348  92323 1599999999999999 627-111756  699999999999999
 14 12  8  4 -1 -6 -9-11-10 -8 -3  2  6  8  9  7  5  3  1  1  2  4  8 1224 4 6XO1346  9999999999999999999999 719-111854  199999999999999
 15 15 13 10  4 -1 -6 -9-10 -9 -5  0  5  9  9  8  6  2 -2 -4 -4 -3  1  624 4 7XO 036 151356  999999999999999 8 5-101950 -499999999999999
 12 15 16 14 10  5  0 -4 -7 -7 -5 -1  5 10 11 11  8  3 -2 -6 -8 -9 -7 -224 4 8XO 145 161414 1199999999999999 848 -72045 -999999999999999
  5 11 15 16 15 11  6  1 -2 -3 -3  0  5 10 13 14 12  7  1 -5 -9-12-12 -924 4 9XO 255 161436 1499999999999999 928 -42139-1299999999999999
 -3  5 11 14 16 15 11  7  4  2  1  2  6 11 15 17 16 12  6 -1 -7-11-14-1424 410XO 4 6 1615 2 179999999999999910 5  12231-1499999999999999
-10 -3  4 10 13 15 14 11  9  7  6  6  8 12 16 19 19 17 12  5 -2 -8-12-1424 411XO 512 151531 19999999999999991037  62322-1499999999999999
-13 -9 -3  4  9 12 14 13 12 10 10 10 10 12 16 19 20 19 17 11  5 -2 -7-1124 412XO 616 1416 2 20999999999999991054 10999999999999999999999
-12-12 -8 -2  3  8 11 13 13 12 12 12 13 14 16 19 20 20 19 16 11  5 -1 -524 413XO 727 131634 2099999999999999 013-13 930 1299999999999999
 -8-10 -9 -6 -1  3  6  9 11 12 12 13 14 15 16 17 19 20 19 18 14 10  5  124 414XO1710 20999999999999999999999 1 7-10999999999999999999999
 -3 -6 -7 -6 -4 -1  2  6  8 10 11 13 14 15 15 16 17 17 18 17 16 13 10  624 415XO1754 18999999999999999999999 2 9 -7999999999999999999999
  2 -1 -3 -5 -4 -3 -1  2  5  8 10 11 13 14 14 14 15 15 15 15 15 14 12  924 416XO1910 15999999999999999999999 325 -5999999999999999999999
  7  4  1 -2 -3 -4 -3 -1  2  5  7 10 11 12 13 12 12 12 12 12 13 13 12 1124 417XO1415 132055 1399999999999999 449 -41739 1299999999999999
  9  7  4  1 -1 -3 -3 -2  0  3  5  8 10 11 11 11 10  9  9  9  9 11 11 1224 418XO1345 112241 1299999999999999 552 -31823  999999999999999
 11  9  7  4  1 -1 -3 -3 -2  1  4  7  9 10 10  9  8  7  6  5  6  7  9 1124 419XO1332 102357 1199999999999999 637 -31854  599999999999999
 11 11  9  6  3  1 -1 -2 -2  0  3  6  9 10 10  9  7  5  3  2  2  4  6  924 420XO1329 10999999999999999999999 712 -21924  299999999999999
 11 11 10  9  6  3  0 -1 -1  0  3  6  9 10 10  9  7  4  1  0 -1  0  3  624 421XO 056 111332 1199999999999999 740 -11954 -199999999999999
  9 11 12 11  8  5  3  1  0  1  3  7 10 12 12 11  8  4  1 -2 -3 -3 -1  324 422XO 149 121338 1299999999999999 8 5  02025 -399999999999999
  7 10 12 12 11  9  6  4  3  3  4  7 11 13 14 13 10  6  1 -2 -5 -5 -4 -124 423XO 240 131348 1499999999999999 827  22058 -599999999999999
  4  9 12 13 13 12  9  7  5  5  6  8 12 15 16 15 13  9  4 -1 -5 -6 -7 -424 424XO 329 1414 2 1699999999999999 848  52133 -799999999999999
  1  6 11 13 15 14 12 10  8  8  8 10 13 17 18 18 16 12  7  2 -3 -6 -7 -724 425XO 418 151420 1999999999999999 9 5  82210 -799999999999999
 -3  3  8 12 14 15 15 13 11 10 11 12 14 17 20 20 19 16 11  5  0 -4 -7 -724 426XO 5 5 151444 2199999999999999 910 102250 -799999999999999
 -6 -1  4  9 13 15 16 15 13 12 13 13 15 17 20 22 21 19 15 10  4 -1 -5 -724 427XO 555 161512 2299999999999999 912 122333 -799999999999999
 -7 -4  0  5 10 13 15 15 14 14 14 15 16 17 20 22 23 21 18 14  8  3 -2 -524 428XO 650 151544 2399999999999999 915 14999999999999999999999
 -6 -6 -3  1  5  9 12 14 14 14 14 15 16 17 19 21 22 22 20 17 13  7  2 -124 429XO1622 22999999999999999999999 022 -6999999999999999999999
 -4 -6 -5 -3  1  4  8 11 13 13 14 15 16 17 18 19 20 21 21 19 16 12  7  324 430XO1711 21999999999999999999999 118 -6999999999999999999999
 -1 -3 -5 -5 -3  0  3  7 10 12 13 14 15 15 16 16 17 18 19 19 18 15 12  824 5 1XO1827 19999999999999999999999 223 -5999999999999999999999
  4  0 -3 -4 -5 -3 -1  3  6  9 12 13 14 14 14 14 14 15 16 17 17 17 15 1224 5 2XO2010 17999999999999999999999 335 -5999999999999999999999
  9  5  1 -2 -4 -4 -3  0  4  7 10 12 13 13 12 11 10 10 11 12 14 16 16 1624 5 3XO1218 132156 1699999999999999 444 -41649 1099999999999999
 13 10  6  2 -1 -2 -3 -1  2  6 10 12 14 13 12 10  7  6  5  6  8 12 15 1624 5 4XO1216 142328 1799999999999999 543 -31755  599999999999999
 16 15 12  8  4  1  0  0  1  5  9 13 15 15 13 10  7  3  1  1  2  5 10 1424 5 5XO1228 15999999999999999999999 634  01852  199999999999999
 17 18 16 14 10  7  4  3  3  6 10 14 17 18 16 13  8  3 -1 -3 -3 -2  3  924 5 6XO 049 181247 1899999999999999 719  31946 -499999999999999
 14 18 19 18 16 12 10  8  7  8 11 15 19 21 21 18 13  7  1 -4 -6 -7 -4  224 5 7XO 2 7 191313 2199999999999999 8 1  72038 -799999999999999
  9 15 18 20 20 18 15 13 12 11 13 16 21 24 24 22 18 12  5 -1 -6 -8 -8 -524 5 8XO 320 201342 2499999999999999 839 112129 -999999999999999
  2  9 15 19 21 21 19 17 16 15 16 17 21 25 27 26 24 18 11  4 -2 -6 -9 -824 5 9XO 425 211415 2799999999999999 910 152218 -999999999999999
 -4  3 10 15 19 21 21 20 19 18 18 19 21 25 28 29 27 24 18 11  4 -2 -6 -824 510XO 526 211452 2999999999999999 916 1823 7 -899999999999999
 -6 -2  5 11 15 19 21 21 20 20 20 20 22 24 27 29 29 27 23 17 10  4 -1 -424 511XO 626 211530 2999999999999999 852 202356 -599999999999999
 -5 -4  1  6 11 15 18 20 20 20 20 21 21 23 25 27 28 27 25 21 16 10  5  124 512XO1612 289999999999999999999999999999999999999999999999999
 -2 -3 -1  2  7 11 15 17 18 19 19 20 21 22 23 24 25 26 25 23 19 15 10  624 513XO1657 26999999999999999999999 048 -3999999999999999999999
  2  0  0  1  4  7 11 14 16 17 18 19 20 20 20 21 22 23 23 22 20 17 13 1024 514XO1747 23999999999999999999999 143  0999999999999999999999
  6  4  2  2  3  5  8 11 13 15 17 18 18 18 18 18 19 19 20 20 19 18 16 1324 515XO1849 20999999999999999999999 242  2999999999999999999999
 10  7  5  4  3  4  6  9 11 14 15 17 17 17 17 16 16 16 16 17 17 17 16 1424 516XO1225 172016 1799999999999999 342  31638 1699999999999999
 12 10  8  6  5  5  6  8 10 13 15 16 17 16 15 14 13 13 12 13 14 15 15 1524 517XO12 4 172210 1599999999999999 434  51740 1299999999999999
 14 12 10  8  7  6  7  8 10 13 15 16 17 17 15 13 12 10  9 10 11 12 14 1524 518XO12 1 172344 1599999999999999 515  61820  999999999999999
 15 14 13 11 10  9  8  9 11 13 16 18 18 18 16 14 11  9  7  7  7  9 12 1424 519XO12 4 18999999999999999999999 548  81854  799999999999999
 16 16 16 14 13 11 11 11 12 15 17 19 20 20 18 15 12  8  6  4  5  6  9 1324 520XO 056 161211 2099999999999999 616 111926  499999999999999
 16 17 18 17 16 15 14 13 14 16 19 21 23 23 21 18 14  9  6  3  2  3  7 1124 521XO 156 181223 2399999999999999 642 131959  299999999999999
 15 18 20 20 19 18 17 16 16 18 20 23 25 26 24 21 17 12  7  3  1  1  3  824 522XO 250 201242 2699999999999999 7 9 162035  199999999999999
 13 17 20 22 22 21 20 19 19 20 21 24 27 28 27 25 21 16 10  5  2  0  1  424 523XO 338 2213 8 2899999999999999 734 192113  099999999999999
 10 15 19 22 24 23 22 21 21 21 22 25 28 30 30 29 25 20 14  8  3  0 -1  124 524XO 424 241339 3099999999999999 756 212154 -199999999999999
  6 11 17 21 23 24 24 23 22 22 23 25 27 30 32 31 29 25 19 12  6  2  0 -124 525XO 511 241414 3299999999999999 814 222239 -199999999999999
  2  7 12 17 21 24 24 24 23 23 24 25 26 29 32 33 31 28 24 17 11  5  2 -124 526XO 6 0 241455 3399999999999999 832 232327 -199999999999999
  0  3  7 13 17 21 23 23 23 23 23 24 25 27 30 32 32 31 27 22 16 10  5  124 527XO1540 329999999999999999999999999999999999999999999999999
  0  0  3  8 13 17 20 22 22 22 22 23 24 25 27 29 31 31 29 26 21 15  9  524 528XO1632 31999999999999999999999 019  0999999999999999999999
  2  0  1  4  8 13 16 19 21 21 21 22 22 23 24 25 27 29 29 27 24 19 14  924 529XO1733 29999999999999999999999 114  0999999999999999999999
  6  3  2  2  5  9 13 16 19 20 21 21 21 21 21 21 23 24 26 26 25 23 19 1524 530XO1848 26999999999999999999999 210  2999999999999999999999
 10  7  5  4  4  7 11 14 18 20 21 21 20 19 18 18 18 19 21 23 24 24 22 1924 531XO1022 212022 2499999999999999 3 5  41520 1799999999999999
 16 12  9  7  7  8 10 14 17 20 22 22 21 19 17 15 14 14 15 17 20 22 23 2224 6 1XO1039 2222 7 2399999999999999 358  71638 1499999999999999
 20 18 15 13 11 11 12 14 18 21 24 25 24 21 18 15 12 10 10 11 14 17 21 2324 6 2XO11 0 252347 2399999999999999 448 111746 1099999999999999
 23 22 20 18 16 15 15 16 19 22 26 27 27 25 22 17 13  9  7  6  8 12 16 2124 6 3XO1124 28999999999999999999999 534 151845  699999999999999
 23 25 24 23 22 20 20 20 21 24 28 30 31 30 26 22 16 11  7  4  4  6 11 1624 6 4XO 121 251154 3199999999999999 616 201939  499999999999999
 21 25 27 27 26 25 24 24 24 26 29 32 34 34 32 27 22 15  9  5  2  2  5 1124 6 5XO 243 271228 3499999999999999 652 242030  299999999999999
 17 22 26 28 29 28 27 27 27 28 30 33 36 37 36 33 28 21 14  8  4  2  2  624 6 6XO 350 2913 7 3799999999999999 718 272119  299999999999999
 12 18 24 27 30 30 29 29 29 29 30 32 35 38 39 37 33 28 21 14  8  4  2  324 6 7XO 447 301349 3999999999999999 736 2922 8  299999999999999
  8 14 20 25 28 30 30 29 29 30 30 32 34 37 39 39 37 33 27 20 13  8  5  324 6 8XO 537 301433 3999999999999999 756 292255  399999999999999
  5 10 15 21 25 28 29 29 29 29 30 30 32 34 37 39 38 36 31 25 19 13  8  624 6 9XO1519 399999999999999999999992342  5999999999999999999999
  5  7 12 17 21 25 27 28 28 28 28 29 30 31 34 36 37 36 33 29 23 17 12  924 610XO16 4 379999999999999999999999999999999999999999999999999
  7  7  9 13 18 22 24 26 27 27 27 27 28 29 30 32 34 34 33 30 26 21 16 1224 611XO1648 34999999999999999999999 029  7999999999999999999999
 10  8  9 11 15 19 22 24 25 26 26 26 26 26 27 28 30 31 31 30 27 23 19 1624 612XO1733 31999999999999999999999 113  8999999999999999999999
 13 11 10 11 14 17 20 22 24 25 25 25 25 24 24 25 26 27 27 27 26 24 22 1924 613XO 945 251824 2899999999999999 154 101348 2499999999999999
 16 14 13 13 14 16 19 22 23 25 25 25 24 23 23 22 22 23 24 24 25 24 23 2124 614XO10 0 251940 2599999999999999 231 131525 2299999999999999
 19 17 16 15 16 17 19 22 24 25 26 26 25 23 22 21 20 20 20 21 22 23 23 2224 615XO1012 262137 2399999999999999 3 1 151638 2099999999999999
 21 20 19 18 18 19 21 23 25 27 28 27 26 24 22 20 18 17 17 18 20 21 23 2324 616XO1022 282333 2399999999999999 326 181732 1799999999999999
 23 23 22 22 21 22 23 25 27 29 30 30 29 27 24 21 18 16 15 16 17 19 22 2424 617XO1034 30999999999999999999999 349 211815 1599999999999999
 25 25 25 25 25 25 25 27 29 31 32 33 32 30 27 23 19 16 14 13 14 17 20 2324 618XO 1 6 251052 3399999999999999 415 251853 1399999999999999
 26 28 28 28 28 28 28 29 30 33 35 36 35 34 30 26 22 17 14 12 12 14 18 2224 619XO 217 281118 3699999999999999 454 281932 1299999999999999
 26 28 30 31 31 30 30 31 32 34 36 38 38 37 35 30 25 20 15 12 11 11 14 1924 620XO 3 8 311152 3899999999999999 542 302013 1199999999999999
 24 28 31 32 33 32 32 32 33 34 36 39 41 41 39 35 30 24 18 13 10  9 11 1524 621XO 351 331233 4199999999999999 629 322057  999999999999999
 20 25 29 32 34 34 33 33 33 34 36 38 41 42 42 39 35 29 23 16 12  9  8 1024 622XO 431 341318 4399999999999999 7 9 332144  899999999999999
 15 21 26 30 33 34 33 33 33 33 34 36 39 42 44 43 40 34 28 21 15 10  7  724 623XO 513 3414 7 4499999999999999 745 332233  799999999999999
 10 15 21 26 30 32 33 32 32 32 33 34 36 40 43 44 42 39 33 26 19 13  9  724 624XO 555 331457 4499999999999999 823 322323  699999999999999
  7 10 16 22 26 30 31 32 31 30 31 32 33 36 39 42 43 41 37 31 24 18 12  924 625XO 636 321549 4399999999999999 9 6 30999999999999999999999
  7  8 12 17 22 27 29 30 30 29 29 29 30 31 34 37 40 40 39 35 30 23 17 1324 626XO 716 311644 4099999999999999 013  710 7 2999999999999999
 10  9 10 14 19 24 27 29 30 29 28 27 27 27 29 31 35 37 37 36 33 28 23 1824 627XO 753 301746 3799999999999999 1 0  91214 2799999999999999
 14 12 12 13 17 22 26 29 30 30 29 27 26 25 25 26 28 31 33 34 33 31 27 2324 628XO 825 3019 4 3499999999999999 146 121352 2599999999999999
 20 18 16 16 18 22 26 29 31 32 31 29 26 24 23 22 22 24 27 30 31 31 30 2824 629XO 856 322042 3199999999999999 229 1615 8 2299999999999999
 25 23 22 21 21 23 27 30 33 34 34 32 29 26 23 20 19 19 21 24 27 29 30 3024 630XO 925 342234 3199999999999999 3 9 211623 1999999999999999
 30 28 27 26 26 27 29 32 34 36 37 36 34 30 26 22 19 17 17 18 21 25 28 3124 7 1XO 958 37999999999999999999999 346 261735 1699999999999999
 32 32 32 31 31 31 32 34 36 39 40 40 39 35 31 26 21 17 15 15 17 20 25 2924 7 2XO 042 321034 4099999999999999 417 311838 1599999999999999
 32 34 35 35 35 35 35 36 37 40 42 43 43 40 36 31 26 20 16 14 14 16 20 2524 7 3XO1116 439999999999999999999991935 14999999999999999999999
 30 33 36 37 37 37 37 37 38 40 43 45 46 45 42 37 31 25 20 16 13 14 16 2124 7 4XO12 2 469999999999999999999992026 13999999999999999999999
 27 31 35 37 38 38 38 38 39 40 42 44 47 47 46 42 37 31 25 19 15 13 14 1724 7 5XO1251 479999999999999999999992114 13999999999999999999999
 23 28 33 36 38 38 38 38 38 39 40 43 45 48 48 46 42 37 30 23 18 15 13 1524 7 6XO1340 4899999999999999999999922 1 13999999999999999999999
 19 24 30 34 36 37 37 37 37 37 38 40 42 46 48 47 45 41 35 28 22 17 14 1424 7 7XO 523 371427 4899999999999999 741 372244 1499999999999999
 16 21 26 31 34 36 36 36 35 35 36 37 39 42 45 46 46 43 38 32 26 20 17 1524 7 8XO 551 361511 4699999999999999 822 352325 1499999999999999
 15 18 22 27 31 34 35 35 34 33 34 34 36 38 41 43 44 43 40 35 29 23 19 1624 7 9XO 620 351553 4499999999999999 9 5 33999999999999999999999
 15 17 20 25 29 32 33 34 33 32 32 32 33 34 36 39 41 41 39 36 32 27 22 1924 710XO 650 341634 4199999999999999 0 2 15 957 3299999999999999
 17 17 19 23 27 30 32 33 33 32 31 30 31 31 32 34 37 38 37 36 33 29 25 2224 711XO 719 331716 3899999999999999 035 171121 3099999999999999
 20 20 20 23 26 29 32 33 33 32 31 30 29 29 29 31 32 34 35 34 33 31 28 2524 712XO 744 3318 6 3599999999999999 1 3 201312 2999999999999999
 23 23 23 24 27 30 32 34 34 34 32 31 29 28 28 28 29 30 32 32 32 31 30 2824 713XO 8 4 341924 3299999999999999 123 231422 2799999999999999
 27 26 26 27 29 31 33 35 36 36 34 33 30 29 27 26 26 27 29 30 31 31 31 3024 714XO 820 362119 3199999999999999 133 261528 2699999999999999
 30 29 29 30 31 33 35 37 38 38 37 35 33 30 28 26 25 25 26 27 29 31 32 3224 715XO 837 38999999999999999999999 124 291631 2599999999999999
 33 33 33 33 34 35 37 39 40 41 40 39 36 33 30 27 25 24 24 25 27 29 32 3324 716XO 9 2 419999999999999999999991729 23999999999999999999999
 35 35 36 36 37 37 39 40 42 43 43 42 40 37 33 29 26 23 22 22 24 27 30 3324 717XO 938 439999999999999999999991820 22999999999999999999999
 36 37 38 38 39 39 40 41 43 45 46 45 44 41 37 33 28 24 21 20 21 23 27 3124 718XO1025 4699999999999999999999919 9 20999999999999999999999
 35 38 39 40 40 40 41 41 43 45 47 48 47 45 42 37 32 27 22 19 18 19 23 2724 719XO1120 489999999999999999999991957 18999999999999999999999
 32 36 39 40 41 41 41 41 42 43 46 48 49 49 47 42 37 30 25 20 17 16 18 2224 720XO1217 509999999999999999999992046 16999999999999999999999
 28 33 37 39 41 40 40 40 40 41 43 46 49 51 50 47 42 36 29 22 17 15 14 1724 721XO 424 411313 5199999999999999 656 402135 1499999999999999
 22 28 34 37 39 40 39 38 38 39 40 43 46 50 51 50 47 41 34 26 20 15 13 1324 722XO 450 4014 7 5299999999999999 745 382224 1399999999999999
 17 23 29 34 37 38 38 37 36 35 36 38 41 46 50 51 50 46 40 32 25 19 15 1324 723XO 518 391459 5199999999999999 835 352310 1399999999999999
 14 18 25 31 35 37 38 36 34 33 33 34 35 39 44 48 49 48 44 38 30 24 19 1624 724XO 547 381553 4999999999999999 935 332354 1499999999999999
 14 16 22 28 33 36 37 37 35 32 31 30 31 33 37 42 45 46 45 41 36 30 24 2124 725XO 616 371652 469999999999999911 5 30999999999999999999999
 18 18 21 26 31 35 37 38 36 33 31 29 28 28 30 34 39 42 43 42 39 35 30 2624 726XO 645 3818 3 4399999999999999 036 181232 2899999999999999
 24 23 23 27 31 35 38 39 39 36 33 30 28 26 26 28 31 35 38 39 39 37 35 3224 727XO 714 391931 3999999999999999 114 231341 2699999999999999
 30 29 28 30 33 36 39 41 41 40 37 33 30 27 25 24 25 28 32 34 36 37 37 3624 728XO 746 422112 3799999999999999 149 281451 2499999999999999
 35 34 34 34 36 38 41 43 44 44 42 38 34 30 27 24 23 24 26 29 32 35 37 3824 729XO 822 44999999999999999999999 216 3416 6 2399999999999999
 38 38 38 39 39 40 42 44 46 47 46 44 40 36 31 27 24 22 23 24 27 31 34 3724 730XO 9 5 479999999999999999999991726 22999999999999999999999
 39 40 41 42 42 42 43 45 47 48 49 48 45 41 37 32 28 24 22 22 24 27 31 3524 731XO 958 499999999999999999999991836 22999999999999999999999
 38 41 42 43 44 44 44 45 46 48 50 50 49 47 43 38 33 28 24 22 22 24 27 3224 8 1XO1057 509999999999999999999991934 21999999999999999999999
 36 40 42 43 44 44 44 44 45 47 49 51 51 50 47 43 38 32 27 23 21 22 24 2924 8 2XO1155 519999999999999999999992024 21999999999999999999999
 33 38 41 42 43 43 43 43 43 45 46 49 51 52 50 47 42 37 31 26 22 21 22 2524 8 3XO1249 5299999999999999999999921 8 21999999999999999999999
 30 35 39 41 42 42 41 41 41 42 43 46 49 51 52 50 46 41 34 28 24 21 20 2224 8 4XO 423 421336 5299999999999999 7 5 412149 2099999999999999
 27 32 36 39 40 41 40 39 38 39 40 42 45 49 51 50 48 44 38 31 26 22 21 2124 8 5XO 437 411420 5199999999999999 747 382225 2099999999999999
 24 29 33 37 39 40 39 37 36 36 37 38 41 45 48 49 48 45 40 34 28 24 22 2124 8 6XO 455 4015 1 4999999999999999 830 362257 2199999999999999
 22 26 31 35 38 39 38 37 35 34 34 35 36 40 44 46 47 45 42 37 31 27 24 2224 8 7XO 516 391541 4799999999999999 918 342325 2299999999999999
 22 25 29 34 37 38 38 37 35 33 32 32 33 35 39 42 44 44 42 38 34 29 26 2524 8 8XO 536 381622 44999999999999991018 322349 2499999999999999
 24 26 29 33 36 38 38 38 35 33 31 31 31 32 34 38 40 41 41 39 36 32 29 2824 8 9XO 554 3817 8 41999999999999991133 31999999999999999999999
 27 28 30 34 37 39 39 39 37 35 32 31 30 30 31 34 36 38 39 38 37 35 32 3124 810XO 6 7 3918 8 3999999999999999 0 5 271235 3099999999999999
 31 31 32 35 38 40 41 41 39 37 34 32 30 29 29 31 33 35 36 37 37 36 35 3424 811XO 616 411931 3799999999999999 0 8 311330 292344 349999999
 34 34 35 37 40 42 43 43 42 40 37 34 32 30 29 29 30 32 34 35 37 37 37 3724 812XO 630 439999999999999999999991427 29999999999999999999999
 37 37 38 39 41 43 44 45 44 43 40 37 34 32 30 29 29 30 31 33 35 37 38 3924 813XO 654 459999999999999999999991532 28999999999999999999999
 39 40 41 42 43 44 46 46 46 46 44 41 38 35 32 29 28 28 28 30 33 35 37 3924 814XO 734 479999999999999999999991644 28999999999999999999999
 40 41 42 43 44 45 46 47 48 48 47 45 42 38 35 31 28 26 26 27 29 32 35 3824 815XO 833 489999999999999999999991752 26999999999999999999999
 41 42 43 44 44 45 45 47 48 49 49 48 46 43 39 34 30 26 24 23 25 28 31 3624 816XO 948 499999999999999999999991850 23999999999999999999999
 39 42 43 44 44 44 44 45 46 48 50 51 50 47 43 38 33 28 24 21 21 23 26 3124 817XO11 5 519999999999999999999991942 21999999999999999999999
 36 40 42 43 43 43 42 42 44 45 48 51 52 51 48 44 38 31 25 21 19 19 21 2624 818XO 333 431212 5299999999999999 6 8 422031 1899999999999999
 32 37 40 42 42 41 40 39 40 41 44 48 51 53 52 49 43 37 29 23 19 17 17 2124 819XO 341 421310 5399999999999999 7 1 392118 1799999999999999
 27 33 38 40 41 40 38 36 36 37 38 42 47 51 53 52 48 42 35 27 22 18 16 1824 820XO 358 4114 5 5399999999999999 752 3622 3 1699999999999999
 23 29 35 39 40 40 38 35 33 32 33 35 40 46 50 52 51 47 41 33 27 22 19 1824 821XO 419 4015 1 5299999999999999 851 322246 1899999999999999
 21 26 33 38 40 40 39 35 31 29 29 29 32 37 44 48 50 49 45 39 33 27 24 2224 822XO 441 4116 1 509999999999999910 3 292326 2199999999999999
 22 26 32 37 40 42 41 38 33 29 27 26 26 29 35 41 45 47 46 43 38 33 30 2724 823XO 5 5 421712 47999999999999991117 26999999999999999999999
 26 28 32 37 41 43 43 41 37 32 28 25 24 24 28 33 38 42 43 43 41 38 35 3324 824XO 531 431832 4499999999999999 0 3 261222 2499999999999999
 32 32 34 38 42 44 45 44 42 37 32 28 25 23 23 26 31 35 38 40 41 40 39 3824 825XO 6 1 451957 4199999999999999 037 321324 2399999999999999
 37 37 38 40 43 45 47 47 46 42 38 33 29 26 24 24 26 29 32 36 38 40 40 4124 826XO 636 47999999999999999999999 1 2 371431 2399999999999999
 41 41 42 42 44 46 48 48 48 46 43 39 35 31 27 25 24 25 27 30 34 37 39 4124 827XO 721 489999999999999999999991551 24999999999999999999999
 42 43 44 44 45 46 47 48 49 49 47 44 41 37 33 29 26 25 25 27 30 33 37 4024 828XO 822 499999999999999999999991719 24999999999999999999999
 42 44 45 45 46 46 46 47 48 49 49 48 46 42 38 34 30 26 25 25 26 30 33 3724 829XO 937 499999999999999999999991832 24999999999999999999999
 40 43 44 45 45 45 45 45 46 48 49 50 49 46 43 39 34 29 26 24 24 26 30 3424 830XO1053 509999999999999999999991927 24999999999999999999999
 38 41 43 43 43 43 43 43 43 45 47 49 50 49 46 42 38 32 28 25 24 24 27 3124 831XO 325 431156 5099999999999999 615 432012 2499999999999999
 36 39 41 42 42 41 40 40 40 41 44 47 49 49 48 45 41 35 30 26 24 23 25 2824 9 1XO 320 421247 5099999999999999 650 402050 2399999999999999
 33 37 39 41 40 39 38 37 37 38 40 43 46 48 49 47 43 38 32 28 25 23 23 2624 9 2XO 324 411332 4999999999999999 725 372123 2399999999999999
 30 35 38 39 40 38 36 34 34 34 35 38 42 46 47 47 45 40 35 30 26 24 23 2524 9 3XO 334 401414 4899999999999999 8 3 342151 2399999999999999
 28 33 37 39 39 38 36 33 32 31 32 34 37 42 45 46 45 42 37 32 28 25 24 2524 9 4XO 346 391455 4699999999999999 847 312216 2499999999999999
 27 32 36 38 39 38 36 33 30 29 29 30 33 37 41 44 44 42 39 35 31 28 26 2624 9 5XO 359 391538 4499999999999999 935 292237 2699999999999999
 28 32 36 39 40 39 37 34 31 28 27 27 29 33 37 41 42 42 40 37 33 30 29 2924 9 6XO 410 401626 42999999999999991024 272252 2999999999999999
 30 32 36 39 41 41 39 36 32 29 27 26 27 29 33 37 39 40 40 39 36 33 32 3224 9 7XO 419 411721 41999999999999991113 262253 3299999999999999
 32 34 37 40 42 42 41 38 35 31 28 26 26 27 30 33 37 38 39 39 38 36 35 3524 9 8XO 429 421826 39999999999999991159 262235 3599999999999999
 35 36 39 41 44 44 43 41 38 34 30 28 27 26 27 30 33 36 37 38 38 38 37 3724 9 9XO 443 441937 39999999999999991248 262222 3799999999999999
 38 39 40 42 44 45 45 43 41 37 33 30 28 27 27 28 30 33 35 36 38 38 38 3924 910XO 5 4 459999999999999999999991342 26999999999999999999999
 40 41 42 43 45 46 46 45 43 41 37 33 31 28 27 27 28 29 31 34 36 38 39 4024 911XO 533 469999999999999999999991447 27999999999999999999999
 41 42 43 44 45 46 46 46 45 43 41 37 34 31 28 27 26 26 28 30 32 35 37 3924 912XO 617 4699999999999999999999916 8 26999999999999999999999
 41 42 43 43 44 45 46 46 46 46 44 41 38 34 31 28 25 24 24 25 28 31 35 3824 913XO 741 469999999999999999999991727 24999999999999999999999
 40 41 42 42 43 43 43 44 45 46 46 45 42 39 34 30 26 23 21 21 23 27 31 3524 914XO 930 469999999999999999999991829 21999999999999999999999
 38 40 41 41 41 40 40 41 43 44 46 47 46 43 39 34 29 24 21 19 19 22 26 3124 915XO 242 411058 4799999999999999 519 401920 1999999999999999
 35 38 39 39 39 37 37 37 38 40 43 47 48 47 44 39 33 27 22 19 17 18 22 2724 916XO 230 4012 7 4899999999999999 616 3720 7 1799999999999999
 33 37 39 39 37 35 33 32 33 34 38 43 47 49 48 44 39 33 26 21 18 17 19 2424 917XO 235 3913 8 4999999999999999 7 8 322051 1799999999999999
 30 35 38 39 37 34 31 28 27 28 31 35 42 47 48 47 44 39 32 26 22 19 19 2224 918XO 248 3914 7 4999999999999999 8 3 272133 1999999999999999
 28 34 38 40 39 36 31 27 24 23 24 27 33 40 45 47 47 43 38 32 27 24 22 2324 919XO 3 6 401511 4799999999999999 9 5 232212 2299999999999999
 27 34 39 41 41 39 34 29 24 21 20 20 25 32 39 43 45 45 42 38 33 29 28 2724 920XO 327 411622 469999999999999910 8 202250 2799999999999999
 29 34 39 43 44 42 39 33 27 22 19 17 19 23 30 37 41 43 43 41 38 35 33 3224 921XO 353 441736 449999999999999911 8 172324 3299999999999999
 32 35 39 43 45 45 43 39 32 26 22 18 17 18 23 29 34 38 41 41 40 38 37 3724 922XO 422 461850 419999999999999912 6 172349 3799999999999999
 37 37 40 44 46 47 46 43 38 32 27 23 20 18 19 23 28 32 36 38 40 39 39 4024 923XO 455 4799999999999999999999913 5 18999999999999999999999
 40 40 41 44 46 47 47 46 43 39 33 29 25 22 20 21 23 26 30 34 36 38 39 4024 924XO 534 479999999999999999999991412 20999999999999999999999
 41 42 42 43 45 46 47 46 45 43 39 35 31 27 24 22 22 23 26 29 32 35 38 3924 925XO 629 479999999999999999999991534 22999999999999999999999
 41 42 43 43 43 44 44 45 45 45 43 40 36 33 29 25 23 22 23 25 28 32 35 3724 926XO 750 4599999999999999999999917 5 22999999999999999999999
 39 41 42 42 41 41 42 42 43 44 44 42 40 37 33 30 26 23 22 23 25 28 32 3524 927XO 922 449999999999999999999991814 22999999999999999999999
 37 39 40 40 39 39 38 39 40 41 43 43 42 40 37 33 29 25 23 22 23 25 29 3324 928XO 224 401048 4399999999999999 6 1 3819 4 2299999999999999
 35 37 38 38 37 36 35 35 36 38 40 42 42 41 39 36 32 27 24 22 22 23 27 3024 929XO 215 381154 4299999999999999 640 351943 2299999999999999
 34 36 37 36 35 33 32 32 32 33 36 39 41 42 40 38 34 29 26 23 22 22 25 2924 930XO 212 371245 4299999999999999 712 322015 2299999999999999
 32 35 36 36 34 32 30 29 28 29 32 35 39 41 41 39 36 32 27 24 23 22 24 272410 1XO 216 361331 4199999999999999 744 282041 2299999999999999
 32 35 36 36 34 31 28 26 25 26 27 31 35 38 40 39 37 34 30 26 24 23 24 272410 2XO 223 361415 4099999999999999 818 2521 4 2399999999999999
 31 35 36 36 35 32 28 25 23 23 24 27 31 36 38 39 38 36 32 29 26 25 25 272410 3XO 231 3715 1 3999999999999999 854 232123 2599999999999999
 31 35 37 38 36 34 30 25 22 21 21 23 27 32 36 38 39 37 35 31 29 28 28 292410 4XO 242 381550 3999999999999999 931 212137 2899999999999999
 32 35 38 39 38 36 32 27 23 20 20 20 23 28 33 36 38 38 37 34 32 30 30 312410 5XO 254 391642 38999999999999991010 202142 3099999999999999
 33 36 39 41 40 38 35 30 25 21 20 19 20 24 29 33 36 37 37 36 34 33 33 332410 6XO 3 9 411735 37999999999999991049 192137 3299999999999999
 34 37 40 42 42 40 37 33 28 24 21 19 19 21 26 30 33 35 37 37 35 34 34 352410 7XO 327 421831 37999999999999991132 192133 3499999999999999
 36 38 40 42 43 42 40 36 31 27 23 21 20 20 23 26 30 32 34 36 36 35 35 362410 8XO 349 439999999999999999999991218 20999999999999999999999
 37 38 40 42 43 43 41 39 35 30 26 23 21 20 21 23 26 29 31 33 35 35 36 362410 9XO 416 439999999999999999999991313 20999999999999999999999
 38 39 40 41 42 43 42 40 38 34 30 26 23 21 20 20 22 24 27 29 32 34 35 36241010XO 449 439999999999999999999991419 20999999999999999999999
 37 38 39 40 41 41 42 41 39 37 33 30 26 23 21 19 19 20 22 25 28 31 33 35241011XO 540 429999999999999999999991538 19999999999999999999999
 36 37 37 38 38 39 39 40 40 39 37 34 30 26 23 20 18 17 18 21 24 27 30 33241012XO 725 409999999999999999999991655 17999999999999999999999
 34 35 36 35 35 35 36 37 38 39 39 37 34 31 26 22 19 17 16 17 20 24 28 31241013XO 921 399999999999999999999991756 16999999999999999999999
 33 34 34 33 32 31 31 32 34 36 38 39 38 35 31 26 22 18 16 15 17 20 25 29241014XO 120 341052 3999999999999999 527 311846 1599999999999999
 32 34 33 32 29 27 26 26 28 31 35 38 40 39 36 32 27 22 18 16 16 19 23 28241015XO 114 3412 5 4099999999999999 622 261931 1699999999999999
 32 34 34 32 29 25 22 21 22 24 28 34 38 40 40 37 32 27 23 20 18 19 22 27241016XO 123 341313 4099999999999999 715 212013 1899999999999999
 33 36 36 34 30 25 21 17 16 17 20 26 33 38 40 40 38 33 28 24 22 22 23 27241017XO 139 361422 4099999999999999 810 162053 2299999999999999
 33 37 39 37 34 29 22 17 14 12 13 18 25 32 37 40 40 38 34 30 27 26 26 28241018XO 2 2 391534 4099999999999999 9 6 122131 2699999999999999
 33 38 41 41 38 34 27 20 14 11 10 11 17 24 31 36 39 39 38 34 32 30 30 31241019XO 230 411644 399999999999999910 1 1022 5 3099999999999999
 33 38 42 43 42 39 33 26 19 14 10  9 11 17 24 30 35 37 38 37 35 34 34 34241020XO 3 1 431751 38999999999999991056  92224 3399999999999999
 35 38 42 44 44 43 39 33 25 19 14 11 10 12 17 23 29 33 36 37 36 35 36 36241021XO 336 4519 1 37999999999999991150 102124 3599999999999999
 36 38 40 43 44 44 42 38 32 26 20 16 13 12 14 18 23 27 31 34 35 35 36 36241022XO 416 449999999999999999999991248 12999999999999999999999
 37 38 39 41 42 43 43 40 37 32 26 22 18 15 14 16 19 22 26 29 32 33 34 36241023XO 5 2 439999999999999999999991352 14999999999999999999999
 36 37 37 38 39 40 41 40 38 35 31 27 23 20 17 16 17 19 22 25 28 30 32 34241024XO 6 3 4199999999999999999999915 8 16999999999999999999999
 35 35 36 36 36 36 37 38 38 36 34 31 28 24 21 19 17 17 19 21 24 27 30 32241025XO 721 389999999999999999999991628 17999999999999999999999
 33 34 34 33 33 33 33 34 35 35 34 33 31 28 24 21 19 18 18 19 22 25 28 30241026XO 126 34 855 3599999999999999 450 331731 1799999999999999
 31 32 32 31 30 29 29 29 31 32 33 33 32 30 27 24 21 19 18 18 20 23 26 28241027XO 1 9 321032 3399999999999999 551 291818 1899999999999999
 30 31 30 29 27 26 25 25 26 28 30 32 32 31 29 26 23 21 19 18 19 22 25 28241028XO 1 1 311146 3299999999999999 632 251853 1899999999999999
 30 30 30 28 26 24 22 22 22 24 27 29 31 31 30 28 25 23 21 20 20 22 25 28241029XO 1 1 301244 3199999999999999 7 6 221920 2099999999999999
 30 31 30 28 25 22 20 19 19 20 23 26 29 31 31 30 28 25 23 21 21 22 25 28241030XO 1 5 311337 3199999999999999 738 181942 2199999999999999
 31 32 31 30 26 22 19 17 16 16 19 23 27 30 31 31 30 27 25 24 23 24 26 29241031XO 113 321427 3299999999999999 8 9 1620 1 2399999999999999
 32 33 33 31 28 24 19 16 14 14 15 19 24 28 31 32 32 30 28 26 25 25 27 292411 1XO 124 341516 3299999999999999 841 142018 2599999999999999
 33 35 35 34 31 26 21 17 14 12 13 16 21 26 30 32 33 32 30 28 27 27 28 302411 2XO 140 3516 4 3399999999999999 916 122032 2799999999999999
 33 36 37 36 34 30 24 19 15 12 11 13 17 22 27 30 32 33 32 30 29 29 29 312411 3XO 2 0 371651 3399999999999999 953 112041 2999999999999999
 33 37 38 38 36 33 28 22 17 13 11 11 14 18 24 28 31 32 33 32 30 30 31 312411 4XO 223 391739 33999999999999991032 112047 3099999999999999
 33 36 39 39 38 35 31 26 20 15 12 11 12 15 19 24 27 30 31 32 31 30 31 322411 5XO 251 391832 32999999999999991116 112053 3099999999999999
 33 35 38 39 39 37 34 29 24 18 15 12 11 12 15 19 23 26 29 30 30 30 31 322411 6XO 323 3999999999999999999999912 4 11999999999999999999999
 33 34 36 38 38 38 35 32 27 22 17 14 12 11 12 15 18 22 25 27 28 29 30 302411 7XO 4 0 389999999999999999999991259 11999999999999999999999
 31 32 34 35 36 37 36 34 30 26 21 17 14 12 11 12 14 17 20 23 26 27 28 292411 8XO 447 3799999999999999999999914 0 11999999999999999999999
 30 30 31 32 33 34 34 34 32 29 25 21 17 14 12 11 11 13 16 19 23 25 27 282411 9XO 553 3499999999999999999999915 6 11999999999999999999999
 28 28 28 28 29 30 31 32 32 30 28 24 21 17 14 12 11 11 13 16 20 23 25 27241110XO 729 322358 27999999999999991611 11999999999999999999999
 27 27 26 25 25 25 26 27 29 30 30 28 25 21 18 15 12 11 12 14 18 22 25 27241111XO 914 302349 2799999999999999 414 2517 8 1199999999999999
 27 26 25 23 21 20 20 22 24 27 29 30 29 26 23 19 16 14 13 14 17 21 25 28241112XO1051 302359 2899999999999999 523 201758 1399999999999999
 28 28 25 22 19 16 15 15 17 21 25 29 30 30 28 25 21 18 17 16 18 21 25 29241113XO1215 30999999999999999999999 621 151843 1699999999999999
 31 30 28 24 19 15 12 10 11 14 19 24 29 31 31 29 27 24 21 20 20 22 26 30241114XO 018 311335 3199999999999999 715 101925 2099999999999999
 33 34 32 28 22 16 11  8  6  7 11 18 24 29 32 32 31 28 26 24 24 24 27 31241115XO 043 341450 3299999999999999 8 8  620 4 2499999999999999
 35 37 36 33 28 21 14  8  5  3  5 10 17 24 29 32 33 32 30 28 27 27 28 31241116XO 115 371558 3399999999999999 9 1  32035 2799999999999999
 35 38 39 38 34 28 20 13  7  3  2  4 10 17 24 29 32 33 32 30 29 29 30 31241117XO 151 3917 0 3399999999999999 953  22051 2999999999999999
 34 38 40 40 38 34 27 19 12  7  3  2  5 11 18 24 28 31 32 31 30 30 30 31241118XO 231 4118 0 32999999999999991045  22049 3099999999999999
 33 36 39 41 40 37 33 26 18 12  7  4  4  7 12 18 23 27 29 30 30 30 30 31241119XO 315 419999999999999999999991138  4999999999999999999999
 32 33 36 38 39 38 36 31 24 18 13  8  6  6  8 13 18 22 25 27 28 28 29 29241120XO 4 2 399999999999999999999991232  6999999999999999999999
 30 31 32 34 36 37 36 33 28 23 18 13 10  8  8 10 13 17 21 24 26 26 27 27241121XO 452 379999999999999999999991329  7999999999999999999999
 28 28 29 30 32 33 33 32 30 26 22 17 14 11  9  9 11 14 17 20 23 24 25 26241122XO 545 339999999999999999999991427  9999999999999999999999
 26 26 26 26 27 28 29 29 28 26 24 20 17 14 12 11 11 12 15 18 20 22 24 24241123XO 646 292348 24999999999999991525 11999999999999999999999
 24 24 24 23 23 23 24 25 25 25 24 22 19 17 15 13 12 13 14 16 19 21 23 24241124XO 8 8 252334 2499999999999999 4 1 231616 1299999999999999
 24 23 22 21 20 19 19 20 21 22 22 22 21 19 17 16 14 14 14 16 18 21 23 24241125XO 958 222336 2499999999999999 516 191658 1499999999999999
 24 23 21 19 18 16 16 16 17 19 20 21 22 21 19 18 17 16 16 17 19 21 23 24241126XO1136 222342 2599999999999999 6 7 161730 1699999999999999
 25 24 22 19 17 14 13 13 14 16 18 20 22 22 21 20 19 18 18 18 20 22 24 26241127XO1253 222351 2699999999999999 644 131756 1899999999999999
 26 25 23 20 17 14 11 10 10 12 15 19 21 23 23 23 22 21 20 20 21 23 26 28241128XO1355 23999999999999999999999 717 101820 2099999999999999
 28 28 26 22 18 14 11  8  8  9 12 16 20 23 24 25 24 23 22 22 23 24 27 29241129XO 0 5 281447 2599999999999999 749  81846 2299999999999999
 30 30 29 25 21 16 11  8  6  7  9 13 18 22 25 26 26 25 24 24 24 25 27 30241130XO 026 311532 2699999999999999 823  61913 2499999999999999
 32 33 31 29 24 19 13  9  6  5  6 10 15 20 23 26 27 27 26 25 25 26 27 292412 1XO 052 331615 2799999999999999 9 0  51939 2599999999999999
 32 34 34 32 28 23 17 11  7  4  4  6 11 16 21 24 27 27 27 26 25 26 27 292412 2XO 124 341657 2799999999999999 940  420 1 2599999999999999
 31 34 35 34 31 27 21 14  9  5  3  3  6 11 17 21 24 26 27 26 25 25 26 272412 3XO 2 0 351742 27999999999999991023  32021 2599999999999999
 30 32 34 35 33 30 25 18 12  7  4  2  3  7 12 17 21 23 25 25 24 24 25 262412 4XO 240 351831 259999999999999911 9  22040 2499999999999999
 27 30 32 34 34 32 28 22 16 10  5  2  1  3  7 11 16 20 22 23 23 23 23 242412 5XO 323 349999999999999999999991157  1999999999999999999999
 25 27 29 31 32 32 29 25 19 13  8  4  2  1  3  7 11 15 19 21 22 22 22 222412 6XO 410 329999999999999999999991248  1999999999999999999999
 23 23 25 27 29 30 29 27 22 17 12  8  4  2  2  4  7 11 15 18 20 20 20 202412 7XO 5 3 309999999999999999999991338  2999999999999999999999
 20 20 21 22 24 26 27 26 24 20 16 12  8  5  3  4  6  9 13 16 19 20 20 202412 8XO 6 7 272141 20999999999999991428  3999999999999999999999
 19 18 18 18 18 20 22 23 23 22 19 16 12  9  7  6  6  8 11 15 18 20 21 202412 9XO 731 2322 3 2199999999999999 233 171517  699999999999999
 19 17 15 14 14 14 16 18 20 21 21 19 17 14 12 10  9 10 12 15 18 21 22 22241210XO 916 212225 2399999999999999 358 1416 5  999999999999999
 21 18 15 12 10  9 10 12 15 18 20 21 20 19 17 15 14 13 14 16 19 22 25 25241211XO11 7 212251 2599999999999999 511  91652 1399999999999999
 24 21 17 13  9  6  5  6  8 12 16 20 21 22 21 20 19 18 18 18 21 24 27 28241212XO1250 222324 2899999999999999 615  51739 1899999999999999
 28 26 22 17 11  6  3  2  2  5 10 16 20 23 24 24 23 22 21 21 22 24 28 30241213XO1420 24999999999999999999999 713  11823 2199999999999999
 32 30 27 22 16 10  4  0 -1  0  4 10 16 21 24 25 26 25 24 24 24 25 28 31241214XO 0 2 321531 2699999999999999 8 7 -119 1 2499999999999999
 33 34 32 28 22 15  8  2 -1 -3 -1  4 10 17 22 25 26 26 25 25 25 25 27 30241215XO 044 341626 2699999999999999 858 -31933 2599999999999999
 33 35 35 33 28 22 14  7  1 -2 -3 -1  4 11 17 22 25 26 26 25 25 25 26 28241216XO 131 361714 2699999999999999 949 -320 1 2599999999999999
 31 34 36 35 32 27 20 13  6  1 -2 -3  0  6 12 17 22 24 25 24 24 24 24 25241217XO 220 361757 25999999999999991039 -32030 2399999999999999
 27 30 33 35 34 31 25 18 11  5  0 -2 -2  1  7 13 17 21 22 23 22 22 22 23241218XO 3 8 351839 23999999999999991127 -221 4 2299999999999999
 24 26 29 32 32 31 28 23 16  9  4  1 -1  0  3  8 13 17 19 20 20 20 20 20241219XO 355 321920 21999999999999991213 -12144 2099999999999999
 21 22 24 27 29 29 27 24 19 13  8  4  1  0  2  5 10 13 16 18 19 18 18 18241220XO 441 2920 2 19999999999999991257  02245 1899999999999999
 18 18 19 21 23 25 25 23 20 16 11  7  4  3  3  4  7 11 14 16 17 17 17 16241221XO 525 252039 18999999999999991336  2999999999999999999999
 16 16 16 17 18 20 20 20 19 16 13 10  7  6  5  5  7 10 13 15 17 17 17 16241222XO 613 2021 9 1799999999999999 127 1614 8  599999999999999
 15 14 14 13 14 15 16 16 16 15 14 12 10  8  8  8  9 10 13 15 17 17 17 17241223XO 720 162130 1899999999999999 256 131432  799999999999999
 15 14 12 11 11 11 12 13 13 14 14 13 12 11 10 10 11 12 14 16 17 18 19 18241224XO 917 142147 1999999999999999 414 111443 1099999999999999
 16 14 12 10  9  8  8  9 10 12 13 13 14 13 13 13 13 14 15 17 19 20 21 20241225XO22 3 21999999999999999999999 521  8999999999999999999999
 19 16 13 11  8  6  6  6  7  9 12 13 15 15 16 16 16 16 17 19 20 22 23 23241226XO2225 23999999999999999999999 6 9  6999999999999999999999
 21 19 16 12  9  6  4  4  5  7 10 13 15 17 18 18 18 18 19 20 21 23 24 25241227XO2256 25999999999999999999999 649  4999999999999999999999
 24 22 19 15 11  7  4  2  2  4  7 11 14 17 19 20 20 20 20 21 22 24 25 27241228XO2335 27999999999999999999999 727  2999999999999999999999
 27 25 23 18 14  9  4  1  0  1  4  8 12 16 19 21 21 21 21 21 22 23 25 27241229XO9999999999999999999999999999 8 7  0999999999999999999999
 28 28 26 22 17 12  6  2 -1 -2  0  4  9 14 18 20 21 21 21 21 21 22 24 26241230XO 019 281633 2299999999999999 848 -219 8 2199999999999999
 28 29 29 26 22 16  9  4 -1 -3 -3 -1  4  9 14 18 20 21 20 20 19 20 21 24241231XO 1 8 3017 1 2199999999999999 932 -41947 1999999999999999
