 74 48 29 20 26 44 70 99125144150143128113 99 92 9310111212313113412811224 1 1Z9 955150205213499999999999999 3 8 201525 9199999999999999
 91 69 49 37 35 45 64 88112132144143133119105 94 89 91 9710611512112311624 1 2Z91027145214212399999999999999 340 341616 8999999999999999
103 86 69 56 49 52 64 82103122136141137126113100 90 85 86 90 9710511111224 1 3Z911 1141224911399999999999999 414 491722 8499999999999999
108 99 87 76 68 65 70 81 97113127136138131120107 94 84 78 77 80 86 9410124 1 4Z91138138999999999999999999999 452 651842 7699999999999999
106106101 94 87 82 81 85 95107120130136135127115101 87 74 66 64 67 74 8524 1 5Z9 026106122013699999999999999 543 811956 6499999999999999
 96105110110106101 96 94 97104113123131136133124110 94 77 62 52 49 53 6424 1 6Z9 22811013 913699999999999999 658 942053 4999999999999999
 79 96111120123120115107103103108116125133137134122105 85 64 46 34 33 4024 1 7Z9 35912314 313799999999999999 8281022141 3299999999999999
 56 77101122134138134125114106104109118128138141136121 99 74 48 27 16 1624 1 8Z9 456138145714199999999999999 9451042226 1499999999999999
 29 52 81112136150151143130114104102108120133144148140120 92 61 31  8 -224 1 9Z9 53915215501489999999999999910431012310 -399999999999999
  3 22 52 89125152164161147128110 98 98108124141153156144118 84 47 14-1024 110Z9 6171641642156999999999999991130 972354-1799999999999999
-17 -6 21 58100139165173164145122101 91 95110130149162163146114 74 34 -124 111Z9 6551731732164999999999999991212 91999999999999999999999
-23-26 -8 25 68113152175176160137111 91 85 94114136157169166144107 64 2324 112Z9 733178182217099999999999999 037-281254 8599999999999999
-11-30-26 -2 36 81127163178172151125 99 82 80 94116140161172165138 99 5624 113Z9 811178191117299999999999999 120-311336 7999999999999999
 17-14-26-16 13 52 96139168175162139112 88 74 77 94117140159168158129 9124 114Z9 84817520 016899999999999999 2 2-261420 7399999999999999
 52 17 -7-12  4 34 71112148167166149125 99 78 69 74 9111313415215814611924 115Z9 926169205115899999999999999 244-1215 7 6899999999999999
 86 53 26 10 11 29 58 91125152162155136112 89 71 64 71 8610512414014413324 116Z910 4162214614499999999999999 325  81559 6499999999999999
111 85 61 41 33 39 57 82109134151153143124102 81 65 60 65 77 9311012412824 117Z91041154225212899999999999999 4 5 3317 0 6099999999999999
121106 89 74 63 60 68 83102121137146144132114 94 75 60 54 56 66 79 9510824 118Z91118147999999999999999999999 445 601813 5499999999999999
115114108 99 91 86 86 92103115127136140136124108 89 71 55 47 46 53 65 8024 119Z9 023115115914099999999999999 530 851934 4599999999999999
 96107114115112109106106109114121128133135131120105 86 66 49 38 35 40 5324 120Z9 244115125113599999999999999 6421062051 3599999999999999
 70 90107119126127125121117116117121126130133130120104 83 61 41 27 23 2924 121Z9 44912714 313399999999999999 8571162154 2399999999999999
 44 66 91114130138139134127119114114118124130134133122103 79 54 31 15 1224 122Z9 53613915171359999999999999910311142245 1299999999999999
 22 42 69 99125143149145136124113107109115124134140137124100 72 43 18  424 123Z9 6 514916171409999999999999911171072328  299999999999999
  5 20 46 78112139154154145130114102 99105116129140147141122 94 62 31  624 124Z9 63115517 7147999999999999991150 99999999999999999999999
 -5  3 25 57 93128152160153137118101 91 93104120136149153142116 83 49 1724 125Z9 657160174915399999999999999 0 5 -51219 9099999999999999
 -4 -7  8 37 73111144161159144124103 87 82 91108127144155154136105 70 3524 126Z9 724162182615799999999999999 040 -81249 8299999999999999
  7 -7 -1 22 55 93129155162151131108 87 76 79 94114134150158150125 91 5524 127Z9 75116219 215899999999999999 112 -81318 7699999999999999
 23  2 -2 13 41 77113144160156138115 92 75 71 80 99120139153154139110 7624 128Z9 817160193615699999999999999 142 -31348 7099999999999999
 44 18  6 12 34 65 99131153157144122 99 79 67 70 84103123141150144124 9524 129Z9 842158201015099999999999999 210  51420 6799999999999999
 64 38 20 18 33 58 89119144154148130107 85 69 64 71 8710512313714113110924 130Z9 9 7154204714199999999999999 237 171454 6499999999999999
 83 58 40 32 38 57 82110134148149135115 93 75 63 63 73 8810412013012911724 131Z9 931150212813199999999999999 3 4 321532 6299999999999999
 98 78 60 49 49 61 81103125141146138122101 82 68 60 63 72 8610011211911824 2 1Z9 955146221812099999999999999 331 481616 6099999999999999
107 93 79 69 65 70 83100118132140139127109 91 75 63 58 60 69 80 9210310924 2 2Z91020141232811099999999999999 359 651710 5899999999999999
109103 95 88 84 83 89101114125133136130117101 84 70 60 54 55 62 71 82 9324 2 3Z91049136999999999999999999999 433 831819 5499999999999999
102107107105102100100104111119126130130124112 97 82 67 55 48 46 50 59 7124 2 4Z9 130107112813199999999999999 5301001944 4699999999999999
 86100110117119118116113112115119123126127122112 98 81 64 48 37 32 35 4524 2 5Z9 417119123812799999999999999 73811221 8 3299999999999999
 61 82103120131135133126118112111114119125129127118102 82 59 38 22 14 1824 2 6Z9 5 4135141312999999999999999 9491112211 1499999999999999
 32 56 84113135148149141128115105103108118128136137128108 81 51 24  4 -424 2 7Z9 537150153713899999999999999104710223 1 -499999999999999
  3 25 56 92127152162158143123104 92 93104120136149151139112 78 41  8-1424 2 8Z9 6 81631642152999999999999991127 912345-2099999999999999
-19 -5 24 63106145168171158135109 87 78 85103125147163165147112 71 30 -624 2 9Z9 63917217361669999999999999912 4 78999999999999999999999
-27-26 -4 33 77124162178172150121 91 69 65 79104132158175173148108 63 2024 210Z9 711179182517799999999999999 027-301242 6499999999999999
-15-30-21  9 50 97143174180163135101 71 53 56 77106137166181173143101 5624 211Z9 743181191218299999999999999 1 6-301321 5299999999999999
 15-14-20 -3 31 73119159179173148115 81 53 42 52 76107139167178165133 9324 212Z9 815179195817899999999999999 145-2114 1 4299999999999999
 53 18 -1  2 24 58 98138167173158129 96 63 41 36 50 7610613716016615012124 213Z9 846174204616799999999999999 222 -31443 3699999999999999
 88 55 31 22 32 56 87120150165161139110 79 52 35 36 50 7410112814614813424 214Z9 916166213615099999999999999 257 221529 3399999999999999
111 87 65 52 52 65 87111135152156144121 95 68 47 36 38 51 71 9311512813024 215Z9 944157223513199999999999999 330 501620 3599999999999999
120106 92 81 77 82 94111127140147143128108 85 64 48 39 40 50 65 83 9911124 216Z910 8147999999999999999999999 358 771722 3999999999999999
114112107103100101106115124132137136129116100 83 66 52 43 42 47 57 70 8524 217Z9 0 3114102613799999999999999 4171001844 4299999999999999
 97106112115116118119122124127128128125120111100 86 71 56 46 40 40 47 5924 218Z910241289999999999999999999992025 39999999999999999999999
 75 91106118126129130128126123121120119119117113105 91 75 58 43 33 31 3824 219Z9 5441309999999999999999999992144 31999999999999999999999
 52 71 93114129137139135128119113110111114118122121112 96 76 55 36 24 2224 220Z9 54313915231229999999999999911121102236 2199999999999999
 33 51 76103127142146141131118106 99100106115124132130118 97 72 47 25 1324 221Z9 5531461625132999999999999991121 992316 1399999999999999
 17 33 57 88119142152148136120102 90 88 95107121135143138119 92 63 34 1224 222Z9 61015217 9143999999999999991140 872350  699999999999999
  6 17 40 71106137154155142124102 84 76 81 96113132148152140114 82 49 2024 223Z9 63115717461539999999999999912 4 76999999999999999999999
  4  7 26 56 91126153160150130105 82 67 67 81101124145159155134103 68 3424 224Z9 653160182016099999999999999 021  31229 6599999999999999
 10  4 17 43 77114146162157137111 85 63 56 65 85110135156163150123 88 5324 225Z9 715162185316399999999999999 049  31256 5699999999999999
 24  9 14 35 66102136159161145119 90 65 50 52 68 93120145161159139108 7424 226Z9 737163192516399999999999999 115  81324 4899999999999999
 43 21 18 33 60 92126152162152128 98 70 49 43 53 75101128150159149124 9324 227Z9 758162195815999999999999999 141 171352 4399999999999999
 63 39 29 36 58 86117144159156135107 78 54 40 42 58 8210813314915013511024 228Z9 819160203315299999999999999 2 5 281422 3999999999999999
 83 59 45 44 59 83110135153156141116 88 62 44 38 46 65 8811213214313812124 229Z9 839157211214399999999999999 230 431455 3899999999999999
100 79 64 58 66 84106128145151144123 97 72 52 40 40 51 70 9111112613212624 3 1Z9 9 0151215713299999999999999 256 581531 3899999999999999
112 96 83 76 77 88105122137145142129107 83 63 48 41 44 55 71 8810511712124 3 2Z9 920145225812199999999999999 323 751613 4199999999999999
117108100 94 92 96106119130137138131115 96 76 60 49 44 46 55 67 81 9410624 3 3Z9 939138999999999999999999999 351 921712 4499999999999999
112113112110109109112118124129130128121108 93 77 63 52 45 44 49 57 69 8224 3 4Z9 05111310 013099999999999999 4321091842 4499999999999999
 97109117122125124122120120121122122121117109 98 84 69 55 43 37 36 42 5524 3 5Z9 41612511 712299999999999999 7421202036 3699999999999999
 73 93112128137139135128119113110112116120122119110 95 75 55 36 23 20 2724 3 6Z9 44813913591229999999999999910 71102152 1999999999999999
 44 68 96123144152150139124108 98 97103114125134136126105 78 50 25  7  424 3 7Z9 5131531542136999999999999991040 962243  399999999999999
 16 40 72108141161164152133110 89 79 83 98117136152155141113 78 43 11 -724 3 8Z9 5401641642156999999999999991112 792326 -999999999999999
 -6 14 45 85126160174167145117 87 65 60 73 96123151171171150115 74 33  124 3 9Z9 6 71741733174999999999999991145 59999999999999999999999
-14 -5 23 60105148176179160129 94 61 42 45 67 98132165185180152112 68 2724 310Z9 636181181918699999999999999 0 6-141221 4099999999999999
 -2 -8  9 42 83129167184173144107 68 36 24 36 65101140175190179147106 6424 311Z9 7 518419 419099999999999999 044 -91258 2499999999999999
 26  6 10 34 69109150178180158122 82 44 18 15 34 6610514517618516913710024 312Z9 734183195018699999999999999 120  41337 1399999999999999
 63 35 26 38 64 97133164178166137 99 61 27 10 14 37 7010714416917115412624 313Z9 8 3178203617399999999999999 155 261417  999999999999999
 96 69 52 53 69 94122149167166147115 80 46 21 12 21 43 7310713715415313824 314Z9 829169212515599999999999999 227 5015 0 1299999999999999
118 97 81 75 82 98118138154159149126 97 67 41 24 20 30 50 7510212413613424 315Z9 851159222313699999999999999 257 751545 2099999999999999
125114103 97 99107120133143148144130109 86 64 45 34 32 40 55 74 9411011924 316Z9 9 5148235412199999999999999 320 971640 3299999999999999
121119116113114117124130135137135128115100 84 68 55 46 43 47 56 69 83 9724 317Z9 9 2137999999999999999999999 3261131756 4399999999999999
107114119122125126128129129128126121116108 99 89 77 66 56 50 48 53 62 7524 318Z9 7361309999999999999999999991945 48999999999999999999999
 89103116126132134133129125119116113111110110106 99 87 74 61 50 45 47 5624 319Z9 5101349999999999999999999992115 44999999999999999999999
 70 88107124136139137131121111105102104108113118117109 94 77 59 45 38 4124 320Z9 5 513915251199999999999999911 21022210 3799999999999999
 54 72 95119137145143134121106 94 90 93101111123131129115 96 74 52 36 3124 321Z9 51514516181319999999999999911 1 902250 3199999999999999
 40 57 81109134149149139123104 86 77 79 90104122137144136117 92 65 41 2824 322Z9 5311511657144999999999999991117 762322 2799999999999999
 30 45 69 98128150156147128106 82 66 64 75 92114136152153137112 83 54 3224 323Z9 5511561732155999999999999991139 632351 2599999999999999
 25 36 58 87119147160155136110 83 60 51 58 76101128152163155132102 71 4324 324Z9 61116118 51639999999999999912 3 51999999999999999999999
 28 32 51 78110141161162144117 87 59 42 42 58 84113143164167150122 90 5924 325Z9 631164183816899999999999999 018 271229 3999999999999999
 37 33 47 72102133158166153126 94 63 38 30 41 64 94127156170163140110 7924 326Z9 651166191017099999999999999 043 321255 3099999999999999
 53 41 47 68 96126153166160136103 70 41 25 27 46 74107139163168153128 9924 327Z9 711167194416999999999999999 1 9 401323 2399999999999999
 72 54 52 67 92119145163163144114 80 49 27 20 31 55 8511814716215914111624 328Z9 732165201916499999999999999 135 511352 2099999999999999
 91 71 63 70 90113137155162150124 92 61 36 22 23 40 65 9512414715514713024 329Z9 752162205915599999999999999 2 2 631424 2099999999999999
109 90 78 78 91110130147156151132104 74 48 30 24 31 49 7410012414114413624 330Z9 813156214514499999999999999 230 771459 2499999999999999
122107 96 92 96109125139147148136115 89 64 45 33 31 39 56 77 9911813013324 331Z9 832149224813399999999999999 3 0 921541 3099999999999999
128120112107107112121131138140135123103 82 63 48 39 38 45 58 74 9210711924 4 1Z9 849141999999999999999999999 3361061639 3899999999999999
125126124122120119122126129131130125114100 85 69 57 47 43 46 54 66 81 9724 4 2Z9 044126 9 713199999999999999 44411918 7 4399999999999999
112123131134134130126122120120120120119115107 95 81 67 53 44 41 44 55 7124 4 3Z9 32113499999999999999999999920 1 41999999999999999999999
 91111129142146142134123113106105108114120123121112 95 75 56 40 31 33 4624 4 4Z9 4 1146141312499999999999999 9441052121 3199999999999999
 66 92119142155155145129110 94 86 89 99113128140141129107 81 55 33 22 2624 4 5Z9 4301571537142999999999999991013 862214 2199999999999999
 43 70101134158167158138113 87 68 64 75 94118142159160143115 83 51 26 1624 4 6Z9 4571671633162999999999999991046 642258 1699999999999999
 26 50 82118153173171152123 90 59 42 45 65 94126158178175152119 82 47 2324 4 7Z9 5251751723179999999999999991120 402338 1999999999999999
 20 37 66101140171181167137100 61 30 20 32 60 97137173190181154118 80 4724 4 8Z9 55418118 9190999999999999991157 19999999999999999999999
 29 34 56 88124160182179153116 74 34  8  6 27 61103147182193179150115 8024 4 9Z9 623184185519399999999999999 016 281234  499999999999999
 52 44 56 81112146174183167133 92 50 14 -4  3 29 6611015318218717114311224 410Z9 652183194118899999999999999 053 431313 -599999999999999
 82 64 65 81106134161177173148111 71 32  4 -5  8 36 7411615317417415813424 411Z9 719178202817799999999999999 128 621353 -599999999999999
110 90 82 88106127149165170156127 92 56 25  6  4 20 47 8211814716115814524 412Z9 745170211816199999999999999 2 1 821435  399999999999999
128111101100110124140153160154136109 79 50 28 16 19 34 58 8711513614514324 413Z9 8 5160221714599999999999999 232 991519 1699999999999999
135125116113116124134143148147137119 97 74 53 38 31 35 47 66 8810912413224 414Z9 818149234013399999999999999 3 01131611 3199999999999999
133130126123123126131135137136131121108 93 77 62 52 46 48 56 70 8610211524 415Z9 814137999999999999999999999 3291231717 4699999999999999
123128130130130129129128127125122118112105 96 85 74 64 58 56 61 70 83 9724 416Z9 2301309999999999999999999991847 56999999999999999999999
110122130135135133128123118113111110110111110105 96 85 73 64 59 60 68 8124 417Z9 3361359999999999999999999992020 59999999999999999999999
 96112127137140137130121110102 98 99103109116119116106 92 78 65 58 59 6824 418Z9 35814015 2119999999999999991015 982123 5799999999999999
 83101121137145144135122106 93 85 85 92103116127131126112 95 77 62 55 5924 419Z9 4191461556132999999999999991025 8422 7 5599999999999999
 72 91112134148150141125106 87 73 70 77 91109128141143132114 93 72 57 5424 420Z9 4401511637144999999999999991045 702243 5499999999999999
 64 82104128148156149132109 85 64 55 60 75 96121143154150134112 87 66 5524 421Z9 5 115617141559999999999999911 8 552313 5599999999999999
 59 75 97122146160157140115 87 61 44 43 57 79108137158164153131106 80 6224 422Z9 5211611748164999999999999991133 412342 5899999999999999
 59 70 91116141161164150124 93 62 38 29 38 60 89123153170168150125 98 7424 423Z9 5411651822171999999999999991159 29999999999999999999999
 63 68 86110136158168159134102 68 38 21 22 40 68103139167176166144117 9024 424Z9 6 2168185617699999999999999 010 631226 1999999999999999
 72 70 83104129153168166146114 79 45 20 12 23 47 8011815217317415913510924 425Z9 625170193217699999999999999 038 691256 1299999999999999
 87 76 82100122145163169156127 92 58 28 11 12 30 58 9313015917216714912724 426Z9 649169201117399999999999999 1 8 761328  999999999999999
105 89 86 98117137155165161139108 74 43 20 11 19 40 7010413615916515714124 427Z9 714166205416599999999999999 140 8614 2 1199999999999999
122105 96 99112130146157159147122 92 61 36 20 17 28 50 7910913515215614824 428Z9 739160214615699999999999999 215 961442 1799999999999999
135121111107112124137148152148133109 82 57 38 27 27 38 58 8310812914314724 429Z9 8 4152225314799999999999999 2541071530 2599999999999999
142134125119117121129137142142136122102 81 61 45 37 36 45 62 8210312213524 430Z9 834143999999999999999999999 3491171631 3599999999999999
141141137132126123123125129131131127118104 87 71 56 47 44 49 61 78 9711624 5 1Z9 026142 92913299999999999999 5291221751 4499999999999999
132142145143137128121115114116119122124121113100 84 68 55 49 50 59 75 9524 5 2Z9 2 3145115812499999999999999 7551141923 4899999999999999
116135148152148137123109 99 96 99108118127132128116 98 79 62 51 49 58 7624 5 3Z9 25715214 713299999999999999 857 962040 4899999999999999
 98122144158159148130109 89 76 75 84 99118136147145131110 87 66 52 50 6224 5 4Z9 333160152314899999999999999 938 742138 4999999999999999
 82107134157168161142116 88 63 51 55 71 95123149164162144120 94 69 55 5624 5 5Z9 4 61681621165999999999999991016 502226 5399999999999999
 71 94121150170173157128 95 62 36 28 39 64 96132163179173153126 97 72 6024 5 6Z9 4381741713179999999999999991054 2723 9 6099999999999999
 66 85110139165179172145110 71 35 12 11 30 62101143176188179157129 99 7724 5 7Z9 5 918018 2188999999999999991133  92350 7099999999999999
 71 82103128155177181163129 89 48 14 -3  3 29 6510915318319117815512810124 5 8Z9 5411821849191999999999999991213 -4999999999999999999999
 84 84 99120145168181174148111 69 30  1 -8  5 34 7411815918318617215012524 5 9Z9 612181193718799999999999999 029 821254 -899999999999999
104 94100116136156173176161131 93 54 20 -1 -3 14 45 8412616017717616214224 510Z9 642177202517999999999999999 1 7 941335 -599999999999999
122108105114129146161170165145114 80 46 19  5  9 28 58 9413015616716415224 511Z9 711170211416899999999999999 1441051418  599999999999999
136122114115125137150159160150129101 72 45 26 18 25 43 7110213014915615324 512Z9 73716022 715699999999999999 22111315 3 1899999999999999
143132123120123130139147150146135117 94 71 51 37 34 41 58 8110612714114724 513Z9 8 115023 714799999999999999 3 11201551 3399999999999999
144138130125124125130135138137133124109 92 75 60 51 49 55 70 8810712413624 514Z9 826138999999999999999999999 3581241644 4899999999999999
141140136131126124123124125126125123117108 96 83 71 63 61 66 77 9310912324 515Z9 020141 91312699999999999999 5541231747 6199999999999999
134140140137131124119114112112114116117116112103 92 81 73 70 74 83 9611124 516Z9 137141121311799999999999999 83011219 0 7099999999999999
125136143143137128118108101 98 99104111117121120112101 90 81 76 79 8810124 517Z9 230143141512199999999999999 9 9 982011 7699999999999999
117131142147144134120106 93 84 83 89 99112123131130121109 96 85 80 83 9424 518Z9 3 6147152313199999999999999 938 8321 8 8099999999999999
109125140150151142126107 88 74 68 72 83100119135142139128114 98 87 83 8924 519Z9 33415216131439999999999999910 5 682153 8399999999999999
102119136150156150134112 88 67 55 54 65 83107131149154147133115 98 87 8724 520Z9 3591561655154999999999999991033 532231 8699999999999999
 97113131149160158143120 93 66 46 38 45 64 89119146162163152134114 96 8824 521Z9 42416117331659999999999999911 1 3823 6 8899999999999999
 93107126145161165154131102 71 44 28 28 43 68100135162173168153132110 9424 522Z9 4491651810173999999999999991130 262340 9199999999999999
 92102119139158169165145115 82 49 25 15 23 46 7711515017417916915012610524 523Z9 51617018481799999999999999912 2 15999999999999999999999
 95 98113132152168172158131 97 62 31 12 10 25 53 8912916218017916514412124 524Z9 545172192718199999999999999 015 941236  899999999999999
103 98107124144162172168148116 80 46 19  6 11 32 6310113916818017515813724 525Z9 616173201018099999999999999 051 981313  699999999999999
117105105116134152166170160135102 67 36 14  7 17 41 7411014516817516815224 526Z9 650171205617599999999999999 1291031355  799999999999999
133117109112125141156165164149123 91 60 33 17 14 27 51 8311614516416816024 527Z9 726166214816999999999999999 2121091440 1399999999999999
146131119114118129142153158154139115 86 59 37 25 25 38 61 8911814315916224 528Z9 8 8158224616299999999999999 3 21141531 2399999999999999
155144131121117120128138145149145132112 88 65 47 36 37 49 69 9411914115524 529Z9 9 4149234915899999999999999 4 51171628 3599999999999999
158153143131121115115120127134139138130114 95 75 59 49 49 59 76 9812114124 530Z91026139999999999999999999999 5281141731 4899999999999999
154157152142129116106103106113122131135132122106 89 73 63 61 69 8410412524 531Z9 052157121013599999999999999 6591031841 6199999999999999
144156159152138121104 91 85 88 98111126137140133120103 88 77 73 79 9311224 6 1Z9 146159135014099999999999999 8 9 851953 7399999999999999
131150161162150131109 87 71 64 70 84103125143151147134118101 88 83 8910324 6 2Z9 231163151015199999999999999 9 1 642058 8399999999999999
121140158167162145120 93 67 48 44 54 74100128152163160147130112 97 92 9924 6 3Z9 311167161416499999999999999 947 432155 9299999999999999
113131150167172161137106 74 45 27 27 42 6810113616317517115713811810310024 6 4Z9 3501721711175999999999999991032 252245 9999999999999999
108124142161174173155125 91 55 26 11 16 37 6810714517318317716114112010724 6 5Z9 42717618 3183999999999999991115 10233210599999999999999
107117134152169178170146113 75 39 12  2 12 38 7411615518118717816013912024 6 6Z9 5 51781851187999999999999991159  2999999999999999999999
110113126143160174177164136100 62 27  5  1 16 45 8412616318318517415513424 6 7Z9 543178193718799999999999999 0151101242  099999999999999
118113119133150165175173154124 88 52 22  5  6 25 57 9613616718117916514624 6 8Z9 620176202018299999999999999 0561131325  399999999999999
128117116125139154167171164143112 78 46 22 11 18 40 7210914316717516915424 6 9Z9 65717121 217599999999999999 13611514 7 1199999999999999
138123116119129142155163164153131102 72 46 28 23 34 57 8711914716416715924 610Z9 735165214316899999999999999 2151161449 2399999999999999
145131120117121131142151156153141120 95 70 50 38 38 51 7410112714916015924 611Z9 814156222516199999999999999 2581171529 3699999999999999
150138126118116121129137143146143131113 92 73 58 51 54 68 8911213314915524 612Z9 9 114623 815599999999999999 3481161610 5199999999999999
152144133123116114117122128134136133124110 94 79 68 65 71 8410212113814924 613Z910 1136235415299999999999999 4521141653 6599999999999999
152148140129119112108109113118124127127121112100 88 81 79 85 9711212814124 614Z91123128999999999999999999999 6171081742 7999999999999999
149151146136125113104 98 98101108116123126124118108 99 93 92 9710712013424 615Z9 04115113 912699999999999999 740 971841 9299999999999999
145151150144132118103 92 85 85 9010011212313013112711911010410210611512724 616Z9 126152144213299999999999999 836 84194910299999999999999
140149153150140125107 90 77 70 72 81 9611312913914213812911911110811212224 617Z9 2 7153155014299999999999999 917 70205410899999999999999
134145154156149134115 93 74 60 56 62 76 9712014015215414813712411511211724 618Z9 244156164315499999999999999 954 56215011299999999999999
128140152160158146126102 77 55 43 43 55 7510213115316516415514112511511424 619Z9 3211601727166999999999999991030 41223711399999999999999
121134148160165159141115 86 59 37 28 34 52 7911314516717617215814012311324 620Z9 35916518 71769999999999999911 7 28232111399999999999999
115126141156168170157133103 70 41 22 17 29 54 8712515817918317415613511824 621Z9 4381711846184999999999999991145 17999999999999999999999
112117131149165175172154124 90 55 26 10 11 29 59 9813717018618617215112924 622Z9 519175192618899999999999999 0 21111226  899999999999999
114111120137156172179171148115 78 43 16  4 11 34 6810914817718918316614424 623Z9 6 217920 718999999999999999 04311013 9  499999999999999
123111112125143162175179168141105 68 35 12  5 17 43 8012015618118717715824 624Z9 647180205018799999999999999 1261091352  599999999999999
136118109113128146163175176162133 98 63 34 15 12 28 56 9212916218018216924 625Z9 736177213318399999999999999 2111091437 1199999999999999
150130114107113128145160170170154127 95 64 38 24 26 44 7110413716417717424 626Z9 829172221717899999999999999 3 01071523 2399999999999999
161142123109104110123138152162161147123 96 70 50 40 45 62 8811614416517324 627Z9 92716323 217399999999999999 3561041611 4099999999999999
167153135117103 98103114128141151152142123102 81 66 60 66 8210412715016524 628Z91035153234816999999999999999 5 0 9817 1 6099999999999999
169161146128110 95 89 91101114129141146141128112 97 86 82 8710011813715324 629Z91158146999999999999999999999 612 891756 8299999999999999
164165156140120101 85 76 77 8610111813314314413712611510510210511512914324 630Z9 036166133514499999999999999 724 7519 310299999999999999
156164163152134112 90 72 61 61 71 8810912914515114914113112211711812513624 7 1Z9 124165151015199999999999999 829 60202111699999999999999
148159165162149128104 79 58 46 47 59 7910413115116116115414413412612513124 7 2Z9 215165162816299999999999999 926 45213612599999999999999
140151162167162146123 95 67 44 32 35 50 7510513716117217216415113812812724 7 3Z9 3 61671727173999999999999991019 31224012799999999999999
133143155166170163144116 85 55 31 21 27 47 7711214617118117816715113612624 7 4Z9 35717018131829999999999999911 8 21233012599999999999999
126134146160171174163140109 75 44 21 14 25 50 8412315818018617916314512924 7 5Z9 4461741852187999999999999991153 14999999999999999999999
121124136150165175176162134100 65 34 15 13 29 59 9613616918618617315413524 7 6Z9 533177192818899999999999999 0121211236 1199999999999999
120116124139155170178175156126 90 56 28 14 19 40 7311114917618718016314324 7 7Z9 61717920 318799999999999999 0491161315 1399999999999999
124113114126143159172178170147115 80 49 26 19 31 57 9112716018018216915024 7 8Z9 658178203618399999999999999 1251121352 1999999999999999
130115109115129146161172174161135104 72 46 30 31 49 7610914216817917315724 7 9Z9 73817521 817999999999999999 2 01091427 2999999999999999
138120108107116131147160168165149123 95 68 49 41 49 69 9712715417117316224 710Z9 817168213817499999999999999 23710615 0 4199999999999999
145127112104107117130144155160154137114 90 70 58 57 70 9111614116116916524 711Z9 85816022 816999999999999999 3171041531 5699999999999999
152135119106102105115127138147150142127109 91 78 72 77 9111113215116316524 712Z9 945150223816699999999999999 4 210216 3 7299999999999999
156142126112102 98102110120131138140134123110 98 90 89 9611012614315616224 713Z9104314023 916299999999999999 457 981638 8899999999999999
159149134119106 96 93 9610211212213013413112511710910510611312413714915724 714Z912 3134234415999999999999999 6 2 93172110499999999999999
159154142128113 99 89 85 87 9310311512613313413212812311912012513314315124 715Z91356134999999999999999999999 713 85182311999999999999999
157156149137123107 91 80 75 76 83 9511012613714314414113613112913213714524 716Z9 027157154314499999999999999 819 74195312999999999999999
152156155148134118 99 81 68 62 64 74 9011013114615515715314513713213313824 717Z9 120157164615799999999999999 916 62212313299999999999999
145153158157148133112 90 69 54 48 52 66 8811514015916916916114913713013124 718Z9 22115917291709999999999999910 6 48222813099999999999999
137147157163162151131106 79 55 38 33 41 62 9112315317418117716414713212524 719Z9 32116418 5181999999999999991052 33231512499999999999999
127137151164171169154129 98 66 39 22 21 35 62 9713516818719017916013912324 720Z9 4191721840191999999999999991136 19235611799999999999999
117124139157173181177157125 89 53 24  9 13 34 6810915018219619217515112824 721Z9 5131811915197999999999999991219  8999999999999999999999
112111123143164181190182156119 79 42 14  3 13 41 7912316419320018816513924 722Z9 6 4190195020099999999999999 03611013 0  399999999999999
115103106124147170188195182151111 71 34 10  6 23 55 9513917719819717815324 723Z9 653195202520099999999999999 1161021341  599999999999999
125103 95104124148172190194177144105 66 34 16 19 41 7411415418519718816524 724Z9 74219521 119799999999999999 158 951422 1599999999999999
138112 93 89101123147170186187168137101 68 43 32 41 65 9713216618819017524 725Z9 832189213619299999999999999 243 8815 2 3299999999999999
151125100 85 85 98118141163177175158131103 77 59 56 68 9111914817318417924 726Z9 925178221218599999999999999 332 831542 5599999999999999
162138113 92 80 81 92110131151163162149130110 92 82 84 9611613715817317724 727Z91025165224717799999999999999 426 791623 8299999999999999
168150127105 86 76 76 8510011913714915114513412211210711012013414916216924 728Z91143152232417099999999999999 530 7417 710799999999999999
168158141121100 83 71 69 76 8910612313814514614213713212913113714515416124 729Z91336146999999999999999999999 644 6918 812999999999999999
164162152137118 98 80 67 62 66 77 9411313114515215415214814514314414815224 730Z9 0 8164155615499999999999999 8 3 6220 514399999999999999
157160158151137118 97 76 60 53 55 67 8510813215116216616415815114514314424 731Z9 11516017 616699999999999999 917 5222 314399999999999999
149154159160154139118 94 71 52 43 46 60 8311013916117417617016014813913624 8 1Z9 2411601742176999999999999991016 42225813699999999999999
139146154162165159142117 90 63 42 33 40 59 8611915117418318016915413812824 8 2Z9 35316518111839999999999999911 5 33233312799999999999999
128135146159169173164142113 82 52 32 27 39 64 9713316518518717716014112424 8 3Z9 4491731838188999999999999991146 27999999999999999999999
117122135150166178179165137104 71 42 25 27 46 7711315017919118416714612524 8 4Z9 53518119 619199999999999999 0 41171223 2399999999999999
111109121138157175185181160128 93 59 33 24 35 61 9513216718819017515312924 8 5Z9 616186193319199999999999999 0341081257 2499999999999999
109101107124144164182188176149115 80 50 32 32 51 8111615218019018116013624 8 6Z9 653188195919099999999999999 1 51011328 2999999999999999
113 97 96108128150170184184165136102 71 47 39 49 7310513816918618516814424 8 7Z9 728186202518899999999999999 136 951357 3999999999999999
119 99 90 96112133154172181173151122 92 67 53 54 72 9812815717918417315224 8 8Z9 8 4181204818599999999999999 2 8 901424 5199999999999999
127105 90 88 98115136155170172160138112 88 71 66 76 9612214817018117615824 8 9Z9 840173211118199999999999999 241 871450 6699999999999999
136113 95 86 88100117136152162160147128108 92 83 86 9912014216117417516324 810Z9 921163213417699999999999999 318 851517 8299999999999999
144122103 89 84 8910111613214615214913812411110210010712113815416717116524 811Z910 9153215717199999999999999 359 841545 9999999999999999
150131112 97 86 84 89 9911212613714314113512712011611812513714915916516424 812Z91115143222316699999999999999 449 83161711699999999999999
155140123107 93 84 82 86 9410511812913713913813613413213313914615315816024 813Z913 9139225616099999999999999 552 8217 813299999999999999
157147134119104 91 82 77 79 85 9510912313514314814914814514414514715115424 814Z916 2149235715599999999999999 712 7719 614499999999999999
155153145133120104 89 76 69 68 73 8510212113915316116316015314714314314524 815Z91650163999999999999999999999 840 68213914399999999999999
150154154149138123104 84 67 56 53 60 76 9912514916717617416515314213513524 816Z9 134154172117699999999999999 948 53223313499999999999999
141149158162159147127101 76 53 39 37 49 7210213516418318818016414613012324 817Z9 3 91621749188999999999999991039 3723 912399999999999999
127139153167175172156128 96 64 38 23 25 44 7511215118219719417715513111424 818Z9 4191751818198999999999999991122 22234411099999999999999
110121140160179190185161126 88 51 23 11 21 48 8512816919820519116713811224 819Z9 51419018472059999999999999912 3 11999999999999999999999
 96 99118143169192203192162121 79 40 14  9 27 6110214818820820418115011824 820Z9 6 3203191820999999999999999 020 951242  899999999999999
 91 81 92117147177202210193157115 72 36 16 20 45 8212516820120919416413024 821Z9 649210194921099999999999999 057 811320 1499999999999999
 96 74 71 89117150182205208186150109 70 40 30 42 7110714718420520117714424 822Z9 736210202020699999999999999 137 691357 3099999999999999
109 79 62 66 87117150181200198175142107 76 56 54 7210013316619220018615824 823Z9 823202205020099999999999999 218 611433 5299999999999999
125 93 68 57 65 87115145173187182162136110 89 79 8510312715317719018716824 824Z9 914188211919199999999999999 3 3 5715 8 7999999999999999
140111 83 64 58 67 8611013715917016615213612010910711513014816517718017124 825Z91012170214618199999999999999 352 58154210699999999999999
151127103 81 66 62 69 8410312514315215314814013413013213914915916717016824 826Z9113315422 817199999999999999 451 62161313099999999999999
157141121102 84 72 66 69 79 9411112813914614915014914915015215615916016024 827Z91450150222116199999999999999 6 7 66164914999999999999999
156148137122106 90 77 69 67 72 8410011713414715616116216115815515315115124 828Z91652162999999999999999999999 743 67999999999999999999999
151150147140129113 96 79 67 61 64 76 9311413615416617116916415514714214124 829Z91712171999999999999999999999 910 61224914199999999999999
143146151153148136118 97 77 60 53 57 71 9311914616617717716915814413312924 830Z9 25515317291789999999999999910 9 5323 112999999999999999
132139148158163158142119 94 69 51 45 54 7410113216117918317516114412711724 831Z9 4 31631747183999999999999991053 45232111699999999999999
118128141156169174164142114 85 58 42 42 58 8311514917718818316714612510824 9 1Z9 45017418 8188999999999999991128 40234610499999999999999
104113129148167181181164136104 73 47 37 47 6910013516918918917415212710424 9 2Z9 52918318311929999999999999912 0 37999999999999999999999
 93 97114135159180190182157125 91 61 42 42 60 8812215818519318215913210524 9 3Z9 6 5190185419499999999999999 012 921229 3999999999999999
 86 84 97119145170189192175146112 79 54 45 55 8011214617719318816713911024 9 4Z9 639193191619499999999999999 039 831257 4599999999999999
 86 75 81101127155179192186163132 99 71 55 58 7710513716818919117514711724 9 5Z9 712193193719399999999999999 1 7 751322 5499999999999999
 90 72 70 85108136163183188175149119 91 71 66 7910213015918219118015612624 9 6Z9 745189195719199999999999999 136 691347 6699999999999999
 97 75 65 72 91116142167181178161136111 90 80 8510312715217418618216313524 9 7Z9 821182201718799999999999999 2 6 651412 8099999999999999
107 83 67 66 77 98122146165173165148128110 97 9610712614716617918016714424 9 8Z9 859173203618199999999999999 237 651437 9599999999999999
117 93 75 66 70 8410312414515916115314012611511011512714415917117516815124 9 9Z9 943162205517599999999999999 312 6615 311099999999999999
128105 86 73 70 75 8810512213814915014613813112712713214315416316716515424 910Z91043151211216799999999999999 354 70153012699999999999999
137117 99 85 76 74 78 8810111512913914314414314214114214515115615915915424 911Z91239144212615999999999999999 451 7416 714199999999999999
144130115101 89 80 75 77 83 9210511913214214915315515415215115115115115024 912Z916 1155999999999999999999999 615 75999999999999999999999
147141132120107 93 81 72 69 72 80 9411213114816016716716215414714214014124 913Z91629168999999999999999999999 8 6 6922 114099999999999999
145147146141131115 96 78 64 56 57 68 8711213716017517917416114713412712824 914Z9 120147165317999999999999999 925 55222312699999999999999
135145154159157144122 96 71 51 41 44 61 8711915117719018717215213011410924 915Z9 3141601716190999999999999991017 40225110999999999999999
117133151167178174155125 92 61 37 28 37 62 95134170195199185161133107 9124 916Z9 4171781742200999999999999991059 282323 9099999999999999
 93110135161184196188161124 86 51 27 23 41 73112154191207199174142108 8024 917Z9 5 819618 9207999999999999991138 222357 6999999999999999
 69 81107139172200210195162121 80 44 25 31 57 93135177206210189155117 8024 918Z9 5542101838212999999999999991216 24999999999999999999999
 55 54 74107145183211216194158116 76 46 36 50 80118159195212202171132 9124 919Z9 64021719 721299999999999999 033 511253 3699999999999999
 56 38 46 73109150189213211186151113 79 57 58 7810914417920420618414910824 920Z9 726215193620899999999999999 112 381329 5599999999999999
 69 40 32 45 75112152187205198175144114 89 78 8710813516418920119116312724 921Z9 81320520 320199999999999999 152 3114 3 7899999999999999
 90 57 36 34 50 7911314917818918116314011910510411613515617518818817114224 922Z9 9 4189202819099999999999999 235 32143610399999999999999
110 79 54 41 43 58 8311214116217016515414113012512913915316617517817015224 923Z910 3170204717899999999999999 322 4015 512599999999999999
128102 79 61 52 54 66 8510712914615315415014614314314715416016516616215324 924Z91133154204916699999999999999 418 51152714399999999999999
138121103 86 72 65 64 71 8410011713114214915215415515615615715615515214824 925Z919 5157999999999999999999999 534 63999999999999999999999
141133123110 97 84 75 70 72 79 9210812413915115916316316015514914414113924 926Z91628163999999999999999999999 716 70999999999999999999999
138138136131121107 93 80 70 68 74 8710412414415916716816315514413412812824 927Z91638169999999999999999999999 847 68224112799999999999999
130136142146142130114 96 78 66 63 71 8710813215517017316815714112611611424 928Z9 3 2146165117399999999999999 945 63224211499999999999999
119128141153158151135115 92 71 59 60 73 93119147169178174161142122105 9924 929Z9 35815817 8178999999999999991026 582259 9999999999999999
105117133152166168156135110 84 63 55 63 82107137165181181167146121 99 8624 930Z9 43916917281839999999999999911 0 552321 8599999999999999
 88102121144166179174155129100 74 57 57 73 97127157181187175152125 97 772410 1Z9 5151791748187999999999999991129 552346 7299999999999999
 73 84105131158180186174149119 89 66 58 67 90118149176190183160131100 742410 2Z9 54918718 9190999999999999991157 58999999999999999999999
 61 66 86113144173190187167139108 81 65 67 85112141170189188169139106 752410 3Z9 622191182919199999999999999 011 601223 6399999999999999
 55 52 68 94125158183192181157127 99 77 72 84107135163185191177148115 822410 4Z9 655192184819199999999999999 038 511248 7199999999999999
 56 45 52 75104138169188187170145117 94 82 87105130156178189182158125 922410 5Z9 72919019 818999999999999999 1 5 451313 8199999999999999
 63 44 43 59 85116148174185177158134112 96 941061261491701841831651361032410 6Z9 8 4185192818599999999999999 134 421339 9399999999999999
 74 51 42 49 69 951251531721761651471281121051101251441621751791691451162410 7Z9 843176194717999999999999999 2 4 4214 710599999999999999
 87 64 49 47 58 781031291521641641541411281191191271411551671721671511272410 8Z9 92816620 517299999999999999 238 46143611899999999999999
101 79 62 53 55 67 851061271441531531481401341311331401501581631621531372410 9Z91029154201916399999999999999 319 5315 813199999999999999
116 96 78 66 61 63 72 87103120134144147147146144143144147151153153149141241010Z91224148202615399999999999999 414 6016 914399999999999999
129114 98 85 74 68 67 72 82 95111126139148153155154151147145143142141140241011Z915 6155999999999999999999999 537 66999999999999999999999
136130120108 95 82 71 65 66 73 86103123141156164166161152142133128127131241012Z91541166999999999999999999999 726 65213512799999999999999
135139139134122105 87 71 59 56 63 79101126151169176172159143126113108113241013Z9 13514016 617699999999999999 849 56215510899999999999999
124137149156152136113 89 67 51 48 58 80108138166183184170149124101 87 89241014Z9 3 9156163118599999999999999 945 472224 8699999999999999
103123145166176169147118 88 61 44 44 61 89121156184194184159129 97 71 62241015Z9 4 71761658194999999999999991029 422257 6299999999999999
 72 96126157184194182154120 86 57 43 50 73105141177199197174140102 66 42241016Z9 4571941726201999999999999991110 432332 3999999999999999
 41 62 94132171200206188156120 84 58 50 65 93127163194205190157116 73 38241017Z9 5442071756205999999999999991148 50999999999999999999999
 21 29 57 96140182208209187154119 86 65 67 87116149182203201174134 90 48241018Z9 631212182520599999999999999 010 201226 6399999999999999
 17  9 26 59101147187208203180150118 92 81 89112139168192201186153112 69241019Z9 717209185420199999999999999 049  913 2 8199999999999999
 32  9  9 30 65107151185199191170145120103101113134157178192189167132 93241020Z9 8 6199192119399999999999999 130  61338 9999999999999999
 56 27 13 18 40 73111149175184176160141125117121133150166178181171147115241021Z9 858184194518299999999999999 213 12141211799999999999999
 83 53 32 25 32 52 81113142161167162152141133131137146157166169165152130241022Z9 95916720 216999999999999999 259 25144513199999999999999
105 81 59 45 41 47 64 86111132147153153149145142142145150154156154148136241023Z9112215420 015699999999999999 353 41152414299999999999999
121104 86 71 60 56 60 72 88106123137145149150149148147146145143141138134241024Z91356150999999999999999999999 5 1 56999999999999999999999
128119109 96 84 74 68 69 75 87102118133144151154153149144137132128126125241025Z91512154999999999999999999999 627 68224012599999999999999
126127124118107 95 84 75 72 76 87101118135149157158153144133122114112113241026Z9 048127153715899999999999999 756 7222 311299999999999999
119126132134128116102 88 76 72 77 89105125144158163158147132116102 96 99241027Z9 243134155716399999999999999 9 0 722211 9699999999999999
107119133143145136122104 87 75 72 80 95115137157167164152134113 94 82 82241028Z9 339145161816799999999999999 946 712231 8199999999999999
 91107126144156154141123102 83 73 74 87107129152169171159139114 90 71 66241029Z9 4221561639172999999999999991022 722254 6599999999999999
 73 91113138159167159142120 97 79 74 82100122147167176167146119 90 65 52241030Z9 5 016717 0176999999999999991053 742318 5199999999999999
 55 72 96125154172174160139114 91 78 80 95116141164178175156127 95 65 44241031Z9 5351751720179999999999999991123 772344 3999999999999999
 39 52 76107141169181175157132106 87 81 91111135159177180165137103 69 422411 1Z9 6 91811741181999999999999991150 81999999999999999999999
 29 35 56 86122156180184171149123100 87 90106129153173182173148114 79 472411 2Z9 64318518 318299999999999999 011 291218 8799999999999999
 26 23 38 65100137168184180163140116 98 93104123145166180178159127 92 582411 3Z9 718184182518199999999999999 039 221247 9399999999999999
 32 20 26 47 77113148173181172153132112101104118138158173178166140107 732411 4Z9 755181184917899999999999999 110 19131810099999999999999
 44 25 22 34 58 89123153171173162145127113109116132149164172168150122 902411 5Z9 836174191317299999999999999 143 21135010999999999999999
 61 39 27 29 44 69 981281511641631531391271191191281411541621631541341082411 6Z9 925165193716499999999999999 221 26142711899999999999999
 81 57 41 34 39 54 771021261451551541481391311271281351441511541511401232411 7Z9102715620 315499999999999999 3 5 34151612799999999999999
101 79 60 48 43 48 61 801011211381481501481431371341331351391421421391312411 8Z91152150203914299999999999999 4 1 43164613399999999999999
118101 84 69 58 52 54 64 79 981171341461521521481421341291261261281291302411 9Z91331153225413099999999999999 514 52193012699999999999999
128121110 95 80 67 59 58 64 77 95115135150158158151140127116109108112119241110Z91429159999999999999999999999 641 57204010899999999999999
127132132124109 92 76 64 59 64 77 97119142159166162149130111 94 86 88 98241111Z9 12713315 716699999999999999 8 2 592117 8599999999999999
113129143147140124103 83 67 60 65 81104129153170173160139112 86 66 60 69241112Z9 254148153917499999999999999 9 5 602154 6099999999999999
 87111137158165156136112 88 70 63 71 91116143168180174152122 88 57 38 37241113Z9 355165161018199999999999999 956 632231 3599999999999999
 54 81114149174180168145119 92 73 70 82105131159181185169137100 61 29 13241114Z9 4491811643186999999999999991041 692310 1399999999999999
 21 45 80121161187190175150122 95 79 80 97121148174189183157119 76 36  6241115Z9 5391921715190999999999999991124 772351 -399999999999999
 -2 12 43 84130171194194176150122 98 87 94114138163184190174141 99 55 17241116Z9 62819717481909999999999999912 5 87999999999999999999999
 -7 -8 12 48 92139176194190172147121103 99110129151172186182160123 81 40241117Z9 716195182018799999999999999 032-111244 9899999999999999
  7 -9 -4 20 57101144175187181163141121109110123141160175180169143107 69241118Z9 8 5187185218099999999999999 115-10132310899999999999999
 33  7 -2  7 33 68108145169176169153136122116121133148161169167153127 95241119Z9 855176192217099999999999999 2 0 -214 311699999999999999
 62 34 16 12 23 47 79113142160164157145133124122128137148155157152137114241120Z9 948164195115799999999999999 246 11144512299999999999999
 88 63 42 30 29 40 62 88115137150153148140132127126130135141143143137124241121Z91046153201914499999999999999 334 28154112699999999999999
107 87 69 53 45 46 56 74 95115133143146143138132127125125127128129128125241122Z9115414621 312999999999999999 426 44172312599999999999999
117105 91 78 66 60 60 68 82 99116131140144142137131124119115113114115117241123Z913 9144234511899999999999999 524 59202311399999999999999
117115108 99 88 78 72 71 78 89104119132141145143136126116106100 97 99104241124Z914 6145999999999999999999999 633 7121 2 9799999999999999
111117119116108 97 88 81 79 84 95109124137146148142131117102 89 82 82 88241125Z9 157119144414899999999999999 745 792130 8199999999999999
 99111122127125117106 95 86 84 90102116132145151149138121102 83 70 65 70241126Z9 313128151415299999999999999 846 842157 6599999999999999
 82 99118132138135124111 98 89 89 96110126142153155146128105 82 62 51 52241127Z9 4 6138154115599999999999999 935 882224 5099999999999999
 63 83106130145149142129113 99 91 93104120137152159154137112 85 59 41 35241128Z9 44914916 6159999999999999991016 912252 3599999999999999
 44 63 89119144158158147130111 97 93100114132149161161147123 93 62 37 23241129Z9 5281591631163999999999999991052 932321 2299999999999999
 26 42 69102135159167162147126107 95 96108125144160167158135105 71 40 18241130Z9 6 41671657167999999999999991126 942351 1299999999999999
 12 23 46 79117150169172161142120102 96102118137156168167149120 85 51 222412 1Z9 6401731726169999999999999991159 96999999999999999999999
  6  8 26 56 93131161174171156135113 99 99110128148164170161136103 67 342412 2Z9 716175175617099999999999999 023  51233 9799999999999999
 10  1 10 34 68106142167174166148127109100105119138155167166150122 87 522412 3Z9 755174182916899999999999999 058  113 910099999999999999
 23  5  3 17 45 80117148167169158140121107104112127144158164158138108 742412 4Z9 83717019 416499999999999999 136  1134810499999999999999
 43 19  6 10 28 56 90123150163162150134119109108117131145154156147126 972412 5Z9 924164194215699999999999999 218  6143410799999999999999
 67 40 21 14 20 39 67 971261481581551441311191111111191301401461451361172412 6Z91014158203014799999999999999 3 3 14152911099999999999999
 92 66 44 29 25 33 51 761021271461531501411291181111091141221291341351282412 7Z91111153213813599999999999999 353 25164310999999999999999
113 92 72 54 41 38 46 62 831061281441511481391281151051011021071151221262412 8Z91210151231512699999999999999 449 38181410099999999999999
124114 99 82 67 56 52 58 72 91111131145151148138123107 93 85 84 901001112412 9Z913 7151999999999999999999999 554 521937 8499999999999999
121126122111 97 83 71 66 70 81 98117135149154148134114 94 75 64 63 71 86241210Z9 1 5126135715499999999999999 7 7 662036 6299999999999999
103121133134126113 98 86 78 80 90106124142155157147126101 75 53 40 41 54241211Z9 238135144115899999999999999 820 782125 3999999999999999
 75100126143148141128112 97 87 88 99115133150161159143116 85 54 29 18 23241212Z9 351148152216299999999999999 924 872211 1799999999999999
 41 69102134156162154140121104 94 96107124142159167159136104 68 34  8 -1241213Z9 45216216 3167999999999999991021 932256 -199999999999999
 10 34 69109145168172163146125107 98101115132151166170156127 90 51 15 -8241214Z9 5461731643171999999999999991111 972341-1399999999999999
-12  4 34 74118155176177165146124106100107122141159171169150116 77 36  2241215Z9 6351791724172999999999999991157100999999999999999999999
-17-16  5 40 83128162179176161140119104102112129147164172164140104 64 26241216Z9 72018018 517299999999999999 026-19123910199999999999999
 -4-18-11 14 52 95137166176169152131112102104117134151164167155128 92 54241217Z9 8 3176184516899999999999999 1 9-18132010199999999999999
 20 -4-11  1 29 66107143165169159141122107101107121137151160158143115 82241218Z9 844170192516199999999999999 152-11135910199999999999999
 48 20  3  2 18 47 82117146160159146130114104102110122136146151146129103241219Z9 92316220 515199999999999999 232  0144010199999999999999
 74 47 25 15 20 39 66 96125146153148135121109101102109120130137139132116241220Z910 3153204813999999999999999 311 15152610199999999999999
 94 71 50 35 32 40 59 83108130144146139127115105 99100106113120125126120241221Z91042146213912699999999999999 349 311622 9999999999999999
106 89 72 58 49 50 60 77 97117133141140132121110101 95 94 97102108113114241222Z91123141224911499999999999999 427 481740 9499999999999999
111102 90 79 69 65 68 77 92108123134138136128117105 95 88 85 86 90 96102241223Z912 6138999999999999999999999 5 7 651916 8599999999999999
107107104 97 89 83 80 83 91102115127135137133124112 98 86 76 72 72 77 86241224Z9 036108125113799999999999999 559 802026 7199999999999999
 96105110111107101 96 93 94100110120130136137131120105 88 73 62 57 59 67241225Z9 236111133713799999999999999 711 932114 5699999999999999
 80 96110119122119113106101101106114124133138137129114 95 75 57 45 42 47241226Z9 358122142113999999999999999 8331012153 4299999999999999
 61 80102120131134130121112105104109118128137142138125106 83 59 40 29 29241227Z9 45213415 314299999999999999 9401042229 2799999999999999
 40 60 86113134144145137125112104104111122134143146137120 95 67 41 22 14241228Z9 533146154414699999999999999103210323 5 1499999999999999
 20 38 65 97127148156152139123108101103113127141150149135112 82 50 23  6241229Z9 6 915616241519999999999999911151012340  299999999999999
  3 15 41 74111142160163153136116102 97104118135150157151131101 67 33  6241230Z9 64316417 5157999999999999991153 97999999999999999999999
 -7 -3 17 48 87125154168164149128107 95 95106124143157161150125 90 52 18241231Z9 716168174816299999999999999 017 -81230 9399999999999999
