 23 24 26 28 29 29 27 24 20 15 11  7  5  5  7 10 14 17 19 21 21 21 20 2024 1 1ZC 430 291955 21999999999999991238  52334 2099999999999999
 20 20 21 23 24 25 25 23 20 16 13 10  8  7  7 10 13 16 18 20 21 20 20 1924 1 2ZC 510 252012 219999999999999913 4  7999999999999999999999
 18 18 18 19 20 21 22 21 20 17 15 12 10  9 10 11 13 16 18 20 21 21 20 1924 1 3ZC 555 222024 2199999999999999 1 2 181320  999999999999999
 18 17 16 16 17 18 18 19 18 17 16 15 13 13 13 13 15 17 20 21 22 22 22 2024 1 4ZC 7 0 192034 2299999999999999 240 161324 1299999999999999
 18 17 15 14 14 14 15 16 17 17 17 17 16 16 16 16 18 19 21 23 24 25 24 2324 1 5ZC 915 172048 2599999999999999 4 1 141312 1699999999999999
 20 18 16 14 13 12 12 14 15 16 17 18 18 19 19 20 20 22 23 25 26 27 27 2624 1 6ZC2113 27999999999999999999999 5 6 12999999999999999999999
 23 20 17 15 12 11 10 11 12 15 17 19 20 21 22 22 23 24 25 27 28 29 30 2924 1 7ZC2150 30999999999999999999999 558 10999999999999999999999
 27 24 20 16 13 10  8  8  9 12 15 18 21 23 24 25 25 26 26 28 29 30 32 3224 1 8ZC2238 32999999999999999999999 645  8999999999999999999999
 30 28 24 20 15 11  8  6  6  8 11 15 19 23 25 26 27 27 27 28 29 30 32 3324 1 9ZC2335 34999999999999999999999 732  6999999999999999999999
 33 32 29 24 19 13  8  5  3  3  6 10 16 20 24 26 27 27 27 27 28 29 31 3324 110ZC9999999999999999999999999999 820  3999999999999999999999
 35 35 33 29 23 17 11  5  1  0  1  4 10 16 20 24 26 26 26 26 26 27 28 3124 111ZC 033 35999999999999999999999 910  0999999999999999999999
 33 35 35 33 29 22 15  8  2 -2 -3 -1  3  9 15 20 23 25 25 24 23 24 25 2624 112ZC 131 361727 2599999999999999 959 -32011 2399999999999999
 30 33 35 35 32 27 20 13  5  0 -4 -5 -2  3  9 15 19 22 22 22 21 20 20 2224 113ZC 227 361753 22999999999999991047 -521 7 2099999999999999
 24 28 32 34 34 31 25 18 10  3 -2 -4 -5 -1  4 10 15 19 20 20 19 17 17 1724 114ZC 322 341820 20999999999999991133 -52213 1799999999999999
 18 21 25 29 31 31 28 22 16  9  3 -1 -3 -2  1  7 12 16 19 19 18 16 14 1424 115ZC 418 311847 19999999999999991216 -32333 1399999999999999
 14 15 18 22 26 27 27 24 20 14  8  4  1  0  2  6 11 15 18 19 19 17 14 1224 116ZC 517 271913 19999999999999991256  0999999999999999999999
 11 11 12 14 18 21 23 23 21 17 13 10  7  5  5  7 11 15 18 20 20 19 16 1424 117ZC 625 231940 2099999999999999 053 111332  599999999999999
 11  9  8  9 11 14 17 18 19 18 16 14 12 11 11 11 13 16 19 22 22 22 20 1724 118ZC 753 1920 9 2299999999999999 210  81358 1199999999999999
 14 11  8  7  7  8 11 13 15 16 17 17 16 16 16 16 17 19 21 23 25 25 24 2124 119ZC10 3 172042 2599999999999999 331  61328 1699999999999999
 18 14 11  8  6  5  6  8 10 13 15 17 18 19 20 20 21 22 23 25 26 27 27 2624 120ZC2122 27999999999999999999999 455  5999999999999999999999
 23 19 15 11  8  5  4  5  6  9 12 16 18 20 22 23 24 24 25 26 28 29 29 2924 121ZC2212 29999999999999999999999 612  4999999999999999999999
 27 24 20 16 12  8  5  4  4  6  9 13 17 20 22 24 25 26 26 27 28 29 30 3124 122ZC23 9 31999999999999999999999 716  3999999999999999999999
 30 28 25 21 16 11  7  4  3  4  6 10 14 18 21 23 25 25 26 26 27 28 29 3124 123ZC9999999999999999999999999999 8 8  3999999999999999999999
 31 31 28 25 20 15 10  6  3  2  4  7 11 16 19 22 24 24 24 25 25 26 27 2924 124ZC 0 7 31999999999999999999999 853  2999999999999999999999
 31 31 30 28 24 18 13  7  4  1  1  4  8 13 17 20 22 23 23 22 23 23 24 2624 125ZC 059 31999999999999999999999 932  1999999999999999999999
 28 30 31 29 26 21 15  9  4  1  0  1  4  9 13 17 20 21 20 20 20 20 21 2224 126ZC 147 311722 219999999999999910 8  020 0 2099999999999999
 24 27 29 29 27 23 18 11  6  2 -1 -1  1  5 10 14 17 18 19 18 17 17 17 1824 127ZC 230 291735 19999999999999991041 -12050 1799999999999999
 20 23 26 27 26 24 19 13  8  3 -1 -2 -1  2  7 11 14 16 17 16 15 14 14 1424 128ZC 311 271752 17999999999999991110 -22143 1499999999999999
 16 18 21 23 24 23 20 15 10  5  1 -1 -1  1  5  9 13 15 16 15 14 12 11 1124 129ZC 350 2418 9 16999999999999991136 -12239 1199999999999999
 12 14 16 19 21 21 19 16 11  7  3  1  0  1  4  8 12 14 16 15 14 12 10 1024 130ZC 429 211822 16999999999999991157  02339  999999999999999
  9 10 12 15 17 18 17 16 13  9  6  4  3  3  5  9 12 15 16 16 15 13 11  924 131ZC 5 9 181832 169999999999999912 9  3999999999999999999999
  8  8  9 11 13 15 15 15 13 11  9  7  6  6  8 10 14 16 18 18 17 15 12 1024 2 1ZC 557 151840 1899999999999999 039  81210  699999999999999
  8  7  7  8 10 12 13 14 13 12 11 10  9 10 11 13 15 18 20 20 19 18 15 1224 2 2ZC 7 6 141852 2099999999999999 139  71157  999999999999999
 10  8  7  7  8  9 11 12 13 13 13 13 13 13 14 16 18 20 21 22 22 21 18 1524 2 3ZC1913 22999999999999999999999 244  7999999999999999999999
 12 10  8  6  6  7  8  9 11 12 14 14 15 16 17 18 20 21 23 24 24 24 22 1924 2 4ZC1946 24999999999999999999999 356  6999999999999999999999
 16 13 10  7  5  5  5  6  8 11 13 15 16 18 19 20 21 22 24 25 26 26 25 2324 2 5ZC2037 26999999999999999999999 511  5999999999999999999999
 20 16 13  9  6  4  3  3  4  7 10 13 16 18 20 21 22 23 23 24 25 26 27 2624 2 6ZC2155 27999999999999999999999 618  2999999999999999999999
 24 21 17 12  8  4  1  0  0  2  6 10 14 17 19 21 21 22 22 23 24 25 27 2824 2 7ZC2318 28999999999999999999999 718 -1999999999999999999999
 27 25 22 17 11  6  1 -2 -4 -3  0  4  9 14 17 19 20 20 20 20 21 22 24 2624 2 8ZC9999999999999999999999999999 812 -4999999999999999999999
 28 28 26 22 16 10  3 -2 -6 -7 -6 -2  4  9 14 17 18 18 17 17 17 17 19 2224 2 9ZC 030 281628 1899999999999999 9 3 -71927 1699999999999999
 26 28 28 26 21 15  7  0 -5 -9 -9 -7 -2  4 10 14 16 16 15 13 12 12 13 1624 210ZC 133 291640 1699999999999999 949-102028 1299999999999999
 20 25 27 28 25 20 13  5 -2 -7-10-10 -7 -1  6 11 14 15 14 11  9  8  8  924 211ZC 232 281658 15999999999999991032-102133  899999999999999
 13 18 23 26 26 23 18 11  3 -3 -7 -9 -8 -3  3  8 12 14 14 11  8  5  4  424 212ZC 330 261719 14999999999999991112 -92239  499999999999999
  5  9 15 20 22 22 20 15  9  3 -2 -5 -5 -3  2  7 12 14 15 13  9  5  3  124 213ZC 430 231741 15999999999999991149 -52343  099999999999999
  0  2  6 12 16 19 19 17 13  8  4  1  0  0  3  8 12 15 16 15 13  8  4  124 214ZC 535 1918 5 16999999999999991222  0999999999999999999999
 -1 -1  0  4  9 13 15 15 14 12  9  7  6  5  6  9 13 16 18 18 16 13  8  424 215ZC 650 151830 1899999999999999 046 -21245  599999999999999
  1 -1 -2 -1  2  6  9 11 12 12 12 11 10 10 11 13 15 18 20 20 20 17 14  924 216ZC 824 131858 2099999999999999 153 -21216 1099999999999999
  5  2  0 -1 -1  1  4  7  9 11 12 13 13 14 15 16 18 19 21 22 22 21 18 1524 217ZC1931 22999999999999999999999 3 6 -1999999999999999999999
 11  7  4  1  0 -1  1  3  5  8 10 12 14 16 17 19 19 21 22 22 23 23 22 1924 218ZC2016 23999999999999999999999 432 -1999999999999999999999
 16 13  9  5  2  0  0  0  2  5  8 11 14 16 18 19 20 21 21 22 23 23 23 2224 219ZC2130 23999999999999999999999 6 1  0999999999999999999999
 20 17 14 10  6  3  0 -1  0  2  5  9 12 15 17 19 20 20 20 21 21 22 23 2324 220ZC2254 23999999999999999999999 710 -1999999999999999999999
 22 20 18 14 10  6  2  0 -1  0  2  6 10 13 15 17 18 18 18 19 19 20 21 2224 221ZC9999999999999999999999999999 8 1 -1999999999999999999999
 23 22 20 17 13  8  4  0 -2 -2 -1  3  7 10 13 15 16 16 16 16 16 16 18 2024 222ZC 0 3 23999999999999999999999 842 -3999999999999999999999
 21 22 21 19 15 10  5  1 -2 -4 -3 -1  3  8 11 13 14 14 13 12 12 13 14 1624 223ZC 059 221618 1499999999999999 916 -41956 1299999999999999
 18 20 21 20 17 12  7  2 -2 -5 -5 -3  0  5  9 11 12 12 11 10  9  9  9 1124 224ZC 147 211622 1299999999999999 946 -52040  999999999999999
 14 17 19 19 17 14  9  3 -1 -4 -6 -5 -2  2  6  9 11 11 10  8  6  5  5  724 225ZC 230 191632 11999999999999991013 -62123  599999999999999
  9 13 16 17 17 14 10  5  0 -3 -5 -5 -3  1  5  8 10 11  9  7  5  3  2  324 226ZC 312 171644 11999999999999991037 -622 6  299999999999999
  5  8 12 15 15 14 11  7  3 -1 -3 -4 -3  0  4  8 10 11 10  8  4  2  0  024 227ZC 354 151653 11999999999999991057 -42248  099999999999999
  1  4  8 11 13 13 12  9  5  2 -1 -1 -1  1  5  9 11 12 11  9  6  2  0 -124 228ZC 437 1317 1 12999999999999991111 -22330 -199999999999999
 -1  1  4  7 10 12 11 10  7  5  3  2  2  4  6 10 13 14 13 11  8  4  1 -124 229ZC 525 1217 8 14999999999999991115  2999999999999999999999
 -2 -1  1  4  7  9 10 10  9  7  6  5  5  7  9 12 14 16 15 14 11  7  4  124 3 1ZC 622 101720 1699999999999999 013 -211 5  599999999999999
 -1 -2 -1  1  4  7  9 10 10  9  8  8  9 10 11 13 16 17 18 16 14 11  7  324 3 2ZC 738 101738 1899999999999999 059 -21049  899999999999999
  1 -1 -1  0  2  4  6  8  9 10 10 10 11 12 14 15 17 19 19 19 17 14 11  724 3 3ZC18 2 19999999999999999999999 155 -1999999999999999999999
  4  1  0 -1 -1  1  3  5  7  9 10 11 12 14 15 16 18 19 20 20 19 17 15 1124 3 4ZC1837 20999999999999999999999 3 5 -1999999999999999999999
  7  4  1 -1 -2 -2 -1  1  4  6  9 11 13 14 16 17 18 18 19 20 20 19 18 1524 3 5ZC1939 20999999999999999999999 430 -2999999999999999999999
 12  8  4  1 -2 -3 -4 -3 -1  2  5  9 11 13 15 16 16 17 17 18 19 20 20 1924 3 6ZC2135 20999999999999999999999 553 -4999999999999999999999
 16 13  9  4  0 -4 -6 -7 -6 -3  0  5  8 11 13 14 14 14 14 15 16 17 19 2024 3 7ZC2315 20999999999999999999999 7 0 -7999999999999999999999
 19 17 13  9  3 -2 -6 -9-10 -8 -5  0  5  9 11 12 12 11 10 10 11 12 15 1824 3 8ZC1524 12999999999999999999999 755-101843 1099999999999999
 20 20 18 14  8  2 -4 -8-11-12 -9 -5  1  6  9 10 10  9  7  6  5  6  8 1224 3 9ZC 031 201524 1099999999999999 843-121947  599999999999999
 17 19 20 18 13  7  1 -5 -9-12-12 -8 -3  3  7  9 10  8  5  2  0  0  1  524 310ZC 137 201535 1099999999999999 926-122047  099999999999999
 10 15 18 19 17 12  6  0 -5 -9-10 -9 -5  1  6  9 10  9  5  1 -2 -4 -5 -324 311ZC 241 191551 109999999999999910 6-112145 -599999999999999
  1  8 13 17 17 15 11  5  0 -4 -7 -7 -5  0  6 10 12 11  8  3 -2 -6 -8 -824 312ZC 345 171612 12999999999999991042 -72241 -999999999999999
 -6 -1  6 11 14 15 14 10  5  1 -1 -2 -2  1  6 11 13 14 11  7  2 -4 -8-1024 313ZC 452 151636 14999999999999991115 -32337-1099999999999999
-10 -8 -2  4  9 12 13 12  9  6  4  3  3  4  8 12 15 16 15 12  7  1 -4 -824 314ZC 6 1 1317 1 16999999999999991140  3999999999999999999999
-10-10 -7 -3  2  6  9 11 10  9  8  8  8  8 10 13 16 18 18 16 12  7  2 -324 315ZC 718 111728 1899999999999999 033-111137  799999999999999
 -7 -9 -9 -6 -3  1  5  7  9 10 10 10 11 12 13 15 17 18 19 18 16 12  8  324 316ZC1755 19999999999999999999999 132 -9999999999999999999999
 -1 -4 -6 -7 -5 -3  0  3  6  8 10 11 13 14 15 16 17 18 19 19 18 16 12  924 317ZC1824 19999999999999999999999 239 -7999999999999999999999
  5  1 -2 -4 -5 -4 -2  0  3  6  8 10 12 14 15 16 17 17 18 18 18 17 15 1324 318ZC19 4 18999999999999999999999 4 2 -5999999999999999999999
 10  6  3  0 -2 -4 -4 -3  0  3  6  8 11 13 15 15 16 16 16 16 16 16 16 1524 319ZC2053 16999999999999999999999 533 -4999999999999999999999
 13 10  7  4  1 -2 -4 -4 -3  0  3  6  9 11 13 14 14 14 13 13 14 14 15 1524 320ZC2243 15999999999999999999999 643 -4999999999999999999999
 14 13 10  7  3  0 -3 -4 -4 -3  0  4  7  9 11 12 12 11 11 10 10 11 12 1424 321ZC1523 12999999999999999999999 732 -41923 1099999999999999
 14 14 12  9  5  2 -2 -4 -5 -5 -2  1  5  7  9 10  9  8  7  7  7  7  9 1124 322ZC 0 0 1415 7 1099999999999999 810 -51950  799999999999999
 13 13 13 11  7  3 -1 -4 -6 -6 -4 -1  3  6  8  9  8  7  5  3  3  3  4  724 323ZC 059 1315 5  999999999999999 841 -62020  399999999999999
 10 12 12 11  9  5  1 -3 -5 -6 -5 -3  1  5  7  8  7  6  3  1  0 -1  0  324 324ZC 149 131510  899999999999999 9 8 -62052 -199999999999999
  6  9 11 11 10  7  3 -1 -4 -5 -5 -3  0  4  7  8  8  6  3  0 -3 -4 -4 -224 325ZC 236 121517  899999999999999 931 -52125 -499999999999999
  2  6  9 11 10  9  5  2 -1 -3 -4 -3  0  4  7  9  9  7  4  0 -3 -5 -6 -524 326ZC 323 111525  999999999999999 952 -42159 -699999999999999
 -2  2  6  9 10 10  8  4  1  0 -1 -1  2  5  8 10 10  9  6  2 -2 -6 -7 -724 327ZC 410 101533 119999999999999910 8 -12234 -799999999999999
 -5 -1  3  7  9 10  9  7  4  3  2  2  3  6 10 12 13 11  9  4  0 -4 -7 -824 328ZC 459 101545 13999999999999991018  22311 -899999999999999
 -7 -4  0  4  7  9 10  9  7  6  5  5  6  8 11 14 15 14 11  8  3 -2 -5 -724 329ZC 552 1016 0 15999999999999991014  52350 -899999999999999
 -8 -6 -3  1  5  8  9 10  9  8  8  8  9 10 12 15 16 16 14 11  7  2 -2 -524 330ZC 651 101620 169999999999999910 3  8999999999999999999999
 -7 -7 -5 -2  2  5  7  9 10  9  9 10 11 12 14 16 17 18 16 14 10  6  1 -224 331ZC1644 18999999999999999999999 035 -7999999999999999999999
 -5 -6 -6 -5 -2  1  4  7  8  9 10 11 12 13 14 16 17 18 18 16 13 10  6  124 4 1ZC1713 18999999999999999999999 129 -6999999999999999999999
 -2 -4 -6 -6 -5 -3  0  3  5  8  9 11 12 13 14 15 16 17 17 17 15 13 10  624 4 2ZC1756 17999999999999999999999 237 -6999999999999999999999
  2 -1 -4 -6 -7 -6 -4 -2  1  4  7  9 11 12 13 14 14 15 15 16 16 15 13 1024 4 3ZC1924 16999999999999999999999 359 -7999999999999999999999
  7  3 -1 -4 -6 -8 -7 -6 -3  0  4  7  9 10 11 11 11 12 12 13 13 14 14 1324 4 4ZC2138 14999999999999999999999 521 -8999999999999999999999
 11  7  3 -1 -4 -7 -9 -9 -7 -4  0  4  7  9  9  9  8  8  7  8  9 11 13 1424 4 5ZC14 9  92318 1499999999999999 628 -918 0  799999999999999
 14 12  8  4 -1 -5 -8 -9 -9 -7 -3  2  5  8  8  8  6  4  3  2  3  5  8 1224 4 6ZC1359  8999999999999999999999 722-1019 1  299999999999999
 14 14 12  9  4  0 -5 -8 -9 -8 -5  0  5  8  9  8  6  2 -1 -3 -3 -2  1  624 4 7ZC 037 1414 5  999999999999999 8 8 -91956 -399999999999999
 11 14 14 13 10  5  0 -4 -6 -7 -5 -1  4  8 10 10  7  3 -1 -5 -8 -8 -6 -224 4 8ZC 150 141421 1099999999999999 850 -72049 -899999999999999
  4 10 13 14 13 10  6  2 -1 -3 -3  0  4  9 12 13 11  7  1 -4 -9-11-12 -924 4 9ZC 3 0 141443 1399999999999999 928 -32142-1299999999999999
 -4  3  9 12 14 13 10  7  4  2  1  2  5 10 14 15 15 11  6 -1 -7-11-14-1424 410ZC 4 9 1415 9 159999999999999910 1  12233-1499999999999999
-10 -4  2  8 12 13 13 11  8  7  6  6  8 11 15 17 18 16 12  5 -1 -7-11-1424 411ZC 517 131537 18999999999999991029  62324-1499999999999999
-13-10 -4  2  7 11 12 12 11 10 10 10 10 12 16 18 20 19 16 11  5 -1 -7-1024 412ZC 626 1316 7 20999999999999991035 10999999999999999999999
-12-12 -8 -3  2  6 10 12 12 12 12 12 13 14 16 18 20 20 19 16 11  5 -1 -524 413ZC1637 20999999999999999999999 016-13999999999999999999999
 -8-10 -9 -6 -2  2  6  9 11 12 13 14 15 15 16 18 19 20 19 18 14 10  5  124 414ZC17 6 20999999999999999999999 110-10999999999999999999999
 -3 -6 -7 -6 -4 -1  2  5  8 10 12 13 15 15 16 17 18 18 18 18 16 13 10  624 415ZC1735 18999999999999999999999 211 -7999999999999999999999
  2 -1 -3 -5 -5 -3 -1  2  5  7 10 12 13 15 15 16 16 16 16 16 15 14 12  924 416ZC1811 16999999999999999999999 324 -5999999999999999999999
  6  3  0 -2 -3 -3 -3 -1  2  5  7 10 12 13 14 14 13 13 13 13 13 13 12 1124 417ZC1444 14999999999999999999999 442 -4999999999999999999999
  9  6  4  1 -1 -3 -3 -2  0  3  5  8 10 11 12 11 11 10 10 10 10 11 11 1124 418ZC14 9 122224 1199999999999999 548 -31844 1099999999999999
 10  9  6  3  1 -1 -2 -3 -1  1  4  6  9 10 10 10  9  7  6  6  6  7  9 1024 419ZC1348 102353 1099999999999999 636 -31910  699999999999999
 10 10  8  6  3  1 -1 -2 -2  0  3  6  8  9 10  9  7  5  4  3  2  3  5  824 420ZC1340 10999999999999999999999 713 -21937  299999999999999
  9 10  9  8  5  3  0 -1 -1  0  2  5  8  9 10  9  7  4  2  0 -1  0  2  524 421ZC 1 0 101340 1099999999999999 742 -120 5 -199999999999999
  8  9 10  9  8  5  3  1  0  1  3  6  9 10 11 10  7  4  1 -2 -3 -3 -2  124 422ZC 157 101345 1199999999999999 8 7  02035 -499999999999999
  5  8 10 11 10  8  5  4  3  3  4  7 10 12 13 12  9  5  1 -2 -5 -6 -5 -224 423ZC 250 111353 1399999999999999 829  221 6 -699999999999999
  2  7 10 11 12 10  8  6  5  5  6  8 11 14 15 14 12  8  3 -1 -5 -7 -7 -524 424ZC 340 1214 6 1599999999999999 848  52139 -799999999999999
 -1  4  8 11 13 13 11  9  8  8  8  9 12 15 17 17 15 11  7  1 -3 -6 -8 -724 425ZC 429 131424 1799999999999999 9 3  82214 -899999999999999
 -4  1  6 10 12 14 13 12 11 10 10 11 13 16 18 19 18 15 10  5 -1 -5 -7 -824 426ZC 518 141447 1999999999999999 911 102252 -899999999999999
 -6 -3  3  7 11 13 14 14 13 12 13 13 15 17 19 21 20 18 14  9  3 -2 -5 -724 427ZC 610 141513 2199999999999999 911 122335 -899999999999999
 -8 -5 -1  4  8 11 13 14 14 14 14 15 16 17 19 21 21 20 17 13  8  2 -2 -524 428ZC1543 219999999999999999999999999999999999999999999999999
 -7 -7 -4  0  4  8 11 13 14 14 14 15 16 17 19 20 21 21 19 16 12  7  2 -224 429ZC1617 21999999999999999999999 023 -7999999999999999999999
 -5 -6 -6 -4  0  3  7 10 12 13 14 15 16 17 18 19 20 20 20 18 15 11  6  224 430ZC17 1 20999999999999999999999 119 -7999999999999999999999
 -2 -5 -6 -6 -4 -1  2  6  9 11 12 14 15 15 16 16 17 18 18 18 17 14 10  624 5 1ZC18 7 18999999999999999999999 222 -6999999999999999999999
  2 -1 -4 -5 -5 -4 -1  2  5  8 10 12 13 13 14 14 14 14 15 16 16 15 14 1124 5 2ZC1953 16999999999999999999999 333 -6999999999999999999999
  7  3  0 -3 -4 -5 -4 -1  2  6  9 11 12 12 11 11 10 10 10 11 13 14 14 1424 5 3ZC1238 122149 1499999999999999 442 -51655 1099999999999999
 11  8  5  1 -1 -3 -3 -2  1  4  8 11 12 12 11  9  7  5  5  5  7 10 13 1424 5 4ZC1226 122330 1499999999999999 542 -318 2  599999999999999
 14 13 10  7  3  1 -1 -1  1  4  8 11 13 13 12  9  6  3  1  0  1  4  8 1224 5 5ZC1233 13999999999999999999999 633 -11858  099999999999999
 14 15 14 12  9  6  4  3  3  5  9 12 15 16 14 11  7  3 -1 -4 -4 -3  1  624 5 6ZC 056 151251 1699999999999999 718  31951 -499999999999999
 11 15 16 16 14 11  9  7  7  7 10 14 17 19 18 16 11  5  0 -4 -7 -8 -5  024 5 7ZC 216 161315 1999999999999999 758  72041 -899999999999999
  6 11 15 17 17 16 13 12 11 11 12 15 19 22 22 20 16 11  4 -2 -7 -9 -9 -624 5 8ZC 329 171345 2299999999999999 832 112131-1099999999999999
  0  6 12 16 18 18 17 16 15 14 15 17 20 23 25 24 22 17 10  3 -3 -7-10 -924 5 9ZC 437 181418 2599999999999999 858 142220-1099999999999999
 -5  1  7 12 16 18 19 18 17 17 17 18 20 23 26 27 25 22 16  9  3 -3 -7 -924 510ZC 542 191452 2799999999999999 856 1723 9 -999999999999999
 -8 -4  2  8 13 16 18 19 19 19 19 20 21 23 25 27 27 25 21 15  9  3 -2 -624 511ZC1529 279999999999999999999992359 -7999999999999999999999
 -7 -5 -1  4  9 13 16 18 18 19 20 20 21 22 24 26 26 26 24 20 14  8  3 -124 512ZC16 5 279999999999999999999999999999999999999999999999999
 -4 -4 -3  1  5  9 13 15 17 18 19 20 20 21 22 23 24 25 24 21 18 13  8  424 513ZC1643 25999999999999999999999 049 -4999999999999999999999
  0 -2 -2 -1  2  6  9 12 15 16 17 18 19 20 20 21 21 22 22 21 19 15 12  824 514ZC1724 22999999999999999999999 142 -2999999999999999999999
  4  2  0  0  1  3  6  9 12 14 16 17 18 18 18 18 18 19 19 19 18 16 14 1124 515ZC1818 19999999999999999999999 239  0999999999999999999999
  8  5  3  2  2  3  5  7 10 12 14 16 16 16 16 16 15 15 15 15 16 15 14 1324 516ZC1248 161951 1699999999999999 336  21711 1599999999999999
 10  8  6  4  3  4  5  7  9 11 13 15 16 15 15 14 13 12 12 12 13 13 13 1324 517ZC1217 1622 1 1399999999999999 427  318 0 1299999999999999
 12 11  9  7  6  5  6  7  9 11 14 15 16 15 14 12 11  9  8  8  9 11 12 1324 518ZC12 7 162348 1399999999999999 510  51834  899999999999999
 13 13 11 10  9  8  8  8 10 12 14 16 17 16 15 12 10  8  6  5  6  8 10 1224 519ZC12 6 17999999999999999999999 542  819 4  599999999999999
 13 14 14 13 12 11 10 11 12 14 16 18 19 18 16 14 10  7  5  3  3  5  7 1124 520ZC 1 7 1412 9 1999999999999999 6 8 101934  399999999999999
 13 15 16 16 15 14 13 13 14 15 18 20 21 21 19 16 12  8  5  2  1  2  5  924 521ZC 213 161221 2199999999999999 632 1320 5  199999999999999
 12 15 17 18 18 17 16 16 16 17 19 22 23 24 22 19 15 11  6  3  1  0  2  624 522ZC 3 8 181239 2499999999999999 657 162039  099999999999999
 10 15 18 19 20 20 19 18 18 19 21 23 25 26 25 23 19 14  9  4  1 -1  0  324 523ZC 357 2013 5 2699999999999999 723 182115 -199999999999999
  8 13 17 20 21 22 21 20 20 21 22 24 26 28 28 26 23 18 13  7  2 -1 -1  024 524ZC 443 221336 2899999999999999 748 202155 -199999999999999
  4  9 14 18 21 23 23 22 22 22 22 24 26 28 30 29 27 22 17 11  5  1 -1 -224 525ZC 531 231411 3099999999999999 8 9 222239 -299999999999999
  0  5 10 15 19 22 23 23 22 22 23 24 25 28 30 30 29 26 21 15  9  4  0 -224 526ZC1451 309999999999999999999992327 -2999999999999999999999
 -2  1  5 11 15 19 21 22 22 22 23 23 24 26 28 30 30 28 25 20 14  8  3  024 527ZC1534 309999999999999999999999999999999999999999999999999
 -2 -2  1  6 11 15 18 20 21 21 22 22 23 24 26 28 29 29 27 23 18 13  7  324 528ZC1624 29999999999999999999999 018 -2999999999999999999999
  0 -1 -1  2  6 10 14 17 19 20 20 21 21 22 22 24 26 27 26 25 22 17 12  824 529ZC1724 27999999999999999999999 112 -1999999999999999999999
  4  1  0  1  3  7 11 14 17 18 19 19 19 19 19 20 21 23 24 24 23 20 17 1324 530ZC1840 24999999999999999999999 2 7  0999999999999999999999
  9  5  3  2  3  5  9 12 15 18 19 19 18 17 17 16 16 17 19 20 21 21 20 1724 531ZC1039 192017 2199999999999999 3 3  21519 1699999999999999
 14 11  8  6  6  6  9 12 15 18 19 20 19 17 15 14 12 12 13 15 17 19 20 2024 6 1ZC1045 202211 2099999999999999 356  61643 1299999999999999
 18 16 13 11 10 10 11 13 16 19 21 22 21 19 16 13 10  9  8  9 12 15 18 2024 6 2ZC11 0 222358 2199999999999999 446 101749  899999999999999
 21 20 18 17 15 14 14 16 18 21 24 25 25 23 19 15 11  8  5  5  6 10 14 1824 6 3ZC1122 25999999999999999999999 530 141847  599999999999999
 21 22 22 21 20 19 19 19 21 23 26 28 29 28 24 20 14  9  5  3  2  4  9 1424 6 4ZC 134 221151 2999999999999999 6 8 191940  299999999999999
 18 22 24 25 24 24 23 23 24 25 28 30 32 32 30 25 20 14  8  4  1  1  4  924 6 5ZC 3 2 251225 3299999999999999 637 232032  199999999999999
 15 20 24 26 27 27 26 26 26 27 29 31 34 35 34 31 26 20 13  7  3  1  1  524 6 6ZC 415 2713 3 3599999999999999 655 262121  199999999999999
 10 16 21 25 27 28 28 28 28 28 29 31 34 36 37 35 31 26 19 12  7  3  1  224 6 7ZC1345 3799999999999999999999922 9  1999999999999999999999
  6 12 17 22 26 28 28 28 28 29 30 31 33 35 37 37 35 31 25 18 12  7  3  224 6 8ZC1428 379999999999999999999992257  2999999999999999999999
  4  8 13 18 23 26 27 28 28 28 29 30 31 33 35 36 36 33 29 23 17 11  7  424 6 9ZC1511 369999999999999999999992343  3999999999999999999999
  3  5 10 14 19 23 25 26 27 27 28 28 29 31 32 34 35 34 31 26 21 15 10  724 610ZC1554 359999999999999999999999999999999999999999999999999
  5  5  7 11 16 19 22 24 25 26 26 26 27 28 29 31 32 32 31 28 24 19 14 1024 611ZC1637 32999999999999999999999 028  5999999999999999999999
  8  6  7  9 13 17 20 22 23 24 24 25 25 25 26 27 28 29 28 27 25 21 17 1424 612ZC1722 29999999999999999999999 111  6999999999999999999999
 11  9  8  9 12 15 18 20 22 23 23 23 23 23 23 23 24 25 25 25 24 22 19 1624 613ZC1815 25999999999999999999999 151  8999999999999999999999
 14 12 11 11 12 15 17 20 22 23 23 23 23 22 21 21 21 21 22 22 22 22 20 1924 614ZC1014 231934 2299999999999999 226 111543 2199999999999999
 17 15 14 14 14 16 18 20 22 23 24 24 23 22 20 19 18 18 18 19 20 21 21 2024 615ZC1014 242146 2199999999999999 254 141653 1899999999999999
 19 18 18 17 17 18 20 22 24 25 26 26 24 23 21 19 17 16 16 16 18 19 20 2124 616ZC1018 262353 2299999999999999 312 171741 1699999999999999
 22 21 21 21 21 21 22 24 26 27 28 28 27 25 22 19 17 15 14 14 15 18 20 2224 617ZC1026 28999999999999999999999 319 211819 1499999999999999
 23 24 24 24 24 24 25 26 28 30 31 31 30 28 25 21 18 15 13 12 13 16 19 2224 618ZC1042 319999999999999999999991856 12999999999999999999999
 24 26 27 27 27 27 27 28 30 32 33 34 34 32 29 25 20 16 13 12 11 13 16 2024 619ZC11 9 349999999999999999999991933 11999999999999999999999
 24 27 28 29 30 29 30 30 31 33 35 36 37 35 33 29 24 19 15 12 10 11 13 1824 620ZC1144 379999999999999999999992013 10999999999999999999999
 22 26 29 31 31 31 31 31 32 33 35 37 39 38 36 33 28 23 17 13 10  9 10 1424 621ZC1226 399999999999999999999992057  9999999999999999999999
 19 23 28 30 32 32 32 32 32 33 35 37 39 40 39 37 33 27 21 15 11  8  7  924 622ZC1312 409999999999999999999992144  7999999999999999999999
 14 19 24 28 31 32 32 32 32 32 33 35 38 40 41 40 37 32 26 19 13  9  6  624 623ZC14 0 419999999999999999999992232  6999999999999999999999
  9 14 19 24 28 30 31 31 31 31 32 33 35 38 40 41 39 36 30 24 17 11  7  524 624ZC1452 419999999999999999999992322  5999999999999999999999
  6  9 14 19 24 27 29 30 29 29 29 30 31 34 37 39 39 38 34 29 22 16 11  724 625ZC1545 399999999999999999999999999999999999999999999999999
  5  6 10 15 20 24 27 28 28 28 27 27 28 29 32 35 37 37 36 32 27 21 15 1124 626ZC 733 281641 3799999999999999 011  510 7 2799999999999999
  8  7  8 12 17 21 24 26 27 27 26 25 25 25 27 29 32 34 34 33 30 26 21 1624 627ZC 8 4 271745 3499999999999999 058  712 2 2599999999999999
 13 11 10 12 15 19 23 26 27 27 26 25 24 23 23 24 26 28 30 31 31 28 25 2224 628ZC 830 2719 4 3199999999999999 144 101343 2399999999999999
 18 16 15 15 17 20 23 26 28 29 28 26 24 22 20 20 20 22 25 27 28 29 28 2624 629ZC 855 292047 2999999999999999 227 1415 7 2099999999999999
 24 22 20 20 20 22 25 28 30 31 31 29 27 24 21 18 17 17 19 22 24 27 28 2824 630ZC 921 312249 2899999999999999 3 7 201624 1799999999999999
 28 27 26 25 25 26 28 30 33 34 35 34 31 28 24 20 17 15 15 17 20 23 26 2924 7 1ZC 951 35999999999999999999999 340 251734 1599999999999999
 30 30 30 30 30 30 31 33 35 37 38 38 36 33 29 24 20 16 14 14 15 19 23 2724 7 2ZC1026 389999999999999999999991837 13999999999999999999999
 30 32 33 33 34 34 34 35 37 39 41 42 41 38 34 29 24 19 15 13 13 15 19 2424 7 3ZC11 8 429999999999999999999991934 13999999999999999999999
 28 32 34 35 36 36 36 37 38 40 42 43 44 43 40 35 30 24 19 15 13 13 15 2024 7 4ZC1154 449999999999999999999992026 13999999999999999999999
 25 30 33 35 37 37 37 38 38 39 41 43 45 45 44 40 35 29 23 18 14 13 13 1624 7 5ZC1243 459999999999999999999992115 13999999999999999999999
 21 26 31 34 36 37 37 37 38 38 40 42 44 46 46 44 40 34 28 22 17 14 13 1424 7 6ZC1333 4699999999999999999999922 1 13999999999999999999999
 17 23 28 32 34 36 36 36 36 37 38 39 41 44 45 45 42 38 32 26 20 16 13 1324 7 7ZC1420 459999999999999999999992244 13999999999999999999999
 15 19 24 28 32 34 35 34 34 34 35 36 38 40 43 44 43 40 35 30 24 18 15 1324 7 8ZC15 5 449999999999999999999992324 13999999999999999999999
 13 16 20 25 29 31 33 33 32 32 33 33 34 36 39 41 41 40 37 32 27 21 17 1524 7 9ZC 638 331548 4199999999999999 855 32999999999999999999999
 14 15 18 22 26 29 31 32 31 31 30 31 31 32 34 36 38 38 36 33 29 24 20 1724 710ZC 7 4 321631 3899999999999999 0 1 14 957 3099999999999999
 15 15 17 20 24 27 30 31 31 30 29 29 29 29 30 32 34 35 35 33 30 27 23 2024 711ZC 729 311716 3599999999999999 033 151133 2999999999999999
 18 18 18 21 24 27 29 30 31 30 29 28 27 27 27 28 30 31 32 32 30 28 26 2324 712ZC 749 311810 3299999999999999 1 0 181311 2799999999999999
 22 21 21 23 25 28 30 31 32 31 30 29 27 26 26 26 26 28 29 30 30 29 28 2624 713ZC 8 3 321931 3099999999999999 117 211428 2699999999999999
 25 25 25 26 27 30 32 33 34 33 32 31 29 27 25 24 24 25 26 28 28 29 29 2924 714ZC 813 342143 2999999999999999 120 251537 2499999999999999
 28 28 28 29 30 32 34 36 36 36 35 33 31 29 26 24 23 23 24 26 27 29 30 3124 715ZC 827 36999999999999999999999 1 0 281638 2399999999999999
 31 31 32 32 33 35 36 38 39 39 39 37 34 31 28 26 24 22 22 24 25 28 30 3224 716ZC 850 399999999999999999999991731 22999999999999999999999
 33 34 35 35 36 37 38 40 41 42 42 41 38 35 32 28 25 23 21 22 23 26 29 3224 717ZC 926 429999999999999999999991819 21999999999999999999999
 34 36 37 38 38 39 39 41 42 43 44 44 42 39 35 31 27 24 21 20 21 23 26 3024 718ZC1014 4499999999999999999999919 7 20999999999999999999999
 34 36 38 39 39 40 40 41 42 44 45 46 45 43 40 35 30 26 22 19 18 19 22 2624 719ZC1110 469999999999999999999991956 18999999999999999999999
 31 35 37 39 40 40 40 40 41 43 44 46 47 47 44 40 35 29 23 19 16 16 18 2124 720ZC12 9 479999999999999999999992046 16999999999999999999999
 26 31 35 38 39 39 39 39 39 40 42 44 47 48 47 44 39 33 27 21 16 14 14 1624 721ZC13 7 489999999999999999999992135 13999999999999999999999
 21 26 31 35 37 38 37 37 37 37 39 41 44 47 48 47 44 38 32 25 18 14 12 1224 722ZC 5 5 3814 2 4899999999999999 739 372224 1299999999999999
 15 21 27 31 34 36 36 35 34 34 35 36 39 43 46 47 46 42 37 30 23 17 13 1124 723ZC 529 361457 4799999999999999 834 342310 1199999999999999
 12 16 22 27 31 34 34 34 32 31 31 32 33 37 41 44 45 44 40 35 28 22 17 1424 724ZC 554 341554 4599999999999999 938 312353 1399999999999999
 13 14 19 24 29 32 34 33 32 30 28 28 28 31 34 39 42 43 41 38 33 27 22 1924 725ZC 619 341654 43999999999999991059 28999999999999999999999
 16 16 19 23 28 32 34 34 33 30 28 26 25 26 28 31 35 38 39 39 36 32 28 2524 726ZC 644 3418 5 3999999999999999 035 161221 2599999999999999
 22 21 22 24 28 32 35 36 35 33 30 27 25 24 23 25 28 32 35 36 36 35 33 3024 727ZC 710 361933 3699999999999999 113 211336 2399999999999999
 28 27 27 28 30 34 36 38 38 37 34 31 27 25 23 22 23 26 29 32 34 35 35 3424 728ZC 739 382126 3599999999999999 146 271450 2299999999999999
 33 33 32 33 34 36 39 40 41 41 39 36 32 28 25 22 21 22 24 27 30 33 35 3624 729ZC 813 41999999999999999999999 2 7 3216 8 2199999999999999
 36 37 37 37 38 39 41 42 44 44 43 41 38 34 30 26 23 21 21 23 26 29 33 3524 730ZC 855 449999999999999999999991724 21999999999999999999999
 37 39 40 40 41 41 42 44 45 46 47 46 43 40 35 31 26 23 21 21 23 26 30 3324 731ZC 948 479999999999999999999991834 21999999999999999999999
 37 39 41 42 42 43 43 44 45 47 48 48 47 45 41 36 31 27 23 21 21 23 26 3124 8 1ZC1047 489999999999999999999991933 21999999999999999999999
 35 38 40 42 42 43 43 44 45 46 48 49 49 48 45 41 36 31 26 23 21 21 23 2724 8 2ZC1147 499999999999999999999992025 21999999999999999999999
 32 36 39 41 42 42 42 42 43 44 45 48 49 50 48 45 40 35 29 25 21 20 21 2424 8 3ZC1242 509999999999999999999992110 20999999999999999999999
 28 33 36 39 40 40 40 40 40 41 42 45 47 49 49 47 43 38 32 27 23 20 19 2124 8 4ZC1332 499999999999999999999992150 19999999999999999999999
 25 29 34 37 38 39 38 37 37 38 39 41 43 46 48 47 45 41 35 29 24 21 19 1924 8 5ZC 450 391418 4899999999999999 741 372226 1999999999999999
 22 26 31 34 36 37 37 35 35 35 35 37 39 42 45 46 45 42 37 32 26 22 20 1924 8 6ZC 5 6 3715 1 4699999999999999 832 352258 1999999999999999
 20 23 28 32 34 36 36 34 33 32 32 33 34 37 40 43 43 42 39 34 29 24 21 2024 8 7ZC 525 361543 4399999999999999 926 322326 2099999999999999
 20 22 26 30 33 35 35 34 32 31 30 30 31 33 36 39 40 40 38 35 31 27 24 2224 8 8ZC 543 351627 40999999999999991028 302349 2299999999999999
 22 23 26 30 33 35 35 35 33 31 29 28 28 29 32 34 37 38 37 36 33 30 27 2624 8 9ZC 558 351715 38999999999999991132 28999999999999999999999
 25 26 28 31 34 36 36 36 34 32 30 28 28 27 29 31 33 35 36 35 34 32 30 2924 810ZC 6 8 361815 3699999999999999 0 3 251232 2799999999999999
 29 29 30 33 35 37 38 38 37 34 32 30 28 27 27 28 30 32 34 34 35 34 33 3224 811ZC 617 381941 3599999999999999 0 3 291330 272341 329999999
 32 33 34 35 37 39 40 40 39 38 35 32 30 28 27 27 28 30 32 33 34 35 35 3524 812ZC 629 419999999999999999999991431 27999999999999999999999
 35 36 37 38 40 41 43 43 42 41 38 36 33 30 28 27 27 28 30 31 33 35 36 3724 813ZC 651 439999999999999999999991538 27999999999999999999999
 38 39 39 40 42 43 44 45 45 44 42 39 36 33 30 28 27 27 27 29 31 33 36 3824 814ZC 726 459999999999999999999991647 26999999999999999999999
 39 40 41 42 43 44 45 46 46 46 45 43 40 37 33 30 27 26 25 26 28 31 34 3724 815ZC 821 469999999999999999999991751 25999999999999999999999
 39 41 42 43 43 44 44 45 47 47 47 46 44 41 37 33 29 26 24 23 24 27 30 3424 816ZC 938 479999999999999999999991850 23999999999999999999999
 37 40 41 42 43 43 43 44 45 47 48 48 48 45 41 37 32 27 23 21 20 22 25 3024 817ZC1058 489999999999999999999991944 20999999999999999999999
 34 38 40 41 41 41 41 41 42 44 46 48 49 48 46 41 36 30 24 20 18 18 20 2424 818ZC12 6 499999999999999999999992034 17999999999999999999999
 29 34 37 39 39 39 38 38 38 40 42 45 48 50 49 45 40 34 27 22 18 16 16 1924 819ZC 355 3913 7 5099999999999999 655 382121 1599999999999999
 24 30 34 37 38 37 36 34 34 35 36 40 44 48 49 48 45 39 32 25 20 16 15 1624 820ZC 4 7 3814 5 4999999999999999 751 3422 5 1599999999999999
 20 26 31 35 36 36 34 32 30 30 31 33 37 42 46 48 47 43 38 31 24 20 17 1624 821ZC 424 3615 3 4899999999999999 852 302247 1699999999999999
 18 23 29 33 36 36 35 32 29 27 26 27 30 35 40 44 46 45 41 36 30 25 21 1924 822ZC 444 3616 4 469999999999999910 0 262326 1999999999999999
 20 23 28 33 36 37 36 34 30 26 24 23 24 27 32 38 41 43 42 40 35 31 27 2524 823ZC 5 6 371713 439999999999999911 9 23999999999999999999999
 24 25 28 33 37 39 39 37 33 29 25 23 21 22 25 30 35 38 40 40 38 35 33 3124 824ZC 531 391831 4099999999999999 0 2 241215 2199999999999999
 30 30 31 35 38 41 41 41 38 34 29 25 23 21 21 24 28 32 35 37 38 38 37 3624 825ZC 559 4120 3 3899999999999999 034 291321 2199999999999999
 35 35 35 37 40 42 44 44 42 39 35 31 27 24 22 22 24 27 30 33 36 37 38 3824 826ZC 632 44999999999999999999999 053 351433 2199999999999999
 39 39 40 40 42 44 45 46 45 44 41 37 33 29 26 23 23 24 26 29 32 35 37 3924 827ZC 713 469999999999999999999991553 23999999999999999999999
 40 41 42 43 43 44 46 47 47 47 45 42 39 35 31 27 25 23 24 25 28 31 35 3824 828ZC 811 479999999999999999999991719 23999999999999999999999
 40 42 43 44 44 44 45 46 47 48 47 46 44 41 37 32 29 25 24 24 25 28 32 3524 829ZC 928 489999999999999999999991833 24999999999999999999999
 38 41 42 43 44 44 44 44 45 46 48 48 47 45 41 37 33 28 25 23 23 25 29 3224 830ZC1046 489999999999999999999991930 23999999999999999999999
 36 39 41 42 42 42 42 42 43 44 46 47 48 47 44 41 36 31 27 24 23 23 26 2924 831ZC1151 489999999999999999999992016 23999999999999999999999
 33 37 39 40 40 40 39 39 39 40 42 45 47 47 46 43 39 34 29 25 23 22 23 2624 9 1ZC 338 401246 4799999999999999 646 392054 2299999999999999
 31 34 37 38 38 37 36 36 36 36 38 41 44 46 46 44 41 36 31 26 23 21 21 2424 9 2ZC 336 381333 4699999999999999 728 362126 2199999999999999
 28 32 35 37 37 36 34 33 32 33 34 36 40 43 44 44 42 38 33 28 24 22 21 2224 9 3ZC 344 371417 4499999999999999 811 322155 2199999999999999
 26 30 33 35 36 35 33 31 30 29 30 32 35 39 42 43 42 39 35 30 26 23 22 2224 9 4ZC 356 3615 0 4399999999999999 855 292221 2299999999999999
 25 28 32 35 36 35 33 31 28 27 27 28 30 34 38 40 41 39 36 32 28 25 24 2424 9 5ZC 4 9 361545 4199999999999999 940 272241 2499999999999999
 25 28 32 35 36 36 34 31 28 26 25 25 27 30 34 37 39 39 37 34 31 28 27 2624 9 6ZC 420 361633 39999999999999991026 252256 2699999999999999
 27 29 33 36 37 37 36 33 30 27 25 24 24 27 30 34 36 37 37 36 34 31 30 3024 9 7ZC 428 371726 37999999999999991111 242258 3099999999999999
 30 32 34 37 39 39 38 36 32 29 26 24 24 25 27 30 33 35 36 36 35 34 33 3324 9 8ZC 437 391830 36999999999999991156 242241 3399999999999999
 33 34 36 39 41 41 40 38 35 32 28 26 25 24 26 28 31 33 35 36 36 36 35 3524 9 9ZC 450 411950 36999999999999991246 242217 3599999999999999
 36 37 38 40 42 43 43 41 39 35 32 29 27 25 25 26 28 31 33 34 36 36 37 3724 910ZC 5 9 439999999999999999999991343 25999999999999999999999
 38 39 40 42 43 44 44 43 41 39 36 32 29 27 26 26 26 28 30 32 34 36 37 3824 911ZC 535 449999999999999999999991451 26999999999999999999999
 39 40 41 42 43 44 45 45 44 42 39 36 33 30 28 26 25 25 27 29 31 34 36 3824 912ZC 614 459999999999999999999991610 25999999999999999999999
 39 41 42 42 43 43 44 45 45 44 42 40 37 33 30 27 25 23 23 25 27 30 33 3624 913ZC 727 459999999999999999999991728 23999999999999999999999
 38 40 41 41 41 42 42 43 44 44 44 43 40 37 33 29 25 22 21 21 22 25 29 3324 914ZC 923 449999999999999999999991832 21999999999999999999999
 36 38 39 39 39 39 39 40 41 43 44 45 44 41 37 33 28 23 20 18 18 21 24 2924 915ZC1054 459999999999999999999991925 18999999999999999999999
 33 36 37 37 37 36 35 35 37 39 41 44 45 44 41 37 32 26 21 18 16 17 20 2524 916ZC 245 3712 6 4599999999999999 612 352012 1699999999999999
 30 33 35 36 35 33 31 31 31 33 36 40 44 45 45 41 37 31 25 20 17 16 17 2124 917ZC 246 361310 4599999999999999 7 8 312056 1699999999999999
 27 32 34 35 34 32 29 27 26 26 29 33 39 43 45 44 41 36 30 24 20 18 18 2024 918ZC 256 351411 4599999999999999 8 4 262136 1799999999999999
 25 30 34 36 35 32 29 25 22 21 22 25 31 37 42 44 43 40 35 30 25 22 20 2124 919ZC 312 361515 4499999999999999 9 4 212215 2099999999999999
 25 30 34 37 37 35 31 26 22 19 18 19 23 29 35 40 42 42 39 35 31 27 25 2524 920ZC 333 371624 429999999999999910 4 182250 2599999999999999
 26 30 35 38 40 38 35 30 24 20 17 16 17 21 27 33 38 40 40 38 35 33 31 3024 921ZC 359 401736 409999999999999911 3 162322 3099999999999999
 30 32 36 40 42 42 40 35 30 24 20 17 15 17 21 26 32 35 38 39 38 36 35 3524 922ZC 427 421854 399999999999999912 3 152341 3499999999999999
 35 35 38 41 43 44 43 40 36 30 25 21 18 17 18 21 26 30 33 36 37 37 37 3824 923ZC 459 4499999999999999999999913 5 17999999999999999999999
 38 38 39 41 43 45 45 44 41 37 32 27 23 20 19 19 22 25 28 32 34 36 38 3924 924ZC 535 459999999999999999999991414 19999999999999999999999
 40 40 41 42 43 44 45 45 44 41 38 34 30 26 23 21 21 22 24 27 31 34 36 3824 925ZC 623 459999999999999999999991536 21999999999999999999999
 40 41 41 42 42 43 43 44 44 43 41 38 35 32 28 25 23 22 22 24 27 30 33 3624 926ZC 737 4499999999999999999999917 5 22999999999999999999999
 38 40 40 41 41 41 41 41 42 43 42 41 39 36 33 29 25 23 22 22 24 27 30 3324 927ZC 915 439999999999999999999991816 22999999999999999999999
 36 38 39 39 39 38 38 38 39 40 41 42 41 39 36 32 28 25 23 22 22 24 28 3124 928ZC 245 391045 4299999999999999 6 1 3819 8 2299999999999999
 34 36 37 37 36 35 35 35 35 37 39 40 41 40 38 35 31 27 24 22 21 22 25 2924 929ZC 232 371154 4199999999999999 643 351948 2199999999999999
 32 34 35 35 34 33 32 31 31 33 35 38 39 40 39 36 33 29 25 22 21 21 24 2724 930ZC 225 351248 4099999999999999 716 312021 2199999999999999
 30 33 34 34 33 31 29 28 28 28 31 34 37 39 39 37 34 31 27 24 22 21 23 262410 1ZC 226 341337 3999999999999999 749 282048 2199999999999999
 29 32 33 34 32 30 27 25 24 25 26 29 33 36 38 38 36 33 29 25 23 22 23 252410 2ZC 232 341423 3899999999999999 822 242112 2299999999999999
 29 32 34 34 33 30 27 24 22 22 22 25 29 33 36 37 36 34 31 28 25 24 24 262410 3ZC 240 341510 3799999999999999 857 222132 2499999999999999
 29 32 34 35 34 31 28 24 21 20 20 21 25 30 33 36 36 36 33 30 28 27 26 272410 4ZC 250 351558 3699999999999999 933 202146 2699999999999999
 30 33 36 36 36 33 30 26 22 19 18 19 22 26 30 34 36 36 35 33 31 29 29 302410 5ZC 3 1 361648 36999999999999991010 182153 2999999999999999
 31 34 37 38 38 36 33 28 24 21 19 18 19 23 27 31 34 35 36 35 33 32 32 322410 6ZC 314 381741 36999999999999991048 182147 3299999999999999
 33 35 38 40 40 38 36 32 27 23 20 19 19 21 24 28 32 34 35 35 35 34 34 342410 7ZC 331 401841 35999999999999991129 182136 3499999999999999
 35 37 39 41 41 40 38 35 31 26 23 20 19 20 22 25 29 31 33 35 35 35 35 362410 8ZC 352 419999999999999999999991216 19999999999999999999999
 37 38 39 41 42 42 40 38 34 30 26 23 21 20 20 22 25 28 30 32 34 35 35 362410 9ZC 417 429999999999999999999991311 20999999999999999999999
 37 38 39 41 42 42 41 39 37 33 29 26 23 21 20 20 22 24 27 29 31 33 35 36241010ZC 447 429999999999999999999991419 20999999999999999999999
 37 38 39 40 40 41 41 40 39 36 33 29 26 23 21 20 20 21 22 25 28 30 33 34241011ZC 530 419999999999999999999991538 19999999999999999999999
 36 37 37 38 38 39 39 39 39 38 36 33 30 26 23 20 19 18 19 21 24 27 30 32241012ZC 7 6 399999999999999999999991656 18999999999999999999999
 34 35 35 35 35 35 36 36 37 38 38 36 34 30 26 23 19 17 17 17 20 23 27 30241013ZC 916 3899999999999999999999918 0 17999999999999999999999
 32 33 33 33 32 31 31 32 33 35 37 38 37 34 31 26 22 19 16 16 17 20 24 28241014ZC 135 331053 3899999999999999 530 311852 1699999999999999
 31 32 32 31 29 27 26 26 28 30 34 37 38 38 35 31 27 22 19 17 17 18 22 27241015ZC 124 321210 3899999999999999 624 261937 1699999999999999
 30 32 32 30 28 24 22 21 21 23 28 32 37 38 38 36 32 27 23 20 19 19 22 26241016ZC 129 321320 3999999999999999 717 212019 1899999999999999
 30 33 34 32 29 24 20 17 16 17 20 25 31 36 38 38 36 33 28 25 23 22 23 26241017ZC 144 341429 3999999999999999 810 162058 2299999999999999
 31 35 36 35 32 27 22 17 13 12 13 17 24 31 36 38 38 37 33 30 27 26 26 28241018ZC 2 6 361539 3999999999999999 9 5 122133 2699999999999999
 32 36 39 39 37 32 26 20 14 11 10 11 16 23 30 35 37 38 37 34 32 30 30 30241019ZC 234 391648 3899999999999999 959 1022 4 3099999999999999
 33 37 40 42 41 37 32 25 19 14 10  9 11 16 23 29 34 36 37 36 35 34 33 33241020ZC 3 6 421757 37999999999999991053  92221 3399999999999999
 35 37 41 43 43 41 38 32 25 19 14 11 10 12 17 23 28 32 35 36 36 35 36 36241021ZC 340 439999999999999999999991149 10999999999999999999999
 36 38 40 42 44 43 41 37 32 26 20 16 13 13 14 18 23 27 31 33 35 35 36 37241022ZC 417 449999999999999999999991247 13999999999999999999999
 37 38 39 41 42 43 42 40 36 32 27 22 18 16 15 16 19 23 26 29 32 34 35 36241023ZC 459 439999999999999999999991352 15999999999999999999999
 37 38 38 39 40 41 41 40 38 35 32 28 24 20 18 17 18 20 22 25 28 31 33 34241024ZC 549 4199999999999999999999915 6 17999999999999999999999
 36 36 37 37 37 37 38 38 38 36 34 31 28 25 22 20 18 18 20 22 25 28 30 32241025ZC 7 3 389999999999999999999991626 18999999999999999999999
 34 34 35 34 34 34 34 35 35 35 35 33 31 28 25 23 20 19 19 20 23 25 28 30241026ZC 145 35 845 3599999999999999 5 3 341732 1999999999999999
 32 33 33 32 31 30 30 30 31 32 33 33 32 30 28 25 22 20 19 20 21 24 26 29241027ZC 125 331031 3399999999999999 6 1 301821 1999999999999999
 31 31 31 30 29 27 26 26 27 29 31 32 32 32 30 27 25 22 21 20 21 23 25 28241028ZC 112 311151 3299999999999999 639 261859 2099999999999999
 30 31 30 29 27 25 23 23 23 25 27 30 31 32 31 29 27 24 22 21 21 23 25 28241029ZC 1 8 311254 3299999999999999 712 231928 2199999999999999
 30 31 30 29 26 24 21 20 20 21 23 27 30 31 32 31 29 27 25 23 23 24 26 28241030ZC 110 311348 3299999999999999 742 201951 2399999999999999
 31 32 32 30 27 23 20 18 17 17 20 23 27 30 32 32 31 29 27 25 25 25 27 29241031ZC 116 321440 3299999999999999 812 172011 2599999999999999
 32 33 33 32 29 25 21 17 15 15 17 20 24 28 31 33 33 31 29 28 27 27 28 302411 1ZC 126 331528 3399999999999999 844 152027 2799999999999999
 33 35 35 34 31 27 22 18 15 14 14 17 21 26 30 32 34 33 32 30 29 29 30 322411 2ZC 140 351616 3499999999999999 917 142040 2999999999999999
 34 36 37 36 34 30 25 20 16 14 13 14 18 23 28 31 33 34 33 32 31 31 31 332411 3ZC 2 0 3717 2 3499999999999999 952 132049 3199999999999999
 35 37 39 39 37 33 29 23 18 15 13 13 15 19 24 29 32 33 34 33 32 32 33 332411 4ZC 224 391751 34999999999999991031 132053 3299999999999999
 35 37 39 40 39 36 32 27 21 17 14 13 13 16 21 25 29 31 33 33 33 33 33 342411 5ZC 251 409999999999999999999991114 13999999999999999999999
 35 37 39 40 40 38 35 30 25 20 16 14 13 14 17 21 25 28 30 32 32 32 33 342411 6ZC 321 4099999999999999999999912 1 13999999999999999999999
 35 36 37 39 39 39 36 33 28 24 19 16 14 13 14 17 20 24 27 29 30 31 32 332411 7ZC 356 399999999999999999999991255 13999999999999999999999
 34 35 36 37 38 38 37 35 31 27 23 19 16 14 13 14 16 19 22 25 28 29 30 312411 8ZC 438 389999999999999999999991356 13999999999999999999999
 32 33 33 34 35 36 36 35 33 30 26 22 19 16 14 13 14 16 19 22 24 27 28 302411 9ZC 538 3699999999999999999999915 2 13999999999999999999999
 30 31 31 31 31 32 33 33 33 32 29 26 23 19 16 14 14 14 16 19 22 25 27 28241110ZC 716 3399999999999999999999916 9 13999999999999999999999
 29 29 28 27 27 27 28 29 30 31 31 29 27 24 20 17 15 15 15 17 20 23 26 28241111ZC 013 29 912 312356 289999999 419 2717 9 1599999999999999
 28 28 26 25 23 22 22 24 26 28 30 31 30 28 25 22 19 17 17 17 20 23 26 29241112ZC1058 31999999999999999999999 528 2218 1 1799999999999999
 30 29 27 24 21 19 17 17 19 23 27 30 31 31 30 27 24 22 20 20 21 24 27 30241113ZC 0 1 301227 3199999999999999 624 171847 2099999999999999
 32 31 29 25 21 17 14 13 13 16 20 26 30 32 33 31 29 27 25 24 24 25 28 32241114ZC 018 321346 3399999999999999 717 131929 2399999999999999
 34 35 33 29 24 19 14 10  9 10 13 19 25 30 33 34 33 31 29 28 27 28 30 33241115ZC 044 3515 1 3499999999999999 8 9  920 5 2799999999999999
 36 38 38 35 30 23 17 11  8  6  8 12 19 25 30 34 35 34 33 31 30 30 31 34241116ZC 115 3816 9 3599999999999999 9 1  62035 3099999999999999
 37 40 41 39 35 30 22 15 10  6  5  7 12 19 26 31 34 35 35 34 33 33 33 34241117ZC 151 411712 3599999999999999 953  52051 3399999999999999
 37 40 42 42 40 35 29 22 15 10  6  6  8 13 20 26 30 33 34 34 34 34 34 35241118ZC 231 431817 34999999999999991045  62041 3499999999999999
 36 39 41 43 42 39 35 28 21 15 10  7  7 10 15 20 25 29 32 33 33 33 34 34241119ZC 313 439999999999999999999991137  7999999999999999999999
 35 37 39 41 42 41 38 33 27 21 15 11  9  9 12 16 20 25 28 30 31 32 32 33241120ZC 357 429999999999999999999991230  9999999999999999999999
 34 34 36 38 39 39 38 35 31 26 20 16 13 11 11 13 17 20 24 27 29 30 31 31241121ZC 442 399999999999999999999991325 11999999999999999999999
 32 32 33 34 35 36 36 34 32 28 24 20 17 14 13 13 15 17 21 24 26 28 29 29241122ZC 531 369999999999999999999991422 13999999999999999999999
 30 30 30 30 31 31 32 32 31 29 26 23 20 17 15 14 15 16 18 21 24 26 27 28241123ZC 629 329999999999999999999991519 14999999999999999999999
 28 28 28 27 27 27 27 28 28 28 27 25 23 20 18 17 16 16 18 20 22 24 26 27241124ZC 010 28 752 282345 279999999 421 271612 1699999999999999
 27 27 26 25 24 23 23 24 25 25 26 25 24 23 21 19 18 18 19 20 22 24 26 27241125ZC 959 262340 2799999999999999 532 231656 1899999999999999
 27 26 25 23 22 20 19 20 21 22 24 25 25 24 23 22 21 21 21 21 23 25 27 28241126ZC1149 252341 2899999999999999 617 191730 2099999999999999
 28 27 25 23 21 18 17 16 17 19 21 23 25 26 25 25 24 23 23 23 24 26 28 29241127ZC1312 262347 3099999999999999 651 161756 2399999999999999
 30 29 27 24 21 18 15 14 14 16 19 22 25 26 27 27 26 26 25 25 26 28 30 31241128ZC1419 27999999999999999999999 722 141817 2599999999999999
 32 31 29 26 22 18 15 13 12 13 16 20 23 26 28 29 29 28 28 27 28 29 31 33241129ZC 0 0 321513 2999999999999999 753 121841 2799999999999999
 34 34 32 29 25 20 16 13 11 11 13 17 22 25 28 30 30 30 29 29 29 30 32 34241130ZC 020 341557 3099999999999999 826 1119 8 2999999999999999
 36 36 35 32 28 23 18 14 11 10 11 14 19 23 27 30 31 31 31 30 30 31 32 342412 1ZC 047 361636 3299999999999999 9 2 101936 3099999999999999
 36 38 37 35 32 27 21 16 12  9  9 11 15 20 25 28 31 32 32 31 31 31 32 332412 2ZC 120 381717 3299999999999999 941  920 0 3199999999999999
 36 38 38 37 35 30 25 19 14 10  8  8 11 16 21 25 29 31 31 31 30 31 31 322412 3ZC 156 3918 1 31999999999999991023  82020 3099999999999999
 34 36 38 38 37 33 28 22 16 11  8  7  8 11 16 21 25 28 29 30 30 30 30 312412 4ZC 236 3999999999999999999999911 7  7999999999999999999999
 32 34 36 38 37 35 31 26 20 14 10  7  6  8 11 16 20 24 26 28 28 28 28 292412 5ZC 318 389999999999999999999991154  6999999999999999999999
 30 31 33 35 36 35 33 29 23 18 13  9  7  6  8 11 16 20 23 25 26 26 27 272412 6ZC 4 3 369999999999999999999991243  6999999999999999999999
 27 28 30 31 33 34 33 30 26 21 16 12  9  7  7  9 12 16 20 22 24 25 25 252412 7ZC 456 349999999999999999999991333  7999999999999999999999
 25 25 26 27 28 30 31 30 28 24 20 16 12 10  9  9 11 14 17 20 23 24 24 242412 8ZC 6 0 312155 24999999999999991423  8999999999999999999999
 23 23 22 22 23 25 26 27 27 26 23 20 17 14 12 11 12 14 16 20 22 24 25 242412 9ZC 725 2722 6 2599999999999999 224 221512 1199999999999999
 23 22 20 19 19 19 20 22 24 25 25 24 21 19 17 16 15 16 18 20 23 25 27 26241210ZC 918 252223 2799999999999999 4 0 1916 1 1599999999999999
 25 23 20 17 15 14 15 16 19 22 24 25 25 24 22 21 20 20 20 22 25 27 29 30241211ZC1120 252248 3099999999999999 515 141648 2099999999999999
 28 26 22 18 15 12 10 11 13 17 20 24 26 27 26 25 25 24 24 25 27 29 32 33241212ZC1310 272319 3399999999999999 618 101732 2499999999999999
 33 30 26 22 17 12  9  7  8 11 15 20 24 27 29 29 28 28 28 28 29 31 33 35241213ZC1446 292358 3699999999999999 714  71811 2899999999999999
 36 35 32 27 21 15 10  6  5  6  9 15 20 25 29 30 31 31 30 30 30 32 34 36241214ZC16 0 31999999999999999999999 8 8  51844 3099999999999999
 38 39 37 33 27 21 14  9  5  3  5  9 15 21 26 30 31 32 31 31 31 32 33 36241215ZC 041 39999999999999999999999 9 0  3999999999999999999999
 38 40 40 38 33 27 20 13  7  4  3  5 10 16 22 27 30 31 31 31 31 31 32 34241216ZC 128 41999999999999999999999 951  3999999999999999999999
 36 39 41 40 37 32 26 18 12  7  4  3  6 11 17 22 26 29 30 30 30 30 31 32241217ZC 216 419999999999999999999991039  3999999999999999999999
 33 36 39 40 39 36 30 24 17 11  6  4  4  7 12 18 22 26 28 28 28 28 28 29241218ZC 3 3 409999999999999999999991126  3999999999999999999999
 30 32 35 37 37 36 33 27 21 15 10  6  4  5  9 13 18 22 25 26 26 26 26 26241219ZC 349 379999999999999999999991211  4999999999999999999999
 27 28 30 32 34 34 32 29 24 18 13  9  7  6  7 11 15 19 22 23 24 24 24 24241220ZC 433 349999999999999999999991252  6999999999999999999999
 24 25 26 27 29 30 30 28 25 20 16 12 10  8  8 10 13 16 19 22 23 23 23 23241221ZC 516 302058 23999999999999991329  8999999999999999999999
 22 22 22 23 24 25 26 25 24 21 18 15 13 11 10 11 13 16 18 21 22 23 23 22241222ZC 6 3 262119 2399999999999999 116 2214 0 1099999999999999
 21 20 20 20 20 21 21 22 21 21 19 17 15 14 13 14 15 16 19 21 22 23 23 22241223ZC 7 7 222132 2399999999999999 3 4 201420 1399999999999999
 21 20 19 17 17 17 17 18 19 19 19 18 18 17 17 17 17 18 20 22 24 24 25 24241224ZC 917 192141 2599999999999999 430 171416 1799999999999999
 22 20 19 17 15 14 14 15 16 17 18 19 19 19 19 20 20 21 22 24 25 26 27 26241225ZC2153 27999999999999999999999 532 14999999999999999999999
 25 22 20 17 15 13 12 12 14 15 17 19 21 21 22 22 23 24 25 26 27 29 29 29241226ZC2213 29999999999999999999999 617 12999999999999999999999
 28 25 22 19 16 13 11 10 11 13 16 19 21 23 24 25 25 26 26 27 29 30 31 31241227ZC2245 31999999999999999999999 655 10999999999999999999999
 31 28 25 22 18 14 11  9  9 11 14 17 20 23 25 26 27 27 28 28 29 31 32 33241228ZC2326 33999999999999999999999 733  9999999999999999999999
 33 32 29 25 20 16 12  9  8  8 11 14 19 22 25 27 28 28 28 29 29 30 32 34241229ZC9999999999999999999999999999 812  8999999999999999999999
 35 34 32 29 24 19 14  9  7  6  7 11 15 20 24 26 28 28 28 28 28 29 31 33241230ZC 013 35999999999999999999999 852  6999999999999999999999
 35 35 35 32 28 22 16 11  6  4  4  6 10 15 20 24 26 27 27 27 27 27 28 30241231ZC 1 2 35999999999999999999999 936  4999999999999999999999
