 14 16 18 20 21 21 19 15 10  5  1 -1 -2 -2  0  3  7 10 12 12 12 12 11 1124 1 1ZE 417 211919 12999999999999991212 -32319 1199999999999999
 12 12 14 16 17 18 17 15 11  7  4  1  0 -1  1  3  6  9 11 12 12 12 11 1024 1 2ZE 456 181943 12999999999999991240 -1999999999999999999999
 10 10 11 12 13 14 14 14 12  9  6  4  2  2  2  4  6  9 11 12 13 13 12 1124 1 3ZE 541 1520 3 1399999999999999 031 1013 2  299999999999999
 10  9  8  9 10 11 12 12 11 10  8  6  5  5  5  6  8 10 12 14 14 14 13 1224 1 4ZE 646 122022 1499999999999999 2 7  81319  499999999999999
 10  9  7  6  6  7  8  9 10 10  9  9  8  8  8  8  9 11 13 15 16 16 16 1424 1 5ZE 829 102044 1699999999999999 328  61324  899999999999999
 12 10  7  5  4  4  5  7  8  9 10 10 10 10 11 11 12 13 15 16 18 19 18 1724 1 6ZE2113 19999999999999999999999 434  4999999999999999999999
 14 12  8  5  3  2  2  3  5  8 10 11 12 13 13 13 14 14 16 17 19 20 21 2024 1 7ZE2151 21999999999999999999999 528  2999999999999999999999
 18 15 11  7  3  0 -1 -1  1  5  8 11 13 15 15 15 15 16 16 17 19 21 23 2324 1 8ZE2238 23999999999999999999999 617 -1999999999999999999999
 21 18 14 10  5  0 -3 -4 -3  0  4  8 12 15 16 17 16 16 16 17 19 21 23 2424 1 9ZE2330 25999999999999999999999 7 5 -4999999999999999999999
 24 22 19 14  8  2 -3 -6 -7 -5 -1  4  9 13 16 17 17 16 16 16 17 19 22 2424 110ZE1530 17999999999999999999999 752 -71812 1699999999999999
 26 26 23 19 12  6 -1 -6 -9-10 -7 -2  4  9 13 15 16 16 15 15 15 16 19 2224 111ZE 024 261556 1699999999999999 840-101859 1599999999999999
 25 27 26 23 18 11  3 -4 -9-12-12 -9 -3  3  9 13 15 14 13 13 12 13 15 1824 112ZE 119 271626 1599999999999999 928-131946 1299999999999999
 22 25 27 26 23 16  9  1 -6-11-14-13 -9 -3  4  9 12 13 12 11 10 10 11 1324 113ZE 213 271658 13999999999999991016-142040 1099999999999999
 16 21 24 26 25 21 14  6 -1 -8-12-14-12 -7 -1  5  9 11 12 10  9  8  7  824 114ZE 3 8 261731 129999999999999911 2-142148  799999999999999
 10 14 19 22 24 22 18 12  5 -2 -7-11-12 -9 -4  1  6 10 11 10  9  7  5  524 115ZE 4 3 2418 4 11999999999999991147-1223 7  599999999999999
  5  8 11 15 19 20 19 15 10  4 -1 -5 -8 -7 -5  0  5  9 11 11 10  8  6  424 116ZE 5 2 201838 12999999999999991230 -8999999999999999999999
  3  3  5  8 12 14 16 15 12  8  4  1 -2 -3 -2  1  5  9 12 13 12 10  8  524 117ZE 6 8 161912 1399999999999999 028  31310 -399999999999999
  3  1  1  2  4  7 10 11 11 10  8  6  4  3  3  4  6  9 12 14 15 14 11  824 118ZE 729 121948 1599999999999999 149  11346  399999999999999
  5  2  0 -1 -1  1  4  6  8  9  9  9  8  8  8  8  9 11 13 16 17 17 15 1324 119ZE 938  92027 1799999999999999 315 -114 7  899999999999999
  9  6  2 -1 -2 -3 -2  1  3  6  8 10 10 11 11 12 12 13 15 16 18 19 19 1724 120ZE2112 19999999999999999999999 442 -3999999999999999999999
 14 10  6  2 -1 -4 -4 -3 -1  2  6  8 11 12 13 14 14 15 16 17 18 20 21 2024 121ZE22 5 21999999999999999999999 556 -4999999999999999999999
 18 15 10  6  1 -2 -5 -6 -4 -2  2  6  9 12 14 15 15 15 16 16 18 19 21 2224 122ZE23 2 22999999999999999999999 654 -6999999999999999999999
 21 19 15 10  5  0 -4 -6 -6 -5 -1  3  7 11 13 14 15 15 15 15 16 18 20 2224 123ZE2358 22999999999999999999999 742 -6999999999999999999999
 22 21 19 14  9  3 -1 -5 -7 -7 -4  0  4  8 11 13 14 13 13 13 14 15 17 2024 124ZE9999999999999999999999999999 824 -7999999999999999999999
 22 22 21 18 13  7  1 -4 -7 -8 -7 -4  1  6  9 12 12 12 11 11 11 12 14 1724 125ZE 050 2216 5 1299999999999999 9 1 -819 2 1199999999999999
 20 22 22 20 16 10  3 -2 -6 -9 -9 -7 -3  2  6  9 11 10 10  9  9  9 11 1324 126ZE 135 221619 1199999999999999 935 -91943  999999999999999
 16 19 21 20 17 12  6  0 -5 -9-10 -9 -6 -1  3  7  9  9  8  7  6  6  7  924 127ZE 217 211640  99999999999999910 7-102025  699999999999999
 12 15 18 19 18 14  8  2 -3 -7-10-10 -8 -4  1  5  7  8  8  6  5  4  5  624 128ZE 255 1917 2  8999999999999991036-102111  499999999999999
  8 11 14 16 16 14 10  5 -1 -5 -8 -9 -8 -5 -1  3  6  7  7  6  4  3  3  324 129ZE 331 171724  89999999999999911 2 -922 5  399999999999999
  4  7 10 13 14 13 10  6  1 -3 -6 -7 -7 -5 -1  2  5  7  8  7  5  3  2  224 130ZE 4 8 141744  8999999999999991124 -723 4  299999999999999
  2  4  6  9 11 11 10  7  3  0 -3 -4 -4 -3 -1  3  6  8  9  8  6  4  2  124 131ZE 447 1118 1  9999999999999991141 -5999999999999999999999
  1  1  3  5  7  8  8  7  5  2  0 -1 -1 -1  1  4  7  9 10 10  8  6  4  224 2 1ZE 532  91818 1099999999999999 0 7  11150 -199999999999999
  1  0  0  2  4  5  6  6  6  4  3  2  2  2  4  6  8 10 12 12 11  9  6  424 2 2ZE 633  71838 1299999999999999 112  01140  299999999999999
  2  0 -1 -1  1  2  4  5  5  5  5  5  5  5  6  8 10 11 13 14 13 12  9  724 2 3ZE 812  519 6 1499999999999999 223 -111 2  599999999999999
  4  1 -1 -2 -2 -1  0  2  4  5  6  6  7  8  9 10 11 12 14 15 15 14 12 1024 2 4ZE1947 15999999999999999999999 339 -2999999999999999999999
  7  4  1 -2 -4 -4 -3 -1  1  3  6  7  8  9 10 11 12 13 14 15 16 16 16 1424 2 5ZE2047 16999999999999999999999 452 -4999999999999999999999
 11  7  3 -1 -4 -6 -7 -6 -3  0  3  6  9 10 11 12 12 12 13 14 16 17 18 1724 2 6ZE22 1 18999999999999999999999 556 -7999999999999999999999
 15 11  7  2 -3 -7 -9-10 -9 -5 -1  3  7  9 11 11 11 11 12 12 14 16 18 1924 2 7ZE2314 19999999999999999999999 651-10999999999999999999999
 19 16 12  7  1 -5-10-13-13-11 -7 -2  4  7 10 11 10 10  9 10 11 13 16 1924 2 8ZE1513 11999999999999999999999 742-1418 8  999999999999999
 20 20 17 12  6 -2 -8-13-16-16-13 -7 -1  4  8  9  9  8  7  6  7  8 11 1524 2 9ZE 020 211524  999999999999999 830-1619 6  699999999999999
 19 21 21 18 12  4 -4-11-16-18-17-13 -7  0  5  8  8  7  5  4  3  4  6 1024 210ZE 119 221545  899999999999999 915-1820 3  399999999999999
 15 19 21 21 17 10  2 -6-12-17-18-16-11 -4  2  6  8  7  4  2  0 -1  0  324 211ZE 216 2116 9  899999999999999 958-1821 5 -199999999999999
  7 13 18 20 19 15  8  0 -6-12-15-16-13 -7 -1  4  7  8  6  2 -1 -3 -4 -324 212ZE 313 201637  8999999999999991040-1622 9 -499999999999999
  0  5 11 15 17 16 12  6  0 -6-10-12-11 -8 -2  3  7  9  8  5  1 -2 -5 -624 213ZE 410 1717 5  9999999999999991118-122314 -699999999999999
 -5 -2  3  8 12 13 12  9  5  0 -3 -6 -7 -5 -1  3  8 10 10  8  4  0 -3 -624 214ZE 511 131735 11999999999999991154 -7999999999999999999999
 -7 -7 -4  0  4  8  9  9  7  4  2  0 -1 -1  1  5  8 11 12 12  9  5  1 -324 215ZE 620  918 7 1299999999999999 020 -71223 -199999999999999
 -6 -7 -8 -6 -3  1  4  6  6  6  5  4  4  4  5  7  9 12 14 14 12 10  6  224 216ZE 755  61842 1499999999999999 130 -81229  499999999999999
 -2 -5 -7 -8 -7 -5 -2  1  3  5  6  7  7  8  9  9 11 12 14 15 15 13 11  724 217ZE1923 15999999999999999999999 253 -8999999999999999999999
  3  0 -4 -6 -7 -7 -6 -4 -1  2  4  6  8 10 11 11 12 13 14 15 15 15 14 1224 218ZE2019 15999999999999999999999 427 -8999999999999999999999
  8  5  1 -3 -6 -8 -8 -7 -5 -1  2  5  8 10 11 12 12 12 13 14 15 15 15 1424 219ZE2136 16999999999999999999999 548 -8999999999999999999999
 12  9  5  1 -3 -6 -8 -9 -7 -5 -1  3  6  8 10 11 11 11 11 12 13 14 15 1624 220ZE2254 16999999999999999999999 648 -9999999999999999999999
 15 13  9  5  1 -4 -7 -9 -9 -7 -4  0  4  7  9  9 10  9  9  9 10 11 13 1524 221ZE2357 16999999999999999999999 734 -9999999999999999999999
 16 15 12  8  3 -2 -6 -9-10-10 -7 -3  1  5  7  8  8  7  7  6  7  8 10 1324 222ZE1514  8999999999999999999999 811-101857  699999999999999
 15 16 14 11  6  1 -4 -8-11-11 -9 -6 -1  3  6  7  6  5  4  4  4  5  7 1024 223ZE 047 161516  799999999999999 842-111929  499999999999999
 13 15 15 13  8  3 -3 -7-10-12-11 -8 -4  1  4  6  6  4  2  1  1  1  3  624 224ZE 131 151528  699999999999999 910-1220 5  199999999999999
  9 13 14 13 10  5  0 -6 -9-12-12-10 -6 -1  3  5  5  4  2  0 -2 -2 -1  224 225ZE 210 141543  599999999999999 935-122044 -299999999999999
  5  9 12 12 11  7  2 -3 -7-10-11-10 -7 -2  2  4  5  4  2 -1 -3 -4 -4 -224 226ZE 248 121559  599999999999999 958-112126 -499999999999999
  1  5  9 11 10  8  4 -1 -5 -8 -9 -9 -6 -2  2  5  6  5  3  0 -3 -4 -5 -524 227ZE 326 111615  6999999999999991019 -92210 -599999999999999
 -2  1  5  8  9  8  5  2 -2 -5 -6 -6 -5 -2  2  5  7  7  5  2 -1 -4 -5 -624 228ZE 4 5  91629  7999999999999991036 -72255 -699999999999999
 -5 -2  1  5  7  7  6  3  1 -2 -3 -3 -2  0  3  6  8  9  7  5  1 -2 -4 -624 229ZE 447  71644  9999999999999991046 -32342 -699999999999999
 -6 -5 -2  1  4  6  6  5  3  1  0  0  0  2  5  7 10 10 10  7  4  1 -2 -524 3 1ZE 537  617 0 10999999999999991039  0999999999999999999999
 -6 -6 -4 -2  1  3  4  4  4  3  2  3  3  4  6  9 11 12 11 10  7  4  0 -224 3 2ZE 642  51721 1299999999999999 034 -61012  299999999999999
 -4 -6 -6 -5 -3  0  2  3  4  4  4  5  6  7  8  9 11 12 13 12 10  7  4  124 3 3ZE1751 13999999999999999999999 135 -6999999999999999999999
 -2 -4 -6 -6 -6 -4 -2  0  2  4  5  6  7  8  9 10 11 12 13 13 12 10  8  524 3 4ZE1837 13999999999999999999999 252 -6999999999999999999999
  1 -2 -5 -7 -8 -8 -6 -4 -1  1  4  6  7  8  9 10 11 11 12 13 13 13 11  924 3 5ZE20 0 13999999999999999999999 419 -8999999999999999999999
  5  2 -2 -6 -9-10-10 -9 -6 -2  1  4  6  8  9  9  9 10 10 11 12 14 14 1324 3 6ZE2143 14999999999999999999999 533-11999999999999999999999
 10  7  2 -3 -8-11-13-13-11 -7 -3  1  5  7  8  8  7  7  7  8 10 12 14 1524 3 7ZE1434  823 8 1599999999999999 632-141717  799999999999999
 14 12  7  2 -4-10-14-16-16-13 -8 -2  2  5  7  6  5  4  4  4  5  8 11 1524 3 8ZE1420  7999999999999999999999 723-161823  499999999999999
 16 16 13  8  1 -6-11-16-18-16-12 -6 -1  4  6  6  4  2  0 -1  0  2  5 1024 3 9ZE 018 161431  699999999999999 8 9-181919 -199999999999999
 15 17 17 13  7  0 -7-12-16-17-15-10 -3  2  6  6  5  2 -1 -4 -5 -4 -2  324 310ZE 121 171450  699999999999999 851-172015 -599999999999999
  9 14 17 16 13  7  0 -7-12-14-15-11 -5  1  5  8  7  4 -1 -5 -8 -9 -8 -524 311ZE 220 171514  899999999999999 931-152112 -999999999999999
  1  8 13 15 15 11  5  0 -5 -9-11-10 -6  0  6  9  9  7  2 -3 -7-10-12-1124 312ZE 319 151541  99999999999999910 9-1122 9-1299999999999999
 -7 -1  6 11 13 12  9  5  0 -3 -5 -6 -4  1  6 10 12 11  7  2 -4 -8-11-1324 313ZE 419 1316 9 12999999999999991043 -623 6-1399999999999999
-12 -8 -2  4  8 10 10  8  5  2  1  0  0  3  7 11 13 13 11  7  1 -4 -8-1124 314ZE 524 101639 14999999999999991112  0999999999999999999999
-13-12 -8 -3  1  5  7  7  7  6  5  4  4  6  8 11 14 15 14 11  7  2 -3 -724 315ZE 642  71710 1599999999999999 0 5-131125  499999999999999
-10-11-11 -8 -4 -1  2  5  6  6  7  7  8  8 10 12 13 15 15 14 11  7  3 -124 316ZE1745 15999999999999999999999 1 9-11999999999999999999999
 -5 -8 -9 -9 -8 -5 -2  1  3  5  7  8  9 10 11 12 13 14 15 15 13 11  8  424 317ZE1828 15999999999999999999999 228 -9999999999999999999999
  1 -3 -6 -8 -8 -8 -6 -3  0  2  5  7  9 10 11 12 12 12 13 13 13 13 11  824 318ZE1936 13999999999999999999999 4 3 -8999999999999999999999
  5  2 -1 -4 -7 -8 -8 -6 -4  0  3  6  8  9 10 11 11 10 11 11 12 12 12 1124 319ZE2117 12999999999999999999999 525 -8999999999999999999999
  9  6  2 -1 -4 -7 -8 -8 -6 -3  0  4  6  8  9  9  9  8  8  8  9 10 11 1224 320ZE1444  92246 1299999999999999 623 -818 9  899999999999999
 11  9  6  2 -2 -5 -8 -9 -8 -6 -2  2  5  7  7  7  7  6  5  5  6  8 10 1124 321ZE1419  72349 1299999999999999 7 6 -91840  599999999999999
 12 11  8  4  0 -4 -7 -9 -9 -7 -4  0  3  5  6  6  5  4  3  2  3  4  7  924 322ZE1412  7999999999999999999999 739 -919 7  299999999999999
 11 11 10  7  2 -2 -6 -8 -9 -8 -6 -2  2  5  6  6  4  2  0 -1 -1  0  3  624 323ZE 039 111417  699999999999999 8 6 -91935 -199999999999999
  9 11 11  8  5  0 -4 -7 -9 -9 -6 -3  1  4  6  6  4  2 -1 -3 -4 -3 -1  324 324ZE 123 111427  699999999999999 829 -920 7 -499999999999999
  7  9 11 10  7  3 -1 -5 -7 -8 -6 -3  1  5  7  7  5  2 -1 -4 -5 -6 -4 -124 325ZE 2 4 111439  799999999999999 851 -82042 -699999999999999
  3  7 10 10  9  5  1 -2 -5 -6 -5 -2  1  5  8  8  7  4  0 -4 -6 -7 -7 -524 326ZE 245 101452  899999999999999 910 -62119 -899999999999999
 -1  4  8  9  9  7  4  1 -2 -3 -3 -1  2  6  9 10  9  7  2 -2 -5 -8 -8 -724 327ZE 326 1015 7 1099999999999999 929 -32158 -899999999999999
 -4  1  5  8  9  8  6  3  1  0  0  1  4  7 10 12 11  9  5  1 -3 -6 -8 -924 328ZE 4 9  91523 1299999999999999 943  02238 -999999999999999
 -7 -3  2  5  8  8  8  6  4  3  3  3  5  8 11 13 13 12  9  4  0 -4 -7 -824 329ZE 456  81541 1399999999999999 944  32321 -899999999999999
 -8 -6 -2  2  5  7  8  7  6  5  5  6  7  9 11 14 14 14 11  8  3 -1 -4 -724 330ZE 551  816 2 1499999999999999 924  5999999999999999999999
 -8 -7 -5 -1  2  5  6  7  7  7  7  8  9 10 12 14 15 15 13 11  7  3 -1 -424 331ZE1628 15999999999999999999999 010 -8999999999999999999999
 -6 -7 -7 -5 -2  1  3  5  6  7  8  9 10 11 12 13 14 15 14 13 10  6  3 -124 4 1ZE17 4 15999999999999999999999 1 9 -7999999999999999999999
 -4 -6 -7 -7 -6 -3 -1  2  4  6  7  9 10 11 12 12 13 14 14 14 13 10  7  324 4 2ZE18 4 14999999999999999999999 224 -7999999999999999999999
  0 -4 -6 -8 -9 -8 -5 -2  1  4  6  8  9 10 11 11 11 12 13 13 14 13 11  824 4 3ZE1948 14999999999999999999999 350 -9999999999999999999999
  4  0 -4 -7 -9-10 -9 -7 -3  0  4  6  8  9  9  9  9  9  9 11 12 13 14 1224 4 4ZE2138 14999999999999999999999 5 4-10999999999999999999999
 10  6  1 -4 -8-10-12-11 -7 -3  1  5  7  8  8  7  6  5  5  6  8 11 13 1524 4 5ZE1311  823 6 1599999999999999 6 3-121735  599999999999999
 14 11  7  2 -4 -8-11-12-10 -6 -1  3  7  8  8  6  4  2  1  1  2  6 10 1424 4 6ZE1314  8999999999999999999999 653-121830  199999999999999
 16 15 12  8  2 -3 -7-10-10 -8 -3  2  7  9  9  7  4  0 -2 -4 -4 -1  4  924 4 7ZE 019 161329  999999999999999 737-111923 -499999999999999
 14 16 16 13  8  3 -2 -6 -8 -7 -4  2  7 11 12 10  6  1 -3 -6 -8 -7 -4  224 4 8ZE 125 161352 1299999999999999 818 -82016 -899999999999999
  8 13 16 16 13  9  4  0 -3 -4 -2  2  7 12 14 14 10  5 -1 -6-10-11-10 -624 4 9ZE 228 161418 1499999999999999 856 -421 8-1199999999999999
  1  7 13 15 15 13  9  6  3  1  1  4  8 13 16 17 15 10  4 -3 -8-11-13-1124 410ZE 330 161447 1799999999999999 931  122 1-1399999999999999
 -6  0  6 11 14 14 12 10  8  6  6  6  9 13 17 19 19 15 10  3 -3 -8-11-1324 411ZE 434 141518 199999999999999910 1  62254-1399999999999999
-11 -6  0  5 10 12 13 12 11 10  9 10 11 14 17 20 20 19 15  9  3 -3 -7-1024 412ZE 543 131551 20999999999999991019  92348-1199999999999999
-11 -9 -5  0  4  8 11 11 12 12 12 12 13 15 17 19 20 20 18 14  9  4 -1 -524 413ZE1626 219999999999999999999999999999999999999999999999999
 -8 -9 -7 -4  0  3  7  9 10 12 13 13 14 15 16 18 19 19 19 17 13  9  4  024 414ZE17 5 19999999999999999999999 048 -9999999999999999999999
 -3 -5 -6 -5 -3 -1  3  6  8 10 12 13 14 15 15 16 17 17 18 17 15 12  9  524 415ZE1752 18999999999999999999999 2 0 -6999999999999999999999
  2 -1 -3 -4 -4 -3 -1  2  5  8 10 12 13 14 14 14 14 15 15 15 15 14 12  924 416ZE19 4 15999999999999999999999 324 -5999999999999999999999
  6  3  0 -2 -4 -4 -3  0  3  6  8 10 12 13 13 12 12 12 12 12 13 13 13 1124 417ZE1344 132048 1399999999999999 439 -41710 1299999999999999
  9  6  3  0 -2 -3 -3 -2  1  4  7  9 11 11 11 11 10  9  9  9 10 11 12 1224 418ZE1315 112222 1299999999999999 535 -31753  999999999999999
 11  9  6  3  0 -2 -3 -2 -1  2  5  8 10 11 10  9  8  7  6  6  7  9 11 1224 419ZE13 3 112330 1299999999999999 615 -31824  699999999999999
 12 11  8  5  2  0 -2 -2 -1  2  5  8 10 11 10  9  7  5  3  3  4  6  8 1124 420ZE13 2 11999999999999999999999 645 -21852  399999999999999
 12 12 10  8  5  2  0 -1  0  2  5  8 11 12 11  9  6  4  1  0  1  2  5  924 421ZE 026 1213 8 1299999999999999 7 9 -11921  099999999999999
 11 12 12 10  8  5  3  1  1  3  6  9 12 13 13 11  7  4  1 -1 -2 -1  2  624 422ZE 116 131317 1399999999999999 730  11953 -299999999999999
 10 12 13 12 10  8  5  4  3  4  7 10 13 15 15 13 10  5  1 -2 -4 -4 -1  324 423ZE 2 2 131330 1599999999999999 751  32027 -499999999999999
  7 11 13 14 13 11  8  7  6  6  8 11 15 17 17 16 13  8  3 -1 -4 -5 -4 -124 424ZE 247 141347 1799999999999999 811  621 3 -599999999999999
  4  9 13 14 14 13 11  9  8  8 10 12 16 18 19 19 16 11  6  1 -3 -5 -5 -324 425ZE 332 1514 7 1999999999999999 830  82141 -699999999999999
  1  6 10 13 15 15 13 12 11 11 11 13 16 19 21 21 19 15 10  4  0 -4 -5 -524 426ZE 419 151430 2199999999999999 841 112222 -699999999999999
 -2  2  7 11 14 15 14 13 13 13 13 14 16 19 21 22 21 18 14  8  3 -1 -4 -524 427ZE 510 151458 2299999999999999 835 1323 7 -599999999999999
 -4 -1  3  8 11 13 14 14 14 14 14 15 17 19 21 22 22 21 17 12  7  2 -1 -424 428ZE1529 229999999999999999999992358 -5999999999999999999999
 -5 -4 -1  3  7 10 12 13 14 14 15 16 17 18 20 21 22 22 20 16 11  7  2 -124 429ZE16 8 229999999999999999999999999999999999999999999999999
 -4 -4 -3 -1  3  6  9 11 13 14 15 16 16 17 18 20 21 21 21 19 15 11  7  324 430ZE17 0 21999999999999999999999 058 -4999999999999999999999
 -1 -3 -4 -4 -1  2  5  8 11 13 14 15 15 16 17 17 18 19 20 19 18 15 11  724 5 1ZE1816 20999999999999999999999 2 7 -4999999999999999999999
  3  0 -3 -4 -4 -2  1  5  8 11 13 14 14 15 15 15 15 16 17 18 18 18 16 1224 5 2ZE1956 18999999999999999999999 320 -4999999999999999999999
  9  5  1 -2 -3 -3 -1  2  6 10 12 14 14 14 13 12 11 11 12 14 16 18 18 1724 5 3ZE1150 142139 1899999999999999 427 -41630 1199999999999999
 14 10  6  2 -1 -2 -2  0  4  8 12 14 15 14 12 10  8  7  7  9 11 15 17 1924 5 4ZE1150 1523 8 1999999999999999 523 -21732  799999999999999
 18 15 12  8  4  2  0  1  4  8 12 16 17 16 14 10  7  4  3  3  5  9 14 1724 5 5ZE12 5 17999999999999999999999 612  01827  399999999999999
 19 19 17 14 10  7  5  4  5  9 13 17 19 19 17 13  8  4  1 -1 -1  2  7 1324 5 6ZE 026 201228 2099999999999999 655  41919 -199999999999999
 18 20 20 19 16 13 10  8  8 10 14 19 22 23 21 18 12  6  1 -2 -4 -3  1  724 5 7ZE 138 211255 2399999999999999 735  82010 -499999999999999
 13 18 21 21 20 17 15 13 12 13 16 20 24 26 26 23 18 11  5 -1 -4 -6 -4  024 5 8ZE 245 211327 2699999999999999 811 1221 0 -699999999999999
  7 13 18 21 22 21 19 17 16 16 17 20 24 27 29 27 23 17 10  4 -2 -5 -6 -424 5 9ZE 348 2214 2 2999999999999999 841 162150 -699999999999999
  1  7 13 18 21 21 21 20 19 19 19 21 24 27 30 30 28 23 17 10  4 -1 -4 -524 510ZE 452 211439 3099999999999999 858 192241 -599999999999999
 -2  2  8 13 17 20 21 20 20 20 21 21 23 26 29 30 30 27 22 16 10  4  0 -324 511ZE1519 309999999999999999999992333 -3999999999999999999999
 -3  0  4  9 13 17 19 20 20 21 21 22 23 24 26 28 29 28 25 21 15 10  5  124 512ZE16 1 299999999999999999999999999999999999999999999999999
 -1 -1  1  5  9 13 16 18 19 20 20 21 22 23 24 25 27 27 26 23 19 14 10  624 513ZE1645 27999999999999999999999 028 -1999999999999999999999
  3  1  2  3  6  9 12 15 17 18 19 20 21 21 22 22 23 24 24 23 21 18 14 1024 514ZE1734 24999999999999999999999 128  1999999999999999999999
  7  4  3  3  4  7 10 12 15 17 18 19 20 20 20 20 20 21 21 21 21 19 16 1324 515ZE1837 21999999999999999999999 231  3999999999999999999999
 10  8  6  5  5  6  8 11 13 16 17 18 19 19 18 18 17 17 18 19 19 19 17 1624 516ZE12 3 1920 4 1999999999999999 330  51616 1799999999999999
 13 11  9  7  6  6  8 10 13 15 17 18 19 18 17 16 15 14 15 16 17 17 18 1724 517ZE1144 192142 1899999999999999 418  61712 1499999999999999
 15 13 11 10  8  8  9 10 13 15 18 19 19 18 17 15 13 12 12 12 14 16 17 1824 518ZE1140 1923 6 1899999999999999 454  81749 1299999999999999
 17 16 14 12 11 10 10 12 14 16 19 20 21 20 18 15 12 10  9 10 11 13 16 1824 519ZE1143 21999999999999999999999 522 101822  999999999999999
 18 18 17 15 14 13 13 13 15 18 20 22 23 22 20 16 13 10  8  7  8 10 14 1724 520ZE 016 181151 2399999999999999 546 131855  799999999999999
 19 20 20 19 17 16 15 16 17 19 22 24 25 25 22 19 15 10  7  5  6  8 11 1524 521ZE 117 2012 6 2599999999999999 611 151929  599999999999999
 18 21 22 21 20 19 18 18 19 21 24 26 28 28 26 22 17 12  8  5  4  5  8 1224 522ZE 2 9 221227 2899999999999999 637 1820 6  499999999999999
 17 20 23 23 23 21 20 20 20 22 24 27 30 30 29 26 21 16 10  6  3  3  5  924 523ZE 256 231253 3099999999999999 7 3 202045  399999999999999
 14 19 22 24 24 23 22 22 22 23 25 27 30 32 32 29 25 20 14  9  5  2  3  524 524ZE 342 241324 3299999999999999 724 222127  299999999999999
 10 15 20 23 25 25 24 23 23 24 25 27 30 32 33 32 29 24 18 12  7  3  2  324 525ZE 430 2514 0 3399999999999999 739 232212  299999999999999
  6 11 16 20 23 24 24 24 24 24 25 26 29 31 33 33 32 28 23 17 11  6  3  124 526ZE 523 241440 3499999999999999 745 2423 1  199999999999999
  3  6 11 16 20 22 23 24 23 24 24 25 27 29 32 33 33 31 27 21 15 10  5  224 527ZE1525 339999999999999999999992353  2999999999999999999999
  2  3  7 11 16 19 22 23 23 23 24 24 25 27 29 31 32 32 29 25 20 15 10  624 528ZE1617 329999999999999999999999999999999999999999999999999
  3  2  4  7 11 15 19 21 22 23 23 23 24 25 26 28 29 30 30 28 24 20 15 1024 529ZE1719 30999999999999999999999 050  2999999999999999999999
  6  4  3  5  8 12 16 19 21 22 22 22 22 22 23 24 25 27 28 28 27 24 20 1524 530ZE1834 28999999999999999999999 148  3999999999999999999999
 11  8  6  6  7 10 14 18 21 22 23 23 22 21 20 20 20 22 24 26 26 26 24 2124 531ZE10 2 2320 5 2699999999999999 247  61456 2099999999999999
 17 14 11  9  9 10 13 17 21 23 24 24 23 21 19 17 17 17 18 21 23 25 26 2524 6 1ZE1016 242145 2699999999999999 343  91618 1699999999999999
 22 19 17 14 13 13 14 18 21 25 27 27 25 23 20 17 14 13 13 15 18 22 25 2624 6 2ZE1037 272322 2699999999999999 434 131723 1399999999999999
 26 24 22 20 18 17 18 19 23 26 29 30 29 26 23 18 14 11 10 10 13 17 21 2524 6 3ZE11 4 30999999999999999999999 521 171820 1099999999999999
 27 28 27 25 24 22 22 22 24 28 31 33 34 31 27 22 17 12  9  7  8 11 16 2124 6 4ZE 051 281135 3499999999999999 6 3 221914  799999999999999
 25 28 29 29 28 26 26 26 27 29 32 35 37 36 33 28 22 16 11  7  6  7 11 1624 6 5ZE 2 9 291211 3799999999999999 638 2620 4  699999999999999
 22 26 29 30 30 29 29 28 29 30 33 36 39 39 38 34 28 21 15 10  6  5  7 1124 6 6ZE 314 301251 3999999999999999 7 6 282054  599999999999999
 17 23 27 30 31 31 30 30 30 31 32 35 38 41 41 38 34 27 20 14  9  6  5  824 6 7ZE 412 311334 4199999999999999 720 302142  599999999999999
 12 18 23 28 30 31 30 30 30 31 32 34 37 40 41 41 38 33 26 19 14  9  7  724 6 8ZE1419 419999999999999999999992230  6999999999999999999999
  9 14 19 24 27 29 30 30 30 30 31 32 34 37 39 40 39 36 31 25 18 13  9  824 6 9ZE15 4 409999999999999999999992318  7999999999999999999999
  8 11 15 20 24 27 28 29 29 29 30 30 32 34 36 38 38 37 34 29 23 18 13 1024 610ZE1549 389999999999999999999999999999999999999999999999999
  9 10 13 16 20 24 26 27 28 28 28 29 30 31 33 34 36 36 34 31 26 21 17 1324 611ZE1633 36999999999999999999999 0 5  9999999999999999999999
 11 11 12 14 18 21 24 26 27 27 27 28 28 28 29 31 32 33 33 31 28 24 20 1724 612ZE1718 33999999999999999999999 050 11999999999999999999999
 14 13 13 14 16 19 22 25 26 27 27 27 27 27 27 27 28 29 30 30 28 26 23 2024 613ZE1810 30999999999999999999999 133 13999999999999999999999
 17 16 15 15 17 19 22 24 26 27 27 27 26 26 25 25 25 26 27 27 27 26 25 2324 614ZE 955 271922 2799999999999999 210 151457 2599999999999999
 21 19 18 18 19 20 22 25 27 28 29 28 27 26 24 23 23 23 24 25 26 26 26 2524 615ZE 957 2921 0 2699999999999999 241 181611 2399999999999999
 23 22 21 21 21 22 24 26 28 30 30 30 29 27 25 22 21 20 21 22 24 25 26 2624 616ZE10 5 302249 2699999999999999 3 8 2117 3 2099999999999999
 26 25 25 24 24 25 26 28 30 32 33 33 31 29 26 23 20 19 18 19 21 24 26 2724 617ZE1017 33999999999999999999999 333 241745 1899999999999999
 28 28 28 27 27 27 28 30 32 34 35 36 34 32 28 25 21 18 17 17 19 22 25 2724 618ZE 028 281037 3699999999999999 4 3 271825 1799999999999999
 29 30 30 30 30 30 30 31 33 36 38 38 38 35 32 28 23 19 16 15 16 19 22 2624 619ZE 143 3011 5 3899999999999999 440 3019 5 1599999999999999
 29 31 32 32 32 32 32 33 34 36 39 40 41 39 36 31 26 21 17 14 14 15 19 2324 620ZE 233 321139 4199999999999999 521 321947 1499999999999999
 28 31 33 34 34 33 33 33 34 36 39 41 43 42 40 36 30 25 19 15 12 12 15 1924 621ZE 313 341219 4399999999999999 6 0 332031 1299999999999999
 24 29 32 34 34 34 34 34 34 35 38 41 43 44 43 40 35 29 22 17 13 11 11 1524 622ZE 351 3413 3 4499999999999999 635 332117 1199999999999999
 20 25 30 33 34 34 34 33 33 34 36 39 42 44 45 43 40 34 27 20 15 11  9 1124 623ZE 431 341351 4599999999999999 7 6 3322 5  999999999999999
 14 20 25 30 32 33 33 33 32 33 34 36 39 42 44 45 43 38 32 25 19 13 10  924 624ZE 514 331440 4599999999999999 739 322254  999999999999999
 10 15 20 25 29 32 32 32 31 32 32 33 35 38 42 44 44 41 37 31 24 18 13 1024 625ZE 559 321533 4499999999999999 822 312344  999999999999999
  9 11 16 21 26 29 31 31 31 30 30 31 32 34 37 40 42 42 40 35 29 23 18 1424 626ZE 642 311629 4299999999999999 928 30999999999999999999999
 11 11 14 18 23 27 30 31 31 30 30 29 29 30 32 35 38 39 39 37 33 29 24 1924 627ZE 721 311732 4099999999999999 033 111131 2999999999999999
 16 14 14 17 21 25 29 31 32 31 30 29 28 27 28 29 32 34 36 37 35 33 29 2524 628ZE 756 321846 3799999999999999 121 141317 2799999999999999
 22 19 18 19 22 25 29 32 34 34 32 30 28 27 25 25 26 28 31 33 34 34 32 3024 629ZE 829 342018 3499999999999999 2 9 181445 2599999999999999
 28 26 24 24 24 27 30 33 36 37 36 34 31 28 25 23 22 23 25 28 31 33 34 3324 630ZE 9 1 372210 3499999999999999 255 2416 5 2299999999999999
 32 31 30 29 29 30 32 35 38 40 40 38 35 31 28 24 21 20 20 23 26 29 32 3424 7 1ZE 935 40999999999999999999999 339 291715 2099999999999999
 35 35 34 34 33 33 35 37 39 42 43 43 40 36 32 27 23 20 18 19 21 25 29 3324 7 2ZE 021 351014 4399999999999999 419 331817 1899999999999999
 35 37 37 37 37 37 37 38 40 43 45 46 45 42 37 32 27 22 19 17 18 21 25 3024 7 3ZE1057 469999999999999999999991913 17999999999999999999999
 34 37 38 39 39 39 39 39 41 43 46 48 48 47 43 38 32 26 21 18 16 17 21 2624 7 4ZE1144 4899999999999999999999920 3 16999999999999999999999
 31 35 38 39 39 39 39 39 40 42 44 47 49 49 47 43 37 31 25 20 17 16 18 2224 7 5ZE1234 509999999999999999999992050 16999999999999999999999
 27 32 36 38 39 39 39 39 39 40 42 45 48 50 50 47 42 36 29 24 19 16 16 1924 7 6ZE1324 509999999999999999999992135 16999999999999999999999
 23 28 33 36 38 38 38 37 38 38 40 42 45 48 49 49 46 40 34 27 22 18 16 1724 7 7ZE 442 381411 4999999999999999 7 4 372217 1699999999999999
 20 24 29 33 36 37 37 36 36 36 37 39 42 45 47 48 47 43 38 31 25 21 18 1724 7 8ZE 513 371456 4899999999999999 745 362257 1799999999999999
 18 21 26 30 33 35 36 35 35 35 35 36 38 41 44 45 46 44 40 34 29 24 20 1824 7 9ZE 546 361537 4699999999999999 829 342333 1899999999999999
 18 20 23 27 31 34 35 34 34 33 33 34 35 37 39 42 43 43 40 36 31 27 23 2124 710ZE 621 351618 4399999999999999 924 33999999999999999999999
 19 20 23 26 29 32 34 34 34 33 33 33 33 34 36 38 39 40 39 37 33 30 26 2424 711ZE 653 341659 4099999999999999 0 6 191052 3399999999999999
 22 22 24 26 29 32 34 35 35 34 33 32 32 32 33 34 36 37 37 36 34 32 29 2724 712ZE 720 351748 3799999999999999 034 221229 3299999999999999
 26 25 26 28 30 33 35 36 36 35 34 33 32 31 31 31 32 34 35 35 35 33 32 3024 713ZE 742 361853 3599999999999999 055 251350 3199999999999999
 29 29 29 30 32 34 36 38 38 38 36 35 33 31 30 29 30 31 32 33 34 34 33 3324 714ZE 8 2 382031 3499999999999999 110 2915 4 2999999999999999
 32 32 32 33 34 36 38 40 40 40 39 37 35 33 30 29 28 28 29 31 33 34 35 3524 715ZE 824 40999999999999999999999 113 321610 2899999999999999
 35 35 35 36 37 38 40 41 43 43 42 41 38 35 32 29 27 26 27 29 31 33 35 3624 716ZE 853 4399999999999999999999917 7 26999999999999999999999
 37 38 38 38 39 40 41 43 44 45 45 44 42 38 35 31 28 26 25 26 28 31 34 3624 717ZE 931 459999999999999999999991757 25999999999999999999999
 38 39 40 40 40 41 42 43 45 46 47 47 45 42 38 34 29 26 23 23 24 27 31 3524 718ZE1017 479999999999999999999991846 23999999999999999999999
 38 40 41 41 41 41 42 43 44 46 48 49 49 46 43 38 32 27 23 21 21 23 27 3124 719ZE11 9 499999999999999999999991933 21999999999999999999999
 36 39 41 41 41 41 41 42 43 45 48 50 51 50 47 42 36 30 25 20 18 19 22 2624 720ZE12 3 519999999999999999999992020 18999999999999999999999
 32 36 39 41 41 40 40 40 41 43 45 49 51 52 51 47 42 35 28 22 18 16 17 2124 721ZE 337 411257 5299999999999999 620 4021 7 1699999999999999
 26 32 36 39 40 39 39 38 38 40 42 45 49 52 53 51 47 40 33 25 20 16 15 1624 722ZE 4 3 401350 5399999999999999 7 7 382154 1599999999999999
 21 27 33 37 39 39 38 37 36 37 38 40 44 49 52 52 50 45 38 31 24 18 15 1524 723ZE 433 391443 5299999999999999 8 1 362239 1599999999999999
 18 23 29 34 37 38 37 36 35 34 34 36 39 43 47 50 51 48 43 36 29 23 19 1724 724ZE 5 4 381538 5199999999999999 9 7 342323 1699999999999999
 17 20 26 31 35 38 38 37 35 33 32 32 34 37 41 45 48 48 46 41 35 30 25 2124 725ZE 536 381637 48999999999999991030 32999999999999999999999
 20 21 25 30 34 38 39 38 36 34 32 31 30 31 34 38 42 44 45 43 39 35 31 2824 726ZE 6 9 391742 4599999999999999 0 6 201152 3099999999999999
 26 25 27 30 34 38 40 41 39 37 34 32 30 29 29 32 35 38 41 42 41 39 36 3424 727ZE 642 4119 0 4299999999999999 048 251311 2999999999999999
 32 31 31 33 36 39 42 43 43 41 38 35 32 29 28 28 29 32 35 38 39 40 39 3824 728ZE 718 432047 4099999999999999 127 311431 2799999999999999
 37 36 36 37 38 41 43 45 46 45 43 39 36 32 29 27 26 27 29 32 35 38 39 4024 729ZE 758 46999999999999999999999 2 1 361554 2699999999999999
 40 41 40 41 41 42 44 47 48 48 47 45 41 37 33 29 26 25 26 28 31 34 38 4024 730ZE 845 499999999999999999999991713 25999999999999999999999
 42 43 43 43 44 44 45 47 49 50 50 49 46 42 38 33 29 26 24 25 27 31 34 3824 731ZE 940 519999999999999999999991819 24999999999999999999999
 41 43 44 44 45 45 45 46 48 50 52 52 51 48 43 38 33 29 25 24 24 27 31 3524 8 1ZE1040 529999999999999999999991914 24999999999999999999999
 39 42 44 44 44 44 45 45 46 49 51 53 53 51 48 43 38 32 28 24 23 24 28 3224 8 2ZE1139 5399999999999999999999920 2 23999999999999999999999
 36 40 42 43 43 43 43 43 44 46 49 51 53 53 51 47 42 36 30 26 23 23 25 2924 8 3ZE1233 539999999999999999999992043 23999999999999999999999
 33 37 40 42 42 42 41 41 41 43 45 48 51 53 53 50 45 39 33 28 24 22 23 2524 8 4ZE 337 421321 5399999999999999 637 412121 2299999999999999
 30 34 38 40 41 40 39 39 39 40 41 44 48 51 52 51 48 42 36 30 26 23 22 2324 8 5ZE 353 4114 5 5299999999999999 720 392155 2299999999999999
 27 32 36 39 40 40 38 37 37 37 38 40 44 47 50 50 49 45 39 33 28 25 23 2324 8 6ZE 415 401445 5099999999999999 8 4 372226 2299999999999999
 25 29 34 37 39 39 38 36 35 35 35 37 40 43 46 48 48 45 41 36 31 27 25 2424 8 7ZE 439 391524 4899999999999999 853 352253 2499999999999999
 25 28 32 36 38 39 38 37 35 34 34 34 36 39 42 45 46 45 42 38 33 30 27 2624 8 8ZE 5 2 3916 3 4699999999999999 950 342316 2699999999999999
 27 29 32 35 38 39 39 38 36 34 33 33 34 35 38 41 43 43 42 39 36 33 31 2924 8 9ZE 523 391645 43999999999999991052 332334 2999999999999999
 29 31 33 36 39 40 41 39 38 35 34 33 32 33 35 37 39 41 41 40 38 35 34 3324 810ZE 542 411734 41999999999999991155 322344 3299999999999999
 32 33 35 38 40 42 42 42 40 38 36 34 33 32 33 34 36 38 39 39 38 37 36 3624 811ZE 6 0 421840 39999999999999991259 322332 3699999999999999
 36 36 38 39 42 43 44 44 43 41 38 36 34 32 32 32 33 35 37 38 38 38 38 3824 812ZE 620 4499999999999999999999914 7 32999999999999999999999
 39 39 40 41 43 45 46 46 45 44 41 39 36 34 32 31 31 32 34 36 37 39 39 4024 813ZE 649 469999999999999999999991520 31999999999999999999999
 41 41 42 43 44 45 47 47 47 46 45 42 39 36 33 31 30 30 31 33 35 37 39 4124 814ZE 732 479999999999999999999991632 30999999999999999999999
 42 43 43 44 45 45 47 48 49 49 48 46 43 39 36 32 30 28 28 29 32 35 38 4024 815ZE 833 499999999999999999999991735 28999999999999999999999
 42 43 44 44 44 45 46 47 49 50 50 49 47 43 39 35 30 27 25 25 27 30 34 3824 816ZE 945 509999999999999999999991829 25999999999999999999999
 41 43 44 44 44 44 44 45 47 49 51 51 50 48 43 38 33 28 24 22 23 25 30 3424 817ZE1054 519999999999999999999991919 22999999999999999999999
 38 41 43 43 42 42 42 43 44 47 50 52 53 52 48 43 37 30 25 21 19 20 24 2924 818ZE 245 431156 5399999999999999 533 4220 5 1999999999999999
 35 39 41 42 41 40 39 39 40 43 46 50 53 54 52 48 42 35 28 22 18 18 20 2424 819ZE 255 421254 5499999999999999 628 392050 1799999999999999
 30 36 39 41 40 39 37 36 36 38 41 45 50 53 54 52 47 40 33 26 21 18 18 2124 820ZE 314 411349 5499999999999999 723 362133 1799999999999999
 26 33 37 40 40 39 36 34 33 33 35 38 44 49 53 53 51 46 39 32 26 21 19 2024 821ZE 338 411445 5399999999999999 824 332214 1999999999999999
 24 30 36 40 41 40 37 34 31 30 30 32 36 42 47 51 51 49 44 38 32 27 24 2324 822ZE 4 5 411543 5199999999999999 931 302254 2399999999999999
 25 29 35 39 42 42 40 36 32 30 28 28 30 34 39 44 48 48 46 42 37 33 30 2824 823ZE 434 421645 48999999999999991040 282333 2899999999999999
 28 30 35 39 43 44 43 40 36 32 29 27 26 28 32 37 41 44 45 44 41 38 36 3424 824ZE 5 6 441755 45999999999999991147 26999999999999999999999
 33 34 37 40 44 46 46 44 41 37 33 29 27 26 27 30 34 38 41 42 42 41 40 3924 825ZE 539 461925 4299999999999999 0 8 331257 2699999999999999
 39 39 40 42 44 47 48 48 45 42 38 34 30 28 26 27 29 32 35 38 40 41 42 4224 826ZE 617 48999999999999999999999 037 381415 2699999999999999
 42 42 43 44 45 47 49 49 49 47 43 40 36 32 29 27 26 27 30 33 36 39 41 4324 827ZE 7 4 499999999999999999999991546 26999999999999999999999
 44 45 45 45 46 47 48 49 50 50 48 45 41 37 33 30 27 26 27 29 32 35 39 4124 828ZE 8 7 509999999999999999999991711 26999999999999999999999
 43 45 45 46 46 46 47 48 49 50 50 49 46 43 38 34 30 27 26 26 28 32 35 3924 829ZE 924 509999999999999999999991817 26999999999999999999999
 42 44 45 45 45 45 45 46 47 49 50 51 49 47 43 38 33 29 26 25 26 28 32 3624 830ZE1040 5199999999999999999999919 8 25999999999999999999999
 40 42 43 43 43 43 42 43 44 46 49 50 51 49 46 42 37 32 28 25 24 26 29 3324 831ZE 245 431142 5199999999999999 556 421949 2499999999999999
 37 40 42 42 41 40 40 40 41 43 46 48 50 50 48 44 39 34 29 26 24 24 27 3124 9 1ZE 237 421232 5199999999999999 631 402024 2499999999999999
 35 38 40 41 40 38 37 37 37 39 42 45 48 50 49 46 42 36 31 27 24 24 25 2824 9 2ZE 244 411316 5099999999999999 7 4 372054 2499999999999999
 33 37 39 40 39 37 35 34 34 35 37 41 45 48 49 47 44 39 33 29 26 24 24 2724 9 3ZE 257 401356 4999999999999999 740 342120 2499999999999999
 31 35 38 39 39 37 35 33 32 32 34 37 41 44 47 47 45 41 36 31 28 26 25 2724 9 4ZE 314 401435 4799999999999999 820 322143 2599999999999999
 30 34 38 39 39 38 35 32 31 30 31 33 36 40 44 45 45 42 38 34 30 28 27 2824 9 5ZE 332 401515 4599999999999999 9 3 3022 3 2799999999999999
 30 34 38 40 40 39 36 33 31 29 29 30 33 36 40 43 43 42 40 36 33 31 30 3024 9 6ZE 348 401556 4399999999999999 948 292220 3099999999999999
 32 35 38 41 41 41 38 35 32 30 28 28 30 33 36 40 41 42 40 38 35 34 33 3324 9 7ZE 4 3 411640 42999999999999991036 282229 3399999999999999
 34 36 39 42 43 42 41 38 34 31 29 28 28 30 33 36 39 40 40 39 37 36 36 3624 9 8ZE 418 431732 40999999999999991125 282219 3699999999999999
 36 38 40 43 44 44 43 40 37 34 31 29 28 29 30 33 36 38 39 39 38 38 38 3824 9 9ZE 434 441841 39999999999999991219 282140 3899999999999999
 39 40 41 43 45 45 45 43 40 37 34 32 30 29 29 30 32 35 36 38 38 38 39 4024 910ZE 456 459999999999999999999991321 29999999999999999999999
 40 41 42 44 45 46 46 45 43 40 37 34 32 30 29 28 29 31 33 35 37 38 39 4024 911ZE 527 469999999999999999999991436 28999999999999999999999
 41 42 43 44 45 45 46 46 45 43 40 38 35 32 29 27 27 27 29 31 34 36 38 4024 912ZE 619 4699999999999999999999916 0 27999999999999999999999
 41 42 43 43 44 44 45 46 46 45 44 41 38 35 31 28 25 24 25 27 30 33 36 3824 913ZE 747 469999999999999999999991711 24999999999999999999999
 40 41 42 42 42 42 43 44 45 46 46 45 42 38 34 30 26 23 21 22 25 29 33 3624 914ZE 925 4699999999999999999999918 7 21999999999999999999999
 39 40 40 40 40 40 40 41 43 45 47 47 46 43 38 33 28 23 20 19 20 24 29 3324 915ZE 157 401045 4799999999999999 452 401856 1999999999999999
 37 39 39 38 37 36 36 37 39 42 45 48 49 47 43 38 32 26 21 18 18 20 24 3024 916ZE 148 391151 4999999999999999 549 361940 1799999999999999
 35 38 39 38 36 34 32 32 33 36 40 45 48 49 48 43 37 30 24 20 18 18 21 2724 917ZE 158 391252 5099999999999999 642 322022 1799999999999999
 33 37 39 38 36 33 30 28 28 30 33 39 45 48 49 47 43 36 30 25 21 19 21 2524 918ZE 217 391351 4999999999999999 737 2821 3 1999999999999999
 31 36 39 40 38 34 29 26 24 24 26 31 37 43 47 48 46 42 36 30 26 23 23 2524 919ZE 240 401450 4899999999999999 835 242142 2399999999999999
 30 36 40 42 41 37 32 27 23 21 21 24 29 36 42 45 46 45 41 36 32 29 28 2824 920ZE 3 7 421552 4799999999999999 935 212219 2899999999999999
 31 36 41 43 44 41 36 31 26 22 20 20 22 28 34 39 43 44 43 40 37 35 33 3224 921ZE 337 441658 44999999999999991034 192252 3299999999999999
 34 37 41 44 46 45 42 36 31 26 22 20 19 22 26 32 36 40 41 41 39 38 37 3724 922ZE 4 9 461814 41999999999999991135 192320 3799999999999999
 37 39 42 44 47 47 45 42 37 31 27 23 21 20 22 26 30 34 37 39 39 40 40 4024 923ZE 445 479999999999999999999991241 20999999999999999999999
 40 41 42 44 46 47 47 45 42 37 33 29 25 22 22 22 25 28 31 34 37 38 40 4124 924ZE 527 479999999999999999999991359 22999999999999999999999
 42 42 43 43 45 46 47 46 45 42 39 35 31 27 24 23 23 24 27 30 33 36 38 4024 925ZE 621 479999999999999999999991532 23999999999999999999999
 41 42 42 42 43 43 44 45 45 44 42 39 36 32 28 25 23 23 24 26 29 32 36 3824 926ZE 739 459999999999999999999991656 23999999999999999999999
 40 41 41 41 41 41 41 42 43 44 44 42 40 36 33 29 25 23 22 23 26 29 33 3624 927ZE 915 449999999999999999999991758 22999999999999999999999
 38 39 39 39 38 38 38 39 40 42 43 43 42 39 36 32 28 25 23 22 24 27 30 3424 928ZE 149 391037 4399999999999999 534 381844 2299999999999999
 36 38 38 37 36 35 35 35 36 39 41 42 43 41 38 34 30 26 23 22 22 25 28 3224 929ZE 139 381137 4399999999999999 612 351920 2299999999999999
 35 36 37 36 34 33 32 31 32 35 38 40 42 42 40 36 32 28 25 23 22 23 27 3024 930ZE 138 371225 4299999999999999 644 311948 2299999999999999
 34 36 36 35 33 31 29 28 29 31 34 37 40 41 41 38 34 30 26 24 23 23 26 292410 1ZE 146 3613 9 4199999999999999 714 282012 2399999999999999
 33 35 36 35 33 30 28 26 26 27 30 34 37 40 41 39 36 32 28 26 24 24 26 292410 2ZE 157 361350 4199999999999999 746 262032 2499999999999999
 33 36 37 36 34 30 27 25 23 24 26 30 34 38 40 40 38 34 31 28 26 26 27 302410 3ZE 210 371431 4099999999999999 820 232050 2699999999999999
 33 36 38 38 36 32 28 25 22 22 23 26 30 34 38 39 38 36 33 30 29 28 28 312410 4ZE 224 381513 3999999999999999 857 2221 6 2899999999999999
 34 37 39 39 38 34 30 26 23 21 21 23 26 31 35 37 38 37 35 33 31 30 31 322410 5ZE 239 391557 3899999999999999 936 212118 3099999999999999
 35 38 40 41 40 37 33 28 24 22 20 21 23 27 32 35 37 37 36 34 33 32 33 342410 6ZE 255 411644 37999999999999991017 202117 3299999999999999
 35 38 40 42 41 39 36 31 27 24 21 20 21 24 28 32 34 36 36 35 34 34 34 352410 7ZE 313 421739 369999999999999911 2 202055 3499999999999999
 36 38 40 42 42 41 38 34 30 26 23 21 21 22 25 28 31 33 34 35 35 35 35 362410 8ZE 335 429999999999999999999991152 21999999999999999999999
 37 38 40 41 42 41 40 37 33 29 26 23 22 21 22 24 27 29 32 33 34 34 35 362410 9ZE 4 1 429999999999999999999991251 21999999999999999999999
 37 38 39 40 41 41 40 39 36 32 29 26 23 21 21 21 23 25 28 30 32 33 34 36241010ZE 437 4199999999999999999999914 4 21999999999999999999999
 37 38 38 39 40 40 40 40 38 35 32 29 26 23 21 19 19 21 23 26 29 31 33 35241011ZE 538 409999999999999999999991527 19999999999999999999999
 36 36 37 37 37 38 38 39 39 38 36 33 29 26 22 19 18 17 19 21 25 28 31 33241012ZE 723 399999999999999999999991638 17999999999999999999999
 34 35 35 34 34 34 35 37 38 39 38 37 33 29 25 21 18 16 16 18 21 25 29 32241013ZE 911 399999999999999999999991734 16999999999999999999999
 33 33 33 32 31 30 31 32 35 37 39 39 38 34 30 25 20 17 15 15 18 22 27 31241014ZE 041 331037 3999999999999999 5 6 301823 1599999999999999
 33 33 32 30 28 27 26 27 29 33 37 39 40 39 35 30 25 20 17 16 17 20 25 30241015ZE 042 331149 4099999999999999 557 2619 6 1699999999999999
 33 34 33 30 27 24 22 21 23 26 31 36 40 41 39 36 31 26 21 19 18 20 24 29241016ZE 057 341255 4199999999999999 649 211948 1899999999999999
 34 36 35 32 28 23 19 17 17 19 24 30 36 40 41 40 36 31 27 24 22 22 25 29241017ZE 118 361359 4199999999999999 742 172026 2199999999999999
 34 38 38 36 32 26 20 16 14 13 16 22 29 35 39 40 39 36 32 29 27 26 27 30241018ZE 145 3815 2 4099999999999999 835 1321 3 2699999999999999
 35 39 41 40 37 31 24 18 14 11 11 15 21 27 33 38 39 38 36 33 31 30 30 31241019ZE 215 4116 6 3999999999999999 930 112136 3099999999999999
 35 39 42 43 41 36 30 23 17 13 10 11 14 20 26 32 36 37 37 35 34 33 33 33241020ZE 248 431715 37999999999999991025 1022 2 3399999999999999
 35 39 42 44 44 41 36 29 23 18 14 11 12 15 20 25 30 33 35 35 35 35 35 35241021ZE 325 449999999999999999999991123 11999999999999999999999
 36 38 41 43 44 43 40 35 29 24 19 15 13 13 16 19 24 28 31 33 34 35 35 36241022ZE 4 6 449999999999999999999991225 13999999999999999999999
 36 37 39 40 42 42 41 39 34 30 25 21 17 15 15 16 19 23 26 29 31 33 34 35241023ZE 454 429999999999999999999991338 15999999999999999999999
 36 36 37 37 38 39 40 39 37 34 30 26 22 19 17 16 17 19 22 25 28 30 32 33241024ZE 552 4099999999999999999999915 1 16999999999999999999999
 34 35 35 35 35 35 36 37 36 35 33 30 26 23 20 18 17 17 19 21 24 27 30 32241025ZE 711 379999999999999999999991618 17999999999999999999999
 33 33 33 32 32 32 32 33 34 34 34 32 29 26 23 20 18 17 17 19 22 25 28 30241026ZE 051 33 848 3499999999999999 431 311716 1799999999999999
 31 31 31 30 29 28 28 29 31 32 33 32 31 29 26 23 20 18 17 18 20 24 27 29241027ZE 038 311015 3399999999999999 526 281758 1799999999999999
 30 30 29 28 26 25 25 25 27 29 31 32 32 30 28 25 22 20 18 18 20 23 26 29241028ZE 032 301122 3299999999999999 6 4 251830 1899999999999999
 30 30 29 27 25 23 22 21 23 25 28 30 31 31 29 27 24 22 20 19 20 23 26 29241029ZE 034 301217 3199999999999999 636 211853 1999999999999999
 31 31 30 27 24 21 19 18 19 21 25 28 30 31 31 29 26 24 22 21 22 23 26 29241030ZE 041 3113 6 3199999999999999 7 6 181913 2199999999999999
 31 32 31 28 25 21 18 16 16 18 21 25 29 31 32 31 28 26 24 23 23 24 27 30241031ZE 051 321353 3299999999999999 736 161930 2399999999999999
 33 34 33 30 26 22 18 15 14 15 17 22 26 30 31 32 30 28 26 25 25 26 28 312411 1ZE 1 5 341437 3299999999999999 8 9 141948 2599999999999999
 34 35 35 33 29 24 19 15 13 13 14 18 23 27 30 32 32 30 28 27 27 27 29 312411 2ZE 122 351521 3299999999999999 844 1220 4 2799999999999999
 34 36 37 35 32 27 22 17 14 12 12 15 19 24 28 31 32 31 30 29 28 28 29 312411 3ZE 143 3716 5 3299999999999999 922 122015 2899999999999999
 34 36 38 37 34 30 25 20 15 12 11 12 16 20 25 28 30 31 30 29 29 29 30 312411 4ZE 2 7 381654 319999999999999910 3 112014 2999999999999999
 33 36 38 38 36 33 28 23 18 14 12 11 13 16 21 25 27 29 30 29 29 29 30 312411 5ZE 235 389999999999999999999991047 11999999999999999999999
 32 35 37 37 37 35 31 26 21 17 13 11 11 13 16 20 24 26 28 28 28 29 29 302411 6ZE 3 6 379999999999999999999991137 11999999999999999999999
 31 33 35 36 36 35 33 29 24 20 16 13 11 11 13 15 19 22 25 26 27 28 29 292411 7ZE 343 369999999999999999999991233 11999999999999999999999
 30 31 32 34 35 35 33 31 27 23 19 15 12 11 10 12 14 18 21 23 25 26 27 282411 8ZE 431 359999999999999999999991338 10999999999999999999999
 29 29 30 31 32 32 33 32 30 26 23 19 15 12 10 10 11 13 17 20 23 25 26 272411 9ZE 541 339999999999999999999991448 10999999999999999999999
 27 27 27 27 28 29 30 31 30 29 26 23 19 15 12 10 10 11 13 17 21 23 25 26241110ZE 716 312324 26999999999999991553 10999999999999999999999
 26 26 25 24 24 24 26 27 29 30 29 27 24 20 16 13 11 11 12 15 19 22 25 26241111ZE 9 0 302320 2799999999999999 358 241649 1199999999999999
 26 25 23 21 20 19 20 22 25 28 29 29 28 25 21 18 15 13 13 14 18 22 26 28241112ZE1034 302334 2899999999999999 5 2 191739 1399999999999999
 28 26 23 20 17 15 15 16 19 23 27 29 30 29 27 23 20 17 16 16 18 22 26 29241113ZE1155 302357 3099999999999999 556 151824 1699999999999999
 30 29 26 21 17 13 11 10 12 16 21 26 30 31 31 28 25 22 20 19 20 23 27 31241114ZE13 9 31999999999999999999999 649 1019 6 1999999999999999
 33 33 30 25 19 14 10  7  6  9 14 20 26 30 32 31 29 27 25 23 23 24 28 32241115ZE 025 331418 3299999999999999 741  61944 2399999999999999
 35 36 35 31 25 18 11  7  4  4  7 13 19 26 30 32 32 30 28 27 26 26 28 32241116ZE 058 361523 3299999999999999 833  42017 2699999999999999
 36 38 38 36 31 24 16 10  5  3  3  6 12 19 25 29 31 31 30 29 28 28 29 31241117ZE 135 391625 3199999999999999 925  22042 2899999999999999
 34 38 40 39 36 30 23 15  9  5  2  3  7 13 19 24 28 29 30 29 29 29 29 30241118ZE 217 401732 30999999999999991018  22044 2899999999999999
 33 36 38 39 38 35 29 22 15  9  5  3  4  8 13 18 23 26 27 28 28 28 28 29241119ZE 3 1 399999999999999999999991112  3999999999999999999999
 30 33 35 37 38 36 32 27 21 15 10  7  5  6  9 13 17 21 24 25 26 27 27 28241120ZE 348 3899999999999999999999912 8  5999999999999999999999
 28 30 31 33 35 35 33 30 25 20 15 11  8  7  7 10 13 17 20 22 24 25 26 26241121ZE 437 3599999999999999999999913 8  7999999999999999999999
 26 27 28 29 30 31 31 30 27 23 19 15 12  9  8  9 11 14 17 19 22 23 24 25241122ZE 531 319999999999999999999991410  8999999999999999999999
 25 25 25 25 26 27 27 27 26 24 21 18 15 12 11 10 10 12 14 17 20 22 23 23241123ZE 633 272325 24999999999999991510 10999999999999999999999
 23 23 22 22 22 22 23 24 24 23 22 20 18 15 13 12 11 12 14 16 19 21 22 23241124ZE 755 242314 2399999999999999 349 2216 0 1199999999999999
 23 22 21 20 19 18 19 20 21 22 22 21 19 18 16 14 13 13 14 16 18 21 22 23241125ZE 933 222314 2399999999999999 457 181639 1399999999999999
 23 22 20 18 16 15 15 16 17 19 20 21 21 19 18 17 16 15 15 17 19 21 23 24241126ZE11 3 212320 2499999999999999 541 1517 7 1599999999999999
 24 23 20 18 15 13 12 13 14 16 19 20 21 21 20 19 18 17 17 18 20 22 25 26241127ZE1220 212330 2699999999999999 616 121729 1799999999999999
 26 24 22 18 15 12 10 10 11 13 16 19 21 22 22 21 20 20 19 20 21 23 26 28241128ZE1323 222346 2899999999999999 647 101751 1999999999999999
 28 27 24 20 16 12  9  8  8 10 14 17 21 23 24 23 22 22 21 21 22 24 27 29241129ZE1414 24999999999999999999999 720  71816 2199999999999999
 30 29 27 23 18 13  9  6  6  7 10 15 19 22 24 25 24 23 22 22 23 25 27 29241130ZE 0 8 301457 2599999999999999 755  61843 2299999999999999
 31 31 30 26 21 16 11  7  4  4  7 11 16 20 23 25 25 24 23 23 23 24 26 292412 1ZE 036 311537 2599999999999999 832  419 9 2399999999999999
 31 32 32 29 25 19 13  8  5  3  4  7 12 17 21 23 25 24 24 23 23 24 25 282412 2ZE 1 8 321618 2599999999999999 912  31928 2399999999999999
 30 32 33 31 28 23 17 11  6  3  2  3  7 12 17 21 23 24 23 23 23 23 24 262412 3ZE 143 3317 3 2499999999999999 955  21942 2399999999999999
 28 31 32 32 30 26 20 14  8  4  1  1  3  7 12 17 20 22 22 22 22 22 23 242412 4ZE 222 339999999999999999999991040  1999999999999999999999
 26 28 31 32 31 28 23 18 12  6  3  0  1  3  7 12 16 19 20 21 20 21 21 222412 5ZE 3 5 329999999999999999999991128  0999999999999999999999
 23 25 27 29 30 29 26 21 15 10  5  2  0  0  3  7 11 15 18 19 19 19 20 202412 6ZE 351 309999999999999999999991219  0999999999999999999999
 21 22 24 26 27 28 26 23 19 14  9  5  2  1  1  4  7 11 15 17 18 19 19 192412 7ZE 445 289999999999999999999991312  0999999999999999999999
 19 19 20 21 23 24 25 24 21 17 13  9  5  3  2  3  5  9 13 16 18 19 18 182412 8ZE 551 252118 199999999999999914 6  2999999999999999999999
 17 17 16 17 18 19 21 22 22 20 17 14 10  7  5  5  5  8 11 15 18 19 19 192412 9ZE 715 222138 2099999999999999 2 5 1615 0  599999999999999
 17 15 14 13 13 14 16 18 20 20 20 18 15 13 10  9  8  9 12 15 18 21 22 21241210ZE 857 2022 2 2299999999999999 340 131553  899999999999999
 19 16 13 11  9  9 10 12 15 18 20 20 19 17 15 14 13 12 13 16 19 22 24 24241211ZE1045 202230 2499999999999999 451  91644 1299999999999999
 22 19 15 11  8  5  5  6  9 13 17 20 21 21 20 19 17 16 16 18 20 23 26 27241212ZE1226 2123 4 2799999999999999 552  51732 1699999999999999
 26 23 19 14  9  4  2  1  3  7 12 17 20 22 23 22 21 20 19 20 21 24 27 30241213ZE1351 232343 3099999999999999 648  11815 1999999999999999
 30 28 24 19 12  7  2 -1 -2  1  5 11 17 21 23 24 23 22 22 22 22 24 27 30241214ZE1457 24999999999999999999999 741 -21852 2299999999999999
 32 32 30 25 18 11  5  0 -3 -3  0  5 11 17 21 23 24 23 23 22 22 23 26 29241215ZE 027 331552 2499999999999999 833 -31922 2299999999999999
 32 34 33 30 24 17 10  3 -1 -4 -4  0  5 12 17 21 23 23 22 22 22 22 24 26241216ZE 115 341640 2399999999999999 923 -41944 2299999999999999
 30 33 34 33 29 23 16  8  2 -2 -4 -3  1  6 12 17 20 21 21 21 21 21 21 23241217ZE 2 4 341725 21999999999999991012 -420 5 2199999999999999
 26 29 32 33 31 27 21 14  7  1 -2 -4 -2  2  7 12 16 18 19 19 19 19 19 20241218ZE 253 3399999999999999999999911 0 -4999999999999999999999
 22 25 28 30 30 28 24 18 11  6  1 -2 -3 -1  3  8 12 15 17 17 17 17 17 18241219ZE 339 309999999999999999999991146 -3999999999999999999999
 19 20 23 25 27 26 24 20 15  9  5  1 -1 -1  1  5  9 12 15 16 16 16 16 16241220ZE 424 279999999999999999999991230 -1999999999999999999999
 16 17 18 20 22 23 22 20 16 12  8  4  2  1  2  4  7 10 13 14 15 15 15 15241221ZE 5 9 232033 159999999999999913 9  1999999999999999999999
 14 14 15 16 17 18 19 18 16 13 10  7  5  4  3  4  6  9 12 14 15 15 15 14241222ZE 557 192058 1599999999999999 047 141342  399999999999999
 14 13 12 12 13 14 15 15 15 13 11  9  8  7  6  6  8 10 12 14 15 16 16 15241223ZE 7 0 152116 1699999999999999 231 1214 7  699999999999999
 14 12 11 10 10 10 11 12 12 13 12 11 10  9  9  9 10 11 13 15 16 17 17 16241224ZE 838 132131 1799999999999999 357 101421  999999999999999
 15 13 11  9  8  7  8  9 10 11 12 12 12 12 12 12 12 13 15 16 18 19 19 19241225ZE11 7 122148 1999999999999999 459  71421 1299999999999999
 17 14 12  9  7  5  5  6  7  9 11 13 14 14 14 14 14 15 16 18 19 21 21 21241226ZE2212 22999999999999999999999 544  5999999999999999999999
 20 17 14 10  7  4  3  3  4  7 10 12 14 15 16 16 16 17 17 18 20 22 23 23241227ZE2244 23999999999999999999999 624  3999999999999999999999
 22 20 17 12  8  4  2  1  1  4  7 11 14 16 17 18 18 18 18 19 20 22 24 25241228ZE2323 25999999999999999999999 7 2  1999999999999999999999
 25 23 20 15 10  6  2 -1 -1  0  4  8 12 15 17 18 18 18 18 18 19 21 23 25241229ZE9999999999999999999999999999 742 -1999999999999999999999
 26 26 23 19 14  8  3 -1 -3 -3  0  4  9 13 16 18 18 18 17 17 18 19 22 24241230ZE 0 6 261555 1899999999999999 823 -41834 1799999999999999
 26 27 26 22 17 11  5  0 -4 -6 -5 -1  4  9 13 16 17 17 16 16 16 17 19 22241231ZE 052 271619 1799999999999999 9 6 -61911 1699999999999999
