179167142107 70 40 25 28 48 79114145165170160137111 89 78 81 9611713915724 1 1ZL1249170999999999999999999999 618 241816 7799999999999999
167165151125 94 65 44 39 49 71100129151163161147125102 85 80 8610011713524 1 2ZL 022167132116499999999999999 651 381858 8099999999999999
148154150136114 89 67 55 56 69 90115137153159152137117 98 85 82 87 9811224 1 3ZL 1 7154135715999999999999999 726 541952 8299999999999999
126137141138127110 91 76 70 74 86104124142153154147132114 96 85 81 83 9124 1 4ZL 2 6141144215599999999999999 8 8 7021 4 8199999999999999
102114125131131125113 99 89 84 87 97112129143152153145131112 94 81 74 7424 1 5ZL 330132153615499999999999999 9 5 842232 7399999999999999
 79 90103117128133131122111100 95 95103115130145154156148132111 90 72 6224 1 6ZL 5131331639156999999999999991023 942350 5999999999999999
 59 64 77 94114131141142135122109 99 97102115132149161163154134108 81 5824 1 7ZL 6401431742163999999999999991148 97999999999999999999999
 44 41 48 66 90117140155157148130111 97 93 99115136157171173161136102 6824 1 8ZL 741158183917499999999999999 049 411256 9299999999999999
 40 24 22 34 59 92126155172172157132107 89 85 94116143168184185168135 9324 1 9ZL 831174193218799999999999999 140 211349 8599999999999999
 52 20  3  4 23 56 98140173188183160128 97 78 76 9212015318319919617313124 110ZL 915189202320199999999999999 226  11436 7599999999999999
 81 34 -1-16 -9 18 61110157190201188156117 83 66 69 9212716519721220517324 111ZL 957201211121399999999999999 311-161520 6499999999999999
124 67 16-18-28-14 22 71126174203207185145101 68 55 66 9513617720922120724 112ZL1038208215922199999999999999 354-2816 2 5599999999999999
169113 52  1-28-31 -9 33 88143188210204174128 84 55 49 6610114418621522224 113ZL1118211224622399999999999999 436-331644 4899999999999999
202159100 40 -6-28-22  7 53108159196208193157110 69 46 47 7010715018921324 114ZL1157208233421799999999999999 517-291727 4499999999999999
215190144 87 33 -4-15 -2 31 77127171197199177138 94 59 43 50 7411015018424 115ZL1235201999999999999999999999 557-151811 4399999999999999
202199173129 79 35 10  8 26 60101143175190185159121 82 55 45 54 7710914324 116ZL 022204131319199999999999999 635  619 0 4599999999999999
171184179155118 77 46 32 37 57 87121152173180169143110 77 56 49 57 7610324 117ZL 114185135218099999999999999 713 321955 4999999999999999
130152163158140112 84 65 59 67 85109133154167168156133105 78 60 53 58 7124 118ZL 213163143516999999999999999 753 5921 5 5399999999999999
 91113132142142132115 98 87 85 92105121137151159158149130106 82 64 54 5424 119ZL 330144153016099999999999999 841 842233 5399999999999999
 62 77 96114128135133125114107104107114123135145153155149133111 86 65 5024 120ZL 517135164615599999999999999 958104999999999999999999999
 45 49 62 81103123136141138129120113110112119130142152158154139115 87 6124 121ZL 7 314118 915899999999999999 0 4 4512 411099999999999999
 41 33 36 51 74101127146154150139124111104105113126143158166162145117 8324 122ZL 8 9154191416699999999999999 114 32132510399999999999999
 51 28 19 25 45 75109140161167158139118100 92 9610912815016817617014711224 123ZL 85316720 517699999999999999 2 6 191413 9299999999999999
 72 36 13  8 21 48 85125157175174157130103 85 80 9011013616218118617314224 124ZL 928177204818699999999999999 247  71449 8099999999999999
 99 55 19  0  2 24 60104145174185174147114 85 70 72 9011714817619219016824 125ZL 959185212519399999999999999 323 -11521 6999999999999999
129 81 35  3 -7  6 37 81127165187186164129 93 67 60 71 9713016318819818724 126ZL1028189215919899999999999999 356 -71552 5999999999999999
155109 59 17 -6 -4 20 59106150181191177146107 72 54 57 7811014517619519524 127ZL1055191223119899999999999999 426 -81622 5399999999999999
174135 86 39  6 -4 10 42 87132169188184160122 84 57 49 62 9012415818419424 128ZL112019023 119499999999999999 454 -41651 4999999999999999
184155111 64 25  5  8 33 71115155181186170137 99 66 49 52 7210313716618424 129ZL1144187233218799999999999999 521  31721 4899999999999999
185166132 89 49 22 16 31 62101140170182174149114 79 55 49 60 8411514416724 130ZL12 7182999999999999999999999 547 151751 4899999999999999
176168145110 73 44 30 36 58 91127157175175157128 95 67 52 54 70 9412114524 131ZL 0 3176123017799999999999999 612 301823 5199999999999999
160162150126 95 67 49 47 61 86116144164171162140111 82 62 55 62 7810012124 2 1ZL 038163125517199999999999999 638 461859 5599999999999999
139147145133113 90 72 64 69 85108132152163162148126100 77 63 60 67 81 9824 2 2ZL 119148132416499999999999999 7 6 641946 6099999999999999
114127133131123109 95 85 83 90104121138151156152139119 97 78 66 63 68 7724 2 3ZL 21813314 415699999999999999 742 822052 6399999999999999
 89102113121124122115107101100105113125136146150147137121101 83 69 62 6124 2 4ZL 4 512415 815099999999999999 8431002238 6099999999999999
 65 74 86100114124130130124117112110113119129140148149143129109 87 67 5324 2 5ZL 6261311644150999999999999991056110999999999999999999999
 46 47 55 71 92115134146148141128115105103109122138152160157142118 88 5924 2 6ZL 741149181516099999999999999 025 45124610399999999999999
 37 25 25 37 61 92125152167166152130107 92 88 98118142164177175157124 8424 2 7ZL 828169192317899999999999999 131 231345 8899999999999999
 45 16  1  4 24 58101143174187180154121 90 72 72 8911815218219819416812524 2 8ZL 9 7188201919999999999999999 220  01431 6999999999999999
 74 26 -8-20-10 20 66118165196203184146102 67 51 58 8412416720221820817324 2 9ZL 94420421 921899999999999999 3 3-201512 5099999999999999
119 58  6-27-33-13 28 83141189214209176127 77 43 33 49 8613418221823121424 210ZL1020215215623199999999999999 344-341552 3399999999999999
169107 41-10-36-32 -2 48109167208221202158102 52 23 22 48 9214419422723324 211ZL1055221224123599999999999999 422-381631 1999999999999999
208156 91 28-16-30-15 23 77136187217216185133 76 31 12 20 5210015319922524 212ZL1128220232622899999999999999 459-301711 1199999999999999
223192138 76 22 -8 -9 14 57109161199213199161108 56 20 11 26 6110715519324 213ZL12 1213999999999999999999999 533-121752 1099999999999999
211202169119 67 29 14 23 51 92136175198199176135 87 45 20 19 37 7011015024 214ZL 010211123220199999999999999 6 6 131834 1799999999999999
178187175145105 69 46 44 60 88121154177186178152115 76 45 30 32 49 7610724 215ZL 05618713 118699999999999999 636 421921 2999999999999999
136155160149127101 80 71 77 94116139158169169157134105 76 54 44 46 58 7624 216ZL 148160132917099999999999999 7 5 712019 4499999999999999
 98117131135131120107 98 97105117131143151155152142126106 85 68 58 56 6024 217ZL 25913514 215599999999999999 733 962150 5699999999999999
 70 84 98111119123123120117118122126131135139141141137129115 98 81 67 5824 218ZL 518123153214199999999999999 8151172356 5599999999999999
 55 59 68 83100115128134135133129125121120122126133139142139127109 87 6624 219ZL 74413518 2142999999999999991255120999999999999999999999
 50 43 45 57 77100123141149148139127115107105110120134147155152138113 8424 220ZL 821150191715699999999999999 116 43134710599999999999999
 56 36 29 35 53 81112140159163154135114 96 88 9110312214416217016414210924 221ZL 84816320 517099999999999999 2 3 291415 8899999999999999
 71 39 20 18 32 60 96133161174169149120 93 75 72 8310513316017918316813624 222ZL 913175204318499999999999999 238 171441 7299999999999999
 94 52 20  7 14 40 77120157180183165133 97 69 57 63 8511615017919318816324 223ZL 937184211619499999999999999 3 8  715 8 5799999999999999
121 72 30  5  3 22 58103147179191180149109 71 49 47 64 9513316919420018424 224ZL10 1191214720199999999999999 336  11535 4599999999999999
147 98 48 13 -1 10 42 86133173194191165125 81 48 36 45 7311115218520219724 225ZL1023196221720399999999999999 4 2 -116 3 3699999999999999
169124 72 29  5  6 30 70118162191197178141 95 55 32 32 53 8913016919520124 226ZL1045197224620199999999999999 427  21629 2999999999999999
184146 98 51 19 10 25 60104149183197187156112 67 36 26 38 6810714717919524 227ZL11 5197231519699999999999999 451 101656 2699999999999999
189163121 76 39 21 28 54 93136172192191167128 83 47 27 30 51 8512315818124 228ZL1125194234418699999999999999 514 211723 2699999999999999
185170139 99 62 39 36 54 86124160184189174142101 62 36 29 41 6710013316024 229ZL1145190999999999999999999999 537 351751 2999999999999999
173169149118 85 60 51 59 83115147172183176153118 82 51 36 38 55 8110913524 3 1ZL 01617312 718399999999999999 6 0 511823 3599999999999999
153158149130106 83 70 71 85109135158172172158133102 72 51 43 50 66 8811024 3 2ZL 052158123217499999999999999 626 6819 1 4399999999999999
128139140133120104 91 87 93107126144157163158144122 97 74 59 54 59 71 8524 3 3ZL 14014113 316399999999999999 656 871956 5499999999999999
100113122125125120113108107111120130140148151147137121102 84 70 62 61 6524 3 4ZL 318126135715199999999999999 7411072138 6199999999999999
 73 83 95107118127131130127123120120123128135141144142132117 98 79 64 5424 3 5ZL 62113116 6144999999999999991032120999999999999999999999
 50 53 63 80100122140150150142129117108106112124139151157152136111 83 5724 3 6ZL 73215118 415799999999999999 0 3 50124410699999999999999
 37 28 31 46 72104136161172167149124100 86 85 97119145168180175154120 7924 3 7ZL 811173191618099999999999999 116 271335 8399999999999999
 41 15  5 13 38 76120160186192176143105 74 59 63 8612015819020519716712024 3 8ZL 845193201120599999999999999 2 3  51416 5899999999999999
 67 21 -7-12  5 42 92144187209203172125 77 43 33 47 8212817621222621217024 3 9ZL 91821021 022699999999999999 244-131454 3399999999999999
112 51  3-21-17 12 60118173212222202155 97 45 15 13 39 8514119423023821424 310ZL 950223214623999999999999999 322-231533 1099999999999999
163 98 35 -8-22 -7 33 88148199227223187129 66 17 -5  4 40 9315420623723724 311ZL1022229223024299999999999999 358-221611 -599999999999999
205148 82 26 -6 -7 19 64121176216228209162 99 38 -2-12  7 4910516321023224 312ZL1054228231323299999999999999 432-101650-1399999999999999
223185129 70 27 10 21 54100151195219215184132 72 21 -6 -6 19 6211516520124 313ZL1123221235621399999999999999 5 5 101729-1099999999999999
213198161112 67 40 38 57 91132172199207192156106 56 18  2 10 37 7612015924 314ZL1151207999999999999999999999 535 3618 9  299999999999999
183187170138102 73 63 71 93123153178190186165131 90 52 28 21 31 54 8511824 315ZL 040188121519199999999999999 6 3 631852 2199999999999999
144158158145123101 89 89102121142160171172162142115 86 61 46 43 51 67 8724 316ZL 129160123617399999999999999 627 871944 4299999999999999
108125134135129119110108113123135146153155151143130112 93 77 66 61 63 7124 317ZL 237135125215599999999999999 6481082110 6199999999999999
 82 94106116122125125124125128132135137137137136134129120108 94 81 71 6624 318ZL13 01379999999999999999999992330 65999999999999999999999
 66 71 81 94109123133138138136132126122120120124130136139134123106 87 7024 319ZL 7421381753139999999999999991321120999999999999999999999
 59 55 60 73 93115134147151147136122110103102108120135148154149133109 8324 320ZL 75815119 415499999999999999 055 55133610199999999999999
 59 46 44 54 75102130153163161146125103 88 83 8910512614916517015913510224 321ZL 818164194917099999999999999 139 431356 8399999999999999
 69 43 32 37 57 87122153172175161134104 78 66 68 8511114116718218116112624 322ZL 839176202418499999999999999 211 321419 6599999999999999
 86 50 28 25 41 71110147175186176149112 77 54 50 63 9012516018619518315224 323ZL 9 1186205719599999999999999 239 241445 4999999999999999
109 65 32 19 28 56 95138174193190166126 84 50 36 42 6710414518020019917624 324ZL 923194212720399999999999999 3 5 191511 3599999999999999
135 87 45 22 21 43 81125167194200181143 97 54 29 26 45 8012316519620719424 325ZL 944201215720799999999999999 330 191537 2499999999999999
159112 65 32 22 35 68112157191204194160113 65 30 16 27 56 9814418320420324 326ZL10 4204222720799999999999999 355 2216 3 1699999999999999
179137 89 49 30 34 60100144183204201175132 82 39 15 15 37 7411916219320324 327ZL1024206225720399999999999999 419 281630 1299999999999999
190158114 72 44 39 56 90131171198204186149101 55 22 12 24 54 9413717219324 328ZL1045205232819599999999999999 443 381657 1299999999999999
192171135 96 64 50 58 83119157187200192163121 76 38 18 19 40 7211114717324 329ZL11 8200999999999999999999999 5 8 501726 1699999999999999
183174150118 87 67 66 83111143172190190172139 99 61 33 24 34 57 8812014724 330ZL 0 1183113119299999999999999 533 641758 2499999999999999
164166155134109 89 81 88106131156175181174152121 87 57 40 37 49 70 9511924 331ZL 040167115818199999999999999 6 2 811839 3699999999999999
138148148140126111100 99108124141157167167157138114 87 65 52 51 60 74 9124 4 1ZL 132149123316899999999999999 635 981936 5099999999999999
108122131135134129122117116121129139147153153148136118 98 79 66 61 62 6824 4 2ZL 317136133615499999999999999 7331162119 6099999999999999
 79 92106120132140142138132126122121124131138145148145134116 95 76 62 5424 4 3ZL 54714216 31489999999999999910401212330 5399999999999999
 54 62 76 97120141156160154140123109102103113128146159163155136108 79 5424 4 4ZL 6541601752164999999999999991222101999999999999999999999
 39 36 46 67 97131160177178163137107 85 75 80 98126155178187178152114 7424 4 5ZL 73418019 118799999999999999 043 361310 7499999999999999
 41 22 21 38 70110152184198190161120 80 53 46 59 9013017120121119716111224 4 6ZL 8 8199195621199999999999999 132 191351 4699999999999999
 63 26  9 15 42 84133179209213191147 94 48 22 22 46 8914018922122820716124 4 7ZL 841215204522999999999999999 213  91430 1899999999999999
104 51 16  6 22 58108161205226217180123 62 16 -3  7 42 9415320523523620624 4 8ZL 913227213123999999999999999 252  615 9 -499999999999999
153 92 42 14 15 40 84137188223231208158 93 33 -7-17  3 4710516521423823124 4 9ZL 946232221623999999999999999 328 111549-1799999999999999
194139 82 40 24 36 68115165207229223187130 66 12-17-17 11 5911717321422924 410ZL101723023 022999999999999999 4 4 241628-2199999999999999
215175124 76 48 44 64100143185214222203161104 46  4-14 -4 27 7412717420424 411ZL1047222234321199999999999999 437 4317 8-1499999999999999
210191154112 78 63 71 95129164194208203177135 84 39  9  2 16 47 8913216724 412ZL1115209999999999999999999999 5 8 631749  299999999999999
186185166136106 87 85 98121149173189192179153116 76 43 25 24 39 66 9913024 413ZL 027188114119399999999999999 538 831832 2399999999999999
154164161146126109101106120138156170175171157135107 79 57 46 47 59 7910124 414ZL 11616512 517599999999999999 6 61011923 4599999999999999
122137145143135125117116122132143152157157152142127108 89 74 66 65 71 8324 415ZL 220145123015799999999999999 6371162036 6499999999999999
 97112124132135134131128128130133136138140140140137130118104 90 79 73 7424 416ZL 413136141714199999999999999 7411282226 7399999999999999
 80 90103117130138142141137132126122120121125131138142140131116 99 83 7324 417ZL 61514217121429999999999999912131202357 6999999999999999
 69 74 85102121138150154150139125112104101106116131145153153142123100 7924 418ZL 6581541828154999999999999991251101999999999999999999999
 65 62 69 86109133153164164151131109 92 83 85 97117139158168165148122 9324 419ZL 726166191616899999999999999 049 611319 8299999999999999
 69 56 56 71 95125153172177167144114 86 68 65 75 9712615417518117214711324 420ZL 750177195518199999999999999 126 541346 6499999999999999
 80 57 49 58 81114147174187182159125 89 61 48 53 7410514117219019017113824 421ZL 813187203119399999999999999 157 491413 4899999999999999
 99 66 48 49 69101138172193195176141 99 61 38 34 50 8112116018920119216324 422ZL 83619721 420199999999999999 226 461441 3399999999999999
123 83 55 46 58 88126165194204192160115 70 36 21 29 56 9614017920320518524 423ZL 858204213620799999999999999 254 4615 8 2199999999999999
148105 68 50 53 76113154189208205178135 85 42 17 14 33 6911516019420920124 424ZL 92121022 921099999999999999 321 481536 1299999999999999
172130 88 60 53 68100140179206212194156107 58 22  8 17 46 8713417520220724 425ZL 946212224220899999999999999 348 5316 6  899999999999999
189154113 78 61 65 89125164196211204175131 80 37 12 10 28 6210514918320024 426ZL1012212231820199999999999999 417 601637  899999999999999
196172137100 76 70 84112148181203206189153107 62 28 13 20 44 7912015618224 427ZL1040207235719099999999999999 446 691710 1399999999999999
190180156124 96 82 85104132163187199193170133 91 53 29 23 34 59 9212615524 428ZL1111199999999999999999999999 518 811749 2299999999999999
172175165143119101 95103121145168184188177154121 86 56 38 36 49 70 9712424 429ZL 042176114718899999999999999 555 951836 3599999999999999
146159162154139122111109116131148163173174164145119 90 66 51 49 58 75 9524 430ZL 144162123617499999999999999 6421081940 4999999999999999
116135148154152143132122118121128139150159162158146126102 80 64 58 61 7224 5 1ZL 31515414 216299999999999999 8 611821 9 5899999999999999
 88107126144155159153142129119114115122133146157161156140118 93 73 60 5824 5 2ZL 45215915591619999999999999910191132246 5799999999999999
 65 80101126149166172165149127108 95 93101118139160172172158133103 76 5724 5 3ZL 5581721730174999999999999991143 922358 5199999999999999
 51 58 76103135164183187174147114 86 68 67 81107139169188191176145108 7424 5 4ZL 6431871839192999999999999991236 65999999999999999999999
 51 45 55 80114152184201198175136 92 57 39 42 6510114418220620818915110724 5 5ZL 722203193721099999999999999 052 451321 3899999999999999
 69 47 44 60 92133174204216203167116 65 28 14 25 5610215319622022019415124 5 6ZL 759216202922399999999999999 137 4314 4 1499999999999999
103 65 46 50 73111155195221223198150 92 39  4 -3 16 5610916320722922319224 5 7ZL 835225211823099999999999999 219 451446 -499999999999999
145 97 63 51 63 92133177212229220184129 68 18-10 -9 17 6211917321423021824 5 8ZL 91022922 423099999999999999 259 511529-1399999999999999
183135 92 66 63 81114155194221227207164107 49  6-13 -5 27 7513018021322124 5 9ZL 945227224922299999999999999 338 611611-1399999999999999
204168125 90 74 79102136172203219215188143 88 38  5 -5 10 44 9013918120524 510ZL1019220233320899999999999999 414 731653 -599999999999999
206186152117 92 86 98123153182203209197167124 76 36 13 12 30 6310414517624 511ZL1051209999999999999999999999 449 861735 1099999999999999
191187167139113 99100115138163183195193177148111 73 43 29 32 51 8011414524 512ZL 017192112419699999999999999 523 971818 2899999999999999
167175169152131114108114128147164176181176160135105 76 55 47 52 69 9311924 513ZL 1 3175115918199999999999999 55910819 6 4799999999999999
142157162156143129119117123134146157164166161148129106 85 69 64 68 8110024 514ZL 156162124616699999999999999 64311720 2 6499999999999999
120137149153150142132125123125131138145150153152144131113 95 82 76 78 8824 515ZL 3 4153141315399999999999999 7561232113 7699999999999999
102119135147153152146137128122119120124131139146150147137122105 90 82 8224 516ZL 42315316 51509999999999999910111192231 8199999999999999
 89103120137151158158151139125113106105110120133146154154145129110 93 8324 517ZL 52815917301559999999999999911411042337 8199999999999999
 82 90106126146161168165153134114 97 88 88 98115135153164164153134111 9124 518ZL 6121691832165999999999999991228 87999999999999999999999
 81 81 93114138160175178169148122 96 77 70 75 9211614316517617415813310724 519ZL 646179192017799999999999999 027 7913 5 7099999999999999
 86 78 83101127155177188184165136102 73 56 54 68 9312515617918818015812724 520ZL 71518920 218899999999999999 1 7 781337 5399999999999999
 99 80 77 89114145174193197183154116 78 50 39 45 6710113917219319718115224 521ZL 743198204019899999999999999 143 7614 9 3999999999999999
118 90 76 80100132165193206200175136 92 54 31 27 43 7411415618920520017724 522ZL 812207211720699999999999999 216 751441 2699999999999999
142107 82 76 88116152185208212195160113 67 33 17 23 47 8613017220121019824 523ZL 842213215521099999999999999 250 761514 1699999999999999
168130 96 79 81101134171202217211184141 91 47 18 11 25 5710014618520820924 524ZL 915218223421199999999999999 324 771549 1199999999999999
189155118 90 80 91117152187212218204169122 72 33 12 13 34 7011415819120724 525ZL 949219231520899999999999999 359 801627 1099999999999999
202178143110 89 87104133166197214213191153105 60 27 13 21 46 8312516419124 526ZL1027216235920099999999999999 435 8617 7 1399999999999999
200191166134107 93 98117145175199209203178140 95 55 29 21 33 59 9413216524 527ZL11 8210999999999999999999999 515 931752 2199999999999999
186191180156129108101108126151175194200191167131 92 58 37 33 46 7010213424 528ZL 048191115620099999999999999 6 11011842 3399999999999999
161179182172152130113107113129149168183189181161130 95 66 49 47 58 7910624 529ZL 145183125718999999999999999 6571071939 4699999999999999
134158173178169152132116109112122138156171179176160134104 78 62 58 67 8524 530ZL 249178141418099999999999999 8141092046 5899999999999999
108134157173179172155134115103101108123142161174176166144116 91 73 68 7424 531ZL 356179154117799999999999999 9431012158 6899999999999999
 89112137162179185177158132107 90 83 89106129154173181175156129102 82 7424 6 1ZL 45718517 51819999999999999911 1 8323 8 7499999999999999
 79 94117145171189194183158125 93 70 62 69 90119151177190187168139110 8824 6 2ZL 54919418181919999999999999912 2 62999999999999999999999
 78 83100126156184201203186153112 74 48 41 51 7811415318420119817814611424 6 3ZL 635204192220299999999999999 0 9 781255 4099999999999999
 90 81 88109138170198212209184143 96 54 28 23 39 7211515919321120718314924 6 4ZL 719213201921299999999999999 1 3 811343 2299999999999999
114 91 85 95119151184210220210177130 78 36 13 12 34 7212016720221821018324 6 5ZL 8 1220211021899999999999999 152 841430 1099999999999999
146112 91 89104131165197219223205166115 63 23  4  9 37 7912917620922020724 6 6ZL 842224215822099999999999999 237 871516  399999999999999
177139107 91 95114144177206223220195153100 50 15  3 15 46 9114118421121624 6 7ZL 923224224221799999999999999 319 9016 0  399999999999999
198166130103 94103126156187211221211182137 87 42 15 10 27 6210615218920824 6 8ZL10 2221232321099999999999999 359 941643  999999999999999
206185152121101 99113138167193210213198166122 77 40 21 23 45 8012216219024 6 9ZL1040214999999999999999999999 437 971723 1999999999999999
201192169139114102106124148173193204201182150110 71 43 32 41 65 9913516724 610ZL 0 3201111820599999999999999 51410218 3 3299999999999999
187190178155129111106114132154174188194187167137102 71 51 48 60 8411514524 611ZL 042191115819499999999999999 5521061842 4799999999999999
169181179165144124112111121136154169179181173154128100 76 64 65 7910112724 612ZL 122182124318299999999999999 6341101924 6299999999999999
151168175170157139123114115122134148160168169162146125102 85 77 81 9411424 613ZL 2 5175134117099999999999999 7291132011 7799999999999999
135155168171166153137124115114118127138149158161156144127109 95 90 9310524 614ZL 253171145616199999999999999 84311321 6 8999999999999999
122141158169171165153137122111107109116127140152158157148133117105 9910224 615ZL 34717216211589999999999999910121072210 9999999999999999
112129147163173175168153134116102 95 9610411813515116116215514112411110424 616ZL 4411751740163999999999999991124 94231410499999999999999
107118135154171181180170151127105 88 80 82 9411413615616917116314712811324 617ZL 5291821845172999999999999991217 80999999999999999999999
106109122142164182190186170144115 89 71 65 71 8811414216618018217115012824 618ZL 612190193718399999999999999 01110613 0 6599999999999999
111105111128152176194199190166134 99 70 53 51 63 8712015318019319117514924 619ZL 652199202219599999999999999 1 11051340 5099999999999999
123106103113136164190206207190159119 80 51 37 40 59 9113016719420519717424 620ZL 73320821 520599999999999999 1451021420 3699999999999999
143116100101118146178204217212187148103 62 34 24 33 60 9914218120721319824 621ZL 814217214721399999999999999 227 9915 0 2499999999999999
169135107 96102125158191216225213181136 86 45 20 16 32 6611015619421621524 622ZL 856225222921899999999999999 3 8 951541 1599999999999999
194160124100 93106134170203225228210172122 72 32 12 14 37 7612316920421924 623ZL 940230231122099999999999999 349 931624 1099999999999999
212186149114 94 94113144179211229227204162110 61 25 11 20 47 8913617920824 624ZL1026231235421899999999999999 431 9217 6 1199999999999999
218205175138107 92 97119151185213227221194151100 55 26 18 32 6210314818624 625ZL1113228999999999999999999999 514 921750 1899999999999999
209212195163129102 93101123154185210220212184142 95 56 34 32 49 8011815724 626ZL 03821312 522099999999999999 6 1 931835 3099999999999999
189205204184154122100 94103123151179201209201175137 96 64 48 51 69 9813224 627ZL 12420713 120999999999999999 654 941921 4799999999999999
165190201196176147119 99 93100118143168188197190169137103 78 67 72 8911424 628ZL 21120114 519799999999999999 755 932011 6799999999999999
143170190197190171143116 96 89 93108130154175186183167142115 95 87 9110524 629ZL 3 2197151918799999999999999 9 7 8821 9 8799999999999999
126151174190196188169141113 91 80 82 9411614116317818117115112911210310624 630ZL 3571961642181999999999999991023 79221610399999999999999
117135156177192197190169140109 83 69 68 8010212915617618417916314212511524 7 1ZL 45519718 6184999999999999991135 67233011399999999999999
115124140161181197202193170137102 73 56 54 66 9112215417919118917415213224 7 2ZL 5542021920192999999999999991239 53999999999999999999999
119117126143165187203208197170133 94 61 42 41 56 8512115818720119818115624 7 3ZL 649208202020299999999999999 0401171335 3999999999999999
132118116126146171195211214200168126 83 49 31 32 52 8612716719721020418224 7 4ZL 74121521 921199999999999999 1391151425 2999999999999999
153127112113127151178203219218199162116 71 37 22 29 55 9413918020821620324 7 5ZL 829221215321699999999999999 2281111511 2299999999999999
176143117106111130158187212225219194152103 58 28 19 33 6510815419321521624 7 6ZL 914225223121899999999999999 3101051552 1999999999999999
196163130107101113137167197219226214183138 88 47 24 24 45 8112717120321724 7 7ZL 95422623 721799999999999999 3481011630 2199999999999999
209182147116 99101119146177204221222204168121 75 41 27 36 6310314718520924 7 8ZL1032224233921399999999999999 424 9817 6 2799999999999999
212195165131106 97105128156185208218212188149105 65 41 38 55 8712616519524 7 9ZL11 9218999999999999999999999 459 971739 3799999999999999
208201179147118100 99113137164189206209197169132 93 63 50 56 7911114717924 710ZL 010208114421099999999999999 534 971810 5099999999999999
198201187162133110 99104121144167187198196180153119 88 69 65 7810313416424 711ZL 040202122119999999999999999 610 991842 6599999999999999
186196191173148123107102110126146165180186181165140114 92 81 8510112415024 712ZL 1 919613 418699999999999999 6511021915 8199999999999999
174188191181162139119107105112126142158170174169155136116102 9710411914024 713ZL 142191135717499999999999999 7401041953 9799999999999999
16117818718517315513511710710511012113514815916416115213812411511312013324 714ZL 220187151016499999999999999 843105204211399999999999999
14916617918518217015213311610510110411212513915216016115614613512712512924 715ZL 3 818516441619999999999999910 2101215112599999999999999
139153168180185182170152131112 99 92 9310111513214916216816615714613613024 716ZL 4 71861816168999999999999991122 92231713099999999999999
132140154170183190186173153128105 88 79 79 8910713015217018017816815313824 717ZL 5111901923180999999999999991227 78999999999999999999999
130129139155174190198194178152122 94 73 62 64 7910313316218419419017515424 718ZL 611198201419599999999999999 0311281321 6299999999999999
134123124136158182201210204183150113 79 55 45 51 7210414117620020919917624 719ZL 7 7210205720999999999999999 12712214 7 4599999999999999
148125113117136163192215223213185145100 61 36 29 41 7011015519321722020224 720ZL 759223213822199999999999999 2151121451 2899999999999999
171137111102112138172205229235220184136 85 43 19 18 38 7512317221123022524 721ZL 848236221823199999999999999 2581021534 1599999999999999
198159121 97 93110143182218242244222179124 69 28  9 15 43 8814019022523724 722ZL 936246225623799999999999999 340 921615  899999999999999
222187143105 85 88112149191228249247218169110 56 20  9 23 5810716020623424 723ZL1024251233423899999999999999 422 831655  999999999999999
236212171125 90 77 86115155198233250241208156 99 50 22 20 42 8113017921724 724ZL1111250999999999999999999999 5 4 771734 1899999999999999
235227197153110 81 74 88119159199230241229194144 92 53 36 42 6810715219324 725ZL 01223512 024199999999999999 548 731812 3599999999999999
221228213179137 99 77 75 91121158193219226211179136 94 66 59 71 9813317024 726ZL 049229125022699999999999999 635 731851 5999999999999999
200218217197164126 95 78 78 94120151181201206194167134104 87 8710112415224 727ZL 127220134720799999999999999 728 761931 8599999999999999
180200209204184155122 96 82 81 9311414016418218818016214012111111412514324 728ZL 2 8210145718899999999999999 831 80201711199999999999999
163182196200194177152124100 86 82 8910412514716417417416515213913313414124 729ZL 258200163017599999999999999 950 82212213299999999999999
152165179190194190177155129105 87 78 80 9111013215316917617416615514714324 730ZL 4 61941816177999999999999991120 78231214399999999999999
145151162174186194193182161134106 84 70 69 79 9912415117318618717816415124 731ZL 5291951935187999999999999991238 68999999999999999999999
142140145156172188199201191167136102 75 59 57 69 9412515818419819818416424 8 1ZL 642202202620099999999999999 0481391338 5699999999999999
145132129137153174195209211198169131 93 62 46 48 66 9713517219921020318224 8 2ZL 73921221 621099999999999999 1451291424 4499999999999999
155131118119133155182206221220200165120 78 48 36 45 7111015319121421720124 8 3ZL 827222214021999999999999999 22611715 3 3699999999999999
171139114105113134163194219230223195152104 61 36 33 51 8613017420822421624 8 4ZL 9 8230221122499999999999999 3 11051538 3199999999999999
190153119 98 97113142175207229234218182134 84 47 31 39 6710815419622122524 8 5ZL 945235223922699999999999999 334 951610 3199999999999999
206171132101 88 96120154189218234230204162112 68 40 36 55 9113517921222524 8 6ZL101923523 522699999999999999 4 6 881639 3599999999999999
216187148111 88 86102132167200224231217185140 93 58 44 52 8012016319922024 8 7ZL1051231233022399999999999999 437 8417 7 4499999999999999
220199165126 96 83 90113145178206222219198162120 82 59 58 7711014918521124 8 8ZL1123223235321899999999999999 5 7 831733 5699999999999999
218206178142108 88 85 99125155184205212202177142107 80 71 8110513817220024 8 9ZL1155212999999999999999999999 538 841759 7199999999999999
213208188157124 98 87 92109134161184197197183159129103 89 9010613216118724 810ZL 015213123019999999999999999 611 871825 8899999999999999
204206194170141114 96 9110011713916017718418116814712611010511313015317524 811ZL 040207131218599999999999999 648 91185310599999999999999
193200196180157132110 98 9810612013715316517116815914513212412413214716424 812ZL 1 8200141017199999999999999 734 97192812399999999999999
18019019318617115113011210310210711712914215316016115815114413914014515524 813ZL 147193155016199999999999999 839101202513999999999999999
16617718518718116915213311610510010110711612914315516316616415915314914924 814ZL 24718718 3166999999999999991021100223214899999999999999
153161171180185184175159139119102 92 88 9110211813915817418118017115914924 815ZL 41918619201829999999999999912 3 88999999999999999999999
143144152166181192194187169144117 93 76 69 73 8911314217019119919417815724 816ZL 54819520 619999999999999999 02214213 8 6999999999999999
139130131145166188205211202179145109 76 55 48 57 8111615418921121620217524 817ZL 655211204421699999999999999 1201291356 4899999999999999
145122112119140170201223230217185141 95 56 33 30 48 8212717421123122720124 818ZL 751230212023299999999999999 2 51121437 2999999999999999
163125100 94110141180217243247227185131 77 35 16 21 49 9414719823324422824 819ZL 841248215424599999999999999 245 941517 1599999999999999
190143101 78 80105146192234259258230179117 59 21  9 25 6211517222124924924 820ZL 929262222925399999999999999 325 761555  999999999999999
219171117 77 61 72105153204246268260223166101 47 17 16 41 8614219723925524 821ZL101526923 225599999999999999 4 5 611632 1399999999999999
241201146 93 59 51 71110161212251265251209150 90 46 28 37 7011717021724624 822ZL11 1265233625199999999999999 445 5017 8 2799999999999999
249224177122 75 50 51 76117166213244252232190137 87 57 51 6910414819222724 823ZL1147253999999999999999999999 527 471743 5099999999999999
242233201154105 67 51 58 84122166204228230209172130 95 78 8310413617220424 824ZL 0 8242123523299999999999999 611 511816 7899999999999999
224228212179138 97 70 61 70 9212415918820420418816013211110611613516018424 825ZL 040229132920699999999999999 659 61184910699999999999999
204213209192164131101 81 74 81 9712114616718018217315714213313314215617124 826ZL 113213143918299999999999999 758 74192613299999999999999
185194197193180159135112 95 87 88 9611112914716016816816315715315315716224 827ZL 156197163416999999999999999 924 86202615399999999999999
169175181184184177164146125107 94 88 89 9811413215016517317517216716215824 828ZL 3251851847175999999999999991118 87999999999999999999999
156158163170179185184175158135112 92 80 78 8610412715217318618818217015724 829ZL 529185194518999999999999999 0 01561242 7899999999999999
146142144153166182194197188167138108 82 68 67 7910313316418920019818316224 830ZL 646197201920199999999999999 1121411335 6599999999999999
142128125132149171193208210196168131 95 67 55 60 8011315018420621219917424 831ZL 738211204721299999999999999 1471241413 5499999999999999
144120109112128154183209223219197160116 76 52 47 61 9213217320522121519024 9 1ZL 819224211322199999999999999 2161081444 4699999999999999
155121 98 94107133166200224233220188142 95 58 42 48 7411315819822322620724 9 2ZL 855233213822899999999999999 245 931513 4199999999999999
171130 97 81 87110145183216236235211170120 75 47 42 61 9714118621923222024 9 3ZL 92823822 223299999999999999 314 811541 4199999999999999
189146104 78 73 89121161199228239227194147 98 60 45 55 8412617221023122824 9 4ZL 959239222423399999999999999 342 7216 7 4599999999999999
203162118 82 66 74100137178213233233211171123 81 57 56 7811415819822523124 9 5ZL1030236224523299999999999999 410 661631 5399999999999999
214178134 93 68 65 82115154191219229218189147105 75 65 7710714618621622824 9 6ZL11 022923 522899999999999999 438 631655 6599999999999999
219191150108 77 64 72 97131167198216217198166128 96 80 8410513817420422224 9 7ZL1130219232522399999999999999 5 6 641719 7999999999999999
220200165126 91 71 69 85112144175197206198177148119 99 9510813316319221124 9 8ZL12 2206234721699999999999999 535 681743 9499999999999999
216204178144110 85 74 80 9912415017418819018016113811911111613215517919824 9 9ZL1240190999999999999999999999 6 7 7418 811199999999999999
207202186160130104 87 84 9210912914916417317316515313913012913715116818324 910ZL 012207133017499999999999999 645 84183712899999999999999
193195188172150127108 96 9410011212513915015816116015514914514615115916924 911ZL 044196151316199999999999999 741 94192214599999999999999
17718318417816715213311710510010010511312313514715716416716516115815615624 912ZL 13918418 016799999999999999 926 99222015699999999999999
159165172177178174162146127111 98 90 89 9510712514516417818418117115914824 913ZL 34617819 7184999999999999991140 89999999999999999999999
142144152165178188189180160135109 86 72 69 77 9612315418119920219217114824 914ZL 537190194420399999999999999 0201421248 6999999999999999
129121126142165189206210199172136 98 68 50 49 65 9413317320522021619315924 915ZL 646211201722199999999999999 1 81211334 4799999999999999
126103 97110138173207229233215177129 82 46 31 37 6310415319923023822018224 916ZL 740234204923899999999999999 148 971413 3099999999999999
136 96 74 76100140186227251251224175117 64 29 20 36 7412518022525024521224 917ZL 829254212125199999999999999 225 721451 1999999999999999
161106 65 49 61 96147200245267260223166102 49 21 22 50 9615320824725924024 918ZL 916268215326099999999999999 3 4 491527 1899999999999999
193132 75 39 32 55 99156213256273258213151 89 44 27 39 7512718323125825624 919ZL10 1273222526199999999999999 343 3116 3 2799999999999999
222167103 50 23 27 57107165220257266244196137 83 51 47 6810815820724325524 920ZL1047267225725599999999999999 423 211638 4599999999999999
239197139 80 37 21 33 67116171218246247222177127 87 69 7610314118322024124 921ZL1132250232724499999999999999 5 4 211712 6999999999999999
240215171117 69 38 31 47 80124170207225221197161124100 9610913516719721924 922ZL1220226235622799999999999999 546 311744 9599999999999999
227217190150107 71 51 49 65 9312716118719919417715213112012413815918019724 923ZL1314199999999999999999999999 633 48181412099999999999999
207206194171140109 83 70 70 8110012414716517417416515314414114715716817924 924ZL 025208142817599999999999999 731 69184614199999999999999
186189186177162142120102 90 86 9010011413014515716316416115915815916216424 925ZL 059189164016499999999999999 9 0 86194915899999999999999
167169171172171164152136119104 94 90 9310311713415116517217417016515815324 926ZL 3 517218451749999999999999911 3 90999999999999999999999
149149153160169175175166150129108 91 83 83 9411213515817618518417416014524 927ZL 528176192318699999999999999 0331491225 8299999999999999
134130133143159176188189178157129101 81 72 76 9211814717419219718816814424 928ZL 638190194919799999999999999 1 61301312 7199999999999999
124112112123143168190203201184154119 87 67 63 7510013416819520720218115124 929ZL 724204201320899999999999999 1311101345 6299999999999999
120 99 92101123152183207216207180142102 71 56 62 8411815719221321519716424 930ZL 8 2216203621799999999999999 156 921414 5699999999999999
126 94 77 80 99131168201221223204168123 83 58 54 701031441842142242121812410 1ZL 835225205822499999999999999 222 761441 5299999999999999
138 97 70 63 77107146186217231222192148102 67 53 62 901301732092282241972410 2ZL 9 7231212022999999999999999 249 6315 7 5399999999999999
155108 71 53 58 83122165204228231212173126 84 60 59 801171612002262302112410 3ZL 938233214123299999999999999 316 521532 5799999999999999
172124 79 51 46 63 97140183217231223194151106 74 64 761071481892202322202410 4ZL10 923122 123299999999999999 343 451557 6399999999999999
188142 94 58 42 49 76115159197221225207172130 94 74 771001361762092282252410 5ZL1039226222222999999999999999 410 421622 7399999999999999
200160113 71 47 44 61 94134173203217211186151115 91 85 991271631962192232410 6ZL1111217224422499999999999999 437 421647 8499999999999999
208175133 91 59 47 54 78111148180200204192166136110 981031231511812052162410 7ZL114420523 821699999999999999 5 6 471712 9899999999999999
209186152113 79 59 56 70 941241531771881871731521301151131241441681892032410 8ZL1223189233420599999999999999 539 55174011299999999999999
204191167135104 79 67 70 841051281501661721701611471341281311411571731862410 9ZL1316173999999999999999999999 619 67181312899999999999999
192188175155130106 88 80 82 92107123139151158161158152146143145151159167241010ZL 0 8192145916199999999999999 715 7919 914399999999999999
174177175167153135116100 91 88 91 99111124138151161166165160155150147148241011ZL 1 8177172116699999999999999 855 88221814799999999999999
152158165170170163150131112 95 85 81 85 96112133154172181181172157142131241012ZL 3341711827182999999999999991059 81235712899999999999999
128132144160175183182168145118 92 73 65 69 84109139169191200194174147122241013ZL 52218419 5200999999999999991212 65999999999999999999999
105102113135162188204204186155117 82 57 49 57 81116156192214217199165125241014ZL 630206193821899999999999999 04410213 0 4999999999999999
 92 74 77 98133172207226224200158110 68 42 38 55 89134180217234225192144241015ZL 725228201023499999999999999 123 731341 3799999999999999
 94 58 45 57 90137186227246239205154 99 56 34 38 65108160207239245222175241016ZL 814247204324799999999999999 2 1 451420 3299999999999999
115 61 27 22 45 89145201242258244202145 89 49 36 50 85134187231253245208241017ZL 9 2258211625499999999999999 240 201458 3699999999999999
149 85 32  6 10 42 94155212250260239192134 82 51 49 71112162210244253233241018ZL 949261214925499999999999999 321  41535 4699999999999999
185122 59 14 -3 11 49104164216248250224176123 82 63 71 99141186224245242241019ZL1035253222224799999999999999 4 2 -31611 6399999999999999
211159 98 43  9  2 22 62114169212235231203160118 89 83 98128164200226234241020ZL1121236225323499999999999999 444  11646 8299999999999999
221186137 84 40 17 18 40 77123167200214206182148119103106124150178202216241021ZL12 9214232521799999999999999 528 15172010299999999999999
214196164122 81 50 35 40 60 90126159182190183165143126121128144163181193241022ZL13 2190235619899999999999999 615 35175412099999999999999
198192175149118 88 66 57 61 76 98124147163170167157145137136142152163172241023ZL1411170999999999999999999999 711 57183313599999999999999
177177173162145123102 85 77 78 86100117134148157160157152147146147149152241024ZL 038178155416099999999999999 827 7620 214699999999999999
155158161162158149134117101 90 85 88 97110127143156163164160153146140136241025ZL 24416217391649999999999999910 9 85234713599999999999999
135138144153160163158146128109 94 85 84 92107127147164173173165151136123241026ZL 4541631830174999999999999991133 83999999999999999999999
116116124137153167174169155132108 89 79 79 91111137161178184178162139117241027ZL 6 717419 118499999999999999 0311151226 7899999999999999
101 96101117139162180186178157129100 80 72 78 97124154179193192176149118241028ZL 657186192619599999999999999 1 0 9613 3 7299999999999999
 92 78 79 94119149176194196181152118 88 70 69 84111144176198204192164127241029ZL 737197195020499999999999999 127 771335 6799999999999999
 92 68 60 70 95129164192206200176141104 76 65 73 98132168197211205180142241030ZL 813206201321299999999999999 155 6014 4 6599999999999999
 99 65 47 50 71105145182207212197165125 89 68 67 86119157192214216196159241031ZL 847213203621899999999999999 223 461433 6599999999999999
113 71 42 35 48 79121164198216212188149109 78 67 781061441822112222101782411 1ZL 920217205922299999999999999 251 3415 1 6799999999999999
132 84 46 27 32 56 94139181210218204172131 95 74 74 951291692032222191942411 2ZL 952218212422399999999999999 319 261529 7199999999999999
153103 58 30 23 38 70113157194213212190154115 87 77 891161531892152222072411 3ZL1025215214922299999999999999 348 221557 7799999999999999
172126 78 41 23 27 50 87130170198209199172137105 87 881071381732022172122411 4ZL11 0209221721799999999999999 418 221626 8599999999999999
188149103 62 34 27 39 67103142175195197182156126103 951041271561842042092411 5ZL1138198224720999999999999999 451 271657 9599999999999999
196168129 88 55 37 37 54 811151471721841821671451221081081201421651861972411 6ZL1221185232119899999999999999 528 35173210699999999999999
195179151117 83 57 46 50 67 911191441621711691581411261181211321481651792411 7ZL1318172999999999999999999999 613 46181611899999999999999
184180166142114 86 66 58 62 75 941161361521611631571461351281281341441552411 8ZL 0 6184144116399999999999999 710 58192912799999999999999
165170169160143120 97 78 68 68 76 911091281451591651631541431321261251302411 9ZL 122171161616599999999999999 830 67213912599999999999999
139150160166164152133110 88 74 68 72 84102124147165175174163145127112105241110ZL 31816617251769999999999999910 4 68231310599999999999999
108119137156170176168148122 95 74 64 65 78101129157180190186167139110 88241111ZL 4551761812191999999999999991121 63999999999999999999999
 78 84102129158182192185163130 96 70 57 60 78106141175199206193163123 84241112ZL 6 7192185220699999999999999 0 9 781218 5799999999999999
 58 50 61 89127166197210202174134 94 65 53 60 84120160196217216192149 99241113ZL 7 7210192922099999999999999 054 5013 6 5399999999999999
 54 28 24 44 82130177212225213179133 90 61 53 67 98139182215230219183130241114ZL 8 122520 623099999999999999 138 231351 5399999999999999
 72 26  3  7 36 82137188224234216177128 85 60 59 80116160201229235213167241115ZL 852234204323699999999999999 221  11433 5799999999999999
107 47  5-12  0 35 88146197229234212169121 83 65 71 97136179215235230199241116ZL 940236212023699999999999999 3 4-121513 6499999999999999
147 85 29 -7-16  3 43 97154201227226200158114 83 75 88117154192220231217241117ZL1028230215723199999999999999 349-161553 7499999999999999
181127 69 21 -7 -8 15 56108159199217211183145109 88 88105134168198217218241118ZL1114218223422099999999999999 433-111631 8599999999999999
199161111 60 21  3  8 33 72118161191202192166134108 96102121147174195205241119ZL12 0202231220599999999999999 517  217 9 9699999999999999
200179144101 60 31 20 28 52 87125158179184173151127111107115133153172185241120ZL1248184235118999999999999999 6 3 20174710699999999999999
189181161131 97 65 45 40 49 70 98127152166168159143126116116124137150162241121ZL1340169999999999999999999999 651 39183211599999999999999
170171164149125 99 76 61 58 66 83105127145156158152140129121120125132140241122ZL 041171144315999999999999999 744 58194012099999999999999
148154156153143126106 87 75 72 78 91108126142152155151142132123118118120241123ZL 159156155515599999999999999 849 72214311799999999999999
126133141148149143131114 97 85 81 84 95110127144155159155145132119108103241124ZL 34314917 11599999999999999910 3 81232410399999999999999
104110121135146152149138121104 90 84 86 97114133151163166160145126106 92241125ZL 5121521750166999999999999991112 83999999999999999999999
 85 88 98116135151159157145125105 89 83 87101122144163174173160138112 88241126ZL 619160182617599999999999999 015 8512 6 8399999999999999
 72 67 75 93117142161170165149125102 85 81 90109134159178184176154124 92241127ZL 710170185718499999999999999 053 671250 8199999999999999
 66 52 53 68 94125154174180170148119 95 81 81 96122151176191190172141103241128ZL 752180192719299999999999999 126 511327 7999999999999999
 68 44 36 45 69103139169187187170141110 87 78 85107138169192200189161121241129ZL 831189195620099999999999999 158 3614 2 7899999999999999
 79 45 26 26 44 76116155184196189164130 99 80 78 94122157187204202181143241130ZL 9 7196202620699999999999999 230 231436 7699999999999999
 98 55 25 14 23 50 89132171195200184153117 89 76 831061401742002101981672412 1ZL 943201205821099999999999999 3 3 1415 9 7699999999999999
123 75 34 11  9 27 61104148183201197174139105 82 78 921211571892082091882412 2ZL1020202213121199999999999999 336  71543 7799999999999999
150102 55 20  5 11 37 75120161189199188161126 96 80 841051361701972092012412 3ZL105819922 720999999999999999 412  51618 7999999999999999
174131 83 41 13  6 20 50 90132168189192176147115 91 84 941181481781992032412 4ZL1138193224620499999999999999 449  61655 8499999999999999
190158116 71 34 14 14 32 64102139169184182164136109 92 911041271541791932412 5ZL1222185233019599999999999999 530 121736 8999999999999999
193176145105 65 35 21 26 46 76110142166176172155130108 96 971101301531722412 6ZL1312177999999999999999999999 614 211825 9599999999999999
183181165136100 66 41 32 39 58 85115142162170166150129110 99 991091251442412 7ZL 02218414 817099999999999999 7 3 321929 9899999999999999
160171170158133103 73 53 45 52 69 92118142160168164150130110 97 94 991122412 8ZL 129172151116899999999999999 8 0 452053 9499999999999999
129146160164156137111 85 65 58 62 76 97121144162171167152130107 89 80 822412 9ZL 253164161417199999999999999 9 8 572219 8099999999999999
 93112134152163161147123 98 77 67 69 81101125149169178173155128 98 74 60241210ZL 4221641712178999999999999991021 672330 5999999999999999
 60 73 96124150167171159137110 87 74 73 85105132158179187180156121 84 54241211ZL 54417118 3187999999999999991132 72999999999999999999999
 37 38 54 83119152175183173149119 92 77 76 89112141170191197184153111 66241212ZL 655183185119799999999999999 028 351234 7599999999999999
 32 15 18 40 76118158186195184156123 93 77 78 93120152182202205185147 97241213ZL 756195193720699999999999999 121 141329 7599999999999999
 48 12 -3  4 32 74123167196204189158121 91 76 80 99130164194211208182137241214ZL 850204202221399999999999999 210 -41418 7599999999999999
 82 31 -3-15 -2 31 79131176204208189153115 86 75 83107140175203215206174241215ZL 94020921 621599999999999999 258-1515 3 7599999999999999
124 67 18-13-19  0 38 89141184207205180143105 81 76 89117151184208214198241216ZL1025209214821499999999999999 344-201545 7599999999999999
161109 54  9-15-14 10 52103152189204195167129 96 78 79 98128160189207206241217ZL11 8204222920999999999999999 428-171624 7699999999999999
185145 94 44  7 -9  0 28 70118160188195180149115 88 78 86108137166189199241218ZL114719523 920099999999999999 5 9 -917 2 7899999999999999
193168128 81 39 11  5 19 50 90131165183181162133104 85 82 95117143166182241219ZL1225184234818799999999999999 548  41739 8199999999999999
187176150113 73 39 22 24 42 73108141165173166146120 97 86 88102122143161241220ZL13 2173999999999999999999999 625 201818 8599999999999999
171171158133101 70 46 38 45 65 93122146161163153133112 95 89 93105121137241221ZL 029172133916499999999999999 7 2 3819 4 8999999999999999
150157155143122 96 73 58 56 66 84108130148157155144126109 96 91 94103115241222ZL 117157141915799999999999999 741 5520 5 9199999999999999
127137143142133117 98 82 72 73 82 98117135148153150139124108 96 90 90 95241223ZL 22114315 715399999999999999 827 712130 8999999999999999
103114125133135130119105 93 86 86 94107122138149153149139123107 92 83 79241224ZL 34813516 315399999999999999 928 8523 2 7999999999999999
 82 91103117128135134127115103 95 94 99111126141152156152140122102 83 71241225ZL 52513517 1156999999999999991043 93999999999999999999999
 65 68 79 96115131141143137124110 99 96100113129146158162156140117 92 70241226ZL 643144175416299999999999999 0 9 651156 9699999999999999
 55 50 56 72 94119140153154145129111 98 94100115135155168170159137108 77241227ZL 739155184017099999999999999 058 501254 9499999999999999
 52 37 35 47 69 99129153166164150128106 92 89100120145167179177160130 94241228ZL 823167192318099999999999999 140 341341 8999999999999999
 59 33 21 24 42 73109144169178170149121 97 84 86102129157180189182157119241229ZL 9 217820 418999999999999999 218 201422 8299999999999999
 77 40 15  7 17 44 82124160183186170141109 85 76 85108140171193198183149241230ZL 940187204519899999999999999 256  715 1 7699999999999999
105 58 20 -1 -2 17 52 96141176193188164129 95 73 71 87117153185203202179241231ZL1016194212720699999999999999 333 -41538 6999999999999999
