 18 25 37 55 81107121123121115103 89 84 89 97106118130132122105 87 66 4424 1 1A8 6441231740133999999999999991158 84999999999999999999999
 31 30 39 53 73 97116124122117107 94 84 81 86 93101112120118109 95 80 6324 1 2A8 717124182212099999999999999 032 291246 8199999999999999
 48 42 45 55 70 90109122125121113101 88 80 78 81 87 95103108106 99 89 7724 1 3A8 752125191210899999999999999 1 7 421347 7899999999999999
 66 58 57 62 72 86104118126125119108 95 83 76 73 74 78 85 93 97 97 93 8824 1 4A8 8261262028 9799999999999999 141 561518 7399999999999999
 81 75 72 72 78 87100114125128125116104 91 78 70 65 63 67 74 82 88 92 9424 1 5A8 9 01282314 9499999999999999 217 711645 6399999999999999
 93 91 88 86 87 91100111122129130125115101 86 72 60 53 51 55 63 74 84 9324 1 6A8 937130999999999999999999999 310 861750 5199999999999999
 99103103102100 99102109119127132132126114 99 80 62 48 39 37 42 54 69 8424 1 7A8 136104102413399999999999999 435 991845 3799999999999999
 98109115116113109108110116123131137136128114 96 73 50 33 24 24 31 47 6824 1 8A8 243116112213799999999999999 5531081933 2399999999999999
 89106119126126121115113115119127136143141131114 91 63 36 18 10 12 22 4324 1 9A8 331127122114399999999999999 6541132018 1099999999999999
 70 96115128134132123115114117121129142150147133113 86 53 22  4  0  3 1724 110A8 416135131415199999999999999 74211421 0  099999999999999
 44 77104121133139133120112112116120133150158151133110 79 41  9 -5 -6 -124 111A8 5 113914 215899999999999999 8231112138 -799999999999999
 17 51 87111125136139128112105108112119136157163151130106 71 30  1 -8 -624 112A8 545139144816399999999999999 9 21052211 -899999999999999
  2 25 63 98117127136134117100 97102107117140161162146125100 63 22 -1 -424 113A8 626137153316599999999999999 942 962240 -499999999999999
  1 11 39 79109121128133125103 87 88 95100114141159155137119 93 55 19  524 114A8 7 41331618160999999999999991025 862310  599999999999999
  8 14 28 60 97119124127128113 88 76 80 86 93110137151142126110 86 50 2324 115A8 73812917 41519999999999999911 9 752342 1899999999999999
 19 26 34 51 83114126126126121100 75 67 72 77 84104128137127114102 80 5124 116A8 7 81271753137999999999999991158 67999999999999999999999
 35 38 47 57 76106128132128124112 88 66 60 64 67 75 95115119112104 95 7824 117A8 645133184612099999999999999 016 341254 6099999999999999
 59 52 60 70 81 99123137136128120104 80 62 56 56 58 66 83 99103 99 97 9324 118A8 720138195010399999999999999 052 5214 8 5699999999999999
 82 72 72 81 91101118135142137127116 99 77 60 52 49 49 55 70 84 90 91 9424 119A8 8 01422349 9699999999999999 129 711638 4899999999999999
 95 92 88 91 99107116128140143136126115 98 77 59 47 41 40 45 58 72 82 8924 120A8 846143999999999999999999999 2 9 881749 4099999999999999
 97103104104106111118124132140142136127115 99 78 57 42 33 31 36 48 65 8024 121A8 9441429999999999999999999991853 31999999999999999999999
 93104113116115114117122126131137141138129118101 78 53 34 25 23 29 43 6424 122A8 3 311611 414199999999999999 4451141948 2399999999999999
 85100113123125120116117120123127135142141132120101 74 45 25 18 17 25 4324 123A8 347125122414399999999999999 6201152032 1799999999999999
 70 94110121129129120112112115117123136146145134119 98 67 35 16 12 14 2524 124A8 427130132414899999999999999 72711121 2 1299999999999999
 49 81105118127132127113104105109112122140152147133115 90 55 24 10 10 1624 125A8 5 5132141315299999999999999 8181032127  999999999999999
 31 61 95116124129130119102 94 98104110125146155145127108 79 42 15  8 1224 126A8 539131145615599999999999999 9 2 942156  899999999999999
 22 43 78109123126128124107 89 85 93100110131150153138119 97 65 30 11 1124 127A8 6 5129153615499999999999999 942 852227  999999999999999
 20 34 62 97121127126124113 92 78 79 89 98113135150145127108 84 52 24 1424 128A8 5 41271614151999999999999991021 772258 1499999999999999
 21 33 53 83114129128124116 98 78 70 76 86 98117137143133115 96 71 42 2524 129A8 5241301652144999999999999991059 702328 2399999999999999
 25 36 51 75104126132126118104 83 68 66 74 85 99118133132120104 85 61 4124 130A8 5511321728134999999999999991137 652356 3499999999999999
 34 41 54 73 97121133131122109 90 71 62 64 73 84100116124119108 94 77 5924 131A8 61813418 6124999999999999991214 61999999999999999999999
 48 50 60 74 94116132135128115 98 79 64 59 64 71 82 97110113108 99 88 7524 2 1A8 643136184811399999999999999 020 471254 5999999999999999
 64 62 69 80 94112129137133122107 89 71 60 58 62 68 79 92101102 99 94 8824 2 2A8 7 8137194110399999999999999 042 621343 5899999999999999
 80 76 79 87 97110125136137129116100 82 67 58 56 58 62 72 83 91 94 94 9524 2 3A8 7361382255 9599999999999999 1 3 761457 5699999999999999
 94 91 92 97104111121132137134124112 97 80 65 56 51 50 53 62 72 81 88 9424 2 4A8 8 9137999999999999999999999 124 911650 5099999999999999
100104105107111115120127133136132123111 97 80 64 51 43 39 41 49 62 74 8724 2 5A8 8541369999999999999999999991815 39999999999999999999999
 99110116118118119121123127132135132126115101 81 61 44 32 26 27 37 53 7124 2 6A810 21359999999999999999999991920 25999999999999999999999
 90107120127127124122121121125130136137133122105 82 56 33 18 12 15 27 4824 2 7A8 333128114613799999999999999 7 31212013 1299999999999999
 74 97116129134131123116115116120129140146141128108 81 49 21  6  2  7 2324 2 8A8 4 713413 414699999999999999 8 01152058  299999999999999
 51 82107123134136127113105105108114129147155148131109 77 39 10 -1 -2  524 2 9A8 443137135915599999999999999 8301052133 -399999999999999
 27 62 96117128136133116 97 91 94 98109132155161149131107 70 30  4 -1  224 210A8 519136144616199999999999999 9 1 912155 -199999999999999
 13 40 80111125131134123 98 78 76 82 88105135159160145128102 62 23  7  924 211A8 552134153016399999999999999 937 752216  699999999999999
 15 29 63103126130131128108 77 60 63 71 79103137157152137121 95 54 24 1824 212A8 6181311614158999999999999991015 592242 1899999999999999
 26 34 53 90125136132128118 89 57 46 53 61 73101135148138126113 86 51 3324 213A8 5 01361658148999999999999991057 462312 3299999999999999
 38 49 59 82118141141131123104 71 43 39 47 54 69 99127133123115104 80 5524 214A8 5261441743133999999999999991140 382343 4899999999999999
 49 61 73 85109139150141128115 91 58 38 38 44 50 66 94114116108104 97 7924 215A8 5581501832117999999999999991228 36999999999999999999999
 65 70 84 96109130150151137123107 82 54 39 40 43 48 64 86100100 97 97 9424 216A8 633153192810199999999999999 015 651324 3899999999999999
 84 81 90103113125141152147132117101 78 56 45 43 43 47 59 76 86 88 91 9524 217A8 7111522346 9799999999999999 047 801455 4399999999999999
 97 95 97106116124132142146139126114100 81 63 51 46 43 44 53 66 76 82 9024 218A8 752146999999999999999999999 114 941718 4299999999999999
 98104107110116122127131136137132124114103 88 70 55 45 39 39 46 58 71 8324 219A8 8431389999999999999999999991834 38999999999999999999999
 94106114117117119121122124127129129125119109 94 74 54 40 33 33 39 53 7124 220A810251309999999999999999999991934 32999999999999999999999
 89103115122123118114113114115118125131131124113 96 72 48 32 26 27 36 5524 221A8 336123122813299999999999999 6541132018 2699999999999999
 79100113122127123112104102104106113127137137128115 94 65 38 23 21 25 3824 222A8 4 6127132713899999999999999 7461022045 2199999999999999
 63 92112121127127117100 91 91 95100113133144140128112 87 53 27 18 21 2824 223A8 435128141114499999999999999 821 9021 7 1899999999999999
 47 78108122126127121104 84 78 82 88 98119141148138124105 75 40 20 18 2624 224A8 455127145114899999999999999 856 782133 1799999999999999
 38 64 98122128126123109 86 68 68 76 84101127147146132116 94 61 31 20 2624 225A8 359128152814999999999999999 930 6622 1 2099999999999999
 37 55 86117132130123113 92 67 56 61 72 85107134146139124106 81 49 29 2824 226A8 41513216 41469999999999999910 5 562229 2699999999999999
 39 54 78109132135127116 98 72 52 49 59 71 89115137140129114 95 68 44 3624 227A8 4391361639141999999999999991038 482255 3699999999999999
 43 57 75102129140133120104 80 54 42 47 59 73 96121134130119105 85 61 4824 228A8 5 214017141349999999999999911 9 422318 4799999999999999
 50 62 77 98124141140127110 89 62 43 40 48 60 78101121126119109 97 78 6224 229A8 5251431748126999999999999991140 392340 5999999999999999
 60 69 82 97119139144134118 98 73 50 39 42 51 63 82103116115109103 92 7824 3 1A8 5471441826117999999999999991212 38999999999999999999999
 71 77 88100115134145140125107 86 62 44 40 45 53 65 82 99106105102 99 9224 3 2A8 612145191210799999999999999 0 1 711250 3999999999999999
 85 85 95105115128140143133116 98 78 58 45 43 47 53 63 78 90 95 96 98 9924 3 3A8 6411442254 9999999999999999 024 841340 4399999999999999
 97 96101110118125133140137125110 94 77 59 48 45 46 48 56 68 79 85 91 9824 3 4A8 715140999999999999999999999 046 9615 9 4599999999999999
104107109114120124127132135131121109 96 81 65 52 45 40 39 44 55 67 78 9024 3 5A8 7581359999999999999999999991745 39999999999999999999999
103113118120122123123124127129127121114103 88 70 53 40 31 28 32 44 60 7724 3 6A8 9 81299999999999999999999991858 28999999999999999999999
 95111122126125121117115115118123127128124113 97 75 52 32 20 17 23 37 5924 3 7A8 312126114012899999999999999 7301141952 1799999999999999
 83104119128129122111104101103109120132138134122103 76 46 23 12 12 20 3824 3 8A8 33613013 513899999999999999 8 41012033 1199999999999999
 67 96116126131126110 93 85 85 89100120141148141127106 74 39 17 11 14 2524 3 9A8 4 5131135814899999999999999 822 8421 0 1199999999999999
 50 85113126130129116 90 69 65 69 76 93123149154143129106 69 34 18 20 2524 310A8 430131144215499999999999999 848 652118 1799999999999999
 39 71109129132130123 99 65 46 48 55 65 91129153151140127102 63 33 28 3624 311A8 339132152415599999999999999 921 452141 2799999999999999
 43 62 99132140133126111 76 40 28 35 44 58 92132149143133123 95 58 40 4624 312A8 35014116 615099999999999999 958 2822 9 3999999999999999
 57 66 90127150145130118 94 54 22 19 29 38 57 96131139131125115 88 59 5424 313A8 4161501648140999999999999991037 172240 5399999999999999
 68 79 91117149157142125108 77 37 14 18 27 37 60 98124125118116106 83 6624 314A8 4471581731127999999999999991118 132312 6699999999999999
 73 89 99113139160156135117 97 63 30 17 23 30 41 65 97113111108108 99 8324 315A8 52016118171139999999999999912 2 172344 7899999999999999
 79 91106116130150159147126108 87 57 32 26 31 36 46 68 91100 99 99102 9724 316A8 5561591911100215510299999991252 262021 9899999999999999
 90 93106118126137150150136118102 83 59 42 38 40 42 51 67 82 89 91 9510024 317A8 632152232610099999999999999 016 891357 3899999999999999
100 99105115123128135141137125112 99 84 67 54 48 46 45 51 62 74 82 88 9624 318A8 711141999999999999999999999 042 991636 4599999999999999
103106108112117121123126128125118110102 91 77 64 54 47 44 48 57 68 80 9124 319A8 7581289999999999999999999991758 44999999999999999999999
101109114114114113113112113115116116113108 99 85 69 53 44 40 44 53 67 8424 320A8 250114101811699999999999999 6331121859 4099999999999999
 98109116119116109103100100101106114120120114104 88 67 48 37 36 41 53 7224 321A8 257119123012199999999999999 7421001939 3699999999999999
 94109117121120110 97 88 86 88 92102117127126119107 87 60 40 33 35 43 5924 322A8 321122132312899999999999999 748 8620 7 3399999999999999
 84107120123122115 98 80 72 74 78 87105125134130120105 80 51 34 32 39 5024 323A8 32612314 413499999999999999 811 722033 3199999999999999
 72101122126124118103 79 61 59 64 72 88113134138130118 99 70 43 33 38 4824 324A8 253126144213999999999999999 841 5821 1 3399999999999999
 64 92120132128120108 84 58 45 49 58 71 95124140137126113 90 60 40 40 5024 325A8 3 9132151814199999999999999 912 452129 3899999999999999
 62 84114135135125111 91 62 39 35 44 56 76106132140133122105 79 54 46 5324 326A8 331137155314099999999999999 942 342155 4699999999999999
 65 81108133142132117 98 70 41 27 31 43 59 85116135135127116 96 71 56 5824 327A8 3531421627137999999999999991012 262220 5599999999999999
 69 82103129145141124105 80 49 26 22 32 45 66 97123132127120109 88 69 6524 328A8 41614617 1132999999999999991040 212242 6599999999999999
 75 86101123144147133113 91 62 33 19 24 36 51 76105123124120114102 84 7424 329A8 43914917341259999999999999911 9 1923 5 7499999999999999
 80 91102118139150142122101 76 47 25 21 30 41 58 83107117115113109 97 8524 330A8 5 41501811117999999999999991140 202330 8399999999999999
 85 95106116131146147131111 90 65 39 25 27 36 46 62 85102107106107105 9724 331A8 53214920 6107999999999999991218 242358 9399999999999999
 93 98109117125137145138121102 82 59 39 31 34 40 48 62 81 93 9710010410524 4 1A8 6 514522411069999999999999913 6 31999999999999999999999
102103110118123128136138128113 97 80 61 45 39 39 41 46 57 72 82 89 9610524 4 2A8 642139999999999999999999999 0271021421 3899999999999999
109110112117121122124129128121109 98 85 69 54 45 40 38 40 49 62 75 86 9824 4 3A8 7291299999999999999999999991712 38999999999999999999999
109116117117116115113114117119117112105 95 80 63 49 39 33 34 42 57 73 9024 4 4A8 238117 85511999999999999999 6141131824 3299999999999999
105116121120114107101 98100105112118120116106 90 70 50 35 29 31 41 58 8024 4 5A8 213121115012099999999999999 7 9 981914 2999999999999999
100115123124117102 88 80 80 84 93109124130126116 98 74 48 33 30 34 46 6824 4 6A8 23812413 313099999999999999 739 791949 3099999999999999
 95116125126122106 82 64 58 61 68 84110132138133123104 74 47 36 38 45 5924 4 7A8 249126135413999999999999999 8 1 582012 3699999999999999
 86115131131125114 88 56 38 38 44 55 80116140142136127106 72 48 46 53 6024 4 8A8 226132143714399999999999999 828 362036 4499999999999999
 78110137141132121102 65 30 17 23 31 47 82123142140135127103 70 55 62 7124 4 9A8 241142151814399999999999999 9 2 1721 5 5599999999999999
 79101135153145128113 85 42  9  5 15 24 46 88127138134132124 98 70 67 8024 410A8 3 8153155813899999999999999 938  42137 6599999999999999
 89 99125155160141121102 66 22 -1  3 13 24 52 96126129126127117 92 75 8224 411A8 3391621638130999999999999991017 -22210 7599999999999999
 97105118145165157133113 89 50 12  0  8 17 30 62100120119118120109 89 8324 412A8 4131661721121194912099999991057  018351182245 839999999
 97110118133155164147123104 78 41 13  9 17 25 40 71100111109112113103 9124 413A8 4491642042113999999999999991141  82321 9099999999999999
 93108118126140155154135114 95 70 40 22 22 28 35 50 76 9610210210610710124 414A8 5261572139108999999999999991229 212358 9699999999999999
 96102114121128139146139122106 89 68 47 36 35 38 44 57 76 90 95 9910410524 415A8 6 51462248105999999999999991330 34999999999999999999999
103102107115119124130132125113100 88 72 57 48 45 46 50 60 74 85 93 9910424 416A8 646132999999999999999999999 0381011522 4599999999999999
107107106108111112114117117114107100 91 80 68 57 51 49 52 60 72 84 9410324 417A8 7411189999999999999999999991658 49999999999999999999999
109111111107104101100101103105107106103 97 88 75 62 52 49 52 60 72 8710124 418A8 116112101710799999999999999 61510018 0 4999999999999999
110114115111103 94 88 86 87 91 98106110109104 94 79 62 50 48 53 63 77 9624 419A8 144115121411199999999999999 7 3 861844 4899999999999999
111118119116107 92 78 72 72 75 83 97111117115109 98 79 59 49 50 58 69 8724 420A8 142119131211899999999999999 724 711920 4899999999999999
108122124119111 96 75 60 56 60 67 81102119124120113 98 76 57 51 57 66 8124 421A8 140124135612499999999999999 750 561953 5199999999999999
102123130125115101 78 54 42 44 51 63 85111127129123114 95 72 57 58 67 7824 422A8 159130143613099999999999999 819 412024 5699999999999999
 96120136134122107 85 57 34 29 36 47 66 95122133131124112 90 69 62 69 7924 423A8 222137151413399999999999999 849 292054 6299999999999999
 93115137142131114 93 64 35 19 22 32 48 75108129134131123107 85 71 73 8224 424A8 246143155113499999999999999 918 192121 7099999999999999
 93111134147141123102 75 42 17 12 20 33 55 88118132132129120101 82 78 8524 425A8 310148162913399999999999999 947 122145 7799999999999999
 95107128148150134113 88 56 24  9 12 22 38 66100123129128126114 95 84 8824 426A8 33515217 6129999999999999991015  82210 8499999999999999
 98106121143154144123101 74 40 14  8 16 27 46 77107121123124121108 93 9124 427A8 4 21541916124999999999999991046  82238 9099999999999999
100108117133151151134112 90 60 29 12 14 23 34 55 85107115116119116104 9524 428A8 4321542015119999999999999991120 1123 9 9599999999999999
100110116125140151143122102 80 52 26 17 21 29 40 61 8710210711111511310424 429A8 5 615121141169999999999999912 1 17234410099999999999999
101108116120128140144132113 95 75 49 30 25 29 34 44 63 84 9510110711311124 430A8 5431442217114999999999999991252 25999999999999999999999
106107113117119126134133122107 92 75 54 39 35 36 38 46 62 79 91 9910711424 5 1A8 628135232311499999999999999 02710514 8 3599999999999999
113109109111111112116122121114105 95 81 64 50 43 40 41 48 62 78 9110111124 5 2A8 729123999999999999999999999 1341091629 4099999999999999
116115110106102 99 98101108112111108101 90 75 61 50 44 44 51 64 81 9610924 5 3A8 018117 92211299999999999999 544 971735 4399999999999999
117120116106 95 85 80 79 84 94105112114111102 87 70 56 49 50 58 72 9010824 5 4A8 055120115011499999999999999 634 791821 4999999999999999
120124122113 96 77 62 57 60 68 83103117122120112 98 77 61 56 61 69 8310424 5 5A8 1 912413 412299999999999999 7 9 571854 5699999999999999
124132129121106 80 53 38 37 42 54 77105124129127121105 82 67 67 75 83 9924 5 6A8 1 813214 212999999999999999 737 361925 6599999999999999
123140140130116 94 60 29 17 20 28 44 76111130132132127108 84 75 82 90 9724 5 7A8 128142151913299999999999999 8 8 171957 7599999999999999
116142153143126109 79 38  8  3 10 20 42 82118131132135129108 86 85 9610324 5 8A8 15815317 913599999999999999 843  32032 8399999999999999
112134158160141121 99 62 19 -3 -2  7 18 47 91122129130134127104 89 9610824 5 9A8 23316218 513499999999999999 921 -521 9 8999999999999999
114125149167158134113 88 47  8 -6  1  9 23 58 99121124127131121100 9410524 510A8 31016718551319999999999999910 0 -62147 9399999999999999
116121136159167150125105 76 36  5  0  8 16 34 70104118119123125113 98 9924 511A8 3481671942126999999999999991042  02226 9699999999999999
112120126142160159138116 96 67 32 11 11 18 27 48 80105113115119119107 9824 512A8 4271622027120999999999999991127  923 8 9799999999999999
103114121128143153146126108 88 61 34 21 23 29 39 60 8610410911211511310324 513A8 5 71532112116999999999999991216 212354 9999999999999999
 99105113118126137141132116100 82 60 41 33 35 40 51 69 8910210811111310924 514A8 5501412157113999999999999991312 33999999999999999999999
103101104109113119126127119107 95 81 64 50 44 45 49 59 75 9110310911211224 515A8 638127224111299999999999999 0501001422 4499999999999999
109104100100102104108112113109102 93 83 71 60 53 53 57 66 80 9410611211424 516A8 744113231411499999999999999 2251001539 5299999999999999
113109103 97 92 91 92 95 99103104101 96 88 79 68 61 59 63 72 85 9911111724 517A8 943104233711899999999999999 5 4 911647 5899999999999999
118115109 99 88 80 77 78 82 89 97103104101 96 87 75 66 64 70 80 9210711924 518A81143104999999999999999999999 6 9 771743 6499999999999999
123121114104 90 75 65 62 66 72 83 97108111109103 93 80 70 70 78 8810211724 519A8 0 612313 011199999999999999 648 621829 6999999999999999
128129122110 95 76 57 48 49 55 67 84103116119116110 97 83 75 78 87 9811324 520A8 036130135711999999999999999 721 4719 9 7599999999999999
128136131119102 81 57 39 34 39 49 66 90112124126123114 99 85 82 88 9811024 521A8 1 6136144912699999999999999 754 341946 8199999999999999
126140141129112 90 63 37 23 24 32 48 72101122130131127115 99 89 90 9810824 522A8 135142154313199999999999999 826 222018 8899999999999999
122139148141124102 75 44 20 13 18 30 51 82112128133134128113 98 94 9910724 523A8 2 3148164313499999999999999 857 132048 9499999999999999
118135151151136115 90 58 26  9  9 17 32 59 94119130134135126109 9810110824 524A8 231153174013699999999999999 928  72116 9899999999999999
114128147157148128106 77 42 13  5  9 19 37 7010312212813313312110510110824 525A8 3 215718321349999999999999910 0  5214610199999999999999
114121137156158141120 96 65 29  8  6 13 23 46 8010812012513112911510310524 526A8 3361591921132999999999999991035  5222010299999999999999
113118127145158152132111 87 54 23  9 12 18 30 55 8710811612212812311010324 527A8 41215820 9128999999999999991113  9225810399999999999999
108115119130146154142123104 80 48 23 16 20 25 38 64 9210711312012511810624 528A8 4521542057125999999999999991157 16234410399999999999999
103109114118128142144131115 98 75 48 29 25 29 34 48 72 9410611312012211424 529A8 5371452144122999999999999991247 25999999999999999999999
104102106108111121132132122109 96 76 53 40 37 39 44 58 79 9810911512112024 530A8 631134222712199999999999999 0411021347 3799999999999999
111101 98 97 97100109118120114107 97 81 64 53 50 51 56 69 8810411412012324 531A8 74012023 112399999999999999 312 9715 5 5099999999999999
119108 96 88 84 81 84 93104110110107101 90 77 67 62 63 69 81 9811412312624 6 1A8 933110231512699999999999999 5 6 811618 6299999999999999
125118104 87 74 65 62 66 76 91103110111109102 91 80 74 76 83 9411012413324 6 2A81158111233013499999999999999 559 621712 7499999999999999
133127116 98 75 56 45 44 49 62 82101113117118114103 90 85 90 9710712113624 6 3A81347118999999999999999999999 642 441758 8599999999999999
143139128112 89 60 36 27 28 35 52 78103118124127124112 98 9510211011813224 6 4A8 0 3143151312799999999999999 718 271841 9599999999999999
148152141126107 78 43 19 13 17 26 47 8010912312913413111610310411311912624 6 5A8 043153161713499999999999999 754 13192410199999999999999
143159157141123100 66 28  7  6 11 22 49 8711512613213813311610511112012424 6 6A8 125161171113899999999999999 832  520 610599999999999999
133153166158137118 92 53 17  2  5 11 25 57 9611912713313913011210611512324 6 7A8 2 7166175913999999999999999 912  2204910599999999999999
126139160168153132112 83 42 11  3  8 15 33 6910512112613313612310710611624 6 8A8 250168184413699999999999999 953  3213310499999999999999
123128144163164146125104 73 35 11  9 15 23 46 8211112212513113011510210524 6 9A8 3321671925132999999999999991035  7221810199999999999999
115121129146161155136116 95 64 31 15 17 24 36 61 93115121124127122107 9924 610A8 41516120 2127999999999999991119 1523 4 9999999999999999
104112118128144153144125108 86 58 33 24 28 36 50 7510211812112312311410124 611A8 45915320301249999999999999912 3 242354 9699999999999999
 96102108115125138141131115 99 79 56 38 34 39 49 65 8810912012212211810824 612A8 5441422018122999999999999991249 34999999999999999999999
 98 94 98103109119127128119106 92 76 58 47 46 52 63 79 9811512312412011424 613A8 633129203712499999999999999 052 941337 4599999999999999
104 95 91 93 96102109115116110100 90 77 66 59 59 65 76 9110812012612511924 614A8 733116211512699999999999999 2 7 911429 5899999999999999
111100 91 86 84 87 91 98104106104 99 92 84 76 71 71 77 8810211612612912524 615A8 9 0106215712999999999999999 348 841528 7099999999999999
118108 96 85 77 73 75 80 88 95101104102 99 93 87 82 82 88 9911112313113224 616A811 2104224013299999999999999 5 8 731631 8199999999999999
126116103 89 75 64 61 63 70 80 91102108110108104 98 92 92 9910912013013624 617A81258110232313699999999999999 6 4 611729 9199999999999999
135126113 97 79 62 50 48 52 62 76 9310711611911811310610010110811712713624 618A81417119999999999999999999999 649 471822 9999999999999999
141137125108 88 66 47 36 36 44 57 77 9811512512912712011110610811512413424 619A8 0 5141151312999999999999999 730 3519 810699999999999999
144146138122102 77 51 31 24 27 38 56 8210612313313613212311311111412113024 620A8 04514716 313699999999999999 8 9 24194811099999999999999
142152150137118 93 63 35 19 15 21 35 60 9011512913814013412211311411912424 621A8 123153165114099999999999999 847 15202311399999999999999
136151159152134112 84 50 22 10 11 18 36 66 9912113214014113111811311612124 622A8 2 2159173814299999999999999 924  9205811399999999999999
127142159163150129106 73 37 13  6  9 19 41 7610712413314113912511211111624 623A8 24116418241429999999999999910 1  6213411099999999999999
121130149164162144124 98 63 28  9  7 12 23 51 8711312413313913411710610924 624A8 32216619 8139999999999999991036  7221410699999999999999
115119131152164156137118 91 54 23 11 13 19 33 64 9711712513213612510810124 625A8 4 51641949136999999999999991112 11225810199999999999999
105110116131152158147129111 84 49 25 20 24 30 48 79107121126132131116 9924 626A8 4501592027133999999999999991149 202347 9599999999999999
 95100103110127145148136121105 80 50 33 33 38 46 65 9411712512813112410724 627A8 5381492058131999999999999991228 32999999999999999999999
 91 88 92 94101118134135125115101 79 57 47 50 56 65 8410912613113112911824 628A8 633136202713199999999999999 044 881310 4799999999999999
 99 84 80 81 82 90106119121116110100 84 69 64 68 75 8510212313513613312624 629A8 739122203713699999999999999 2 5 801355 6499999999999999
112 93 77 70 68 68 76 91105110110109104 94 85 82 86 9310311813414214013424 630A8 921110211814299999999999999 426 681447 8299999999999999
124109 88 70 59 54 54 62 77 93103108111111107100 9810210811712914114714424 7 1A8123611222 914799999999999999 528 541550 9899999999999999
136124106 84 62 47 41 42 50 66 8510011011712111911311011312012713614615224 7 2A8141412123 715299999999999999 624 40165911099999999999999
148138124105 79 52 35 30 31 40 58 8210211512413112912211712012713213915024 7 3A81522131999999999999999999999 715 3018 311799999999999999
157152139124102 72 43 26 22 24 34 56 8510812113113813512411912312913214024 7 4A8 0 7157161613899999999999999 759 2219 111999999999999999
153161155140123 99 65 33 18 17 20 33 60 9311612713614213512211712212713024 7 5A8 1 416117 214299999999999999 839 16195311799999999999999
141158165155138120 92 55 25 14 16 21 37 7010412213013814113011511211912424 7 6A8 154165174514299999999999999 915 14204211199999999999999
128143162166152134114 84 46 20 14 18 26 47 8311412713213913712110610611524 7 7A8 241167182414099999999999999 951 14212810599999999999999
119127147164163146128106 73 37 18 18 24 36 62 98123130133136129110 9810124 7 8A8 3261671858136999999999999991027 162214 9899999999999999
110116128149162155137119 96 63 32 21 26 35 51 80112129132132131118 99 9124 7 9A8 4 916318361339999999999999911 4 212258 9199999999999999
 97106114129148155144127109 85 55 33 30 38 49 69 98124134133130123106 9024 710A8 4511551815134999999999999991140 292343 8799999999999999
 87 94102112128143144132116 99 76 52 40 43 53 67 89114132136132125113 9624 711A8 5341451848136999999999999991216 39999999999999999999999
 85 84 91 99109124133131120107 91 72 57 52 58 70 8610712713713612911910424 712A8 619134192313899999999999999 031 831252 5299999999999999
 89 81 81 86 94105116122119111100 88 75 67 68 75 8710312113514013512511224 713A8 7 9122195714099999999999999 125 801326 6799999999999999
 97 84 78 77 81 88 98107112110106 99 91 84 82 84 9210311813214014013312124 714A8 815112203014199999999999999 235 7714 1 8299999999999999
106 92 80 73 71 73 80 90 98104106106103100 97 97 9910611612813814213913024 715A8102110621 414299999999999999 359 711440 9699999999999999
118102 88 75 67 63 64 71 81 9110010611111211211011011211712513414114313924 716A813 8112214614399999999999999 513 62154611099999999999999
129116100 83 68 57 52 54 62 74 8710011111912312312111912012413013814314424 717A81430123224314599999999999999 616 52172011999999999999999
140130116 97 77 58 46 40 43 53 68 8610411912913313212812412412713314014624 718A81516133235314899999999999999 710 40183812499999999999999
148144133115 93 68 47 33 29 33 46 66 8911112713714113713012512412713314124 719A81558141999999999999999999999 8 0 29193612499999999999999
151155149135114 87 58 34 21 19 25 42 68 9611813414314413712712112212513224 720A8 055155164114599999999999999 845 19201912199999999999999
144158161152135111 80 47 22 12 13 21 43 7510512613814614413211911511812224 721A8 147162172314699999999999999 926 12205511599999999999999
131149165166153133107 72 36 14  9 12 23 50 8611513114014513912110710711224 722A8 23316818 31459999999999999910 1  9213110699999999999999
117131154170166149129101 63 28 12 12 17 32 65102125134141142128106 95 9824 723A8 3171711840143999999999999991028 112210 9599999999999999
104111130157169160143124 94 55 25 18 22 29 49 85118133136140135114 91 8424 724A8 4 21691913140999999999999991054 182252 8499999999999999
 90 95105129155162150135117 87 51 31 32 39 48 72107132138137136125 98 7724 725A8 4471631841138999999999999991124 302337 7499999999999999
 75 81 86 99125148150138126111 82 54 45 51 60 71 97128143142137131113 8524 726A8 5341511819144999999999999991156 45999999999999999999999
 68 68 73 78 93118135135126118105 82 64 64 74 83 9612014315014413512410224 727A8 625137185315099999999999999 027 661230 6299999999999999
 76 62 62 65 70 85107120120115112104 89 80 85 9510411713715315314313211824 728A8 724121193015599999999999999 127 6113 6 8099999999999999
 96 73 60 58 58 62 76 94106108109110107100 9710411312213314715615314213024 729A81059110201315699999999999999 330 581345 9799999999999999
115 94 73 60 54 51 54 66 82 9410110711311511311311812613214015015515114124 730A8125311521 415599999999999999 5 5 51142911299999999999999
130116 96 75 59 49 45 47 57 72 87 9910911912412512412713113614114715215024 731A82216152999999999999999999999 615 44999999999999999999999
143133119 99 76 56 43 38 39 49 67 8610211612713313312912813013413714214924 8 1A81523134234915299999999999999 717 38174312899999999999999
152147137122101 74 50 36 32 34 45 66 9111012413413913512712312512813013824 8 2A816 5139999999999999999999999 8 9 3119 312399999999999999
150156151139124 99 68 42 29 27 31 45 7210112013113914113211911411712012524 8 3A8 1 1156164414299999999999999 847 27195711499999999999999
138155161153139121 93 58 33 24 26 33 52 8411412913614113812310710411011424 8 4A8 154161171914199999999999999 911 24204210499999999999999
122141160163151135115 83 47 26 24 29 40 65101127135137139130109 94 9510324 8 5A8 239165174913999999999999999 937 232123 9399999999999999
109122146164161145128105 70 38 25 29 38 53 84119136138136133117 94 83 8924 8 6A8 32116516341389999999999999910 7 2522 3 8399999999999999
 98107126151162153136119 93 59 34 31 40 52 73106134142137133122101 80 7624 8 7A8 4 01621657142999999999999991038 302242 7599999999999999
 85 95108130151155142125107 81 52 38 43 55 71 96126143143135125108 85 7124 8 8A8 43915617251459999999999999911 9 382320 7099999999999999
 73 83 94110132146143130115 97 73 53 50 60 74 92118140147140129114 93 7424 8 9A8 5181471754148999999999999991139 492359 6699999999999999
 66 72 82 94112130137131119106 89 71 63 67 79 94114135148147135121102 8124 810A8 55813718221499999999999999912 7 63999999999999999999999
 67 65 72 81 94111124126120112101 88 78 78 86 98113131146150142128111 9224 811A8 641127184815099999999999999 039 651230 7799999999999999
 74 65 66 71 80 93107115116113108100 93 91 9510411412814214914713612110424 812A8 733116191415099999999999999 124 651250 9099999999999999
 85 71 65 66 69 77 8810010610810910810610410511111812613714614814213011624 813A81015109194514999999999999999 226 6513 710499999999999999
100 83 71 65 63 64 70 80 91 9810410911411511611912312813314014614513812824 814A82025147999999999999999999999 413 63999999999999999999999
115100 84 71 62 56 55 60 70 82 9310311412212612812913013213514014314313824 815A82124144999999999999999999999 545 55999999999999999999999
130119103 85 68 55 46 43 48 60 75 9110712213213613513313113013213614114424 816A81516136231114499999999999999 654 43185713099999999999999
142136125107 85 63 45 34 31 38 52 72 9511513114014113713012512412613214124 817A81542142999999999999999999999 748 31195312499999999999999
148151144130109 82 54 33 22 22 31 50 7610412513814414213212011411511912824 818A8 047151161614599999999999999 833 21202311499999999999999
143157160150133108 76 44 22 15 18 30 55 8811613314214513711910410110411024 819A8 143160165014599999999999999 910 15204910199999999999999
125148165165152133106 69 35 17 16 22 37 69105129139143141124100 86 87 9324 820A8 230168172214399999999999999 936 152121 8599999999999999
102124153170165149131101 61 30 21 26 34 54 91126140141141132106 78 69 7524 821A8 31317117 614199999999999999 957 212156 6999999999999999
 82 95124157168158144126 94 55 33 35 43 53 78117143146140135118 85 59 5624 822A8 3551681636147999999999999991022 322235 5599999999999999
 65 73 91125155159147136120 87 55 46 55 65 77107141155147138127101 66 4624 823A8 43816017 2155999999999999991050 462317 4599999999999999
 49 58 67 89124146145135128112 84 63 66 79 89104133158159145133116 86 5324 824A8 5231481733162999999999999991121 61999999999999999999999
 41 47 54 63 87118133129123120106 86 77 88101111127151165158141126106 7624 825A8 61013318 716599999999999999 0 2 411154 7799999999999999
 50 43 48 52 62 84108117115114114105 94 9510811912814316016415213512010024 826A8 7 4117184516599999999999999 053 431227 9299999999999999
 74 55 49 51 52 61 79 9710310410811110910611112213113814815815714513111824 827A811 5111192515999999999999999 2 1 49125810699999999999999
100 79 63 56 53 52 58 72 85 93 9910711411711812313013514014615014814013024 828A82015151999999999999999999999 445 52999999999999999999999
119105 87 71 60 52 49 53 64 77 8910011112112512612813013213413714014113824 829A82139141999999999999999999999 6 2 49999999999999999999999
132125112 95 75 59 49 44 47 58 74 9110611912813213012612412312412613213824 830A815 6132999999999999999999999 7 6 44184412399999999999999
141138131118 98 74 54 42 39 43 56 77 9911612713513512811811211211311712724 831A8 0 2141153713699999999999999 755 39193011199999999999999
140147144135120 96 67 45 36 36 43 60 87112127134137133119104 9810010411124 9 1A8 1 914716 713799999999999999 825 3520 2 9899999999999999
128147153147135117 89 57 37 33 38 48 71102126135136136125104 87 86 91 9724 9 2A8 154153162613799999999999999 846 332036 8599999999999999
110134154156145131110 77 46 33 36 44 59 88121138138135129110 85 72 76 8524 9 3A8 234157152913999999999999999 910 332110 7299999999999999
 94115143158153139124 99 65 40 37 46 57 77110138144137130116 91 67 62 7124 9 4A8 311159154814499999999999999 938 362145 6199999999999999
 81 96122149156145131115 87 56 42 48 60 75101132148144132120 99 71 54 5624 9 5A8 34815716131499999999999999910 7 422219 5399999999999999
 68 81102130150149136123104 77 55 53 64 78 96124147151139124106 79 55 4724 9 6A8 4251521639152999999999999991035 512252 4799999999999999
 56 69 85109135145138127114 94 72 63 69 82 97119143154147131112 89 63 4624 9 7A8 5 114517 41549999999999999911 1 632324 4599999999999999
 47 58 72 91116134136128119106 89 76 77 88101117137153153139120 99 74 5224 9 8A8 5371371728155999999999999991124 742356 4599999999999999
 45 51 62 76 96117127125119113101 89 86 94105117133149155145128109 87 6424 9 9A8 6151271752155999999999999991145 86999999999999999999999
 50 49 56 65 79 98113117116113109102 97100110119129142152149136119101 8024 910A8 659117181915399999999999999 032 4812 6 9799999999999999
 61 53 54 59 66 79 94104107109111110107108115123129136145149142128113 9624 911A81026111185114999999999999999 116 52122510799999999999999
 79 64 57 57 58 63 73 85 94 9910511211611712012613013313714214213512311224 912A81931143999999999999999999999 232 57999999999999999999999
 98 83 69 60 56 53 54 63 74 85 9510611712412712913113113013213513513112524 913A82034136999999999999999999999 516 53999999999999999999999
117105 90 73 60 50 44 44 52 65 80 9611212513213313112812412112312713113324 914A81445133231013399999999999999 630 4319 812199999999999999
132126114 96 76 56 41 33 34 44 60 8110312113313713412611611010911212013024 915A815 4137999999999999999999999 724 32194610899999999999999
140142136122101 75 49 32 26 29 42 64 91115131138138128112 97 92 9410111424 916A8 048143153013999999999999999 8 6 2620 9 9299999999999999
134150152143127103 71 42 27 26 33 48 77109130138139133114 90 74 74 79 9024 917A8 141153154613999999999999999 835 252032 7399999999999999
112141159158146129102 66 38 30 35 44 64 98129142140136122 93 63 52 58 6624 918A8 225160151514299999999999999 856 3021 2 5299999999999999
 82113148162156145129 98 61 41 43 51 62 87124148148138128106 68 39 36 4624 919A8 3 6163152615099999999999999 919 402137 3599999999999999
 56 78117151159149141125 92 60 52 63 72 85115149160147133118 86 45 23 2824 920A8 346159155216099999999999999 947 522214 2299999999999999
 38 50 78121148148140135119 88 66 71 85 94110141166162142126104 67 29 1724 921A8 4271511622168999999999999991017 652254 1799999999999999
 26 36 50 82121138134130128112 87 78 91105114132159171157135117 91 53 2524 922A8 5101391656171999999999999991049 782337 2099999999999999
 21 31 38 54 86116125121121120106 91 93109121130147166167148127109 82 5024 923A8 555125 82912117311709999999 7271201123 8999999999999999
 31 31 38 44 59 86107111110113114105 99108122131139152163156137120103 8024 924A8 647111 93511518 91639999999 025 29 7501101156 999999999
 55 43 43 46 49 63 83 9610010310911210910911812813413914815114312811510224 925A81052112185015199999999999999 124 42122910899999999999999
 84 66 56 53 51 53 62 77 88 9410110911511511712312712913213613713112311524 926A81940137999999999999999999999 416 51999999999999999999999
106 93 78 66 58 53 53 59 71 83 9410411412012212112112011911912212412412324 927A81356122213512599999999999999 535 52181911999999999999999
119113102 86 71 58 51 50 56 69 84 9911212112612511911210710510510911612324 928A81419126999999999999999999999 637 49192110599999999999999
127126120108 90 69 53 47 48 56 71 91110122128129123111 98 91 91 9310011424 929A8 015127144512999999999999999 719 461938 9099999999999999
128134132124110 87 62 47 44 49 59 79104123130131128115 95 80 76 78 84 9624 930A8 110134144513199999999999999 746 441954 7699999999999999
118136140135125107 80 55 44 47 55 69 94121135135130121100 75 62 63 69 792410 1A8 150141142513699999999999999 810 442021 6199999999999999
 99126143143134123101 71 50 47 55 66 85114137141133123107 80 55 48 55 652410 2A8 226145144314299999999999999 837 462052 4899999999999999
 80108136147142132118 92 64 51 57 68 81105134147141127112 88 57 38 40 512410 3A8 3 214715 714799999999999999 9 6 512123 3799999999999999
 64 87119143146137127110 83 62 60 71 83101127149150134117 95 65 38 29 382410 4A8 338147153215299999999999999 935 592154 2999999999999999
 51 69 98129144140132121101 78 67 74 87100121145155144124103 76 45 27 282410 5A8 41314415561559999999999999910 1 672224 2599999999999999
 40 56 79110133139133126113 93 78 79 90102118140155152134112 88 58 32 242410 6A8 4481391620157999999999999991026 772253 2499999999999999
 32 45 63 90117131130126120106 90 86 94105116133151156142121 99 73 44 282410 7A8 5221321644157999999999999991049 852324 2699999999999999
 29 39 52 71 98118124122120114102 93 97108117128143154148130109 88 61 392410 8A8 5591241711154999999999999991112 932358 3199999999999999
 31 37 46 58 77 99112114114115111103102110119126135147149137119100 80 572410 9A8 8511151741150999999999999991138101999999999999999999999
 41 38 44 50 60 77 94103105109113111108112120126130136143140127111 96 78241010A81013113181614399999999999999 041 3812 510899999999999999
 59 48 46 48 51 58 72 86 94100108114116116120124126127131134130119108 97241011A819 1134999999999999999999999 145 46999999999999999999999
 83 67 56 51 48 47 53 65 78 88 99111119122122122122119118120123122117112241012A81416122201712399999999999999 441 47175511899999999999999
104 92 77 63 53 45 42 47 59 74 89104118126127123117110105103106112117121241013A81340127232612199999999999999 555 42185010399999999999999
120114102 86 68 52 41 39 45 58 77 97115126130127117102 91 85 85 92103118241014A814 4130999999999999999999999 647 381923 8499999999999999
129131125112 93 69 49 40 40 49 65 88112127133131121102 80 66 63 68 79 99241015A8 045131141413399999999999999 724 391946 6399999999999999
123138140133120 98 69 49 44 50 59 78107130139135127109 80 52 41 44 52 69241016A8 13714114 513999999999999999 750 442011 4199999999999999
 99131146145138125 99 69 53 56 65 75 99130148144133119 92 54 26 21 29 40241017A8 221147141814899999999999999 815 532042 2199999999999999
 64103137148144139126 97 70 64 74 83 95122152158144127107 71 28  7 10 20241018A8 3 1148144415999999999999999 843 632117  699999999999999
 34 65110140144140138123 94 74 80 93101116145167161138118 93 50 11 -2  7241019A8 340145151516899999999999999 914 742154 -299999999999999
 18 34 72115136135134134117 92 83 97110117135162173155130109 79 35  4  1241020A8 420137155017399999999999999 948 832234 -199999999999999
 11 21 41 80116127125128127110 92 95111121129148169167144120 99 67 29  8241021A8 5 1127 73112916261729999999 6 81251023 902317  79999999
 11 20 29 51 87112117116121119105 96105120128136154165155132112 92 61 32241022A8 82412217 4165999999999999991059 96999999999999999999999
 20 24 31 39 61 89105107110115113104102113124129137149153140121105 87 62241023A8 920116174415499999999999999 0 4 20113810199999999999999
 42 35 37 41 49 67 87 98102107112111106108116122125130137137126113101 87241024A81022113182813999999999999999 1 1 35122210699999999999999
 69 54 48 48 49 55 69 84 94100107112113110110113115115118122121115108101241025A81133113192612299999999999999 247 48132711099999999999999
 91 78 66 58 54 53 58 70 83 95103111116116113109106103102103106109110108241026A81233116214211099999999999999 440 5318 510299999999999999
105 98 87 74 63 56 55 60 71 85100110117120118111101 93 88 86 88 94103110241027A813 8120999999999999999999999 541 551857 8699999999999999
113111105 94 78 64 56 57 63 75 92109120124123117104 88 76 71 72 76 87103241028A8 0 6113131612499999999999999 624 551918 7199999999999999
115119117111 98 78 62 57 61 69 83103121129128122110 90 69 57 56 60 69 87241029A8 1 6119131613099999999999999 659 571937 5599999999999999
109123126123115 98 76 62 61 68 79 96118134135127115 97 71 49 41 45 53 68241030A8 148126133513699999999999999 731 6020 3 4199999999999999
 93118131131126115 95 73 64 69 79 92112133143135121104 78 49 30 29 38 51241031A8 22613214 014399999999999999 8 3 642032 2899999999999999
 73104128136133127113 91 73 72 81 92107129146145130111 87 56 29 18 24 362411 1A8 3 3136142614899999999999999 834 7121 2 1899999999999999
 55 84116134137133125108 87 77 83 93105124145152141120 97 68 35 15 14 242411 2A8 340137145215299999999999999 9 4 772132 1299999999999999
 39 64 98125135135131120101 86 86 95105119140154150131108 81 48 20  9 152411 3A8 418136151815599999999999999 931 8422 2  999999999999999
 28 47 77109128132131127114 97 90 96106116132151156142119 95 65 32 12 112411 4A8 459132154415799999999999999 956 902231  999999999999999
 21 34 57 89115125126127121107 96 97107115125143155149129107 82 51 23 132411 5A8 6491271613156999999999999991021 9523 4 1399999999999999
 18 28 42 67 96114119121122116104 99106115121132147152138117 96 72 43 222411 6A8 7511221645152999999999999991050 992341 1899999999999999
 19 26 35 49 74 97109112116118112104105113119124135145142126107 88 65 412411 7A8 8491191720146999999999999991124103999999999999999999999
 27 28 33 40 54 76 94102107114116111107110117119123131136130116100 85 652411 8A8 94911618 213699999999999999 026 2612 510799999999999999
 46 36 36 39 44 57 75 90 99106114116113110112114113115120124119109 99 872411 9A81051117185612499999999999999 126 3513 511099999999999999
 71 55 46 44 43 47 58 75 89100109117119115110107104100101106110111107102241110A81145119203011199999999999999 340 43172510099999999999999
 94 81 67 56 50 48 51 62 77 93106116121121114103 94 86 81 83 90 99106110241111A81224122232211099999999999999 5 1 481818 8199999999999999
110104 93 79 65 56 53 57 68 85102116124126120108 90 73 63 60 64 75 91107241112A81243126999999999999999999999 553 531855 6099999999999999
117119115105 89 72 62 62 68 79 97116130133128117 97 70 48 38 39 46 63 88241113A8 049119124613399999999999999 631 611923 3899999999999999
112125128125116 97 78 70 74 82 93112134143138126109 81 47 23 17 22 33 56241114A8 15612813 514399999999999999 7 3 701952 1799999999999999
 90119131133133123101 82 80 89 97108130151153139121 98 62 23  3  3 11 25241115A8 323134133515599999999999999 736 792025  199999999999999
 55 96125133136137125102 87 93103110123148164156135114 86 43  5 -8 -3  6241116A8 443137141016499999999999999 810 8721 2 -899999999999999
 24 61104127132135137123100 93105115120137162170152128106 73 28 -5-10 -2241117A8 542138144717099999999999999 847 932141-1199999999999999
  8 30 71110125127133133116 98100114121128148169167144120 97 61 18 -5 -3241118A8 634135152617199999999999999 925 962222 -699999999999999
  5 15 41 82112120122129126109 97105118124133153167157133111 88 52 17  3241119A8 72213016 61679999999999999910 5 9723 6  399999999999999
  8 15 27 55 90110114118123118103 98108119124134151158143122103 80 48 22241120A8 8 91231648158999999999999991048 982353 1599999999999999
 15 20 27 40 67 94108111115118111100 99108116120130143143129111 95 75 49241121A8 8541181732145999999999999991134 98999999999999999999999
 32 28 33 39 53 76 97106110113114107 99100105110114121129127115103 90 74241122A8 938115182012999999999999999 044 281229 9899999999999999
 55 43 41 45 51 64 82 99107111113112106 99 98 99101103108113112105 97 88241123A81020114192211499999999999999 144 411349 9899999999999999
 77 64 55 52 54 60 72 88102111114115112106 98 92 90 89 90 94 99101100 96241124A8105011521 510199999999999999 257 5217 9 8999999999999999
 91 83 74 65 61 62 69 80 94107116119117113104 93 82 76 74 75 80 88 95 99241125A811 8119233710099999999999999 413 611810 7499999999999999
100 98 92 83 73 68 69 77 88101114123123119111 98 82 68 60 59 62 70 83 96241126A81137124999999999999999999999 514 681844 5999999999999999
104107106101 90 79 74 77 85 96110123130127118106 88 67 51 44 46 52 65 84241127A8 114107121013099999999999999 6 5 741913 4499999999999999
102112115114108 95 83 80 85 94106120133136128114 96 73 49 33 31 36 47 66241128A8 215116124413699999999999999 649 801943 3099999999999999
 91111121123121112 98 87 87 94104116131141138124106 83 55 30 19 21 31 48241129A8 3 2123131714299999999999999 728 852015 1999999999999999
 74102121128129125113 98 91 95103113127142147136117 94 66 35 15 10 17 31241130A8 346129134714799999999999999 8 5 912048 1099999999999999
 54 85112127132132125110 97 96102110122139151148130108 80 48 19  5  7 172412 1A8 432133141715299999999999999 837 952120  499999999999999
 35 64 97120130133132121106 98102109117132149155143122 97 65 31  7  2  72412 2A8 520134144815599999999999999 9 7 982152  299999999999999
 20 43 76106122129133129115102101107114124142156152134112 85 51 19  3  42412 3A8 6 8133152015799999999999999 9351002224  299999999999999
 11 26 53 87111121127130123109101104111117130148156145124101 73 39 12  42412 4A8 65613015551569999999999999910 71002258  499999999999999
  9 17 35 64 95111118124126117104101107113119133148149134113 92 64 32 132412 5A8 74312716331519999999999999910421002336 1099999999999999
 11 17 26 45 74 99110116122122111101101108112118132143138122104 85 58 322412 6A8 8291231715143999999999999991124100999999999999999999999
 19 21 26 36 56 82101110115120117106 98100104107113125132126112 98 81 582412 7A8 91412118 313299999999999999 019 181216 9899999999999999
 38 30 32 38 47 66 89104111117119114103 95 95 96 97102113118114105 95 822412 8A8 95611919 411899999999999999 1 7 301329 9599999999999999
 64 49 44 46 50 60 77 97110116119119111 99 89 85 82 81 87 97104105101 962412 9A81029120203310599999999999999 2 4 441641 8199999999999999
 88 75 64 59 60 64 73 89106117122123119108 93 79 69 64 63 69 81 93100102241210A81041123232610299999999999999 316 591739 6399999999999999
102 98 89 79 73 73 78 87101116127130127119104 84 64 50 43 44 52 67 85 99241211A81056130999999999999999999999 429 731827 4399999999999999
106110110103 93 86 86 92101112127137137130118 99 73 47 30 24 27 37 57 82241212A8 128111113313899999999999999 526 8519 8 2499999999999999
102113119122116103 95 98105112122137147144132115 92 60 29 12  9 14 27 53241213A8 252122121614899999999999999 615 951945  999999999999999
 84108119127131123109102107114120131148156148131112 84 46 13 -1  0  6 22241214A8 35513113 115699999999999999 7 11022021 -199999999999999
 55 91114124132136125109105113120125138157163149128107 75 33  2 -7 -3  4241215A8 449136134516399999999999999 7451052059 -799999999999999
 25 63 99118126134136122106106116122127145164164145124101 64 22 -3 -6 -2241216A8 538137143016799999999999999 8291042139 -799999999999999
  8 34 74107119125133131114101106116120129150166159138117 92 54 15 -3 -1241217A8 623135151416799999999999999 9131012219 -399999999999999
  5 17 48 87112119125130123105 96104113118130152162150128109 83 45 13  3241218A8 7 5130155716299999999999999 959 962259  399999999999999
  8 16 32 64 98115119123125114 97 92101109115130148152137118 99 73 40 17241219A8 7431251641153999999999999991045 922340 1399999999999999
 13 20 30 49 80107117119121118104 90 89 97104111126140138123107 89 65 39241220A8 8141211726141999999999999991133 88999999999999999999999
 25 26 34 46 66 93113119119118111 97 86 86 93 98106118127123110 97 82 62241221A8 714120181312799999999999999 021 241227 8599999999999999
 44 37 41 50 63 82104118121119114105 92 83 83 87 91 97107112109100 90 79241222A8 75112119 811299999999999999 1 3 371331 8299999999999999
 65 54 51 56 65 78 96113122123118111100 88 80 77 78 81 87 94 99 98 93 88241223A8 8321242021 9999999999999999 148 5115 5 7799999999999999
 81 73 67 66 71 80 92106119126124117108 97 84 74 69 67 70 75 83 89 93 93241224A8 9161262234 9399999999999999 240 651651 6799999999999999
 92 89 85 81 79 83 92103115124128125117106 93 78 66 57 55 58 64 74 84 93241225A810 3128999999999999999999999 344 791755 5599999999999999
 98100100 97 93 91 94102111121128131126116103 87 69 53 44 42 47 56 70 85241226A8 132100105213199999999999999 456 911843 4299999999999999
 98106111111108102 99102109117126133134128115 98 78 57 39 31 31 39 52 71241227A8 239112114313499999999999999 6 0 991925 3099999999999999
 91107117121120114107104108114122131138138128112 91 67 42 25 19 22 34 52241228A8 322121123013999999999999999 65610420 5 1999999999999999
 77100117126129125117109107111118127138144141127107 82 53 27 13 10 17 32241229A8 4 0129131314599999999999999 7441072044 1099999999999999
 57 86109124132133126115108109113120132145150142124100 70 38 14  3  4 14241230A8 438133135215099999999999999 8241082122  399999999999999
 35 66 96117129135132121109105108113123139153153140119 92 58 25  4 -1  3241231A8 518135143115599999999999999 8581052158 -199999999999999
