 16 16 17 17 18 19 19 17 15 11  7  3  0 -1  0  1  4  8 11 14 15 16 15 1424 1 1B2 522 192043 1699999999999999 013 161312 -199999999999999
 13 13 13 13 14 15 15 15 13 11  8  4  2  0  0  1  3  6  9 11 13 13 13 1224 1 2B2 6 6 1521 1 1399999999999999 114 131340  099999999999999
 11 10 10 10 10 11 11 11 11 10  8  6  4  2  2  2  4  6  8 10 11 12 12 1124 1 3B2 7 5 112114 1299999999999999 247 101358  299999999999999
  9  8  8  7  7  7  7  8  8  8  8  7  6  4  4  4  5  7  8 10 11 12 12 1124 1 4B2 848  82121 1299999999999999 419  714 3  499999999999999
  9  8  6  5  4  4  4  4  5  6  7  8  8  7  7  7  8  9 10 11 12 13 13 1224 1 5B21110  82124 1399999999999999 530  41348  799999999999999
 10  9  7  5  3  2  2  2  3  4  6  8  9 10 10 11 11 12 13 14 14 14 14 1424 1 6B22127 15999999999999999999999 621  2999999999999999999999
 13 11  8  6  4  2  0  0  0  2  5  8 10 12 14 14 15 16 16 16 17 17 17 1624 1 7B22129 17999999999999999999999 7 3  0999999999999999999999
 15 14 11  8  5  2  0 -1 -2  0  2  6 10 13 16 18 19 19 19 19 19 19 19 1924 1 8B21828 19999999999999999999999 744 -2999999999999999999999
 18 17 15 12  8  4  1 -1 -3 -3 -1  3  8 13 17 20 21 22 22 22 21 21 21 2124 1 9B21730 22999999999999999999999 826 -3999999999999999999999
 21 20 19 16 12  8  3 -1 -3 -5 -4 -1  4  9 15 20 22 24 24 23 23 22 22 2224 110B21732 24999999999999999999999 911 -5999999999999999999999
 22 23 22 20 17 12  7  2 -3 -5 -6 -5 -1  4 11 17 21 24 24 24 23 22 22 2224 111B21753 24999999999999999999999 958 -62218 2299999999999999
 22 23 24 23 21 17 12  6  0 -5 -7 -8 -6 -2  5 11 17 21 23 23 22 21 20 2024 112B2 2 6 241821 23999999999999991046 -82220 2099999999999999
 21 22 23 24 24 21 17 11  4 -2 -6 -9 -9 -6 -1  5 12 17 20 21 20 18 17 1724 113B2 312 241850 21999999999999991135 -92247 1799999999999999
 17 18 20 22 23 23 20 15  9  2 -3 -7 -9 -9 -6  0  6 12 16 18 18 16 14 1324 114B2 415 231920 18999999999999991222 -92332 1399999999999999
 13 14 15 17 19 21 20 18 13  7  1 -3 -6 -7 -7 -3  1  7 12 15 15 14 12 1024 115B2 517 211949 159999999999999913 7 -8999999999999999999999
  9  9 10 11 14 16 17 17 15 11  6  1 -2 -4 -4 -3  0  4  8 12 13 13 11  824 116B2 624 172016 1499999999999999 032  91348 -499999999999999
  6  5  5  5  7  9 12 13 13 12  9  6  3  1  0  0  2  4  7 10 12 13 11  824 117B2 739 132041 1399999999999999 143  51420  099999999999999
  5  3  2  1  2  3  5  7  9 10 10  8  7  5  5  5  6  7  9 11 12 13 12 1024 118B2 914 1021 4 1399999999999999 3 1  11425  599999999999999
  7  4  1  0 -1 -1  0  2  4  6  8  9  9  9  9 10 10 11 12 13 13 14 14 1324 119B22122 14999999999999999999999 425 -1999999999999999999999
 10  7  3  1 -2 -3 -3 -2 -1  2  5  7 10 11 12 14 15 15 16 16 16 16 16 1524 120B22124 16999999999999999999999 549 -3999999999999999999999
 13 11  7  4  1 -2 -3 -4 -3 -2  1  5  8 11 14 16 18 19 19 19 18 18 18 1724 121B218 9 19999999999999999999999 7 3 -4999999999999999999999
 16 15 12  8  5  1 -2 -3 -4 -3 -1  2  6 11 14 17 19 20 21 21 20 20 19 1924 122B21821 21999999999999999999999 8 2 -4999999999999999999999
 19 18 16 13 10  5  2 -1 -3 -4 -3  0  4  9 13 17 20 21 22 22 21 21 20 1924 123B21822 22999999999999999999999 850 -4999999999999999999999
 20 20 19 17 14 10  5  1 -2 -3 -4 -2  2  6 11 16 19 21 22 21 21 20 20 1924 124B218 8 22999999999999999999999 932 -42311 1999999999999999
 19 20 20 20 18 14  9  4  0 -3 -4 -3 -1  4  9 13 17 20 21 20 19 19 18 1824 125B2 153 2018 8 219999999999999910 9 -42310 1899999999999999
 18 19 20 20 19 17 13  7  2 -2 -4 -5 -3  0  5 10 15 18 19 19 18 17 16 1624 126B2 250 201819 19999999999999991044 -523 4 1699999999999999
 16 17 18 19 20 18 15 10  5  0 -4 -5 -5 -2  2  6 11 15 17 17 16 14 13 1324 127B2 339 201836 17999999999999991117 -52311 1399999999999999
 13 14 15 17 18 18 16 12  7  1 -3 -5 -6 -4 -1  3  7 11 14 14 14 12 10 1024 128B2 422 181854 14999999999999991148 -62336  999999999999999
 10 10 11 13 15 16 15 13  8  3 -1 -4 -6 -5 -3  1  5  8 11 12 12 10  8  724 129B2 5 4 161910 12999999999999991216 -6999999999999999999999
  6  7  8  9 11 13 13 12  9  5  1 -3 -4 -4 -3  0  3  6  9 10 10  9  7  524 130B2 546 131923 1099999999999999 010  61238 -599999999999999
  4  4  4  5  7  9 10 10  9  6  3  0 -2 -3 -2  0  3  6  8 10 10  8  6  424 131B2 633 101931 1099999999999999 051  41253 -399999999999999
  2  2  1  2  3  5  7  8  8  7  5  2  1  0  1  2  4  7  9 10 10  9  7  424 2 1B2 730  81933 1099999999999999 139  11257  099999999999999
  2  1  0  0  1  2  4  5  6  7  6  5  4  4  4  5  7  9 10 11 11 10  8  624 2 2B2 848  71931 1199999999999999 232  01249  499999999999999
  3  1  0 -1 -1  0  1  3  4  6  7  7  7  7  8  9 10 11 12 13 13 12 10  824 2 3B21925 13999999999999999999999 335 -1999999999999999999999
  5  3  1  0 -1 -1 -1  0  2  4  7  8  9 10 11 12 13 14 15 15 15 14 13 1124 2 4B219 8 15999999999999999999999 449 -1999999999999999999999
  8  6  3  1 -1 -2 -2 -2  0  2  5  8 11 13 14 15 16 17 18 18 17 17 15 1424 2 5B21828 18999999999999999999999 6 5 -2999999999999999999999
 12  9  6  3  1 -1 -3 -4 -3 -1  2  6 10 13 16 17 19 19 20 19 19 18 17 1624 2 6B218 0 20999999999999999999999 711 -4999999999999999999999
 15 13 10  7  4  1 -2 -4 -5 -5 -3  1  6 11 15 18 20 20 20 20 19 19 18 1824 2 7B21731 20999999999999999999999 810 -5999999999999999999999
 17 17 15 12  8  4  0 -4 -7 -8 -7 -4  1  7 12 16 19 20 20 19 18 18 18 1824 2 8B21716 20999999999999999999999 9 4 -82224 1899999999999999
 18 18 18 16 13  9  3 -2 -6 -9-10 -9 -5  1  7 13 17 19 18 17 16 15 15 1524 2 9B2 1 5 181725 1999999999999999 955-1022 3 1599999999999999
 16 18 19 19 17 14  8  2 -4 -9-11-12-10 -5  2  8 13 16 17 15 13 12 11 1124 210B2 229 191743 17999999999999991043-122214 1199999999999999
 12 14 17 19 19 17 13  7  0 -6-10-12-12 -9 -3  3  9 13 14 13 11  8  7  624 211B2 339 1918 5 14999999999999991128-122248  699999999999999
  7  9 12 15 18 18 16 12  6 -1 -6 -9-11-10 -6 -1  5 10 12 12 10  6  3  224 212B2 443 181827 139999999999999912 9-112335  299999999999999
  2  3  5  9 13 16 16 14 10  4 -1 -5 -7 -7 -6 -2  3  7 11 12 10  6  2 -124 213B2 546 161850 12999999999999991247 -7999999999999999999999
 -2 -2 -1  2  6 10 13 13 12  8  4  1 -1 -2 -2  0  3  7 10 11 11  8  3 -124 214B2 651 131912 1299999999999999 029 -21317 -299999999999999
 -4 -5 -5 -3  0  4  7 10 11 10  8  5  4  3  3  4  6  8 11 12 12 10  6  224 215B2 8 2 111930 1299999999999999 127 -51324  399999999999999
 -2 -5 -6 -6 -4 -2  1  4  7  8  9  8  8  8  8  9 10 11 12 13 13 12 10  624 216B2 940  91938 1399999999999999 229 -61218  899999999999999
  2 -2 -4 -5 -6 -5 -3  0  2  5  7  9 10 11 12 13 14 15 15 15 15 14 12 1024 217B21853 15999999999999999999999 342 -6999999999999999999999
  6  3  0 -3 -4 -5 -4 -3 -1  2  5  7 10 12 14 16 17 18 18 17 16 16 14 1324 218B21723 18999999999999999999999 510 -5999999999999999999999
 10  8  4  2 -1 -3 -4 -4 -3 -1  2  5  9 12 14 17 18 19 19 18 17 16 15 1524 219B21728 19999999999999999999999 642 -4999999999999999999999
 13 12  9  6  3  0 -2 -3 -4 -3 -1  3  6 10 14 16 18 19 19 19 18 16 16 1524 220B21735 19999999999999999999999 753 -4999999999999999999999
 15 14 13 10  7  4  1 -2 -3 -4 -3  0  4  8 12 15 17 18 18 18 17 16 15 1524 221B21728 18999999999999999999999 845 -4999999999999999999999
 15 15 15 13 11  7  3  0 -3 -4 -4 -2  1  5 10 13 16 17 17 16 15 14 13 1324 222B21718 17999999999999999999999 926 -42240 1399999999999999
 14 15 15 15 13 10  6  1 -2 -5 -5 -4 -2  2  7 11 14 15 15 13 12 11 10 1024 223B2 212 151720 159999999999999910 0 -52237 1099999999999999
 11 13 14 15 14 12  8  3 -1 -5 -6 -6 -4 -1  4  8 11 13 13 11  9  8  7  724 224B2 3 6 151729 13999999999999991030 -62240  799999999999999
  8 10 12 13 14 13 10  5  0 -4 -6 -7 -6 -3  1  5  9 11 11 10  7  5  4  424 225B2 352 141742 11999999999999991058 -72256  499999999999999
  4  6  8 11 13 13 11  7  2 -2 -5 -7 -7 -5 -1  3  6  9 10  8  6  3  1  124 226B2 435 131754 10999999999999991123 -72321  099999999999999
  1  2  5  8 10 11 11  8  4  0 -3 -5 -6 -4 -2  2  5  8  9  8  6  2  0 -224 227B2 517 1118 4  9999999999999991145 -62350 -299999999999999
 -2 -1  1  4  7  9 10  9  6  3 -1 -3 -3 -3 -1  2  5  8  9  8  6  3  0 -324 228B2 6 0 101810  99999999999999912 2 -3999999999999999999999
 -4 -3 -2  1  4  7  9  9  8  5  3  1  0  0  2  4  6  9  9  9  7  4  0 -224 229B2 647  91813 1099999999999999 022 -412 9  099999999999999
 -4 -4 -4 -2  1  4  7  8  9  8  6  4  3  4  5  6  8 10 11 11  9  6  2 -124 3 1B2 742  91812 1199999999999999 056 -412 7  399999999999999
 -3 -4 -4 -3 -1  1  4  7  8  9  8  7  7  7  8 10 11 12 13 12 11  8  5  124 3 2B2 851  918 8 1399999999999999 133 -41158  799999999999999
 -1 -3 -4 -4 -3 -1  2  4  7  9 10 10 10 11 12 13 14 15 15 14 13 11  8  524 3 3B21756 15999999999999999999999 220 -4999999999999999999999
  1 -1 -3 -3 -3 -2 -1  2  4  7  9 11 12 13 14 15 16 17 17 16 15 13 11  824 3 4B21732 17999999999999999999999 327 -3999999999999999999999
  5  2  0 -2 -3 -3 -3 -2  0  3  7 10 12 14 16 17 18 18 18 17 16 15 13 1124 3 5B21716 18999999999999999999999 5 6 -3999999999999999999999
  9  6  3  1 -1 -3 -4 -4 -3 -1  2  6 10 13 15 17 18 18 18 17 16 15 14 1324 3 6B217 5 18999999999999999999999 642 -5999999999999999999999
 12 10  7  4  1 -2 -4 -6 -7 -6 -3  1  6 10 14 16 17 17 16 16 15 14 14 1424 3 7B21633 17999999999999999999999 755 -7999999999999999999999
 14 13 12  9  5  1 -3 -6 -8 -9 -8 -4  0  6 10 14 15 15 14 13 12 11 11 1224 3 8B21623 15999999999999999999999 854 -92136 1199999999999999
 13 14 14 13 10  6  1 -4 -8-10-11 -9 -5  1  6 11 13 13 11  9  7  7  7  824 3 9B2 139 141632 1399999999999999 944-112133  699999999999999
 10 12 15 15 14 11  6  0 -5 -9-11-11 -8 -3  3  8 11 12 10  7  4  2  1  224 310B2 256 151648 12999999999999991030-112159  199999999999999
  4  8 12 15 16 15 11  6  0 -5 -8 -9 -8 -5  0  5  9 11 10  6  2 -2 -3 -424 311B2 4 3 1617 8 11999999999999991111 -92238 -499999999999999
 -2  1  6 11 14 16 15 11  6  1 -3 -5 -6 -4 -1  4  8 11 11  8  3 -2 -6 -724 312B2 5 5 161729 11999999999999991149 -62324 -799999999999999
 -7 -5 -1  4 10 13 15 14 10  6  2  0 -1 -1  1  5  8 11 12 10  6  0 -5 -824 313B2 6 6 151750 12999999999999991221 -1999999999999999999999
-10 -9 -6 -2  3  8 12 13 13 10  7  6  5  5  5  7 10 12 13 13  9  4 -1 -624 314B2 7 8 1318 8 1399999999999999 013-101242  499999999999999
 -9-10 -9 -6 -2  3  7 10 12 12 11 10  9 10 10 11 12 14 15 15 13  9  4 -124 315B2 821 121819 1599999999999999 1 5-1012 2  999999999999999
 -5 -7 -8 -7 -5 -2  2  6  9 11 12 12 12 13 14 15 16 16 16 16 15 12  8  424 316B218 0 16999999999999999999999 2 0 -8999999999999999999999
  0 -3 -5 -6 -5 -3 -1  2  5  8 10 12 14 15 16 17 18 18 18 17 16 14 12  824 317B21628 18999999999999999999999 3 3 -6999999999999999999999
  5  2 -1 -2 -3 -3 -2  0  2  5  8 10 13 15 17 18 19 19 18 17 16 15 13 1124 318B21622 19999999999999999999999 424 -3999999999999999999999
  9  6  4  2  0 -1 -2 -1  0  2  5  8 11 14 16 18 19 19 18 17 15 14 13 1224 319B21631 19999999999999999999999 6 6 -2999999999999999999999
 11 10  8  5  3  1 -1 -1 -1  0  2  5  8 12 14 16 17 17 16 15 14 13 12 1224 320B21629 17999999999999999999999 728 -2999999999999999999999
 12 11 10  8  6  3  1 -1 -2 -2  0  2  6  9 12 14 15 15 14 13 11 10 10 1024 321B21619 15999999999999999999999 823 -222 2 1099999999999999
 11 12 12 10  8  5  2 -1 -2 -3 -2  0  3  6 10 12 13 13 11 10  8  7  7  724 322B2 122 121615 1399999999999999 9 3 -32157  799999999999999
  9 10 11 11 10  7  4  0 -2 -4 -4 -2  0  4  7 10 11 11  9  7  5  4  4  424 323B2 225 121619 1199999999999999 935 -42159  499999999999999
  6  8 10 11 11  9  5  2 -2 -4 -4 -4 -1  2  5  8 10 10  8  5  3  1  0  124 324B2 315 111627 109999999999999910 3 -42211  099999999999999
  2  5  8 10 11 10  8  4  0 -2 -4 -4 -2  1  4  7  9  9  7  4  1 -1 -2 -224 325B2 4 1 111636  9999999999999991028 -42232 -399999999999999
 -1  2  5  9 11 11 10  7  3  0 -2 -2 -1  1  4  7  9  9  8  5  1 -2 -4 -524 326B2 444 111644  9999999999999991051 -22257 -599999999999999
 -4 -1  2  6 10 12 11  9  6  3  1  0  1  2  5  8 10 10  9  6  2 -2 -5 -624 327B2 526 121651 10999999999999991111  02324 -699999999999999
 -6 -4  0  4  8 11 12 12  9  7  5  4  4  5  7  9 11 12 11  8  4  0 -4 -624 328B2 6 9 121656 12999999999999991126  42353 -699999999999999
 -6 -5 -3  1  6 10 12 13 12 10  8  7  7  8  9 11 13 13 13 10  7  2 -2 -424 329B2 655 131659 13999999999999991131  7999999999999999999999
 -6 -6 -4 -1  3  8 11 13 14 13 12 11 11 11 12 14 15 15 15 13 10  5  1 -224 330B2 748 1417 1 1599999999999999 024 -61128 1199999999999999
 -4 -5 -4 -2  1  5  9 12 14 14 14 14 14 14 15 16 17 17 17 15 12  9  4  124 331B2 859 141656 1799999999999999 1 1 -51119 1499999999999999
 -2 -4 -4 -3 -1  2  5  9 12 14 15 15 15 16 17 18 18 18 18 16 14 11  8  424 4 1B21638 18999999999999999999999 147 -4999999999999999999999
  1 -1 -3 -3 -2 -1  1  4  8 11 13 15 16 17 18 19 19 19 18 17 15 13 11  824 4 2B21621 19999999999999999999999 253 -3999999999999999999999
  4  2  0 -2 -3 -3 -2  0  3  6  9 12 15 16 17 18 18 18 18 17 15 14 12 1024 4 3B21617 18999999999999999999999 431 -3999999999999999999999
  8  6  3  1 -1 -3 -4 -3 -2  1  4  8 12 14 15 16 16 16 15 14 14 13 12 1224 4 4B21539 16999999999999999999999 617 -4999999999999999999999
 11  9  7  4  1 -1 -4 -5 -5 -4 -1  4  8 11 13 14 14 13 12 11 10 10 10 1124 4 5B215 7 14999999999999999999999 735 -52054 1099999999999999
 12 12 11  9  6  2 -1 -4 -6 -6 -4 -1  4  8 11 12 12 10  8  6  5  5  6  824 4 6B2 035 121510 1299999999999999 835 -62044  599999999999999
 10 13 14 13 10  7  3 -1 -4 -5 -5 -3  1  6  9 11 11  9  6  3  1  0  0  324 4 7B2 2 6 141524 1199999999999999 925 -521 5  099999999999999
  6 10 13 15 15 12  8  4  0 -2 -3 -3  0  4  8 11 12 10  6  1 -3 -5 -5 -324 4 8B2 318 151543 129999999999999910 9 -32140 -599999999999999
  0  5 10 14 16 16 13  9  5  2  1  0  2  5  8 12 13 12  8  3 -3 -7 -8 -824 4 9B2 422 1716 5 13999999999999991049  02222 -899999999999999
 -6 -1  5 11 15 17 17 14 11  8  6  5  5  7 10 13 15 15 12  7  0 -5 -9-1024 410B2 522 181627 15999999999999991125  523 8-1099999999999999
 -9 -6 -1  5 11 16 18 18 15 13 11 10 10 10 12 15 17 17 16 11  5 -1 -6 -924 411B2 621 181649 17999999999999991155 102355-1099999999999999
-10 -9 -5  0  6 12 16 18 18 16 15 15 14 15 15 17 18 19 18 16 11  5 -1 -524 412B2 724 1817 7 199999999999999912 3 14999999999999999999999
 -7 -8 -6 -3  2  7 12 16 17 18 18 18 18 18 19 19 20 20 20 18 15 10  5  024 413B21710 20999999999999999999999 043 -8999999999999999999999
 -3 -5 -5 -3  0  4  8 12 15 17 18 18 19 20 21 21 21 21 20 19 17 14 10  624 414B21552 21999999999999999999999 134 -5999999999999999999999
  2  0 -2 -2 -1  2  5  8 11 14 16 18 19 20 21 21 21 21 20 19 18 16 13 1024 415B21514 21999999999999999999999 230 -2999999999999999999999
  7  4  2  1  1  1  3  5  8 11 13 16 17 19 20 20 20 20 19 18 16 15 14 1224 416B21521 21999999999999999999999 338  1999999999999999999999
 10  8  5  3  2  2  2  3  5  7 10 13 15 17 18 19 18 18 17 15 14 14 13 1224 417B21521 19999999999999999999999 5 6  2999999999999999999999
 11 10  8  6  4  3  2  2  3  5  7 10 12 14 16 16 16 15 14 13 11 11 11 1124 418B215 8 162353 1199999999999999 631  22125 1199999999999999
 11 11 10  8  6  4  3  2  2  3  4  7 10 12 13 14 13 12 11  9  8  8  8  924 419B21459 14999999999999999999999 733  221 9  899999999999999
 10 11 11 10  8  6  4  2  1  2  3  5  8 10 12 12 12 10  8  6  5  4  5  624 420B2 123 111458 1299999999999999 817  12110  499999999999999
  8 10 11 11 10  8  5  3  2  2  2  4  6  9 11 11 11  9  6  4  2  1  1  324 421B2 227 1115 2 1199999999999999 851  22121  199999999999999
  5  8 11 12 12 10  8  5  4  3  3  4  6  9 11 11 11  9  6  3  0 -1 -2  024 422B2 320 1215 8 1199999999999999 920  32139 -299999999999999
  3  6 10 12 13 13 11  8  6  5  5  6  7 10 11 12 12 10  7  3  0 -3 -3 -324 423B2 4 7 131515 1299999999999999 947  522 3 -399999999999999
  0  4  8 12 14 15 14 12 10  8  8  8  9 11 13 14 14 12  9  5  1 -2 -4 -424 424B2 450 151524 14999999999999991013  82230 -499999999999999
 -2  2  7 11 15 17 17 16 13 12 11 11 12 13 15 16 16 15 12  7  3 -1 -4 -424 425B2 532 171534 16999999999999991035 112259 -499999999999999
 -3  0  4 10 14 18 19 19 17 15 14 14 15 16 17 18 19 18 15 11  6  1 -2 -424 426B2 615 191545 19999999999999991053 142331 -499999999999999
 -4 -2  2  7 12 17 20 21 20 19 18 17 18 18 19 20 21 20 18 14 10  5  0 -224 427B2 7 1 211557 219999999999999911 0 17999999999999999999999
 -3 -2  0  4  9 14 18 21 21 21 20 20 20 20 21 22 22 22 20 17 13  8  4  024 428B2 756 2116 5 2299999999999999 0 8 -311 0 2099999999999999
 -2 -2 -1  1  5 10 15 18 20 21 21 21 21 22 22 23 23 22 21 19 16 12  7  324 429B216 3 23999999999999999999999 051 -2999999999999999999999
  1 -1 -1  0  2  6 10 14 17 19 20 21 21 22 22 22 22 22 21 20 18 14 11  724 430B21543 22999999999999999999999 144 -1999999999999999999999
  4  1  0 -1  0  2  5  9 12 15 18 19 20 20 21 21 21 21 20 19 18 16 13 1024 5 1B21530 21999999999999999999999 250 -1999999999999999999999
  7  4  2  1  0  0  2  4  7 11 14 16 18 18 18 18 18 18 17 17 16 15 14 1324 5 2B21410 18999999999999999999999 415  0999999999999999999999
 11  8  6  3  2  1  0  1  3  6 10 13 15 16 16 15 15 14 13 13 12 13 13 1424 5 3B21326 1623 7 1499999999999999 546  01948 1299999999999999
 13 12 10  7  5  3  1  1  1  3  6 10 13 14 15 13 12 10  9  8  8  8 10 1224 5 4B21334 15999999999999999999999 7 3  11943  799999999999999
 14 14 14 12 10  7  5  3  3  3  5  8 11 14 14 13 11  8  5  3  2  3  5  824 5 5B2 1 4 141350 1499999999999999 8 5  320 7  299999999999999
 12 15 16 16 15 12 10  7  6  5  6  8 11 14 15 15 12  8  4  0 -2 -2  0  324 5 6B2 229 161410 1599999999999999 858  52042 -299999999999999
  7 12 16 19 19 17 15 13 11 10  9 10 13 15 17 17 15 11  6  1 -3 -5 -5 -224 5 7B2 340 191434 1899999999999999 944  92124 -599999999999999
  2  8 14 18 21 21 20 18 16 15 14 14 15 17 19 20 19 16 10  4 -1 -5 -6 -524 5 8B2 443 2115 0 20999999999999991025 1422 8 -699999999999999
 -2  3  9 16 20 23 23 22 20 19 18 18 19 20 22 23 23 21 16 10  3 -2 -5 -624 5 9B2 542 241527 239999999999999911 3 182253 -699999999999999
 -4 -1  5 12 17 22 24 25 24 23 22 22 22 22 24 25 25 24 21 16 10  3 -1 -424 510B2 640 251553 25999999999999991133 222340 -499999999999999
 -4 -2  2  8 14 19 23 25 25 25 25 24 24 25 25 26 26 26 24 21 15 10  4  124 511B2 745 251615 26999999999999991053 24999999999999999999999
 -1 -1  1  5 10 15 20 23 25 25 25 25 26 26 26 26 26 26 26 23 20 15 10  524 512B21622 27999999999999999999999 027 -2999999999999999999999
  2  1  2  4  7 11 16 19 22 24 24 25 25 26 26 26 26 25 25 24 21 18 14 1024 513B21414 26999999999999999999999 115  1999999999999999999999
  6  4  3  4  6  9 12 16 19 21 22 23 24 24 24 24 24 23 23 22 21 19 16 1324 514B21411 24999999999999999999999 2 5  3999999999999999999999
 10  7  5  5  6  7  9 12 15 17 19 21 22 22 22 22 22 21 20 19 19 18 16 1424 515B214 0 22999999999999999999999 258  5999999999999999999999
 12 10  8  6  6  6  8  9 12 14 16 18 19 20 20 19 19 18 17 16 16 15 15 1424 516B21332 20999999999999999999999 356  6999999999999999999999
 13 11 10  8  7  7  7  8 10 12 14 16 17 17 17 17 16 15 13 12 12 12 13 1324 517B21319 182336 1399999999999999 458  72012 1299999999999999
 13 13 11 10  9  8  8  8  9 10 12 14 15 16 16 15 14 12 10  9  8  9 10 1124 518B21316 16999999999999999999999 558  82010  899999999999999
 13 13 13 12 11 10  9  9  9 10 12 13 15 16 15 14 12 10  8  6  5  6  7  924 519B2 114 131318 1699999999999999 651  92022  599999999999999
 11 13 14 14 14 13 12 11 11 12 13 14 16 16 16 15 13 10  7  5  3  3  4  724 520B2 231 151323 1699999999999999 736 112041  399999999999999
 10 13 15 17 17 16 15 14 14 14 15 16 17 18 18 17 15 11  8  5  2  2  2  524 521B2 332 171331 1899999999999999 816 1421 6  299999999999999
  8 12 16 19 20 20 19 18 17 17 17 18 19 20 20 20 17 14 10  6  3  1  1  324 522B2 420 201344 2199999999999999 853 172134  199999999999999
  6 11 16 20 22 23 22 21 20 20 20 20 22 23 23 23 21 17 13  8  4  2  1  124 523B2 5 1 2314 2 2399999999999999 928 2022 6  199999999999999
  4  9 14 19 23 25 26 25 24 23 23 23 24 25 26 25 24 21 17 12  7  3  1  124 524B2 541 261425 2699999999999999 959 232242  199999999999999
  3  6 12 17 23 26 28 28 27 26 25 25 26 27 27 28 27 25 21 16 11  6  3  124 525B2 623 281450 28999999999999991022 252321  199999999999999
  1  4  8 14 20 24 28 29 28 28 27 27 27 28 28 29 29 27 24 20 15  9  5  224 526B2 7 9 291517 29999999999999991034 27999999999999999999999
  1  2  5 10 15 21 25 28 28 28 28 27 28 28 28 29 29 28 26 23 18 13  8  524 527B2 8 4 281546 2999999999999999 0 6  11047 2799999999999999
  2  2  3  6 10 15 20 24 26 27 27 27 27 27 27 28 28 28 27 25 21 17 12  824 528B21616 28999999999999999999999 055  2999999999999999999999
  5  3  2  3  6 10 15 19 22 24 25 25 25 25 25 25 25 25 25 24 22 19 16 1224 529B21654 25999999999999999999999 149  2999999999999999999999
  8  5  4  3  4  6 10 14 18 21 22 23 22 22 22 22 22 22 22 22 21 20 18 1524 530B21058 23999999999999999999999 249  3999999999999999999999
 12  9  7  5  5  6  7 10 14 17 19 21 20 20 19 18 17 17 17 17 18 18 18 1724 531B21125 212121 1899999999999999 353  51734 1799999999999999
 15 13 11  9  8  7  8  9 12 15 17 19 20 19 17 15 14 13 12 12 13 15 16 1724 6 1B21147 202341 1899999999999999 5 2  71817 1299999999999999
 18 17 15 14 12 11 11 11 12 14 17 19 20 19 17 14 12  9  8  7  8 10 12 1524 6 2B212 8 20999999999999999999999 613 1119 0  799999999999999
 18 19 19 18 17 16 15 15 15 16 18 20 21 21 19 16 12  9  6  4  4  5  8 1224 6 3B2 132 191231 2199999999999999 722 151943  499999999999999
 16 19 22 22 22 21 20 20 19 19 20 22 23 24 23 20 16 11  6  3  2  2  4  724 6 4B2 3 8 221257 2499999999999999 826 192027  199999999999999
 12 17 22 24 26 26 25 24 24 23 23 24 25 27 26 25 21 16 10  5  2  1  1  424 6 5B2 424 261327 2799999999999999 922 232113  199999999999999
  9 14 20 24 27 29 29 28 28 27 27 27 28 29 30 29 26 22 16 10  5  2  1  224 6 6B2 524 2914 1 30999999999999991012 272158  199999999999999
  5 11 17 23 27 30 31 31 30 30 30 30 30 31 32 32 30 27 22 16 10  5  3  224 6 7B2 615 311439 32999999999999991053 302244  299999999999999
  4  8 13 19 25 29 31 32 32 31 31 31 31 32 32 33 33 31 27 22 16 10  6  424 6 8B2 7 2 321518 33999999999999991121 312330  499999999999999
  4  6 10 16 21 26 30 32 32 32 31 31 31 32 32 33 33 32 30 26 21 15 10  724 6 9B2 749 321556 33999999999999991031 31999999999999999999999
  5  6  8 12 17 22 27 29 31 31 31 30 31 31 31 31 31 31 31 28 24 19 14 1024 610B21631 32999999999999999999999 015  5999999999999999999999
  8  7  8 10 14 18 23 26 28 29 29 29 29 29 29 29 29 29 29 28 25 22 17 1324 611B217 3 29999999999999999999999 058  7999999999999999999999
 10  8  8  9 12 15 19 22 25 26 26 26 26 26 26 26 26 26 26 25 24 22 19 1524 612B21015 26999999999999999999999 140  8999999999999999999999
 12 10  9  9 11 13 16 19 21 23 24 24 24 23 23 23 22 22 22 22 22 21 19 1724 613B21043 24999999999999999999999 218  9999999999999999999999
 14 12 11 10 11 12 14 17 19 21 22 22 22 21 20 20 19 18 18 18 18 18 18 1724 614B21059 22999999999999999999999 252 10999999999999999999999
 16 14 13 12 12 13 14 16 18 19 21 21 21 20 19 18 16 15 15 15 15 16 16 1724 615B211 8 212311 1799999999999999 321 121841 1599999999999999
 17 16 15 15 15 15 16 17 18 19 21 21 21 20 18 17 15 13 12 12 12 13 15 1624 616B21114 21999999999999999999999 343 1419 5 1299999999999999
 17 18 18 18 17 18 18 19 20 21 22 22 22 21 19 17 15 12 11  9  9 11 13 1524 617B21120 229999999999999999999991933  9999999999999999999999
 18 19 20 21 21 21 21 22 22 23 24 24 24 23 22 19 16 13 11  9  8  9 11 1424 618B21130 2499999999999999999999920 3  8999999999999999999999
 17 20 23 24 25 25 25 25 25 26 26 27 27 26 25 22 19 15 12  9  7  7  9 1224 619B21148 279999999999999999999992035  7999999999999999999999
 16 21 24 27 28 28 28 28 28 28 29 29 30 29 28 26 22 18 14 11  8  7  7 1024 620B21216 309999999999999999999992111  7999999999999999999999
 14 19 24 28 30 31 31 31 31 31 31 31 32 32 31 30 27 22 18 13  9  7  6  824 621B2 529 311253 3299999999999999 847 312151  699999999999999
 11 16 22 27 31 33 34 33 33 32 32 33 33 34 34 33 31 27 22 17 12  8  6  624 622B2 557 341338 3499999999999999 928 322233  699999999999999
  8 12 18 24 29 33 34 34 34 33 33 33 34 34 35 35 33 31 26 21 15 10  7  524 623B2 630 351427 3599999999999999 952 332319  599999999999999
  6  8 13 19 25 30 33 34 34 33 33 33 33 33 34 35 35 33 30 25 19 13  9  624 624B2 7 8 341520 35999999999999991017 33999999999999999999999
  5  5  8 14 20 25 29 32 32 32 31 31 31 31 32 33 34 33 32 28 23 18 12  824 625B2 747 321616 3499999999999999 0 8  51053 3199999999999999
  5  5  6  9 14 20 25 28 30 30 29 28 28 28 29 30 31 31 31 29 26 21 16 1224 626B2 825 301718 3199999999999999 057  51150 2899999999999999
  8  6  6  7 10 15 20 24 27 28 27 26 25 24 25 25 26 27 28 28 27 24 20 1624 627B2 9 0 281831 2899999999999999 145  61317 2499999999999999
 12 10  8  8 10 13 17 20 24 25 25 24 23 21 21 20 21 22 23 24 25 24 22 2024 628B2 931 2620 6 2599999999999999 232  81457 2099999999999999
 17 14 13 12 12 13 16 19 22 24 25 24 22 20 18 17 16 16 17 19 20 22 22 2224 629B2 958 2522 4 2299999999999999 316 121620 1699999999999999
 20 19 17 17 16 17 18 20 22 24 25 25 23 20 18 15 13 12 12 13 15 18 20 2224 630B21023 25999999999999999999999 354 161732 1299999999999999
 23 22 22 22 22 22 22 23 24 25 26 27 26 23 20 16 13 11 10 10 11 13 16 2024 7 1B2 020 231048 2799999999999999 358 221835  999999999999999
 23 25 26 26 26 27 27 27 27 28 29 29 29 27 24 20 16 12  9  8  8 10 13 1724 7 2B21115 299999999999999999999991931  8999999999999999999999
 21 25 27 29 30 31 31 31 31 31 31 32 32 31 29 25 21 16 12  9  7  8 10 1324 7 3B21149 329999999999999999999992022  7999999999999999999999
 18 23 27 30 32 33 34 34 34 34 34 34 34 34 33 31 26 21 16 12  9  8  8 1124 7 4B21233 349999999999999999999992111  8999999999999999999999
 15 21 26 30 33 35 36 36 36 35 35 35 36 36 36 35 32 27 22 16 12  9  8 1024 7 5B2 647 361326 36999999999999991036 352157  899999999999999
 13 17 23 28 32 35 36 36 36 36 36 36 36 36 37 37 35 32 27 21 16 12 10  924 7 6B2 637 361422 379999999999999911 0 362241  999999999999999
 11 15 20 25 30 34 36 36 36 35 35 35 35 36 36 37 37 35 31 26 20 15 11 1024 7 7B2 651 361515 379999999999999911 0 352322 1099999999999999
 10 12 16 21 27 31 34 35 34 34 33 33 33 34 34 35 36 35 33 29 24 18 14 1124 7 8B2 713 3516 3 36999999999999991049 33999999999999999999999
 10 11 14 18 23 27 31 32 33 32 31 31 31 31 32 33 34 34 33 30 26 21 16 1224 7 9B2 739 331647 3499999999999999 0 1 101126 3199999999999999
 10 10 12 15 19 23 27 29 30 30 29 28 28 28 28 29 30 31 31 30 27 23 18 1424 710B2 8 6 301731 3199999999999999 036 101220 2899999999999999
 12 11 11 14 17 20 24 26 28 28 27 26 25 25 25 25 26 27 27 27 26 23 20 1624 711B2 830 281818 2799999999999999 1 8 111330 2599999999999999
 14 13 12 14 16 19 22 24 26 26 25 24 23 22 22 22 22 23 24 24 24 23 21 1824 712B2 848 261920 2499999999999999 133 121443 2299999999999999
 16 15 15 15 17 19 21 23 25 25 25 24 22 21 20 19 19 19 20 21 21 22 21 2024 713B2 9 0 252049 2299999999999999 150 141555 1999999999999999
 19 18 17 18 19 20 22 24 25 26 25 24 22 21 19 18 17 17 17 18 19 20 21 2124 714B2 9 5 262252 2199999999999999 153 1717 0 1799999999999999
 21 21 21 21 22 23 24 26 27 27 27 26 24 22 20 18 16 15 15 15 17 18 20 2224 715B2 9 5 27999999999999999999999 132 201755 1599999999999999
 23 23 24 24 25 26 27 28 29 29 29 28 26 24 21 19 17 15 14 14 15 16 19 2224 716B2 9 7 299999999999999999999991842 14999999999999999999999
 24 26 27 28 29 29 30 31 31 31 31 31 29 27 24 22 19 16 14 13 13 15 17 2124 717B2 916 319999999999999999999991927 13999999999999999999999
 24 27 29 31 32 33 33 33 33 34 34 33 32 31 28 25 22 18 15 13 12 13 15 1824 718B2 934 349999999999999999999992011 12999999999999999999999
 23 27 31 33 34 35 35 35 35 35 35 35 35 34 32 29 25 21 17 14 12 11 12 1524 719B21025 359999999999999999999992056 11999999999999999999999
 20 25 30 33 36 37 37 37 36 36 36 37 37 37 35 33 30 25 20 16 12 10  9 1124 720B2 9 1 379999999999999999999992142  9999999999999999999999
 15 20 26 31 35 37 37 37 36 36 36 36 37 37 37 36 34 30 24 19 14 10  8  824 721B2 553 371332 3899999999999999 917 362229  899999999999999
 10 15 21 27 32 35 36 36 35 35 35 35 35 36 38 38 36 34 29 23 17 12  8  624 722B2 612 361441 3899999999999999 937 342316  699999999999999
  7 10 15 22 27 32 34 34 33 32 32 32 32 34 35 37 37 36 33 27 21 15 10  724 723B2 637 351546 37999999999999991012 32999999999999999999999
  6  7 11 16 22 28 31 32 32 30 28 28 28 29 31 33 35 35 34 31 26 19 14 1024 724B2 7 3 321650 3599999999999999 0 2  611 1 2899999999999999
  8  7  9 13 18 23 28 30 30 28 26 24 24 24 25 27 30 32 33 32 29 24 19 1424 725B2 729 301758 3399999999999999 046  712 3 2499999999999999
 11 10 10 12 16 21 25 28 29 28 25 22 21 20 20 22 24 26 29 30 29 27 23 1924 726B2 755 291912 3099999999999999 127 101315 2099999999999999
 17 15 14 15 17 20 24 27 28 28 26 23 20 18 17 17 18 20 23 25 27 27 26 2324 727B2 819 282039 2799999999999999 2 2 141429 1799999999999999
 21 20 20 20 21 22 25 27 29 29 28 25 21 18 16 15 14 15 17 20 22 24 25 2624 728B2 843 292238 2699999999999999 220 201545 1499999999999999
 25 25 25 25 26 26 28 29 30 31 30 28 25 21 18 15 13 13 13 15 17 20 23 2524 729B2 9 4 31999999999999999999999 128 2517 4 1399999999999999
 27 28 29 30 30 31 31 32 32 33 33 31 29 26 22 18 15 13 12 12 14 16 20 2324 730B2 921 339999999999999999999991821 12999999999999999999999
 27 29 31 33 34 35 35 35 35 35 35 34 33 30 27 23 19 16 14 12 12 14 17 2124 731B2 622 359999999999999999999991929 12999999999999999999999
 25 29 32 34 36 37 37 37 37 36 36 36 36 34 32 29 24 20 17 14 13 13 14 1824 8 1B2 624 379999999999999999999992026 12999999999999999999999
 22 27 31 34 36 37 38 38 38 37 37 37 37 37 36 33 30 25 20 17 14 13 13 1524 8 2B2 633 389999999999999999999992114 13999999999999999999999
 19 24 29 33 36 37 38 37 37 37 36 36 37 38 38 36 34 30 25 20 16 13 13 1424 8 3B2 6 9 381333 38999999999999991032 362157 1399999999999999
 17 21 26 30 34 36 36 36 36 35 35 35 35 36 37 37 36 33 28 23 18 14 12 1224 8 4B2 557 361433 38999999999999991033 352234 1299999999999999
 14 18 23 27 31 34 35 34 33 33 32 32 33 34 36 37 37 35 31 26 20 16 13 1224 8 5B2 6 6 351525 37999999999999991026 3223 8 1299999999999999
 12 15 19 24 28 31 33 33 31 30 29 29 30 31 33 34 35 35 32 28 23 18 14 1224 8 6B2 622 331612 35999999999999991040 292339 1199999999999999
 12 13 16 21 25 28 30 31 30 28 27 26 26 27 29 31 32 33 32 29 25 20 16 1324 8 7B2 640 311656 33999999999999991113 26999999999999999999999
 12 13 15 18 22 26 28 29 28 26 25 24 23 24 25 27 29 30 30 29 26 22 18 1524 8 8B2 658 291741 3099999999999999 0 7 121153 2399999999999999
 13 14 15 18 21 24 27 28 27 25 23 22 21 21 21 23 25 27 28 28 26 23 20 1724 8 9B2 712 281830 2899999999999999 029 131240 2199999999999999
 16 16 17 19 21 24 26 27 27 25 23 21 20 19 19 20 21 23 25 26 26 24 22 2024 810B2 720 271928 2699999999999999 044 161332 1999999999999999
 19 19 19 21 23 25 27 28 27 26 24 22 20 18 18 18 19 20 22 23 24 25 24 2324 811B2 722 282044 2599999999999999 048 191427 1899999999999999
 22 22 23 24 25 27 28 29 29 28 26 23 21 19 18 17 17 18 19 21 23 24 25 2524 812B2 719 29999999999999999999999 035 221530 1799999999999999
 25 25 26 27 28 30 31 31 31 30 28 26 23 21 19 18 17 17 17 19 21 23 25 2724 813B2 716 319999999999999999999991640 17999999999999999999999
 28 28 29 30 31 32 33 33 33 32 31 29 26 24 21 19 18 17 16 17 19 21 24 2724 814B2 712 339999999999999999999991751 16999999999999999999999
 29 30 32 33 34 35 35 35 35 34 33 32 30 27 24 22 19 17 16 15 16 18 21 2524 815B2 654 359999999999999999999991855 15999999999999999999999
 28 31 33 35 36 36 36 36 36 36 35 34 33 31 28 25 22 19 16 14 14 15 17 2124 816B2 613 369999999999999999999991953 14999999999999999999999
 26 30 33 35 36 37 37 37 36 36 36 36 35 34 32 29 25 21 17 14 12 11 13 1624 817B2 538 379999999999999999999992045 11999999999999999999999
 21 26 31 34 36 36 36 36 35 35 35 35 36 36 35 33 29 25 20 15 11  9  9 1124 818B2 510 361233 3699999999999999 931 352134  999999999999999
 16 21 27 31 34 35 35 34 33 33 33 33 35 36 36 36 33 29 23 18 13  9  7  824 819B2 511 351357 3699999999999999 9 8 332221  799999999999999
 11 16 22 27 31 33 33 31 30 29 29 30 31 33 36 37 36 33 28 22 16 11  8  724 820B2 525 3315 7 3799999999999999 929 2923 5  799999999999999
  8 11 17 23 28 31 31 30 27 25 25 25 26 29 32 34 36 35 32 27 21 15 11  824 821B2 544 311612 369999999999999910 8 252347  899999999999999
  8 10 14 19 24 28 30 29 26 23 21 20 21 23 26 30 33 34 34 31 26 20 16 1224 822B2 6 6 301717 34999999999999991058 20999999999999999999999
 11 11 13 18 22 27 29 29 26 22 19 17 16 17 19 23 27 30 32 32 29 25 21 1824 823B2 628 291823 3299999999999999 025 111155 1699999999999999
 16 15 16 19 22 26 29 29 28 24 20 16 14 14 14 17 20 24 28 30 30 28 26 2324 824B2 650 291934 3099999999999999 059 151256 1499999999999999
 22 21 21 22 24 27 29 31 30 27 23 19 15 13 12 13 15 19 22 25 28 28 28 2724 825B2 711 3121 2 2899999999999999 120 2114 2 1299999999999999
 26 26 27 27 28 30 31 32 32 30 27 23 19 16 14 13 13 15 17 20 23 26 28 2824 826B2 728 32999999999999999999999 034 261514 1399999999999999
 29 30 31 32 32 33 33 34 34 33 31 28 24 20 17 15 14 13 14 16 19 22 25 2824 827B2 731 349999999999999999999991639 13999999999999999999999
 30 32 33 35 35 36 36 35 35 35 34 32 29 26 22 19 17 15 14 15 16 19 22 2524 828B2 513 369999999999999999999991812 14999999999999999999999
 29 31 34 36 37 37 37 36 36 35 35 34 33 30 27 24 21 18 16 15 15 16 19 2224 829B2 5 9 379999999999999999999991929 15999999999999999999999
 26 30 33 35 37 37 37 36 36 35 35 35 34 33 31 29 25 21 18 16 15 15 16 2024 830B2 519 379999999999999999999992026 14999999999999999999999
 23 28 31 34 35 36 36 35 34 34 33 34 34 35 34 32 29 25 21 17 15 14 15 1724 831B2 513 361248 3599999999999999 955 332111 1499999999999999
 20 25 29 32 33 34 34 33 32 31 31 32 33 34 34 34 31 28 23 19 16 14 13 1424 9 1B2 459 341355 3499999999999999 955 312147 1399999999999999
 17 22 26 29 31 32 31 30 29 28 28 29 30 32 33 34 33 30 25 21 16 14 12 1324 9 2B2 459 321448 3499999999999999 955 282218 1299999999999999
 15 19 23 26 29 30 30 28 26 25 25 25 27 29 31 33 33 31 27 23 18 14 12 1224 9 3B2 5 8 301535 339999999999999910 2 252245 1299999999999999
 13 16 20 24 27 28 28 26 24 22 22 22 23 25 28 30 31 31 29 25 20 16 13 1224 9 4B2 522 291619 32999999999999991022 222310 1299999999999999
 13 15 18 22 25 27 27 25 23 20 19 19 19 21 24 27 29 30 29 26 22 18 15 1424 9 5B2 535 2717 3 30999999999999991051 192331 1499999999999999
 14 15 18 21 24 26 26 25 23 20 18 17 17 18 20 23 26 28 29 28 25 21 18 1724 9 6B2 546 271748 29999999999999991124 162348 1699999999999999
 16 17 19 22 24 26 27 26 23 20 17 16 15 16 17 20 23 26 28 28 26 24 21 2024 9 7B2 552 271836 289999999999999912 1 152355 1999999999999999
 19 20 21 23 26 27 28 27 25 21 18 16 15 15 16 18 21 23 26 27 27 26 24 2324 9 8B2 554 281930 27999999999999991240 152351 2399999999999999
 23 23 24 26 28 29 29 29 27 24 20 17 16 15 15 16 18 21 24 26 27 27 27 2624 9 9B2 552 292038 27999999999999991324 152338 2699999999999999
 26 26 27 28 30 31 31 30 29 26 23 20 18 16 16 16 17 19 21 24 26 27 28 2824 910B2 550 319999999999999999999991418 15999999999999999999999
 28 29 30 31 32 33 33 32 31 29 26 23 20 18 17 16 16 17 19 21 23 26 28 2924 911B2 544 339999999999999999999991529 16999999999999999999999
 30 31 32 33 34 34 34 33 32 31 28 26 23 21 19 17 16 16 16 18 20 23 25 2824 912B2 524 3499999999999999999999917 1 16999999999999999999999
 30 32 33 34 35 35 35 34 33 32 31 29 26 24 21 19 17 15 14 15 16 18 21 2524 913B2 5 0 359999999999999999999991828 14999999999999999999999
 28 31 33 34 34 35 34 34 33 32 31 31 29 27 25 22 19 16 14 12 12 14 16 2024 914B2 447 359999999999999999999991936 12999999999999999999999
 25 28 31 33 33 33 33 32 31 31 31 31 31 30 28 25 22 18 14 11 10 10 12 1524 915B2 417 339999999999999999999992032  9999999999999999999999
 20 25 28 30 31 31 30 29 28 28 29 30 31 32 31 29 26 21 17 12  9  8  8 1124 916B2 4 2 3113 8 3299999999999999 847 282120  899999999999999
 15 20 25 28 29 29 27 25 24 24 24 26 28 31 32 32 30 26 21 15 11  8  7  824 917B2 4 8 291423 3299999999999999 848 2422 5  799999999999999
 11 16 21 25 27 27 25 22 20 19 19 21 23 27 31 33 33 30 26 20 15 11  9  924 918B2 423 281530 3399999999999999 917 192246  899999999999999
 10 14 19 24 26 27 25 21 17 15 14 15 17 21 26 30 33 33 31 26 21 16 13 1224 919B2 442 271634 3399999999999999 958 142325 1299999999999999
 12 14 18 23 26 27 26 22 17 13 11 10 12 15 20 25 30 32 33 30 26 22 19 1724 920B2 5 3 271737 33999999999999991047 10999999999999999999999
 16 17 20 23 27 28 28 25 20 15 11  8  8 10 13 19 24 29 31 32 30 27 24 2224 921B2 524 291840 3299999999999999 0 0 161139  899999999999999
 22 22 23 25 28 30 30 29 25 19 14 10  8  8 10 13 18 23 27 30 31 30 28 2724 922B2 545 301951 3199999999999999 028 221236  899999999999999
 27 27 27 28 30 31 32 31 29 24 19 14 11  9  9 11 14 18 22 26 28 29 30 3024 923B2 6 3 32999999999999999999999 014 271336  999999999999999
 30 31 31 32 32 33 33 33 32 29 24 20 16 13 12 11 12 14 17 21 24 27 29 3024 924B2 6 8 339999999999999999999991445 11999999999999999999999
 31 33 34 34 34 34 34 34 33 31 29 25 22 18 16 14 13 14 15 17 20 23 26 2924 925B2 413 349999999999999999999991612 13999999999999999999999
 31 33 34 35 35 35 34 33 33 32 31 29 26 23 21 18 16 15 15 15 17 19 22 2624 926B2 354 359999999999999999999991753 15999999999999999999999
 29 31 33 34 34 34 33 32 31 31 31 30 29 27 25 22 19 17 15 15 15 16 19 2224 927B2 4 4 349999999999999999999991914 15999999999999999999999
 26 29 31 32 32 32 31 30 29 29 29 29 29 29 27 25 22 19 16 15 14 14 16 1924 928B2 4 4 321148 2999999999999999 915 292011 1499999999999999
 22 26 28 30 30 30 29 27 26 26 26 27 28 29 29 27 24 21 18 15 13 13 14 1624 929B2 352 301310 2999999999999999 912 262051 1399999999999999
 20 23 26 27 28 27 26 24 23 22 23 24 26 28 28 28 26 23 19 16 13 12 13 1424 930B2 348 2814 8 2899999999999999 916 222123 1299999999999999
 17 20 23 25 26 25 23 21 20 19 19 20 23 25 27 28 27 24 21 17 14 13 12 132410 1B2 353 261457 2899999999999999 923 192149 1299999999999999
 15 19 22 24 25 24 22 19 17 16 16 17 19 22 25 27 27 26 23 19 16 14 13 132410 2B2 4 1 251543 2899999999999999 938 162213 1399999999999999
 15 18 21 23 24 23 21 18 15 13 13 13 16 19 23 26 27 27 25 22 18 16 15 142410 3B2 411 241627 279999999999999910 0 132234 1499999999999999
 16 18 21 23 24 24 22 18 15 12 11 11 13 16 20 23 26 28 27 25 21 19 17 172410 4B2 419 241710 28999999999999991028 112253 1799999999999999
 18 19 22 24 25 25 23 20 16 13 10 10 11 13 17 21 25 27 28 27 24 22 20 202410 5B2 425 251753 28999999999999991058 1023 8 2099999999999999
 20 21 23 25 26 26 25 22 18 14 11 10 10 11 14 19 23 26 28 28 27 25 24 232410 6B2 430 271839 29999999999999991130 102314 2399999999999999
 23 24 25 27 28 28 27 24 21 17 13 11 10 11 13 16 20 24 27 29 29 28 26 262410 7B2 434 281930 299999999999999912 5 102311 2699999999999999
 26 27 28 29 30 30 29 27 23 19 16 13 12 11 12 14 18 21 25 27 29 29 28 282410 8B2 438 302036 29999999999999991245 1123 1 2899999999999999
 28 29 30 30 31 31 30 29 26 22 19 15 13 12 12 13 15 18 21 24 27 28 29 292410 9B2 438 319999999999999999999991335 12999999999999999999999
 30 30 31 32 32 32 31 30 28 25 21 18 16 14 13 13 13 15 17 20 23 26 27 29241010B2 425 329999999999999999999991443 13999999999999999999999
 30 30 31 32 32 32 31 30 28 26 24 21 18 16 14 13 12 13 14 16 18 21 24 26241011B2 4 1 329999999999999999999991619 12999999999999999999999
 28 29 30 31 31 31 30 29 28 27 25 23 21 19 16 14 13 11 11 12 13 16 19 23241012B2 352 319999999999999999999991758 11999999999999999999999
 26 27 28 29 29 28 28 27 26 26 25 25 24 22 19 17 14 12 10  9 10 11 15 18241013B2 318 299999999999999999999991912  9999999999999999999999
 22 25 26 26 26 25 24 23 23 23 24 25 25 25 23 20 17 14 11  9  8  8 11 14241014B2 242 2612 6 2599999999999999 815 232010  899999999999999
 18 22 24 24 23 21 20 19 18 19 20 22 24 26 26 25 22 18 14 11  9  8  9 12241015B2 243 241335 2699999999999999 8 6 1821 0  899999999999999
 16 20 22 23 22 20 17 14 13 13 15 17 21 25 27 28 26 23 19 15 12 10 10 11241016B2 256 231446 2899999999999999 827 132144 1099999999999999
 14 18 22 23 23 20 16 12  9  8  9 11 16 21 26 29 29 28 24 20 17 14 13 13241017B2 313 231551 3099999999999999 9 3  82224 1399999999999999
 15 19 22 24 24 22 18 12  8  5  4  6 10 15 21 26 30 31 29 26 22 20 18 18241018B2 334 251653 3199999999999999 947  423 2 1899999999999999
 18 20 23 26 27 26 22 16 10  5  3  3  5  9 15 22 27 30 31 30 27 25 23 22241019B2 358 271753 31999999999999991034  22335 2299999999999999
 22 23 25 28 29 29 26 21 15  9  4  2  3  5 10 16 22 27 30 31 30 29 27 27241020B2 422 291855 31999999999999991125  22354 2799999999999999
 27 27 28 30 31 31 30 26 21 14  9  6  4  4  7 11 17 22 27 30 31 30 30 30241021B2 445 312010 31999999999999991218  42248 3099999999999999
 30 30 30 31 32 32 32 30 26 21 15 11  8  6  7  9 13 17 22 26 28 29 30 31241022B2 5 3 329999999999999999999991315  6999999999999999999999
 31 32 32 32 32 32 32 31 29 25 21 16 13 10  9 10 11 14 17 21 24 27 28 30241023B2 447 329999999999999999999991418  9999999999999999999999
 31 31 32 32 32 31 31 30 29 27 24 21 18 15 13 12 12 13 14 17 20 23 25 27241024B2 248 329999999999999999999991535 12999999999999999999999
 29 30 31 31 30 30 29 28 28 27 25 24 21 19 16 14 13 13 13 14 16 19 21 24241025B2 254 3199999999999999999999917 6 13999999999999999999999
 26 27 28 28 28 27 26 25 25 24 24 24 23 21 19 17 15 13 13 13 14 15 18 21241026B2 253 289999999999999999999991829 13999999999999999999999
 23 25 25 26 25 24 23 22 21 21 22 22 23 22 21 19 16 14 13 12 12 13 15 18241027B2 238 261154 2399999999999999 829 211929 1299999999999999
 20 22 23 23 22 21 19 18 17 17 18 20 21 22 21 20 18 16 14 12 12 12 13 16241028B2 229 231313 2299999999999999 832 172011 1299999999999999
 18 20 21 21 20 18 16 15 14 13 14 16 19 21 22 21 20 17 15 13 12 12 13 15241029B2 229 211414 2299999999999999 841 132044 1299999999999999
 17 19 20 20 19 17 14 12 11 10 11 13 16 19 21 22 21 20 17 15 14 13 14 15241030B2 234 2015 7 2299999999999999 854 102110 1399999999999999
 17 19 20 20 19 17 14 11  8  7  8 10 13 17 20 22 23 22 20 18 16 15 15 16241031B2 240 201554 2399999999999999 914  72134 1599999999999999
 18 20 21 21 20 18 14 11  8  6  6  7 10 15 19 22 24 25 23 21 19 18 18 182411 1B2 247 211637 2599999999999999 939  62156 1899999999999999
 19 21 23 23 22 20 16 12  8  6  5  6  8 12 17 22 25 26 26 24 22 21 21 212411 2B2 256 231718 269999999999999910 7  52218 2099999999999999
 22 23 24 25 25 23 19 15 10  7  5  5  7 10 15 20 24 27 28 27 26 24 23 232411 3B2 3 7 251759 28999999999999991038  52236 2399999999999999
 24 25 26 27 27 25 22 18 13  9  6  5  6  8 12 17 22 26 29 29 28 27 26 262411 4B2 320 271842 29999999999999991112  52247 2699999999999999
 26 27 28 29 29 27 25 21 16 12  8  6  6  7 10 14 19 24 27 29 29 28 27 272411 5B2 335 291932 29999999999999991149  62250 2799999999999999
 27 28 29 29 30 29 27 24 20 15 11  8  7  7  8 11 15 20 24 27 28 28 28 282411 6B2 348 309999999999999999999991232  7999999999999999999999
 28 28 29 29 30 29 28 25 22 18 14 10  8  7  7  9 11 15 19 22 25 26 27 272411 7B2 354 309999999999999999999991322  7999999999999999999999
 27 28 28 29 29 28 27 26 23 20 16 13 10  8  7  7  9 11 14 17 20 23 25 252411 8B2 343 299999999999999999999991425  7999999999999999999999
 26 26 26 27 27 26 26 25 23 21 19 16 13 10  8  7  7  8 10 12 15 18 21 232411 9B2 322 279999999999999999999991545  7999999999999999999999
 23 24 24 24 24 23 23 22 22 21 20 18 16 13 11  9  8  7  7  9 11 14 17 19241110B2 222 249999999999999999999991715  7999999999999999999999
 21 21 21 20 20 19 19 18 18 19 19 19 18 16 14 12 10  8  7  7  8 11 14 17241111B2 058 211023 1999999999999999 721 181834  799999999999999
 19 20 19 18 16 15 14 13 14 15 16 18 19 19 18 16 14 12 10  9  9 10 12 15241112B2 1 6 201231 2099999999999999 712 131939  899999999999999
 18 19 19 17 14 12 10  8  8  9 12 15 18 21 21 21 19 16 14 12 11 11 12 15241113B2 121 191358 2199999999999999 735  82034 1199999999999999
 18 19 20 18 15 11  7  5  4  4  6 10 15 20 23 24 24 22 19 17 16 15 15 16241114B2 140 201512 2499999999999999 811  42122 1599999999999999
 19 21 22 21 18 13  8  4  1  0  1  5 10 16 21 25 27 26 24 22 20 19 19 19241115B2 2 3 221616 2799999999999999 853  022 5 1999999999999999
 21 23 25 24 22 18 12  6  1 -1 -2  0  5 11 17 23 27 29 28 27 25 24 23 23241116B2 230 251716 2999999999999999 939 -22244 2399999999999999
 24 25 27 28 27 23 18 11  5  1 -2 -2  1  6 12 19 25 29 30 30 28 27 26 26241117B2 3 0 281813 30999999999999991027 -22315 2699999999999999
 26 27 29 30 30 28 24 18 11  5  1 -1  0  3  8 14 20 26 29 30 30 29 28 28241118B2 332 301912 30999999999999991117 -12321 2899999999999999
 28 29 29 30 31 30 28 24 18 11  6  3  1  2  5 10 15 21 25 28 29 29 29 29241119B2 4 5 3199999999999999999999912 8  1999999999999999999999
 29 29 29 30 31 31 30 27 22 17 12  7  5  4  5  7 11 16 21 24 26 27 28 28241120B2 436 319999999999999999999991259  4999999999999999999999
 28 28 28 29 29 29 29 27 25 21 16 12  8  6  6  7  9 12 16 20 22 24 25 26241121B2 456 299999999999999999999991353  6999999999999999999999
 26 26 26 26 26 26 26 25 24 22 19 15 12  9  8  7  8 10 12 15 18 20 22 23241122B2 159 269999999999999999999991448  7999999999999999999999
 23 24 24 23 23 22 22 22 21 21 19 17 14 12 10  9  8  9 10 12 15 17 19 20241123B2 137 249999999999999999999991546  8999999999999999999999
 21 21 21 20 20 19 18 18 17 18 17 17 15 13 12 10  9  9 10 11 12 14 16 17241124B2 053 219999999999999999999991648  9999999999999999999999
 18 19 18 17 16 15 14 13 13 14 15 15 15 14 13 12 11 10 10 10 11 13 14 16241125B2 045 191131 1599999999999999 739 131750 1099999999999999
 17 17 16 15 14 12 11 10  9 10 11 13 14 15 15 14 13 12 12 11 12 13 14 15241126B2 047 171312 1599999999999999 750  91847 1199999999999999
 16 16 16 14 12 10  8  7  6  7  8 10 13 15 16 16 15 15 14 13 13 14 15 16241127B2 050 161434 1699999999999999 8 5  61934 1399999999999999
 17 17 16 15 13 10  7  5  4  4  5  8 11 15 17 18 18 17 17 16 16 16 16 17241128B2 055 171536 1899999999999999 826  42014 1699999999999999
 18 19 18 17 14 11  7  4  3  2  3  6 10 14 17 20 21 21 20 19 18 18 19 19241129B2 1 3 191621 2199999999999999 851  22050 1899999999999999
 20 21 21 19 17 13  9  5  3  1  2  4  8 12 17 21 23 23 23 22 21 21 21 21241130B2 117 211658 2399999999999999 920  12124 2199999999999999
 22 23 23 22 20 16 12  8  4  2  1  2  6 10 16 20 24 26 26 25 24 23 23 232412 1B2 138 231733 2699999999999999 952  12155 2399999999999999
 24 25 25 25 23 20 16 11  6  3  1  1  3  8 13 19 23 26 27 27 26 25 25 252412 2B2 2 4 2518 9 27999999999999991028  12221 2599999999999999
 25 26 27 27 26 23 19 14  9  5  2  1  2  5  9 15 20 25 27 28 27 26 25 252412 3B2 234 271848 289999999999999911 6  12238 2599999999999999
 26 26 27 27 27 25 22 18 12  7  4  1  1  2  6 11 16 21 25 26 27 26 25 252412 4B2 3 5 271933 27999999999999991147  12251 2599999999999999
 25 26 26 27 27 26 24 20 15 10  6  2  1  1  2  6 11 16 20 23 25 25 24 242412 5B2 338 272025 25999999999999991232  12313 2499999999999999
 24 24 25 25 26 25 24 21 18 13  8  4  2  1  1  3  6 10 15 19 21 22 22 222412 6B2 413 262120 22999999999999991320  02355 2199999999999999
 21 22 22 22 23 23 23 21 19 15 11  7  4  2  1  1  3  6 10 14 17 19 20 192412 7B2 456 2322 8 20999999999999991412  1999999999999999999999
 19 19 19 19 19 19 19 19 18 16 13 10  7  4  3  2  2  4  6 10 13 15 17 172412 8B2 6 3 192243 1799999999999999 121 1815 8  299999999999999
 16 16 15 15 14 14 15 15 15 15 14 13 10  8  6  5  4  5  6  8 10 13 15 162412 9B2 816 152310 1699999999999999 424 141612  499999999999999
 15 14 12 11 10 10 10 10 11 12 13 14 13 12 10  9  8  8  8  8 10 12 14 15241210B21054 142333 1599999999999999 535  91728  899999999999999
 15 14 12  9  7  6  5  5  6  8 10 13 15 15 15 14 13 12 12 11 12 13 15 16241211B21259 152357 1799999999999999 626  51854 1199999999999999
 17 16 13 10  7  4  2  1  1  3  6 10 14 16 18 18 18 17 16 16 16 16 17 18241212B21448 18999999999999999999999 714  12013 1699999999999999
 19 19 17 14  9  5  1 -1 -2 -2  1  6 11 15 19 21 22 22 21 20 20 19 20 20241213B2 025 191610 2299999999999999 8 1 -22118 1999999999999999
 21 22 21 18 14  9  3 -1 -3 -4 -2  1  6 12 18 22 24 25 25 24 23 23 23 23241214B2 057 2217 7 2599999999999999 849 -422 9 2399999999999999
 24 25 25 23 20 15  9  3 -1 -4 -4 -2  2  8 14 20 24 27 27 27 26 25 25 25241215B2 137 251752 2799999999999999 938 -42247 2599999999999999
 25 26 27 27 25 21 15  9  3 -1 -4 -3 -1  4 10 16 22 26 27 28 27 26 26 26241216B2 222 271833 28999999999999991026 -42315 2699999999999999
 26 26 28 28 28 25 21 15  8  3 -1 -3 -2  1  6 12 18 23 26 27 27 26 25 25241217B2 311 281912 27999999999999991114 -32326 2599999999999999
 25 26 26 28 28 27 25 20 14  8  3  0 -1  0  3  8 13 18 22 25 25 25 24 24241218B2 359 281951 259999999999999912 1 -12327 2499999999999999
 24 24 24 25 26 26 25 22 18 12  7  2  0  0  1  4  9 14 18 21 22 22 22 21241219B2 444 262030 22999999999999991244  0999999999999999999999
 21 21 21 22 23 23 23 22 19 15 10  5  2  1  1  3  6 10 14 17 19 20 19 19241220B2 527 2321 8 2099999999999999 0 3 211324  199999999999999
 18 18 18 18 19 19 20 19 18 15 12  8  5  3  2  3  4  7 10 13 15 17 17 16241221B2 6 9 202141 1799999999999999 132 181359  299999999999999
 16 15 15 15 15 15 15 15 15 14 12  9  7  5  4  4  5  6  8 11 13 14 15 14241222B2 7 2 1522 6 1599999999999999 338 151427  399999999999999
 13 13 12 11 11 11 11 11 11 11 11 10  8  6  6  5  6  7  8 10 11 13 13 13241223B2 838 112220 1399999999999999 514 111444  599999999999999
 12 11 10  9  8  7  7  7  7  8  9  9  9  8  8  8  8  9 10 11 12 12 13 13241224B21056  92225 1399999999999999 613  71443  899999999999999
 12 11  9  8  6  5  4  4  4  5  7  8  9 10 10 10 11 11 12 13 13 14 14 14241225B22223 14999999999999999999999 650  4999999999999999999999
 13 12 10  8  6  4  2  1  2  3  5  7 10 11 13 13 14 14 15 15 15 16 16 16241226B22221 16999999999999999999999 721  1999999999999999999999
 15 14 12 10  7  4  2  0  0  1  3  6  9 12 15 16 17 17 18 18 18 18 18 18241227B22239 18999999999999999999999 754  0999999999999999999999
 18 17 15 12  9  6  3  0 -1 -1  1  4  8 12 16 18 20 20 20 20 20 20 20 20241228B22038 20999999999999999999999 828 -1999999999999999999999
 20 20 18 16 13  9  5  2 -1 -2 -1  2  6 11 16 19 21 22 23 22 22 22 22 22241229B21739 23999999999999999999999 9 4 -2999999999999999999999
 22 22 21 19 16 13  8  4  0 -2 -2 -1  3  8 14 18 22 24 24 24 23 23 22 22241230B21751 24999999999999999999999 943 -222 9 2299999999999999
 23 23 23 22 20 16 12  7  2 -1 -3 -3  0  4 10 16 20 23 24 24 23 22 22 22241231B2 128 231813 24999999999999991024 -32225 2299999999999999
