  9 11 19 31 46 60 68 69 65 57 48 40 35 36 40 48 56 62 65 62 54 44 33 2224 1 1B4 640 701757 6599999999999999 013  91223 3599999999999999
 16 14 19 28 40 53 63 68 66 60 52 43 37 34 36 40 47 54 59 60 56 49 40 3124 1 2B4 712 681842 6099999999999999 044 1413 7 3499999999999999
 24 21 22 27 36 47 58 64 66 62 56 48 40 35 34 35 39 45 51 55 55 52 46 3924 1 3B4 747 661935 5599999999999999 117 201358 3499999999999999
 33 28 27 29 35 43 52 60 64 63 59 52 45 38 34 32 33 37 42 47 50 51 49 4524 1 4B4 822 642047 5199999999999999 154 2715 5 3299999999999999
 41 37 34 34 36 41 48 55 61 63 61 56 49 42 36 32 30 30 33 37 43 47 49 4924 1 5B4 9 2 632234 5099999999999999 242 341625 2999999999999999
 48 45 42 40 40 41 45 51 57 61 62 59 54 48 40 34 28 25 24 27 32 39 45 5024 1 6B4 947 62999999999999999999999 352 401737 2499999999999999
 52 52 51 48 45 44 44 48 53 58 61 62 59 54 46 38 29 22 18 18 21 28 37 4524 1 7B4 038 531041 6299999999999999 515 441838 1799999999999999
 53 57 58 57 53 49 46 46 49 53 59 62 63 60 54 45 34 24 15 11 10 15 24 3624 1 8B4 154 581143 6399999999999999 629 461931 1099999999999999
 48 57 63 64 61 55 50 46 46 49 54 60 64 65 62 54 43 30 17  8  3  4 10 2224 1 9B4 246 641243 6699999999999999 734 462021  299999999999999
 37 52 63 68 68 63 56 49 45 45 49 55 62 68 68 63 54 40 24 10  0 -4 -1  824 110B4 329 691337 6999999999999999 830 4521 8 -499999999999999
 23 41 57 68 72 70 63 54 46 43 44 48 56 65 71 71 64 52 36 19  4 -5 -8 -324 111B4 4 9 721427 7299999999999999 920 432152 -899999999999999
  9 27 47 63 71 73 69 60 49 42 39 41 48 58 68 74 72 63 49 32 14 -1 -8 -924 112B4 446 731515 749999999999999910 4 392233-1099999999999999
 -1 14 34 54 67 73 72 65 54 43 37 35 39 48 60 71 75 71 61 46 28 10 -3 -824 113B4 520 7316 1 75999999999999991044 352311 -899999999999999
 -5  5 22 42 60 70 72 69 59 47 37 31 32 38 48 61 71 73 68 57 42 24  8 -124 114B4 552 731647 74999999999999991124 312346 -399999999999999
 -3  2 14 32 51 65 71 70 63 52 40 30 27 29 36 48 60 69 70 63 52 38 22 1024 115B4 620 711735 709999999999999912 5 27999999999999999999999
  4  5 13 26 43 59 68 70 66 57 45 33 25 24 27 35 46 58 64 64 58 48 35 2324 116B4 646 701826 6599999999999999 018  31249 2399999999999999
 14 12 16 24 37 52 64 69 67 61 51 39 28 22 22 25 33 43 53 58 58 53 45 3524 117B4 714 691921 5999999999999999 050 121339 2199999999999999
 26 21 22 27 35 47 58 66 67 64 56 46 35 26 21 20 23 30 39 47 52 52 49 4424 118B4 746 682030 5299999999999999 123 211441 2099999999999999
 37 32 30 32 37 44 53 61 65 65 60 52 43 33 25 20 18 20 26 33 41 46 48 4724 119B4 822 662216 4899999999999999 2 0 3016 0 1899999999999999
 45 42 39 38 40 44 49 55 61 63 61 57 51 42 34 25 19 16 16 20 28 35 42 4624 120B4 9 6 63999999999999999999999 251 381725 1699999999999999
 49 49 48 46 45 45 47 51 55 58 60 59 56 51 43 34 25 17 12 12 15 22 32 4124 121B4 047 4910 9 6099999999999999 421 451841 1199999999999999
 48 53 55 54 51 49 47 48 49 52 56 58 59 57 52 44 34 23 14  8  7 11 19 3124 122B4 213 551141 5999999999999999 618 471944  699999999999999
 42 52 58 60 58 53 49 46 45 47 50 54 58 60 58 53 44 32 19  9  3  2  8 1924 123B4 259 6013 2 6099999999999999 749 452035  299999999999999
 33 47 57 63 63 59 52 46 42 42 44 48 55 60 63 60 53 42 28 14  3 -2  0  824 124B4 334 631359 6399999999999999 846 422117 -299999999999999
 22 39 54 63 66 63 57 48 41 38 38 42 49 57 64 65 61 51 38 22  8 -1 -4  024 125B4 4 2 661443 6599999999999999 924 382153 -499999999999999
 12 29 47 60 67 66 61 52 42 35 33 36 42 51 61 67 66 59 47 32 16  3 -4 -324 126B4 426 671522 6799999999999999 956 332224 -599999999999999
  5 20 39 55 66 68 64 56 45 35 30 30 35 44 55 64 68 64 55 41 25 10  0 -324 127B4 450 681559 68999999999999991027 292253 -399999999999999
  1 13 30 49 63 68 67 59 48 37 28 25 28 36 47 58 66 67 60 49 34 19  7  024 128B4 513 691634 67999999999999991058 252320  099999999999999
  1 10 24 42 58 67 68 62 52 41 30 23 23 29 38 50 60 65 63 54 42 28 15  624 129B4 538 691710 65999999999999991130 232346  499999999999999
  4 10 21 36 52 64 68 65 56 45 33 24 21 24 31 41 52 60 62 57 48 36 24 1424 130B4 6 2 681746 629999999999999912 2 21999999999999999999999
 10 12 20 32 47 59 66 66 59 49 37 27 21 21 25 33 43 53 58 57 51 42 32 2324 131B4 627 671823 5899999999999999 011 101235 2099999999999999
 17 17 22 31 42 54 63 65 61 53 42 31 24 20 22 27 35 44 51 54 52 46 39 3124 2 1B4 651 6519 5 5499999999999999 035 161311 2099999999999999
 25 23 25 31 40 50 59 63 62 55 46 36 27 22 21 23 28 35 42 47 49 47 43 3824 2 2B4 717 631958 4999999999999999 059 231352 2199999999999999
 33 30 31 34 39 47 54 59 61 57 50 41 33 26 22 21 22 26 32 38 43 45 45 4324 2 3B4 745 612120 4599999999999999 126 301451 2199999999999999
 40 38 37 38 41 45 50 55 58 57 53 46 39 31 25 21 19 19 22 27 33 38 42 4424 2 4B4 820 58999999999999999999999 2 3 371621 1999999999999999
 45 45 45 44 44 45 47 51 54 56 55 51 46 39 32 25 19 15 14 16 20 27 34 4124 2 5B4 031 45 911 5699999999999999 338 441758 1499999999999999
 47 50 52 51 49 47 46 47 49 52 54 54 52 47 41 33 24 16 10  7  8 13 22 3224 2 6B4 2 9 521038 5499999999999999 6 7 461914  799999999999999
 43 51 57 58 56 51 47 44 44 46 49 53 56 55 51 44 33 22 11  3 -1  1  8 2024 2 7B4 251 581222 5699999999999999 740 442012 -199999999999999
 34 48 57 62 62 57 50 44 40 39 42 48 55 60 60 55 46 32 18  4 -5 -8 -5  624 2 8B4 325 631334 6199999999999999 838 3921 1 -899999999999999
 21 39 54 63 66 63 55 45 37 34 34 40 49 59 65 65 58 46 30 13 -2-10-12 -524 2 9B4 357 661429 6699999999999999 921 332142-1299999999999999
  8 28 47 61 68 67 60 49 37 29 27 30 38 51 63 69 68 59 44 26  8 -6-12-1124 210B4 425 681517 7099999999999999 958 272219-1299999999999999
 -1 16 37 56 67 69 65 54 40 28 21 20 26 38 54 66 71 68 57 41 22  5 -7 -924 211B4 451 6916 2 71999999999999991034 202251-1099999999999999
 -4  9 28 49 64 70 68 59 45 30 18 14 16 25 39 56 68 70 65 53 36 18  4 -324 212B4 513 701646 719999999999999911 9 132321 -499999999999999
 -2  6 22 41 59 69 70 63 51 36 20 11  9 14 25 41 57 66 66 59 47 32 17  724 213B4 535 701731 67999999999999991145  92348  499999999999999
  4  9 20 35 53 66 70 66 57 43 27 14  7  7 14 26 42 55 62 60 53 42 29 1824 214B4 558 701816 62999999999999991224  6999999999999999999999
 13 15 22 33 47 61 68 68 60 49 35 21 10  6  8 16 27 40 51 55 53 47 39 3024 215B4 624 6919 6 5599999999999999 015 1313 7  699999999999999
 23 22 26 34 44 55 64 66 62 54 43 30 19 11  9 11 17 26 37 45 48 46 43 3824 216B4 652 6620 5 4899999999999999 042 221358  999999999999999
 33 30 32 36 43 50 57 62 61 56 48 39 29 20 14 12 13 17 24 32 38 41 42 4124 217B4 723 622153 4299999999999999 110 3015 9 1299999999999999
 40 38 38 40 43 47 52 56 57 55 50 44 38 30 23 18 14 13 15 20 26 32 37 4124 218B4 758 57999999999999999999999 140 381652 1399999999999999
 43 44 44 44 45 46 47 49 51 51 50 48 44 40 34 27 20 14 11 11 15 21 29 3624 219B4 851 519999999999999999999991828 11999999999999999999999
 43 47 50 50 48 46 44 44 44 45 47 48 48 47 43 37 28 19 12  7  7 11 19 2924 220B4 227 501137 4899999999999999 710 441937  699999999999999
 39 47 53 54 52 48 43 40 38 39 41 45 49 51 50 46 38 27 16  7  2  2  8 1924 221B4 254 541318 5199999999999999 819 382026  299999999999999
 33 45 53 57 56 51 44 37 33 32 34 39 47 53 56 54 47 37 23 10  1 -2  1 1024 222B4 317 5814 7 5699999999999999 852 3221 3 -299999999999999
 24 40 52 59 60 55 47 37 30 27 28 32 41 51 58 59 55 46 32 17  4 -3 -4  324 223B4 338 601445 6099999999999999 918 272135 -499999999999999
 16 33 49 59 62 59 51 40 29 22 21 25 33 45 56 62 61 53 41 26 11  0 -5 -124 224B4 358 621520 6299999999999999 944 2122 3 -599999999999999
  9 25 43 57 64 62 55 43 31 21 16 18 25 37 51 61 64 59 49 35 19  6 -2 -224 225B4 417 641553 64999999999999991011 162229 -399999999999999
  6 20 37 54 64 65 59 48 34 21 14 12 18 28 42 56 63 63 55 43 28 14  3  024 226B4 437 651626 64999999999999991039 122253  099999999999999
  5 16 32 49 62 66 62 52 38 25 14  9 12 20 33 48 59 63 59 49 36 22 11  524 227B4 458 661658 639999999999999911 7  92316  599999999999999
  7 15 29 45 58 65 64 56 43 29 16  9  8 14 25 39 52 60 60 54 43 30 19 1224 228B4 519 661731 61999999999999991135  82338 1099999999999999
 11 16 27 41 54 63 65 58 47 34 20 11  7 10 18 30 43 54 58 55 47 37 27 1924 229B4 539 6518 5 589999999999999912 2  72358 1699999999999999
 16 19 27 38 50 60 64 60 51 38 25 14  9  9 14 23 34 45 52 53 49 42 34 2624 3 1B4 6 0 641842 54999999999999991230  8999999999999999999999
 22 23 28 37 46 56 61 60 53 43 31 20 12  9 11 17 26 35 44 48 48 44 39 3324 3 2B4 622 611928 4999999999999999 020 2213 3  999999999999999
 29 29 31 37 44 51 57 58 54 47 36 26 18 13 11 14 19 25 33 39 43 43 41 3924 3 3B4 648 582037 4399999999999999 043 281348 1199999999999999
 36 35 36 39 42 47 52 54 54 49 42 34 26 19 15 13 14 17 22 27 33 37 39 4124 3 4B4 720 54999999999999999999999 1 9 3515 8 1399999999999999
 42 42 42 42 43 45 47 49 50 49 46 41 35 28 22 17 14 12 12 15 20 26 33 3924 3 5B4 8 7 509999999999999999999991722 12999999999999999999999
 44 47 48 47 46 44 43 43 44 45 46 45 43 39 33 26 18 11  7  5  7 13 22 3224 3 6B4 2 4 4810 3 4699999999999999 625 431855  599999999999999
 42 49 53 53 50 45 40 37 37 39 42 46 49 49 45 38 28 17  7  0 -2  1  9 2224 3 7B4 231 531225 4999999999999999 744 371955 -299999999999999
 36 47 55 58 55 48 40 33 29 30 34 41 49 55 55 50 41 28 13  1 -6 -7 -1 1024 3 8B4 258 581336 5699999999999999 827 292041 -799999999999999
 27 43 55 61 60 53 42 31 23 20 23 31 43 54 61 61 54 42 26  9 -3 -9 -7  124 3 9B4 322 611428 6299999999999999 9 2 202119 -999999999999999
 17 36 52 62 64 58 47 32 20 13 12 18 30 46 60 67 64 55 40 22  6 -5 -8 -324 310B4 344 641514 6799999999999999 936 122152 -899999999999999
  9 28 47 61 66 63 53 37 21  8  3  6 16 32 51 65 69 64 53 37 19  4 -3 -224 311B4 4 4 661557 699999999999999910 9  32221 -499999999999999
  6 22 41 59 68 67 59 45 27 10 -1 -3  3 16 35 54 66 68 61 49 33 16  6  324 312B4 425 681639 68999999999999991044 -32249  399999999999999
  8 19 36 54 66 69 63 51 35 16  1 -6 -5  4 19 39 56 64 63 56 44 29 17 1024 313B4 447 701722 65999999999999991120 -72316 1099999999999999
 12 20 32 48 62 69 67 57 43 26  9 -3 -7 -3  7 23 41 54 59 57 49 39 28 2024 314B4 512 6918 5 60999999999999991157 -72343 1899999999999999
 18 23 32 43 56 65 67 60 49 35 19  6 -3 -3  2 12 26 41 50 53 50 44 36 2924 315B4 539 671852 53999999999999991237 -4999999999999999999999
 25 27 33 41 50 59 63 61 52 42 29 17  7  2  2  7 16 27 38 44 46 44 40 3624 316B4 6 7 631948 4699999999999999 010 251323  299999999999999
 32 32 35 40 46 52 57 57 53 45 36 27 18 11  8  8 12 18 26 33 38 40 40 3924 317B4 637 582130 4099999999999999 038 311424  899999999999999
 38 37 38 40 43 47 49 51 50 46 40 35 29 23 17 14 12 13 17 22 28 33 37 4024 318B4 7 8 51999999999999999999999 1 7 3716 7 1299999999999999
 41 42 42 42 42 42 43 44 44 43 42 39 36 33 28 22 17 13 12 14 18 25 31 3724 319B4 756 449999999999999999999991757 12999999999999999999999
 42 45 46 45 42 40 38 37 37 38 40 41 42 41 37 32 24 17 11  9 10 15 23 3324 320B4 151 4612 0 4299999999999999 726 3719 8  999999999999999
 41 47 50 49 45 39 34 31 30 31 34 39 44 46 45 41 33 23 13  7  5  7 15 2624 321B4 215 501317 4699999999999999 8 0 301957  599999999999999
 38 47 52 53 49 41 33 27 23 24 27 34 43 49 52 49 42 31 19  9  3  2  8 1924 322B4 236 5314 1 5299999999999999 826 232033  299999999999999
 32 45 53 56 53 45 35 25 18 17 20 27 38 48 55 56 50 41 27 14  4  1  3 1224 323B4 255 561436 5699999999999999 852 1721 4  199999999999999
 26 41 53 58 57 50 38 26 16 11 12 19 30 43 55 59 57 49 36 22  9  2  2  824 324B4 314 5915 9 5999999999999999 918 102132  199999999999999
 21 37 51 60 60 54 43 29 16  7  5 10 21 36 50 60 61 56 45 31 17  7  3  724 325B4 334 611542 6299999999999999 945  52157  399999999999999
 17 32 48 59 63 58 48 33 18  7  1  3 12 26 43 56 62 60 52 39 25 13  7  824 326B4 353 631614 63999999999999991013  12222  799999999999999
 16 29 44 58 64 62 52 38 23  9  0 -1  5 17 34 49 60 62 57 47 34 21 13 1124 327B4 413 641646 62999999999999991039 -12244 1199999999999999
 16 27 41 54 63 64 56 43 28 13  2 -3  0 10 24 41 54 61 59 52 41 29 20 1624 328B4 433 651718 619999999999999911 5 -323 7 1699999999999999
 18 26 37 50 61 64 59 48 34 19  6 -2 -2  4 16 31 46 56 58 54 46 36 27 2124 329B4 453 641752 58999999999999991132 -32330 2099999999999999
 21 26 35 46 57 62 60 52 39 25 12  2 -1  2 10 22 36 47 54 54 49 42 34 2724 330B4 516 631830 549999999999999912 0 -12355 2599999999999999
 25 28 34 43 52 58 60 54 44 32 19  8  2  2  7 15 25 37 45 49 48 44 39 3424 331B4 541 601917 49999999999999991234  2999999999999999999999
 31 31 35 40 47 53 56 54 47 38 27 17  9  6  6 10 17 25 34 40 43 43 42 3924 4 1B4 610 562031 4499999999999999 023 301319  599999999999999
 37 36 37 39 43 47 50 51 48 42 35 26 19 13 10 10 12 16 22 29 34 38 41 4224 4 2B4 647 512326 4299999999999999 059 361435 1099999999999999
 42 41 40 40 41 42 43 45 45 44 40 35 30 24 18 14 11 10 12 17 23 30 36 4124 4 3B4 749 45999999999999999999999 237 401647 1099999999999999
 45 46 45 43 40 38 36 37 39 41 42 42 40 36 30 22 15 10  7  7 12 19 29 3824 4 4B4 1 3 461025 4299999999999999 617 361821  799999999999999
 45 49 50 47 42 35 31 28 29 33 38 44 47 47 42 35 25 15  7  3  4  9 19 3224 4 5B4 139 501225 4799999999999999 715 281921  399999999999999
 43 51 54 52 45 36 27 20 19 21 29 39 48 54 54 48 38 25 13  4  1  3 11 2424 4 6B4 2 5 541329 5599999999999999 754 1920 5  199999999999999
 39 51 57 57 51 40 27 15  9  9 15 27 42 54 61 59 52 39 24 11  3  1  6 1724 4 7B4 228 581420 6199999999999999 830  92043  199999999999999
 33 49 59 62 57 46 31 15  3 -1  2 12 28 46 60 65 62 53 38 22 10  4  6 1424 4 8B4 249 6215 5 6599999999999999 9 5 -12116  499999999999999
 27 44 59 65 63 53 38 20  3 -7 -8 -2 12 32 52 64 67 62 51 36 21 11  9 1424 4 9B4 312 651549 6799999999999999 941 -92147  999999999999999
 24 39 56 66 67 60 47 29 10 -6-13-12 -2 15 36 55 66 66 59 48 33 21 15 1624 410B4 337 681632 67999999999999991018-142217 1499999999999999
 23 35 50 64 69 65 54 39 20  2-11-15-10  2 20 41 57 64 62 55 44 31 22 2024 411B4 4 4 691714 64999999999999991056-152247 2099999999999999
 24 33 45 58 67 68 60 47 31 13 -3-11-12 -5  8 26 44 56 59 56 49 40 31 2624 412B4 433 681758 59999999999999991134-132319 2599999999999999
 27 33 41 51 61 65 62 52 39 24 10 -2 -7 -6  2 14 30 44 52 54 50 45 38 3224 413B4 5 3 651844 54999999999999991214 -82352 3099999999999999
 30 33 39 46 54 59 60 54 44 33 21 10  2 -1  2  9 19 32 42 47 48 46 42 3724 414B4 534 601937 48999999999999991258 -1999999999999999999999
 34 34 37 42 47 52 54 52 47 39 30 21 13  8  7  9 14 22 31 39 43 44 43 4124 415B4 6 8 542054 4499999999999999 029 341352  799999999999999
 39 37 37 39 42 44 47 47 45 41 36 30 24 19 15 13 13 17 22 29 36 40 42 4324 416B4 649 4723 5 4399999999999999 121 371514 1399999999999999
 42 41 39 38 38 38 39 40 41 40 39 36 33 29 24 19 16 15 16 21 27 34 39 4324 417B4 813 41999999999999999999999 356 381656 1599999999999999
 45 45 43 39 36 33 32 32 34 36 38 40 40 38 34 28 22 16 14 15 19 27 35 4224 418B4 025 451132 4099999999999999 627 321813 1499999999999999
 46 48 47 43 37 31 27 25 26 29 34 40 44 45 43 37 29 21 15 12 14 20 28 3824 419B4 1 6 481252 4599999999999999 712 2519 6 1299999999999999
 46 51 51 47 40 32 24 19 18 21 27 36 44 49 50 46 39 29 19 13 11 15 23 3324 420B4 134 521340 5099999999999999 745 181947 1199999999999999
 44 52 55 52 45 35 24 15 11 12 19 29 40 50 54 53 47 38 26 16 11 12 18 2924 421B4 159 551419 5599999999999999 815 112021 1199999999999999
 41 52 57 57 50 39 26 14  7  5 10 19 33 47 56 59 55 47 35 23 15 13 16 2524 422B4 221 581455 5999999999999999 845  52052 1399999999999999
 37 50 59 60 55 45 31 16  5  0  2 10 24 40 53 61 61 54 44 31 21 15 16 2324 423B4 243 611529 6299999999999999 914  02121 1599999999999999
 34 47 58 63 60 50 36 21  7 -2 -4  2 14 30 47 59 63 60 52 40 28 20 18 2224 424B4 3 5 6316 2 6399999999999999 943 -42149 1899999999999999
 31 44 56 64 63 55 42 26 11 -1 -7 -4  5 20 38 54 63 63 58 48 36 26 21 2324 425B4 327 651636 64999999999999991012 -72216 2199999999999999
 29 40 53 63 65 60 49 33 17  3 -6 -7 -1 11 27 45 58 63 61 54 43 33 26 2524 426B4 350 651711 63999999999999991041 -82243 2499999999999999
 29 37 48 59 65 63 54 40 25 10 -2 -7 -5  4 17 34 49 58 61 57 49 40 32 2824 427B4 416 651748 61999999999999991111 -72313 2899999999999999
 29 35 44 54 61 63 58 47 33 18  5 -3 -4  0 10 23 38 50 56 56 52 46 38 3324 428B4 444 631831 57999999999999991145 -52346 3199999999999999
 31 34 40 48 55 60 59 51 40 28 15  5  0  0  5 15 27 39 48 52 52 49 44 3824 429B4 517 601925 52999999999999991224 -1999999999999999999999
 35 35 38 43 49 54 56 53 46 36 25 15  8  4  5 10 17 27 37 45 48 48 47 4324 430B4 556 562040 4999999999999999 026 351315  499999999999999
 40 37 38 39 42 46 49 50 48 42 35 27 19 13  9  9 12 18 26 35 41 45 47 4724 5 1B4 648 512219 4799999999999999 126 371428  999999999999999
 45 41 39 37 37 38 41 44 45 45 42 37 31 24 18 14 12 13 17 24 33 40 45 4824 5 2B4 817 462335 4999999999999999 344 3716 8 1299999999999999
 49 46 42 37 34 31 31 34 38 42 45 45 42 37 30 23 16 13 13 17 24 33 42 4824 5 3B41032 45999999999999999999999 532 311731 1299999999999999
 52 51 47 40 33 26 22 22 26 33 41 47 50 48 43 35 26 18 13 13 18 26 37 4724 5 4B4 022 5212 9 5099999999999999 630 221831 1399999999999999
 53 55 53 46 35 25 16 12 14 20 31 42 52 56 54 48 39 28 19 14 15 21 31 4324 5 5B4 055 551315 5699999999999999 714 121918 1499999999999999
 53 59 59 52 42 28 14  5  2  6 16 30 46 57 61 59 52 40 28 20 17 19 27 3824 5 6B4 125 6014 9 6299999999999999 756  220 0 1799999999999999
 51 61 64 60 50 35 18  4 -4 -5  1 14 32 50 62 65 62 53 41 29 22 21 25 3424 5 7B4 154 641458 6599999999999999 836 -62038 2099999999999999
 47 59 67 66 58 45 27  9 -5-11-10  0 16 36 55 65 67 62 52 40 29 24 26 3224 5 8B4 224 671544 6799999999999999 917-122115 2499999999999999
 42 55 66 70 65 54 38 20  2-10-14-10  2 20 41 58 66 66 60 50 39 30 28 3124 5 9B4 256 701628 6799999999999999 958-142152 2899999999999999
 38 49 61 69 69 61 48 31 13 -3-12-13 -7  7 26 46 60 65 63 57 47 37 31 3224 510B4 330 701711 65999999999999991038-142229 3199999999999999
 36 44 54 64 69 65 55 42 26  9 -4-10 -9 -1 14 32 49 60 62 59 53 44 36 3324 511B4 4 4 691754 62999999999999991119-1123 7 3399999999999999
 35 40 48 57 64 65 59 49 36 22  8 -2 -5 -2  7 21 37 51 58 58 55 49 42 3624 512B4 440 651837 59999999999999991159 -52347 3599999999999999
 35 37 43 49 56 60 59 53 43 32 20 10  3  2  6 15 27 40 50 55 54 51 46 4024 513B4 518 611924 55999999999999991242  1999999999999999999999
 36 36 39 43 48 53 55 53 47 39 30 21 13  9  9 13 21 31 41 49 52 52 49 4424 514B4 6 2 552017 5299999999999999 034 361330  899999999999999
 40 37 36 38 41 45 48 49 48 43 38 31 24 18 15 15 18 25 33 42 48 50 50 4824 515B4 657 492121 5199999999999999 136 361429 1499999999999999
 44 40 37 35 36 37 40 43 44 44 42 38 34 28 23 20 19 21 27 34 42 48 50 5024 516B4 823 452229 5199999999999999 315 351543 1999999999999999
 48 44 40 35 32 31 32 34 38 41 43 43 41 38 32 27 23 21 23 28 35 43 49 5224 517B41029 432329 5299999999999999 5 7 311658 2199999999999999
 52 49 44 38 32 27 25 26 30 35 41 45 46 45 42 36 30 25 23 25 30 38 46 5224 518B412 8 46999999999999999999999 611 2518 0 2399999999999999
 55 54 49 42 34 26 20 19 21 26 34 42 49 51 50 45 38 31 25 24 27 33 42 5024 519B4 014 551310 5199999999999999 656 191850 2499999999999999
 56 57 54 48 38 28 18 13 13 17 26 36 47 54 56 54 48 39 31 26 26 30 38 4724 520B4 050 571358 5699999999999999 734 121932 2599999999999999
 55 60 59 53 44 31 19 10  6  8 16 28 41 53 59 60 56 48 39 31 27 29 35 4424 521B4 121 601439 6199999999999999 8 9  62010 2799999999999999
 54 61 63 59 50 37 23 11  3  1  6 17 32 47 59 64 63 56 47 37 31 29 33 4124 522B4 150 631517 6499999999999999 843  12046 2999999999999999
 51 60 66 64 56 44 29 14  3 -3 -1  7 21 38 54 64 67 63 55 45 36 32 32 3824 523B4 218 661555 6799999999999999 917 -32120 3199999999999999
 47 57 66 68 63 52 37 21  6 -3 -5 -1 10 27 45 59 67 67 62 53 43 35 33 3624 524B4 247 681633 6899999999999999 951 -62155 3399999999999999
 43 53 63 69 67 59 46 30 14  1 -6 -5  2 15 33 50 62 67 66 59 50 41 36 3524 525B4 318 691713 67999999999999991027 -62231 3599999999999999
 40 48 58 66 69 64 54 40 24  9 -2 -6 -3  6 21 39 54 63 66 63 56 47 40 3624 526B4 352 691755 669999999999999911 5 -62310 3699999999999999
 38 43 51 60 66 66 60 49 35 20  7 -1 -3  2 12 27 43 55 62 63 59 53 45 3924 527B4 430 671841 63999999999999991144 -32352 3799999999999999
 37 40 45 52 60 64 62 55 44 31 18  8  2  2  7 18 31 45 55 60 60 56 50 4324 528B4 513 641931 60999999999999991228  1999999999999999999999
 39 38 40 45 51 58 60 58 51 42 31 19 11  7  8 13 22 34 46 54 58 57 54 4824 529B4 6 3 602024 5899999999999999 043 381317  799999999999999
 42 38 37 39 42 48 53 56 54 49 41 32 23 16 13 14 18 27 37 47 54 57 56 5324 530B4 7 7 562118 5799999999999999 150 371414 1299999999999999
 47 40 36 34 34 37 43 48 52 52 49 43 36 27 21 18 19 23 30 40 49 55 57 5624 531B4 832 532210 5799999999999999 320 341522 1899999999999999
 52 45 38 32 29 28 31 37 44 49 52 51 47 40 33 27 23 23 27 34 43 52 57 5924 6 1B41014 522257 5999999999999999 442 281632 2399999999999999
 57 51 43 34 26 21 20 24 31 40 48 53 54 52 46 39 32 28 27 31 38 47 55 6124 6 2B41147 542342 6299999999999999 545 201734 2799999999999999
 62 58 51 40 29 19 13 12 17 26 38 49 56 59 57 51 43 36 31 31 35 43 52 6024 6 3B413 2 59999999999999999999999 639 121830 3199999999999999
 64 64 58 49 36 22 11  5  5 11 23 37 51 60 63 61 55 46 38 34 35 40 47 5624 6 4B4 024 6514 5 6399999999999999 728  41920 3499999999999999
 64 68 66 58 46 31 16  4 -1  0  8 22 39 55 64 67 64 57 48 40 37 38 43 5124 6 5B4 1 7 681459 6799999999999999 816 -220 9 3799999999999999
 61 68 70 66 56 42 26 10 -1 -5 -2  8 24 43 59 67 69 65 57 48 41 39 41 4724 6 6B4 148 701547 6999999999999999 9 3 -52055 3999999999999999
 55 65 71 71 64 53 38 20  5 -5 -7 -2 10 29 48 63 69 69 64 56 47 41 40 4324 6 7B4 229 721630 7099999999999999 948 -72140 4099999999999999
 49 58 67 72 70 61 49 33 16  2 -5 -5  2 16 35 53 65 70 68 62 53 44 40 4024 6 8B4 310 721710 70999999999999991030 -62222 3999999999999999
 45 52 61 69 71 67 57 44 29 13  2 -3 -1  8 23 42 58 66 68 65 58 49 42 3924 6 9B4 351 711747 68999999999999991110 -323 4 3999999999999999
 41 46 53 62 68 69 63 52 40 26 12  3  1  6 16 31 48 61 66 66 61 53 45 3924 610B4 433 691823 67999999999999991149  12347 3899999999999999
 38 41 46 54 61 66 64 58 48 36 24 13  7  7 13 24 39 53 62 65 63 57 49 4224 611B4 516 6619 0 65999999999999991227  6999999999999999999999
 37 37 41 46 53 59 62 60 53 44 34 24 16 12 15 21 32 45 56 62 63 60 54 4624 612B4 6 3 621939 6399999999999999 032 3713 6 1299999999999999
 40 36 37 40 45 51 56 58 55 50 42 34 26 20 19 22 29 38 49 58 62 61 57 5124 613B4 656 582021 6299999999999999 124 361349 1999999999999999
 44 39 36 36 38 42 48 52 54 52 48 42 36 30 26 25 28 35 43 52 59 61 60 5524 614B4 8 1 5421 6 6199999999999999 228 351439 2599999999999999
 49 43 37 34 33 35 39 44 48 51 51 48 44 39 34 31 31 33 39 47 54 60 61 5924 615B4 925 512154 6199999999999999 348 331539 3199999999999999
 54 48 41 35 31 30 31 35 40 46 50 51 50 48 44 39 36 35 38 43 50 56 61 6124 616B411 6 512243 6299999999999999 5 2 301645 3599999999999999
 59 54 47 39 32 27 25 26 31 38 45 51 54 55 52 48 43 39 38 41 46 53 59 6224 617B41235 552331 6399999999999999 6 2 251747 3899999999999999
 62 59 52 44 35 26 21 19 22 29 38 47 55 59 59 57 52 46 42 41 44 49 56 6224 618B41339 60999999999999999999999 651 191842 4199999999999999
 65 64 59 50 40 29 20 14 14 19 27 39 50 59 64 64 60 54 47 43 43 46 53 6024 619B4 016 651429 6599999999999999 735 131932 4399999999999999
 65 68 65 58 47 34 22 13  8  9 16 28 42 55 65 69 67 62 54 47 44 45 49 5624 620B4 058 681513 6999999999999999 817  82019 4499999999999999
 64 69 70 65 56 43 28 15  6  3  7 16 30 47 61 69 72 69 62 53 47 44 46 5124 621B4 139 701555 7299999999999999 9 0  321 5 4499999999999999
 59 68 73 72 64 53 38 22  9  2  0  6 18 35 52 66 73 73 68 60 51 45 44 4724 622B4 220 731636 7499999999999999 942  02149 4499999999999999
 53 63 71 75 72 62 49 33 17  5 -1  0  7 22 40 57 69 74 73 66 57 49 44 4424 623B4 3 2 751716 74999999999999991024 -22232 4399999999999999
 48 56 66 73 75 70 59 45 29 13  3 -1  2 11 27 46 62 71 74 70 63 53 45 4224 624B4 345 761756 749999999999999911 5 -12315 4299999999999999
 43 48 57 67 74 74 68 56 42 26 12  3  2  7 18 35 52 65 71 72 67 59 49 4224 625B4 431 751834 72999999999999991145  12358 4099999999999999
 40 42 48 57 67 73 71 64 53 39 24 13  7  7 14 26 42 57 67 71 69 63 54 4524 626B4 519 7319 9 71999999999999991224  6999999999999999999999
 39 38 41 47 56 65 70 68 61 50 38 25 16 13 15 23 35 49 61 68 70 66 59 4924 627B4 611 701943 7099999999999999 045 3813 3 1399999999999999
 41 36 35 38 45 54 62 66 64 58 49 38 28 22 20 24 31 43 55 65 69 68 63 5524 628B4 711 662018 6999999999999999 139 351344 2099999999999999
 46 37 33 32 35 41 50 58 62 61 57 50 41 33 29 29 32 40 50 60 67 69 67 6124 629B4 821 622056 6999999999999999 243 321431 2899999999999999
 52 43 35 30 28 30 36 45 53 58 59 57 52 46 40 36 37 40 46 55 63 68 69 6624 630B4 948 592140 6999999999999999 355 281528 3699999999999999
 59 51 41 32 26 23 25 31 40 49 55 59 59 56 51 46 43 43 46 51 58 65 69 6924 7 1B41130 592232 6999999999999999 5 7 231636 4399999999999999
 65 59 50 39 29 22 18 20 26 35 46 55 60 62 61 57 52 48 47 50 54 60 66 7024 7 2B413 6 622332 7099999999999999 613 181747 4799999999999999
 70 66 59 49 37 26 17 13 15 21 32 45 56 63 67 66 62 56 51 50 51 55 61 6724 7 3B41417 67999999999999999999999 714 131857 5099999999999999
 71 71 67 59 48 35 22 12  9 11 18 31 46 59 68 71 69 64 57 52 50 52 55 6124 7 4B4 034 721510 7199999999999999 810  920 0 5099999999999999
 68 73 73 68 59 46 31 18  8  5  8 18 33 50 64 72 74 71 64 56 50 49 51 5524 7 5B4 131 731552 7499999999999999 9 1  52055 4999999999999999
 62 70 75 74 68 57 43 28 14  5  4  9 21 38 56 69 75 75 70 61 53 48 47 5024 7 6B4 222 751628 7599999999999999 945  42141 4799999999999999
 56 64 73 77 74 66 54 39 23 11  4  5 12 27 46 63 73 76 73 66 57 48 44 4524 7 7B4 3 8 771659 76999999999999991025  42221 4499999999999999
 49 57 67 75 77 73 63 50 35 20  9  5  9 19 36 54 68 75 75 70 61 51 44 4124 7 8B4 350 771728 769999999999999911 1  52259 4199999999999999
 43 50 59 69 76 76 70 59 46 31 18 10  9 16 28 45 62 73 76 73 66 56 46 4024 7 9B4 431 771757 76999999999999991133  92336 3999999999999999
 39 43 51 61 70 75 73 65 54 41 28 18 13 16 25 39 55 68 75 74 69 60 50 4124 710B4 512 751826 759999999999999912 5 13999999999999999999999
 37 39 44 52 62 69 72 68 60 50 38 27 21 20 25 35 49 62 72 75 72 64 55 4524 711B4 554 721857 7599999999999999 015 371236 1999999999999999
 39 36 39 45 53 61 67 68 63 56 46 37 29 26 28 35 45 57 67 73 73 68 60 5024 712B4 639 681928 7499999999999999 056 3613 8 2699999999999999
 42 37 37 39 45 52 59 64 63 59 53 45 39 34 33 36 43 53 62 70 72 70 64 5624 713B4 728 6420 1 7299999999999999 142 361342 3399999999999999
 47 41 37 37 39 44 51 57 60 60 57 52 47 43 40 41 44 50 58 66 70 71 67 6024 714B4 829 602035 7199999999999999 237 361422 4099999999999999
 53 45 40 36 35 38 42 48 53 57 58 57 54 51 48 47 47 50 55 62 67 70 69 6524 715B4 955 582115 7099999999999999 345 351518 4799999999999999
 58 51 44 38 34 33 34 39 45 51 56 58 59 58 56 54 52 52 54 58 63 67 69 6824 716B41158 5922 4 6999999999999999 459 331636 5299999999999999
 64 57 50 42 36 30 28 30 34 41 49 56 61 64 64 62 59 56 55 56 60 64 68 7024 717B41333 6423 7 7099999999999999 6 7 281757 5599999999999999
 68 64 58 49 40 31 25 23 24 30 39 49 58 65 69 69 66 61 57 55 56 60 64 6924 718B41430 70999999999999999999999 7 7 2319 9 5599999999999999
 71 70 66 58 48 36 26 19 16 19 26 38 51 63 71 74 73 68 62 57 55 56 59 6524 719B4 016 711514 7499999999999999 8 2 162011 5599999999999999
 71 75 74 68 58 45 32 20 13 11 14 24 39 55 68 76 78 75 68 60 55 52 54 5924 720B4 118 751553 7899999999999999 851 1021 3 5299999999999999
 67 75 78 76 69 57 42 27 14  7  7 13 26 43 61 73 80 80 74 65 56 51 49 5224 721B4 211 781630 8199999999999999 937  62149 4999999999999999
 60 70 78 82 78 69 55 38 22 10  4  6 15 31 50 67 78 82 79 71 60 51 46 4624 722B4 3 0 8217 4 82999999999999991018  42229 4599999999999999
 51 61 72 82 84 78 67 52 34 18  8  5  9 21 39 59 74 81 82 76 66 54 45 4124 723B4 346 841734 82999999999999991056  523 8 4199999999999999
 43 50 62 75 83 84 77 64 48 31 17  9  9 16 30 49 67 78 82 79 71 59 46 3924 724B4 432 8418 1 82999999999999991130  82347 3799999999999999
 37 41 50 63 76 82 81 73 61 45 29 18 14 18 27 42 60 74 81 81 75 64 51 4024 725B4 519 831826 829999999999999912 2 14999999999999999999999
 34 34 40 50 63 75 79 77 69 57 43 31 23 23 29 39 54 69 79 81 78 70 58 4524 726B4 6 7 801852 8199999999999999 027 331233 2299999999999999
 35 31 33 39 49 62 71 75 72 65 55 44 35 31 33 40 51 63 75 80 80 74 64 5224 727B4 7 0 751921 8199999999999999 112 3113 5 3199999999999999
 41 33 30 32 38 47 58 66 69 67 62 54 47 41 41 44 50 59 69 77 79 76 70 6024 728B4 8 1 691954 7999999999999999 2 5 301340 4099999999999999
 50 40 33 30 31 36 44 53 61 64 63 61 56 52 49 50 53 58 65 72 77 77 73 6724 729B4 923 642034 7799999999999999 313 301423 4999999999999999
 58 49 40 34 30 29 33 40 48 55 60 62 62 61 58 57 57 58 62 67 71 74 74 7124 730B41137 622128 7599999999999999 436 291532 5699999999999999
 66 59 51 42 34 29 27 29 35 43 51 58 63 66 66 64 62 61 61 62 65 69 72 7224 731B41334 662253 7299999999999999 559 271726 6099999999999999
 71 67 61 53 43 33 26 23 24 30 40 50 60 67 71 71 69 64 61 60 60 63 66 7024 8 1B41434 72999999999999999999999 712 231911 6099999999999999
 73 73 70 63 54 42 30 22 19 20 28 39 53 64 72 76 74 70 64 59 57 57 60 6524 8 2B4 032 731513 7699999999999999 811 192020 5699999999999999
 71 75 76 72 64 53 39 26 18 15 18 28 42 58 70 77 79 75 68 60 54 52 53 5824 8 3B4 139 761544 7999999999999999 859 1521 5 5299999999999999
 66 74 79 79 73 63 50 34 21 14 13 19 32 49 66 77 81 79 72 63 54 49 48 5124 8 4B4 229 801611 8199999999999999 938 132140 4899999999999999
 58 68 78 82 80 72 60 45 29 17 13 15 24 40 58 73 81 82 77 67 56 47 43 4524 8 5B4 310 821634 82999999999999991011 122212 4399999999999999
 51 61 72 81 84 79 69 55 39 24 16 14 20 33 51 68 80 83 80 72 60 49 41 4024 8 6B4 348 841657 83999999999999991041 142244 4099999999999999
 44 53 64 76 83 83 75 64 49 34 22 17 20 29 44 62 77 84 83 76 65 53 42 3724 8 7B4 424 841721 849999999999999911 8 172316 3799999999999999
 38 45 56 68 79 83 79 70 58 44 31 23 23 29 41 56 72 82 84 79 69 57 46 3724 8 8B4 5 1 831745 84999999999999991135 222349 3599999999999999
 35 39 48 59 71 79 80 74 64 52 40 31 28 31 40 53 67 79 84 81 73 62 50 4024 8 9B4 537 8018 9 849999999999999912 0 28999999999999999999999
 35 36 42 51 62 72 77 75 68 59 49 40 35 35 41 51 63 74 81 82 76 67 55 4524 810B4 615 771834 8399999999999999 022 351225 3499999999999999
 38 36 38 45 54 63 71 73 70 64 56 48 43 41 44 51 60 70 78 81 78 70 60 5024 811B4 656 731859 8199999999999999 056 361249 4199999999999999
 42 37 37 41 47 55 62 67 68 66 61 55 50 48 49 53 59 67 74 78 78 73 65 5624 812B4 744 691925 7999999999999999 135 371314 4899999999999999
 47 41 38 38 41 47 53 59 63 64 63 60 58 55 55 56 60 64 70 75 76 74 69 6224 813B4 853 641958 7699999999999999 226 381346 5599999999999999
 54 47 42 39 38 40 44 49 55 59 62 63 63 62 62 61 62 64 67 70 73 74 71 6724 814B41129 632044 7499999999999999 345 381457 6199999999999999
 61 54 48 42 38 36 36 39 44 50 56 62 66 68 68 67 66 65 65 66 68 71 72 7124 815B41346 6822 3 7299999999999999 525 351733 6499999999999999
 68 63 56 49 41 35 31 30 32 38 46 56 64 71 74 74 71 68 64 63 63 66 69 7224 816B41431 742355 7399999999999999 648 301913 6399999999999999
 73 71 67 59 49 39 30 24 23 26 34 45 58 69 77 79 78 72 66 61 59 59 63 6924 817B415 5 79999999999999999999999 750 222014 5999999999999999
 75 78 76 70 61 48 35 24 17 16 22 33 48 63 76 82 83 78 70 61 55 53 55 6224 818B4 114 781536 8399999999999999 839 162059 5399999999999999
 71 79 83 81 73 60 45 30 18 12 13 21 36 55 71 82 86 83 75 64 54 48 47 5224 819B4 210 8316 4 8699999999999999 921 122137 4799999999999999
 62 74 84 88 84 74 59 41 25 14 11 15 26 44 64 79 87 87 80 68 55 45 40 4224 820B4 258 881629 8899999999999999 958 112212 4099999999999999
 50 63 78 89 91 84 72 55 37 22 14 14 21 36 56 75 86 89 85 74 59 45 36 3424 821B4 343 911651 89999999999999991031 132247 3499999999999999
 39 50 66 82 91 90 82 69 51 34 22 18 22 32 49 68 84 90 88 79 66 50 36 2924 822B4 427 921713 909999999999999911 1 182323 2999999999999999
 30 38 51 68 83 89 87 78 64 48 34 26 26 33 46 63 79 89 90 84 72 57 41 3024 823B4 511 901736 91999999999999991129 25999999999999999999999
 26 29 38 53 69 82 85 81 73 60 47 37 34 37 46 59 74 86 90 87 78 65 50 3624 824B4 556 8518 1 9099999999999999 0 1 261156 3499999999999999
 27 26 30 40 54 68 77 79 75 68 58 48 43 43 49 58 69 81 88 88 81 71 59 4524 825B4 645 791829 8999999999999999 043 261223 4299999999999999
 34 29 28 33 42 53 65 71 72 69 64 58 53 51 53 59 67 75 82 85 83 75 66 5624 826B4 741 7219 1 8599999999999999 131 281253 5199999999999999
 45 37 32 32 35 42 51 59 64 66 65 63 61 59 59 62 66 71 76 80 80 77 71 6424 827B4 9 7 661937 8199999999999999 235 321326 5899999999999999
 56 48 41 36 34 35 40 46 53 59 62 65 66 65 65 65 66 68 70 73 75 75 72 6924 828B41220 662029 7599999999999999 410 341423 6599999999999999
 64 59 52 45 39 35 34 36 41 48 56 62 67 70 71 70 68 67 66 66 68 69 71 7124 829B41353 712249 7199999999999999 551 341813 6699999999999999
 70 68 63 55 47 39 32 30 32 37 46 56 65 71 75 75 72 67 64 61 61 62 66 7024 830B41427 75999999999999999999999 7 7 301944 6199999999999999
 73 74 72 66 57 46 36 28 26 28 36 47 60 70 77 79 76 70 63 58 55 55 59 6524 831B4 053 741454 7999999999999999 8 1 262025 5599999999999999
 72 77 78 75 67 55 42 31 24 22 27 38 53 67 77 82 80 74 65 56 51 49 51 5724 9 1B4 148 781517 8299999999999999 842 222056 4999999999999999
 67 76 82 82 76 65 51 37 26 21 22 31 45 61 75 83 84 79 69 58 48 44 44 4924 9 2B4 229 821537 8499999999999999 916 202124 4399999999999999
 59 71 82 86 83 74 61 45 31 22 21 26 38 55 72 83 86 83 74 62 49 41 38 4224 9 3B4 3 4 861556 8699999999999999 945 202152 3899999999999999
 51 63 77 86 87 81 70 55 40 28 22 25 34 49 67 81 88 86 78 66 52 41 35 3524 9 4B4 338 871617 88999999999999991011 222221 3499999999999999
 42 54 69 82 88 85 77 64 49 36 27 27 33 45 62 77 87 89 82 71 57 43 34 3124 9 5B4 412 881638 89999999999999991036 262251 3199999999999999
 36 46 60 74 84 87 81 71 58 44 34 31 34 44 58 73 85 90 86 75 62 48 36 3024 9 6B4 445 871659 90999999999999991059 312319 3099999999999999
 32 39 51 66 78 84 83 76 65 53 42 37 38 44 56 70 82 89 87 79 67 53 41 3224 9 7B4 519 851720 89999999999999991122 362347 3099999999999999
 30 35 44 57 70 79 82 78 70 60 50 43 42 46 55 67 78 86 87 82 71 58 46 3624 9 8B4 552 821741 88999999999999991143 42999999999999999999999
 32 33 39 49 61 71 77 77 72 65 57 50 48 50 56 64 74 82 86 83 75 63 52 4124 9 9B4 629 7818 3 8699999999999999 016 3112 4 4899999999999999
 35 33 37 43 52 62 70 73 72 68 62 57 54 54 58 63 71 78 82 82 77 68 58 4824 910B4 712 731828 8399999999999999 047 331226 5399999999999999
 40 36 36 40 45 53 60 66 68 67 65 62 60 59 61 64 68 73 77 79 77 71 64 5524 911B4 816 681859 7999999999999999 129 361250 5999999999999999
 48 42 39 39 40 44 49 55 60 63 65 66 66 65 65 66 68 70 72 74 75 73 68 6324 912B41943 75999999999999999999999 240 38999999999999999999999
 56 50 45 41 39 38 40 43 49 55 60 65 69 71 71 70 69 68 67 68 69 71 70 6924 913B41342 712125 7199999999999999 449 381751 6799999999999999
 65 61 54 48 41 36 33 33 37 44 52 61 69 74 76 75 72 68 64 62 62 65 68 7124 914B414 9 762356 7399999999999999 626 321918 6299999999999999
 73 71 66 58 48 39 31 26 27 32 41 53 65 75 80 80 76 69 62 57 55 56 62 6924 915B41435 81999999999999999999999 728 2620 2 5599999999999999
 75 79 77 71 60 47 35 25 21 22 30 43 59 73 82 85 81 73 63 53 47 47 51 6024 916B4 112 791458 8599999999999999 814 212038 4699999999999999
 72 81 85 83 74 60 44 30 21 18 23 34 50 68 81 87 86 79 66 53 42 38 40 4824 917B4 2 5 851520 8899999999999999 852 182112 3899999999999999
 62 77 88 91 85 74 58 41 27 20 20 28 43 61 79 89 90 84 72 56 41 31 29 3524 918B4 251 911540 9199999999999999 926 192146 2999999999999999
 47 64 82 92 93 85 72 55 38 26 23 27 38 55 74 88 93 89 79 63 45 30 23 2424 919B4 334 9416 1 9399999999999999 956 232221 2299999999999999
 33 48 68 85 93 91 82 68 52 37 30 30 38 51 69 85 94 93 85 70 53 34 22 1824 920B4 417 941623 95999999999999991025 292257 1899999999999999
 22 34 52 71 86 91 87 78 64 50 39 36 40 50 64 80 92 95 90 78 62 44 28 1824 921B4 5 0 911649 96999999999999991052 362336 1799999999999999
 18 24 37 55 73 84 86 81 72 61 50 44 45 52 62 75 87 94 92 83 70 54 38 2524 922B4 545 861716 94999999999999991120 43999999999999999999999
 20 21 28 41 57 71 79 79 75 68 59 52 51 54 61 70 81 89 91 85 75 63 50 3724 923B4 632 801746 9199999999999999 016 191149 5099999999999999
 28 24 27 33 44 57 67 72 72 69 65 60 57 58 62 68 75 81 85 84 78 69 59 4924 924B4 728 731817 8599999999999999 1 3 241219 5799999999999999
 39 33 31 32 37 45 54 62 66 67 66 65 63 62 64 67 70 74 77 78 76 71 65 5824 925B4 9 4 671853 7899999999999999 2 3 311252 6299999999999999
 51 44 39 36 36 38 44 50 57 61 64 66 67 67 67 67 68 68 70 71 71 70 68 6524 926B41950 71999999999999999999999 339 36999999999999999999999
 61 56 50 44 39 37 37 41 47 53 60 65 69 71 71 69 67 64 63 63 64 65 67 6824 927B41319 712319 6899999999999999 526 361843 6399999999999999
 68 65 61 54 46 39 35 34 37 44 53 62 69 74 75 73 68 63 58 56 56 58 62 6724 928B41349 75999999999999999999999 640 341932 5599999999999999
 71 72 70 64 55 45 36 31 31 36 45 57 67 75 78 77 71 63 56 50 48 50 55 6324 929B4 052 721412 7899999999999999 731 3120 3 4899999999999999
 71 76 77 73 64 53 41 32 28 30 38 50 63 75 81 81 76 67 56 47 42 42 47 5624 930B4 140 771433 8199999999999999 8 9 282031 4199999999999999
 67 76 81 80 73 62 49 36 29 28 33 43 58 72 82 84 80 71 59 47 38 35 38 472410 1B4 218 811452 8499999999999999 841 272059 3599999999999999
 59 72 82 84 80 71 58 44 33 28 31 39 53 68 81 87 85 76 64 49 37 31 31 382410 2B4 252 851512 8799999999999999 9 9 282127 3099999999999999
 50 65 78 86 85 78 67 53 40 32 31 37 49 64 79 88 88 81 69 54 39 29 26 302410 3B4 325 871532 8999999999999999 935 312155 2699999999999999
 40 55 71 83 87 83 74 61 48 38 34 38 47 60 75 87 90 85 74 59 44 31 24 252410 4B4 358 871553 909999999999999910 0 342223 2399999999999999
 32 46 62 77 86 86 79 69 56 45 39 39 46 58 72 84 90 88 78 65 49 34 25 222410 5B4 431 871613 91999999999999991024 382250 2299999999999999
 27 38 53 69 81 85 82 74 63 52 44 43 47 56 68 81 89 89 82 70 55 40 28 232410 6B4 5 3 851634 90999999999999991047 422317 2399999999999999
 24 32 44 59 73 81 82 77 68 59 51 47 49 55 65 76 85 89 84 74 61 46 34 262410 7B4 537 831656 89999999999999991110 472346 2499999999999999
 24 29 38 50 64 74 79 77 72 64 57 52 52 56 63 72 80 86 84 77 66 53 41 322410 8B4 614 791721 86999999999999991134 51999999999999999999999
 27 28 34 43 54 64 72 74 72 68 62 58 56 57 62 68 75 80 82 78 70 60 49 392410 9B4 659 741749 8299999999999999 018 2712 1 5699999999999999
 33 31 32 37 45 53 62 67 69 68 66 63 61 61 63 66 70 74 77 76 72 65 57 48241010B4 8 8 691824 7799999999999999 1 1 311233 6099999999999999
 41 36 34 35 38 43 50 57 62 65 66 67 66 65 65 66 67 68 70 71 71 68 63 58241011B41045 671919 7199999999999999 210 341341 6599999999999999
 51 45 40 37 36 36 40 45 52 58 64 68 70 70 69 67 65 63 63 64 65 67 67 65241012B41237 702135 6799999999999999 412 361748 6399999999999999
 62 57 50 43 37 33 32 35 41 49 58 66 72 74 73 70 65 59 56 55 57 61 66 69241013B41315 742351 7199999999999999 549 321851 5599999999999999
 70 68 62 54 45 36 30 29 32 40 50 62 71 77 78 74 67 58 50 46 46 50 58 67241014B41342 78999999999999999999999 650 291931 4599999999999999
 74 77 75 67 56 44 33 27 27 32 42 56 69 79 82 80 72 60 48 39 35 37 45 58241015B4 1 1 7714 4 8299999999999999 735 2620 6 3599999999999999
 71 81 84 80 70 56 42 31 27 28 36 49 65 78 85 85 78 65 50 35 27 25 31 43241016B4 154 841425 8699999999999999 813 272042 2599999999999999
 60 76 86 88 82 70 55 41 31 29 34 44 60 76 87 90 84 72 56 38 23 17 18 27241017B4 241 881448 9099999999999999 847 292118 1699999999999999
 44 64 81 90 89 82 69 53 40 34 35 42 55 71 86 93 90 80 65 46 27 14 10 15241018B4 325 911513 9399999999999999 919 332156 1099999999999999
 27 47 68 84 90 88 79 66 52 42 39 43 52 66 82 93 94 87 74 56 36 19  9  9241019B4 4 9 911540 9599999999999999 951 392235  899999999999999
 16 30 51 71 84 88 84 75 63 51 45 46 52 62 75 88 94 91 81 66 48 30 16  9241020B4 453 881610 95999999999999991022 442315  999999999999999
 11 20 35 55 72 82 83 78 70 60 52 49 53 60 70 81 90 91 85 73 59 43 27 17241021B4 538 831642 92999999999999991055 492357 1399999999999999
 13 17 26 41 58 71 77 77 73 66 59 54 54 59 66 74 82 87 85 77 66 54 40 28241022B4 626 781715 87999999999999991129 53999999999999999999999
 21 20 24 33 45 58 68 72 71 68 64 59 57 58 63 68 74 79 80 77 70 61 51 41241023B4 721 721751 8099999999999999 042 2012 7 5799999999999999
 33 28 27 30 37 47 57 64 67 68 66 64 61 60 61 64 67 70 72 73 70 65 59 52241024B4 840 681835 7399999999999999 138 271258 6099999999999999
 45 38 34 33 35 39 47 54 61 64 66 66 65 63 62 61 61 62 64 65 66 65 62 59241025B41038 661954 6699999999999999 254 331459 6199999999999999
 55 49 44 39 36 36 39 45 53 59 64 67 68 67 64 61 58 56 55 56 58 61 63 63241026B41158 682253 6399999999999999 430 361759 5599999999999999
 62 59 54 47 41 37 36 39 45 53 61 67 70 71 69 64 58 52 49 48 50 54 59 64241027B41242 71999999999999999999999 547 361851 4899999999999999
 67 66 63 57 48 41 36 35 38 46 55 65 71 74 73 68 60 51 44 41 41 45 52 61241028B4 028 671313 7499999999999999 641 351927 4099999999999999
 68 71 71 66 57 47 39 34 35 40 49 61 71 77 77 73 65 54 43 36 33 36 43 54241029B4 121 721338 7899999999999999 723 341959 3399999999999999
 65 73 76 73 66 56 45 37 34 37 45 56 68 77 81 78 70 58 45 33 27 27 33 44241030B4 2 3 7614 1 8199999999999999 759 342029 2799999999999999
 58 70 78 79 74 65 53 43 36 36 42 52 65 76 83 82 75 63 49 35 25 21 25 34241031B4 239 791424 8399999999999999 830 362059 2199999999999999
 48 64 76 82 80 73 62 50 41 38 41 49 61 74 83 85 80 69 54 38 25 18 18 252411 1B4 314 821447 8599999999999999 9 0 382129 1799999999999999
 38 55 71 81 83 79 69 58 47 41 41 47 58 70 82 87 84 74 60 44 29 18 14 182411 2B4 348 8315 9 8799999999999999 927 412158 1499999999999999
 29 45 62 76 83 82 75 65 54 46 43 47 55 66 78 86 87 79 66 51 34 21 14 142411 3B4 422 841533 8899999999999999 955 432228 1399999999999999
 22 35 52 68 79 82 79 71 61 51 46 47 53 62 74 83 87 83 72 58 42 27 17 142411 4B4 456 821558 87999999999999991022 462258 1499999999999999
 17 27 42 58 72 79 79 75 66 57 51 49 52 59 69 78 85 84 77 64 50 35 23 172411 5B4 532 801626 85999999999999991051 492331 1699999999999999
 16 22 33 47 62 72 76 75 70 63 56 52 52 57 64 72 79 82 78 69 57 44 32 232411 6B4 613 771657 82999999999999991123 52999999999999999999999
 19 21 27 38 51 62 70 72 71 67 61 56 54 56 60 66 72 77 77 72 63 53 41 312411 7B4 7 3 721733 7899999999999999 0 8 1912 0 5499999999999999
 25 23 25 31 40 51 60 66 69 68 65 61 58 57 58 61 65 69 72 71 67 60 51 422411 8B4 812 691820 7299999999999999 054 231252 5799999999999999
 34 29 27 29 34 41 50 58 63 66 67 65 62 60 58 58 59 61 64 66 66 64 59 532411 9B4 943 671934 6699999999999999 157 271441 5899999999999999
 45 38 33 31 31 34 40 48 56 62 66 68 67 64 60 56 54 53 54 57 60 63 63 61241110B411 4 682139 6499999999999999 326 3117 2 5399999999999999
 57 50 43 37 33 32 34 40 48 57 64 69 70 68 63 57 51 46 44 45 50 56 62 66241111B41155 702331 6699999999999999 454 3218 6 4499999999999999
 66 62 56 48 40 34 32 34 41 50 60 69 73 73 69 61 51 42 35 33 37 44 54 64241112B41230 74999999999999999999999 558 321852 3399999999999999
 70 72 68 61 51 41 35 33 37 45 55 67 75 78 75 67 55 42 31 24 23 29 40 54241113B4 046 7213 0 7899999999999999 648 331934 2399999999999999
 68 76 77 73 64 52 42 36 36 41 50 62 74 81 81 75 63 48 32 19 14 15 24 39241114B4 144 771330 8299999999999999 731 352015 1399999999999999
 57 72 80 81 75 65 53 43 39 40 47 58 71 81 86 82 72 57 39 21 10  6 10 22241115B4 236 8214 1 8699999999999999 811 382057  699999999999999
 40 60 76 83 83 76 65 53 44 42 46 54 65 78 87 88 80 67 49 30 13  3  2  9241116B4 323 841434 8899999999999999 849 422139  299999999999999
 23 44 64 79 84 82 74 63 52 46 46 51 60 72 84 89 86 76 61 42 23  8  1  2241117B4 4 9 8415 9 8999999999999999 927 452221  199999999999999
 11 28 48 68 79 82 79 71 60 51 48 50 56 65 77 86 88 82 70 54 37 19  7  3241118B4 454 821545 889999999999999910 5 4823 3  399999999999999
  6 17 33 53 69 78 79 74 67 58 51 49 53 60 69 78 84 83 75 63 49 33 18  9241119B4 538 791622 85999999999999991045 492344  799999999999999
  8 13 24 40 57 70 75 74 70 63 55 51 51 55 62 69 77 80 77 69 57 45 31 20241120B4 621 7517 2 80999999999999991126 50999999999999999999999
 14 14 20 31 45 59 68 72 70 66 60 54 51 52 56 61 67 73 74 70 63 53 43 32241121B4 7 7 721745 7499999999999999 027 141212 5199999999999999
 24 20 22 27 37 49 60 67 68 67 63 58 53 51 52 55 59 63 67 67 64 58 51 43241122B4 758 681838 6799999999999999 113 201310 5199999999999999
 35 29 27 28 33 41 51 60 65 66 65 62 57 53 51 50 52 54 57 60 61 60 56 51241123B4 856 661953 6199999999999999 2 7 271438 5099999999999999
 46 39 34 32 33 37 44 52 60 64 66 65 62 57 52 49 47 46 48 51 55 57 58 56241124B410 1 662149 5899999999999999 314 321641 4699999999999999
 54 49 44 39 36 36 40 46 54 61 65 67 66 62 56 50 45 41 40 41 46 51 56 58241125B411 2 672346 5999999999999999 429 361755 4099999999999999
 59 57 53 48 42 38 38 41 48 56 63 67 69 67 62 54 46 38 34 33 36 42 50 57241126B41152 69999999999999999999999 535 381844 3399999999999999
 62 63 61 57 50 43 40 40 44 51 59 66 71 71 67 59 50 39 31 26 27 32 41 51241127B4 058 631231 7199999999999999 628 391923 2699999999999999
 60 66 68 65 59 51 44 41 42 47 55 64 71 74 71 65 55 42 31 23 20 23 31 42241128B4 150 6813 4 7499999999999999 713 401959 2099999999999999
 55 65 71 71 67 59 50 44 42 45 51 60 69 75 76 70 60 47 34 22 15 15 21 32241129B4 231 721335 7699999999999999 753 422033 1499999999999999
 47 61 71 75 73 67 57 49 44 44 49 57 66 75 78 75 67 54 39 25 14 10 12 22241130B4 3 9 7514 4 7899999999999999 829 4321 7 1099999999999999
 36 53 67 75 77 73 65 55 47 44 47 53 62 72 79 80 73 61 46 30 16  8  7 132412 1B4 345 771433 8099999999999999 9 4 442141  799999999999999
 25 42 59 72 78 77 71 62 52 46 46 50 58 68 77 81 78 68 54 38 22 11  5  72412 2B4 422 7815 4 8199999999999999 939 452216  599999999999999
 15 30 48 64 75 78 75 68 58 50 46 48 53 62 72 80 81 74 62 47 31 17  7  52412 3B4 459 781537 81999999999999991014 462251  599999999999999
  9 20 36 54 68 75 76 72 64 55 49 47 50 56 65 74 79 77 69 56 41 26 14  72412 4B4 538 761613 80999999999999991051 472328  799999999999999
  7 14 26 42 58 69 74 73 68 60 52 48 48 51 58 67 74 77 72 63 51 37 23 142412 5B4 619 741653 77999999999999991131 47999999999999999999999
 10 12 20 32 47 60 68 71 69 64 57 50 47 48 52 58 66 71 72 67 58 47 34 232412 6B4 7 4 711738 7299999999999999 0 7 101216 4799999999999999
 16 14 18 25 37 50 61 67 69 66 61 55 49 47 48 51 56 62 67 67 63 55 45 352412 7B4 751 691833 6899999999999999 049 141312 4799999999999999
 26 21 20 24 31 41 52 61 66 67 64 59 53 47 45 45 47 51 57 62 62 60 54 462412 8B4 841 671945 6399999999999999 137 201430 4599999999999999
 38 30 26 26 29 36 45 55 62 66 66 63 57 51 45 41 39 41 45 51 56 59 59 552412 9B4 931 662120 5999999999999999 235 2616 4 3999999999999999
 49 42 36 32 31 34 40 48 57 64 67 66 62 56 48 40 35 32 33 37 45 52 58 60241210B41020 6723 6 6099999999999999 345 311717 3299999999999999
 59 54 48 42 37 36 38 44 52 60 66 69 68 62 54 44 34 27 23 24 30 39 50 58241211B411 7 69999999999999999999999 455 361816 2399999999999999
 63 63 60 54 47 42 40 42 47 55 64 70 72 69 62 52 39 27 18 14 16 24 36 49241212B4 035 631155 7299999999999999 557 4019 8 1499999999999999
 60 67 68 65 58 50 45 43 45 51 59 67 73 74 70 61 48 33 19  9  6 10 19 34241213B4 146 681241 7599999999999999 654 431958  699999999999999
 51 64 71 72 68 61 52 46 45 48 54 62 71 77 76 70 59 43 27 12  3  1  6 18241214B4 244 721326 7799999999999999 746 452046  199999999999999
 35 54 68 74 75 70 61 52 47 46 50 56 65 75 79 77 68 55 38 21  6 -2 -2  5241215B4 333 751410 7999999999999999 835 462132 -399999999999999
 20 39 58 71 76 75 69 59 51 46 47 51 58 68 77 80 75 65 51 33 16  3 -3 -2241216B4 417 761453 8099999999999999 922 462216 -499999999999999
  8 24 45 63 73 76 73 66 56 48 45 46 52 60 70 78 79 72 61 46 29 12  1 -2241217B4 456 761536 799999999999999910 6 452256 -299999999999999
  2 14 32 51 67 74 74 70 61 51 45 43 46 52 62 71 77 75 67 55 41 25 11  3241218B4 533 751618 77999999999999991048 432334  299999999999999
  2  9 22 40 57 69 73 71 65 56 47 42 42 46 53 62 70 74 70 62 50 37 23 12241219B4 6 6 7317 1 74999999999999991129 41999999999999999999999
  7  9 18 31 47 62 70 71 67 60 51 43 39 41 45 53 61 67 69 64 56 46 34 22241220B4 640 711745 6999999999999999 010  71213 3999999999999999
 15 13 18 27 40 53 64 69 68 63 55 47 40 38 40 45 51 58 63 63 59 51 42 33241221B4 715 691834 6399999999999999 045 1313 0 3899999999999999
 25 20 21 26 35 46 58 65 67 65 59 52 44 39 37 39 43 48 54 57 57 54 48 42241222B4 753 671931 5899999999999999 123 201358 3799999999999999
 35 29 27 28 34 42 51 60 65 65 62 56 49 43 38 36 37 39 44 49 52 53 51 48241223B4 834 662047 5399999999999999 2 6 271514 3699999999999999
 43 39 35 33 35 40 46 54 61 64 63 60 54 48 41 36 33 33 35 39 44 48 51 51241224B4 919 642238 5199999999999999 259 331639 3399999999999999
 50 47 44 41 39 40 44 50 56 61 63 62 58 53 46 39 33 29 28 30 35 41 47 51241225B410 9 63999999999999999999999 4 8 391749 2899999999999999
 53 54 52 49 45 43 43 47 52 57 62 64 62 58 51 43 35 28 23 22 25 31 39 47241226B4 035 5411 3 6499999999999999 521 431844 2299999999999999
 54 58 59 56 52 48 45 45 48 53 59 63 65 63 57 49 39 29 21 16 16 21 29 40241227B4 145 591156 6599999999999999 627 451930 1699999999999999
 51 59 63 63 60 54 49 46 46 50 55 61 65 66 63 56 46 34 22 14 10 11 18 30241228B4 233 641245 6799999999999999 723 462013 1099999999999999
 43 55 64 68 66 61 54 48 46 47 51 57 64 69 68 63 53 41 27 15  7  4  8 18241229B4 312 681329 6999999999999999 812 452053  499999999999999
 32 48 61 69 71 67 60 52 46 45 47 52 60 68 71 70 62 50 35 20  8  1  0  7241230B4 349 711411 7299999999999999 858 452133  099999999999999
 20 37 54 66 72 72 66 57 49 44 43 47 54 63 71 74 69 59 45 28 13  2 -3 -1241231B4 425 731452 7499999999999999 940 432212 -399999999999999
