 17 18 18 19 21 21 20 19 16 12  7  4  2  1  2  4  8 11 14 16 17 17 16 1524 1 1B5 459 212020 1799999999999999 0 2 171257  199999999999999
 14 14 14 15 16 17 17 16 14 11  8  5  2  1  1  3  6  9 12 14 15 15 14 1324 1 2B5 536 172039 1599999999999999 110 141323  199999999999999
 12 11 11 11 11 12 12 12 12 10  8  6  4  3  3  4  5  8 10 12 14 14 13 1224 1 3B5 622 132053 1499999999999999 228 111340  399999999999999
 11 10  9  8  8  8  9  9  9  9  8  7  6  5  5  5  7  9 11 12 13 14 14 1224 1 4B5 758  921 1 1499999999999999 350  81347  599999999999999
 11  9  8  6  5  5  5  6  7  7  8  8  8  8  8  8  9 11 12 14 15 15 15 1424 1 5B521 8 15999999999999999999999 5 6  5999999999999999999999
 12 10  8  6  4  3  3  4  5  6  8  9 10 11 11 12 13 14 15 16 17 17 17 1624 1 6B52121 17999999999999999999999 6 0  3999999999999999999999
 15 12 10  7  5  3  2  2  3  4  7 10 12 14 15 16 16 17 18 18 19 19 20 1924 1 7B52148 20999999999999999999999 642  2999999999999999999999
 18 16 13 10  7  4  2  1  1  3  5  9 12 15 18 19 20 20 21 21 21 22 22 2224 1 8B52236 22999999999999999999999 723  1999999999999999999999
 21 20 17 14 10  7  3  1  0  1  3  7 11 15 19 21 23 23 23 23 23 23 24 2424 1 9B52344 24999999999999999999999 8 7  0999999999999999999999
 24 24 22 19 15 10  6  2  0 -1  0  3  8 13 18 22 24 25 25 24 24 24 24 2524 110B51720 25999999999999999999999 853 -12023 2499999999999999
 26 26 26 24 20 15 10  5  1 -2 -2  0  4  9 15 19 23 25 25 24 23 23 23 2424 111B5 054 261740 2599999999999999 942 -221 3 2399999999999999
 26 27 28 27 24 20 15  9  3 -1 -4 -4 -1  4  9 15 20 23 24 23 22 21 21 2224 112B5 2 0 2818 6 24999999999999991030 -42143 2199999999999999
 23 25 27 28 27 24 19 13  7  1 -3 -5 -4 -1  4 10 15 19 21 22 20 19 18 1824 113B5 3 1 281833 22999999999999991117 -52229 1899999999999999
 19 21 23 25 26 25 22 17 11  4 -1 -4 -5 -4 -1  5 10 15 18 19 18 17 15 1424 114B5 359 2619 0 199999999999999912 1 -52325 1499999999999999
 14 15 17 20 22 23 22 19 14  8  3 -1 -4 -4 -2  2  6 11 15 17 17 15 13 1124 115B5 458 231926 17999999999999991241 -4999999999999999999999
 10 10 11 13 16 18 19 18 15 11  6  2 -1 -2 -1  1  5  9 13 15 16 14 12  924 116B5 559 191949 1699999999999999 026 101315 -299999999999999
  7  6  6  7  9 12 14 14 14 12  9  6  3  2  2  3  5  9 12 14 15 15 13 1024 117B5 711 142012 1599999999999999 132  61340  299999999999999
  7  4  3  2  3  5  7  9 10 11 10  9  7  6  6  7  8 10 12 14 16 16 14 1224 118B5 844 112033 1699999999999999 240  21347  699999999999999
  8  5  2  1  0  1  2  4  6  8  9 10 10 10 10 11 12 13 15 16 17 17 17 1524 119B52053 17999999999999999999999 357  0999999999999999999999
 12  8  5  2  0 -1 -1  0  2  4  7  9 11 12 13 14 16 17 17 18 19 19 19 1824 120B52116 19999999999999999999999 523 -1999999999999999999999
 16 13  9  6  3  0 -1 -1  0  2  5  8 11 13 16 17 19 19 20 20 21 21 21 2124 121B52155 21999999999999999999999 641 -1999999999999999999999
 19 17 14 11  7  4  1  0 -1  0  3  6 10 13 16 19 21 21 22 22 22 22 22 2224 122B521 3 22999999999999999999999 743 -1999999999999999999999
 22 21 19 16 13  9  5  2  0  0  2  5  8 13 16 19 21 23 23 23 22 22 22 2324 123B518 1 23999999999999999999999 833  021 6 2299999999999999
 23 23 23 21 17 13  9  5  2  0  1  3  7 11 15 19 21 23 23 22 22 22 22 2224 124B5 036 241748 2399999999999999 917  02122 2299999999999999
 23 24 24 23 21 17 13  8  4  1  0  1  4  8 13 17 20 22 22 22 21 20 20 2124 125B5 141 241751 2299999999999999 957  02142 2099999999999999
 22 23 24 24 23 20 16 10  5  2  0 -1  1  5 10 14 18 20 21 20 19 18 18 1824 126B5 233 2418 1 21999999999999991032 -122 8 1899999999999999
 19 21 22 23 23 21 18 12  7  2 -1 -2 -1  2  6 11 15 17 19 18 17 16 15 1524 127B5 318 231816 199999999999999911 4 -22242 1599999999999999
 15 17 19 21 21 20 18 14  8  3  0 -3 -3 -1  3  8 12 15 16 16 15 13 12 1124 128B5 358 211831 16999999999999991132 -32321 1199999999999999
 11 13 15 17 18 18 17 14  9  4  0 -2 -3 -2  1  5  9 12 14 14 13 12 10  824 129B5 437 181846 14999999999999991157 -3999999999999999999999
  8  8 10 12 14 15 14 13  9  5  2 -1 -2 -2  0  3  7 10 12 13 12 11  8  724 130B5 516 151858 1399999999999999 0 3  81217 -399999999999999
  5  5  6  8  9 11 11 11  9  6  3  1 -1 -1  1  3  7 10 12 13 12 10  8  624 131B5 6 1 1119 8 1399999999999999 048  51230 -199999999999999
  4  3  3  4  6  7  8  9  8  7  5  3  2  2  3  5  8 10 12 13 13 11  9  624 2 1B5 657  91914 1399999999999999 133  31234  299999999999999
  4  3  2  2  3  4  6  7  7  7  6  5  5  5  6  7 10 12 13 14 14 13 11  824 2 2B5 819  71918 1499999999999999 221  21225  599999999999999
  5  3  2  1  2  2  4  5  6  7  8  8  8  8  9 11 12 14 15 16 16 15 13 1124 2 3B51924 16999999999999999999999 316  1999999999999999999999
  8  5  3  2  1  1  2  3  5  7  9 10 11 12 13 14 16 17 18 18 18 18 16 1424 2 4B51931 19999999999999999999999 426  1999999999999999999999
 11  9  6  4  2  1  1  2  3  5  8 10 13 15 16 17 18 19 20 20 21 20 19 1824 2 5B51942 21999999999999999999999 547  1999999999999999999999
 16 13 10  7  4  2  1  0  1  3  6  9 12 15 18 19 21 21 22 22 22 22 22 2124 2 6B520 9 22999999999999999999999 657  0999999999999999999999
 19 17 14 11  7  4  1 -1 -2 -1  2  6 10 14 18 20 21 22 22 22 22 22 22 2324 2 7B52313 23999999999999999999999 757 -2999999999999999999999
 22 21 19 16 12  7  3 -1 -3 -4 -2  1  6 11 15 19 21 22 21 21 21 21 21 2224 2 8B51711 22999999999999999999999 851 -42018 2199999999999999
 23 24 23 21 17 12  6  1 -3 -6 -6 -4  0  6 11 16 19 20 20 19 18 17 18 1924 2 9B5 055 241716 2099999999999999 941 -62056 1799999999999999
 21 23 24 23 21 17 11  5 -1 -6 -8 -8 -5  0  6 12 16 18 18 16 14 13 13 1424 210B5 211 241731 18999999999999991026 -82141 1399999999999999
 16 19 22 23 23 20 15  9  2 -3 -7 -9 -7 -4  2  7 12 15 16 14 12  9  8  824 211B5 317 231748 169999999999999911 7 -92230  899999999999999
 10 13 16 19 21 21 18 13  7  1 -4 -7 -7 -5 -1  4  9 13 14 13 11  7  4  324 212B5 420 2118 6 14999999999999991143 -72323  399999999999999
  3  5  9 13 16 18 18 15 11  5  0 -3 -5 -4 -1  3  8 12 14 14 11  7  3  024 213B5 522 181825 14999999999999991214 -5999999999999999999999
 -1  0  2  6 10 13 14 14 12  8  5  2  0  0  1  4  8 12 14 14 13  9  5  124 214B5 626 151844 1499999999999999 016 -11237  099999999999999
 -2 -3 -3  0  3  6  9 11 11 10  8  6  4  4  5  7 10 13 15 16 15 12  8  424 215B5 737 1119 2 1699999999999999 112 -31244  499999999999999
  0 -3 -4 -4 -2  1  4  7  8  9  9  8  8  8  9 11 13 15 16 17 17 15 12  824 216B5 914  91917 1799999999999999 212 -412 2  899999999999999
  4  1 -2 -3 -3 -2  0  3  5  7  8 10 11 12 13 14 16 17 18 19 19 18 16 1324 217B51923 19999999999999999999999 322 -3999999999999999999999
  9  6  3  0 -1 -2 -1  0  2  5  7  9 11 13 15 17 18 19 20 20 20 19 18 1624 218B519 0 20999999999999999999999 455 -2999999999999999999999
 14 11  8  5  2  1  0  0  1  3  5  8 11 14 16 18 20 20 21 21 20 20 20 1924 219B51810 21999999999999999999999 632  0999999999999999999999
 18 16 13 10  7  4  2  0  0  1  3  6 10 13 16 18 20 21 21 20 20 20 20 2024 220B51741 21999999999999999999999 742  0999999999999999999999
 19 19 17 14 11  8  4  2  0  0  2  4  8 12 15 18 19 20 20 19 19 18 19 1924 221B51718 20999999999999999999999 833  02120 1899999999999999
 20 20 19 18 15 11  7  3  0 -1  0  2  5  9 13 16 18 19 18 17 17 16 16 1724 222B5 047 2017 7 1999999999999999 913 -12123 1699999999999999
 18 20 20 19 17 13  9  4  1 -1 -2 -1  2  6 10 14 16 17 16 15 14 13 13 1424 223B5 152 2017 7 1799999999999999 946 -22139 1399999999999999
 16 17 19 19 18 15 11  6  1 -2 -3 -3  0  3  8 11 14 15 14 13 11 10  9 1024 224B5 242 191712 15999999999999991015 -322 4  999999999999999
 12 14 16 17 17 15 12  7  2 -2 -4 -4 -2  1  5  9 12 13 13 11  9  7  6  624 225B5 326 181721 13999999999999991041 -42234  699999999999999
  7  9 12 14 15 15 12  8  4 -1 -3 -4 -4 -1  3  7 10 12 12 10  7  5  3  224 226B5 4 9 151730 129999999999999911 3 -423 7  299999999999999
  3  5  8 11 13 13 12  9  5  1 -2 -3 -3 -1  2  6  9 11 11 10  7  4  2  024 227B5 451 131739 12999999999999991121 -42341  099999999999999
  0  1  4  7  9 11 11  9  6  3  0 -1 -2  0  3  6 10 11 12 11  8  4  1 -124 228B5 535 111747 12999999999999991136 -2999999999999999999999
 -2 -1  1  3  6  8 10  9  8  5  3  1  1  2  4  8 10 12 13 12 10  6  3  024 229B5 622 101753 1399999999999999 014 -21144  199999999999999
 -2 -2 -1  1  4  6  8  9  9  7  6  5  4  5  7  9 12 14 14 14 12  8  5  224 3 1B5 716  91759 1499999999999999 048 -21145  499999999999999
 -1 -2 -2  0  2  4  7  8  9  9  9  8  8  9 10 12 14 16 16 16 14 11  8  424 3 2B5 826  918 5 1699999999999999 124 -21135  899999999999999
  2  0 -1  0  1  3  5  7  9 10 11 11 11 12 13 15 16 18 18 18 17 14 11  824 3 3B51810 18999999999999999999999 2 9 -1999999999999999999999
  5  2  1  0  0  1  3  5  7  9 11 12 13 15 16 17 18 19 20 20 19 17 15 1224 3 4B51814 20999999999999999999999 314  0999999999999999999999
  9  6  3  2  1  0  1  2  4  6  9 12 14 16 17 19 20 20 21 21 20 19 18 1524 3 5B51817 21999999999999999999999 456  0999999999999999999999
 13 10  7  4  2  0 -1 -1  0  2  5  9 12 15 17 19 20 20 20 20 20 20 19 1824 3 6B518 6 20999999999999999999999 634 -1999999999999999999999
 17 14 11  8  5  1 -1 -3 -3 -2  1  4  9 13 16 18 19 19 18 18 18 18 19 1924 3 7B51642 192326 1999999999999999 745 -420 9 1899999999999999
 19 18 16 13  9  4  0 -4 -6 -6 -4 -1  4  9 13 15 17 16 16 15 14 14 15 1724 3 8B51621 17999999999999999999999 840 -62016 1499999999999999
 18 19 19 17 13  8  3 -2 -6 -8 -8 -5 -1  5  9 13 14 14 13 11 10  9 10 1224 3 9B5 111 191624 1599999999999999 927 -82051  999999999999999
 15 17 19 19 17 13  8  2 -3 -7 -8 -7 -4  1  6 10 13 13 11  8  5  4  4  524 310B5 229 191634 139999999999999910 8 -82135  399999999999999
  8 12 16 18 19 17 12  7  1 -3 -6 -7 -5 -1  4  9 12 12 11  7  3  0 -2 -124 311B5 338 191648 12999999999999991044 -72222 -299999999999999
  1  5 10 14 17 17 15 11  6  1 -2 -4 -3  0  4  8 12 13 12  8  4 -1 -4 -624 312B5 442 1817 5 13999999999999991115 -42310 -699999999999999
 -5 -2  3  8 12 15 16 14 10  6  3  1  1  2  6  9 13 14 14 11  7  1 -4 -724 313B5 543 161723 15999999999999991139  12359 -899999999999999
 -8 -7 -3  2  7 11 13 14 12 10  7  6  5  6  8 11 14 16 17 15 11  6  0 -424 314B5 646 141742 17999999999999991153  5999999999999999999999
 -7 -8 -6 -3  1  6  9 12 12 12 11 10 10 10 12 14 16 18 18 18 15 11  6  124 315B5 757 121758 1899999999999999 049 -81141 1099999999999999
 -3 -5 -6 -4 -2  2  5  8 10 11 12 12 13 14 15 16 18 19 20 19 18 15 11  724 316B518 9 20999999999999999999999 143 -6999999999999999999999
  3  0 -2 -3 -2  0  2  5  8 10 11 13 14 16 17 18 19 20 20 20 19 17 15 1224 317B51759 20999999999999999999999 248 -3999999999999999999999
  8  5  3  1  0  0  1  3  5  7 10 12 14 16 18 19 20 20 20 20 19 18 17 1524 318B51719 20999999999999999999999 418  0999999999999999999999
 13 10  7  5  3  2  1  2  3  5  8 10 13 15 18 19 20 20 20 19 18 18 17 1724 319B51649 20999999999999999999999 6 3  1999999999999999999999
 15 14 11  9  6  4  2  1  2  3  5  8 11 14 16 18 18 18 18 17 17 16 16 1624 320B51625 19999999999999999999999 718  1999999999999999999999
 16 15 14 12  9  6  3  1  0  1  3  5  9 12 14 16 17 16 16 15 14 13 14 1524 321B51610 17999999999999999999999 8 8  021 1 1399999999999999
 15 16 15 14 11  8  4  1  0 -1  0  3  6  9 12 14 15 14 13 12 10 10 10 1224 322B5 056 1616 3 1599999999999999 845 -121 6 1099999999999999
 13 15 15 14 12  9  5  2 -1 -2 -2  0  4  7 10 12 13 12 11  9  7  6  6  824 323B5 159 1516 2 1399999999999999 916 -22123  699999999999999
 10 12 14 14 13 11  7  3  0 -2 -2 -1  2  5  8 11 12 11  9  6  4  3  2  324 324B5 250 1416 5 1299999999999999 942 -22147  299999999999999
  6  9 11 13 13 12  9  5  1 -1 -2 -1  1  4  8 10 11 11  8  5  2  0 -1 -124 325B5 338 131610 119999999999999910 4 -22214 -199999999999999
  1  5  8 11 12 12 10  7  4  1  0  0  2  5  8 10 12 11  9  6  2 -1 -3 -324 326B5 423 131617 12999999999999991024 -12243 -499999999999999
 -2  1  5  9 11 12 12  9  6  4  2  2  3  6  9 11 13 13 11  7  3 -1 -3 -524 327B5 5 7 121624 13999999999999991041  22312 -599999999999999
 -4 -2  2  6 10 12 13 11  9  7  5  5  5  7 10 13 14 15 13 10  5  1 -2 -424 328B5 551 131633 15999999999999991055  52341 -599999999999999
 -5 -3  0  4  8 11 13 13 12 10  8  8  8 10 12 15 16 17 15 13  9  4  0 -324 329B5 636 131644 179999999999999911 5  8999999999999999999999
 -4 -3 -1  2  6 10 12 14 14 13 12 11 11 12 14 16 18 18 18 15 12  7  3  024 330B5 728 141654 1899999999999999 013 -41111 1199999999999999
 -2 -3 -1  1  4  8 11 13 15 15 14 14 14 15 16 18 19 20 19 18 15 11  7  324 331B5 837 1517 4 2099999999999999 048 -311 1 1499999999999999
  0 -1 -1  0  2  5  8 11 13 15 15 16 16 17 18 19 20 21 21 19 17 14 10  724 4 1B51710 21999999999999999999999 134 -1999999999999999999999
  4  1  0  0  1  2  5  7 10 13 15 16 17 18 19 20 21 21 21 20 19 17 14 1024 4 2B51711 21999999999999999999999 240  0999999999999999999999
  7  4  2  1  0  0  1  3  6  9 12 14 16 18 19 20 20 20 20 20 19 18 16 1424 4 3B517 2 20999999999999999999999 418  0999999999999999999999
 11  8  5  3  1 -1 -1 -1  1  4  7 11 14 16 17 18 18 18 18 17 17 17 16 1624 4 4B51544 18999999999999999999999 559 -1999999999999999999999
 14 12  9  6  3  0 -2 -3 -3 -1  2  6 10 13 15 16 15 15 14 13 13 13 14 1524 4 5B515 6 162355 1699999999999999 713 -31945 1399999999999999
 16 15 13 10  7  3 -1 -3 -4 -4 -1  3  7 10 13 14 13 11 10  8  8  8 10 1224 4 6B515 3 14999999999999999999999 810 -420 4  899999999999999
 14 16 16 14 11  7  3 -1 -3 -4 -3  0  4  8 11 13 12 10  7  4  2  2  3  624 4 7B5 136 1615 9 1399999999999999 857 -42041  299999999999999
 10 14 16 17 16 12  8  4  1 -1 -2  0  4  8 11 13 13 10  6  2 -2 -3 -3 -124 4 8B5 253 171522 1399999999999999 936 -22123 -399999999999999
  4  9 13 16 17 16 13  9  6  3  2  2  5  9 12 14 15 13  8  3 -2 -6 -7 -624 4 9B5 4 1 171538 15999999999999991010  222 8 -799999999999999
 -3  2  8 13 17 18 17 14 11  8  6  6  8 11 14 16 17 16 12  7  1 -5 -8 -924 410B5 5 4 181558 17999999999999991039  62253 -999999999999999
 -7 -3  2  8 13 17 18 17 15 13 11 11 11 13 16 18 20 19 17 12  6  0 -5 -824 411B5 6 4 181620 20999999999999991059 112340 -899999999999999
 -8 -6 -2  4  9 14 17 18 17 16 15 15 15 16 18 20 22 22 21 17 12  6  0 -424 412B5 7 7 181642 229999999999999911 7 15999999999999999999999
 -6 -6 -3  1  5 10 14 17 18 18 17 17 18 19 20 22 23 23 23 21 17 12  7  224 413B517 0 23999999999999999999999 027 -6999999999999999999999
 -1 -3 -2  0  3  7 11 14 16 17 18 19 19 20 21 22 23 24 23 22 20 16 12  824 414B517 7 24999999999999999999999 118 -3999999999999999999999
  4  2  1  1  2  5  8 11 14 16 17 18 20 21 22 22 23 23 23 22 20 18 15 1224 415B51641 23999999999999999999999 216  0999999999999999999999
  9  6  4  3  3  4  6  8 11 13 15 17 19 20 21 21 22 21 21 20 19 18 17 1424 416B51548 22999999999999999999999 329  3999999999999999999999
 12 10  7  5  4  4  4  6  8 10 12 15 17 18 19 20 20 19 18 18 17 16 16 1524 417B51510 20999999999999999999999 455  4999999999999999999999
 14 12 10  8  6  4  4  4  5  7 10 12 15 16 17 18 17 16 15 14 14 14 14 1424 418B51449 18999999999999999999999 610  4999999999999999999999
 14 13 11  9  7  5  4  3  4  5  7 10 12 14 15 16 15 14 12 11 10 10 11 1224 419B51440 16999999999999999999999 7 6  32034 1099999999999999
 13 13 12 11  9  6  4  3  3  4  5  8 10 13 14 14 13 11  9  7  6  6  7  824 420B5 058 131436 1499999999999999 748  32041  699999999999999
 10 12 13 12 11  8  6  4  3  3  5  7  9 12 13 13 12 10  7  5  3  2  3  524 421B5 2 7 131435 1399999999999999 822  32059  299999999999999
  8 10 12 13 12 11  8  6  5  4  5  7 10 12 13 13 12  9  6  3  0 -1 -1  124 422B5 3 4 131437 1399999999999999 851  42122 -199999999999999
  5  8 11 13 14 13 11  9  7  7  7  8 11 13 14 15 14 11  7  3  0 -2 -3 -124 423B5 354 141442 1599999999999999 915  62147 -399999999999999
  2  6 10 13 15 15 14 12 10  9  9 10 12 15 16 17 16 13  9  5  1 -2 -4 -324 424B5 439 151452 1799999999999999 937  92214 -499999999999999
  0  4  8 13 16 17 17 16 14 13 12 13 14 17 19 19 19 17 13  8  3 -1 -3 -324 425B5 521 1715 6 1999999999999999 958 122244 -399999999999999
 -2  2  7 12 16 18 19 19 17 16 15 15 16 18 20 22 21 20 17 12  7  2 -1 -224 426B5 6 3 191525 22999999999999991018 152315 -399999999999999
 -2  1  5 10 14 18 20 21 20 19 18 18 19 20 22 23 24 22 20 16 11  6  2 -124 427B5 647 211545 24999999999999991038 182350 -199999999999999
 -1  0  3  7 12 16 20 22 22 21 20 20 21 22 23 24 25 24 22 19 15 10  5  224 428B5 740 2216 4 25999999999999991053 20999999999999999999999
  0  0  2  5  9 13 17 20 22 22 22 22 22 23 23 24 25 25 24 21 18 13  9  524 429B51620 25999999999999999999999 032  0999999999999999999999
  2  1  1  3  6  9 13 17 19 21 22 22 22 23 23 24 24 24 24 22 19 16 12  824 430B51630 24999999999999999999999 123  1999999999999999999999
  5  3  1  1  3  5  8 12 15 18 20 21 22 22 22 22 23 23 22 21 20 18 15 1124 5 1B51620 23999999999999999999999 226  1999999999999999999999
  8  5  3  2  2  2  4  7 10 14 16 18 20 20 20 20 20 19 19 19 18 18 16 1424 5 2B51334 20999999999999999999999 344  1999999999999999999999
 12  9  6  4  2  2  2  4  6  9 13 15 17 18 18 17 16 15 15 15 15 15 15 1524 5 3B51319 1822 5 1599999999999999 5 6  21857 1599999999999999
 14 12 10  7  5  3  2  3  4  7 10 13 15 16 16 15 13 11 10  9 10 11 12 1424 5 4B51322 16999999999999999999999 619  21911  999999999999999
 15 15 14 12  9  7  5  4  4  6  8 12 14 16 16 14 12  8  6  4  4  5  7 1124 5 5B5 033 151330 1699999999999999 720  41945  499999999999999
 14 16 17 16 14 12 10  8  7  8  9 12 15 17 17 16 13  8  4  1 -1  0  2  524 5 6B5 2 8 171344 1799999999999999 811  72025 -199999999999999
 10 14 17 19 19 17 15 13 11 11 12 14 16 19 20 19 16 11  6  1 -3 -4 -3  024 5 7B5 324 1914 3 2099999999999999 853 1121 8 -499999999999999
  5 11 16 19 21 21 20 18 16 15 15 17 19 21 23 22 20 16 10  4 -1 -4 -5 -424 5 8B5 431 221427 2399999999999999 929 152152 -599999999999999
  1  6 12 18 21 23 24 22 21 20 19 20 21 23 25 26 25 22 16 10  4 -1 -4 -424 5 9B5 532 241455 2699999999999999 957 192237 -599999999999999
 -2  3  8 14 20 23 25 25 24 23 23 23 24 25 27 28 28 26 22 17 10  4  0 -224 510B5 630 251525 28999999999999991018 232323 -299999999999999
 -2  1  5 11 16 21 24 26 26 25 25 25 25 26 28 29 29 29 26 22 16 11  5  224 511B5 731 261555 29999999999999991028 25999999999999999999999
  0  1  4  8 13 18 22 24 26 26 26 26 26 27 28 29 29 29 28 25 21 16 11  724 512B51620 29999999999999999999999 0 9  0999999999999999999999
  4  3  4  7 11 15 19 22 24 25 25 26 26 27 27 28 28 28 27 26 23 19 15 1124 513B51634 28999999999999999999999 057  3999999999999999999999
  8  6  5  6  9 12 15 19 21 23 24 25 25 25 26 26 26 26 25 24 23 20 17 1424 514B51550 26999999999999999999999 147  5999999999999999999999
 11  8  7  7  8 10 12 15 18 20 22 23 23 24 24 23 23 22 22 21 21 19 17 1524 515B51319 24999999999999999999999 240  7999999999999999999999
 13 10  9  8  7  8 10 12 15 17 19 20 21 22 21 21 20 19 18 18 17 17 16 1524 516B51257 22999999999999999999999 334  7999999999999999999999
 14 12 10  9  8  8  9 10 12 15 17 18 19 20 19 18 17 16 14 14 14 14 14 1424 517B51251 2023 2 1499999999999999 429  820 0 1499999999999999
 14 13 12 11  9  9  9 10 11 13 15 17 18 18 18 16 14 13 11 10 10 10 11 1224 518B51249 18999999999999999999999 522  91951 1099999999999999
 13 14 14 13 12 11 10 11 12 13 15 16 18 18 17 15 13 11  8  7  6  7  8 1024 519B5 1 4 141249 1899999999999999 611 1020 4  699999999999999
 13 14 15 15 14 14 13 13 13 14 16 17 18 19 18 16 13 10  7  5  4  4  5  824 520B5 227 151250 1999999999999999 656 132024  499999999999999
 11 14 16 17 18 17 16 16 16 16 18 19 20 21 20 18 15 11  8  5  3  2  3  624 521B5 332 181256 2199999999999999 735 162049  299999999999999
 10 14 17 20 21 20 20 19 19 19 20 21 23 23 23 21 18 14 10  6  3  2  2  524 522B5 421 211311 2399999999999999 811 192117  299999999999999
  9 13 18 21 23 24 23 23 22 22 22 23 25 26 26 25 22 18 14  9  5  3  2  324 523B5 5 0 241335 2699999999999999 845 222148  299999999999999
  7 12 17 21 25 26 27 26 25 24 25 25 27 28 29 28 26 23 18 13  8  5  3  324 524B5 536 2714 5 2999999999999999 918 242222  399999999999999
  6 10 15 20 25 28 29 28 27 27 26 27 28 29 31 31 29 27 22 17 12  7  4  324 525B5 613 291438 3199999999999999 951 2623 0  399999999999999
  4  8 12 18 23 27 29 30 29 28 28 28 29 30 31 32 31 29 26 21 16 11  7  424 526B5 655 301512 32999999999999991024 282343  499999999999999
  4  6  9 14 19 24 27 29 30 29 28 28 29 29 30 31 31 31 28 25 20 14 10  624 527B5 745 301548 31999999999999991058 28999999999999999999999
  4  4  6 10 15 19 24 27 28 29 28 28 28 28 29 29 30 30 29 26 22 18 13  924 528B5 846 291625 3099999999999999 030  41143 2899999999999999
  6  5  5  7 10 14 19 23 25 27 27 27 26 26 26 27 27 27 27 26 23 20 16 1224 529B5 953 2717 8 2799999999999999 122  41310 2699999999999999
  9  6  5  5  7 10 14 18 21 24 25 25 24 24 23 23 23 23 24 23 23 21 18 1524 530B51040 251815 2499999999999999 215  51512 2399999999999999
 12  9  7  6  7  8 11 14 18 20 22 23 23 22 20 19 19 19 19 19 20 20 19 1724 531B511 7 232022 2099999999999999 310  61645 1999999999999999
 15 13 11  9  9  9 11 13 16 18 21 22 22 20 18 16 15 14 14 14 15 17 18 1824 6 1B51125 2223 9 1899999999999999 4 6  91746 1499999999999999
 18 17 15 14 13 12 13 14 16 18 20 22 22 21 18 15 13 10  9  9 10 12 15 1724 6 2B51142 22999999999999999999999 5 3 121835  999999999999999
 19 20 19 19 17 17 16 17 18 19 21 23 24 23 21 17 13  9  7  5  6  7 11 1424 6 3B5 117 2012 1 2499999999999999 6 4 161922  599999999999999
 18 21 22 23 22 22 21 21 21 22 23 25 26 26 24 21 16 12  7  4  3  4  7 1124 6 4B5 259 231225 2699999999999999 7 4 2120 8  399999999999999
 15 20 23 26 27 26 26 25 25 25 26 28 29 29 29 26 22 16 11  6  3  3  4  724 6 5B5 419 271255 2999999999999999 758 252054  399999999999999
 12 18 23 26 29 30 30 29 29 28 29 30 31 32 32 31 28 23 17 11  7  4  4  524 6 6B5 518 301332 3399999999999999 842 282141  399999999999999
  9 15 20 25 29 31 32 32 31 31 31 32 33 34 35 34 33 29 24 18 12  8  5  524 6 7B5 6 5 321414 3599999999999999 918 312227  599999999999999
  8 12 18 23 28 31 33 33 33 32 32 32 33 34 36 36 35 33 29 24 18 12  9  724 6 8B5 647 331458 3699999999999999 949 322313  799999999999999
  8 10 15 20 25 29 32 33 33 33 32 32 33 34 35 36 36 35 32 28 23 17 12 1024 6 9B5 728 331541 36999999999999991021 322358  999999999999999
  9 10 13 17 22 26 29 31 32 32 32 31 32 32 33 34 35 34 33 30 26 21 16 1224 610B5 811 321619 35999999999999991059 31999999999999999999999
 10 10 11 14 18 23 26 29 30 30 30 30 30 30 30 31 32 32 31 30 27 23 18 1524 611B5 857 301653 3299999999999999 041 1012 3 3099999999999999
 12 10 11 12 16 19 23 25 27 28 28 28 28 27 27 28 28 28 28 27 26 23 20 1624 612B5 941 281723 2899999999999999 121 101354 2799999999999999
 13 12 11 12 14 17 20 22 25 26 26 26 26 25 24 24 24 24 24 24 23 22 20 1724 613B51012 26999999999999999999999 157 11999999999999999999999
 15 13 12 12 13 15 18 20 22 24 24 24 24 23 22 21 20 20 20 20 20 20 19 1824 614B51031 25999999999999999999999 230 12999999999999999999999
 16 15 14 13 14 15 17 19 21 23 23 24 23 22 20 19 17 16 16 16 17 17 18 1824 615B51041 242256 1899999999999999 257 131818 1699999999999999
 18 17 16 16 16 17 18 20 21 23 23 24 23 22 20 18 16 14 13 13 14 15 16 1824 616B51045 24999999999999999999999 314 161845 1399999999999999
 19 19 19 19 19 20 20 21 23 24 25 25 24 23 21 18 16 13 12 11 11 13 15 1724 617B51049 259999999999999999999991912 11999999999999999999999
 19 21 22 22 23 23 23 24 25 26 27 27 27 25 23 20 17 14 12 10 10 11 13 1724 618B511 0 279999999999999999999991942 10999999999999999999999
 20 23 25 26 26 27 27 27 28 28 29 30 30 29 27 24 20 16 13 11 10 10 12 1624 619B51123 309999999999999999999992014 10999999999999999999999
 19 23 27 29 30 30 30 30 30 31 32 33 33 32 31 28 24 20 16 13 10 10 11 1424 620B512 0 339999999999999999999992051 10999999999999999999999
 18 23 27 30 32 33 33 33 32 33 33 34 35 35 35 32 29 25 20 16 12 10 10 1224 621B5 523 331245 3599999999999999 8 0 322131 1099999999999999
 16 21 26 30 33 35 35 35 34 34 34 35 36 37 37 36 33 29 25 19 15 11 10 1024 622B5 543 351336 3799999999999999 849 342214 1099999999999999
 13 18 23 28 32 35 36 36 35 34 34 35 36 37 38 38 37 33 29 24 18 13 10  924 623B5 612 361428 3899999999999999 931 3423 0  999999999999999
 10 14 19 24 29 33 35 35 35 34 33 34 34 36 37 38 38 36 32 27 22 16 12  924 624B5 646 351520 38999999999999991014 332347  999999999999999
  9 10 14 19 25 29 32 34 34 33 32 32 32 33 34 36 37 36 34 30 25 20 15 1124 625B5 723 341613 379999999999999911 4 32999999999999999999999
  9  9 11 15 20 24 28 31 32 31 30 29 29 29 30 31 33 34 33 31 28 23 18 1424 626B5 8 0 3217 8 3499999999999999 033  812 8 2999999999999999
 11  9  9 12 16 20 24 28 29 29 28 27 26 25 25 26 28 29 30 30 28 25 21 1724 627B5 834 301812 3099999999999999 118  91320 2599999999999999
 14 12 11 12 14 18 21 25 27 28 27 26 24 22 22 21 22 24 25 26 26 25 23 2024 628B5 9 3 281935 2699999999999999 159 111432 2199999999999999
 18 15 14 14 15 17 20 23 26 27 27 26 23 21 19 18 18 18 20 21 23 24 24 2324 629B5 928 272131 2499999999999999 235 141544 1899999999999999
 21 20 19 18 18 20 22 24 26 27 28 27 25 22 19 16 15 14 15 16 18 21 22 2424 630B5 951 28999999999999999999999 3 5 181656 1499999999999999
 24 24 23 23 23 24 25 26 27 29 29 29 28 25 21 18 15 13 12 13 14 17 20 2324 7 1B5 0 0 241015 3099999999999999 320 2318 3 1299999999999999
 25 26 27 27 28 28 28 29 30 31 32 32 31 29 26 22 18 14 12 11 12 14 17 2124 7 2B51044 3299999999999999999999919 4 11999999999999999999999
 25 27 30 31 32 32 32 32 33 33 34 35 35 33 31 27 23 18 15 12 11 12 15 1924 7 3B51125 359999999999999999999991959 11999999999999999999999
 23 27 30 33 34 35 35 35 35 36 36 37 38 37 36 33 29 24 19 15 13 12 13 1624 7 4B51217 389999999999999999999992051 12999999999999999999999
 21 25 30 33 36 37 37 37 37 37 37 38 39 40 39 38 35 30 25 20 16 14 13 1524 7 5B51316 409999999999999999999992140 13999999999999999999999
 19 23 28 32 35 37 38 37 37 37 37 38 39 40 41 40 39 35 31 25 20 16 14 1424 7 6B5 6 6 381414 4199999999999999 859 372227 1499999999999999
 17 20 25 30 34 36 37 37 37 36 36 36 37 39 40 41 40 38 34 29 24 19 16 1424 7 7B5 625 3715 6 4199999999999999 939 3623 9 1499999999999999
 15 18 22 27 31 34 36 36 35 35 34 34 35 36 38 39 40 39 36 32 27 22 17 1524 7 8B5 647 361552 40999999999999991020 342348 1499999999999999
 14 16 19 23 27 31 33 34 34 33 32 32 32 33 34 36 37 37 36 33 29 24 19 1624 7 9B5 712 341634 379999999999999911 8 32999999999999999999999
 14 14 16 20 24 28 30 32 32 31 30 29 29 29 30 32 33 34 34 32 29 25 20 1724 710B5 736 321714 3499999999999999 023 1412 4 2999999999999999
 15 14 15 18 21 25 28 29 30 29 28 27 26 26 26 27 29 30 30 30 28 25 22 1924 711B5 759 301757 3099999999999999 053 1413 4 2699999999999999
 16 15 15 17 20 23 26 27 28 28 27 26 25 24 23 23 24 25 26 26 26 25 22 2024 712B5 817 281854 2699999999999999 118 1514 6 2399999999999999
 18 17 17 18 20 22 25 27 28 28 27 25 24 22 21 21 21 22 23 23 24 24 23 2224 713B5 830 282023 2499999999999999 137 1715 9 2199999999999999
 21 20 19 20 22 23 25 27 28 28 27 26 24 22 20 19 19 19 20 21 22 23 23 2324 714B5 837 282240 2399999999999999 146 191615 1999999999999999
 23 23 23 23 24 26 27 28 29 29 29 27 25 23 21 19 18 18 18 19 20 22 23 2524 715B5 843 29999999999999999999999 131 231717 1899999999999999
 25 26 26 27 28 29 30 31 31 32 31 30 28 26 23 21 19 18 17 17 19 21 23 2524 716B5 854 329999999999999999999991812 17999999999999999999999
 27 29 30 30 31 32 32 33 34 34 34 33 32 30 27 24 21 19 18 17 18 19 22 2524 717B5 920 3499999999999999999999919 1 17999999999999999999999
 28 31 32 33 34 35 35 35 36 36 37 36 36 34 31 28 25 22 19 17 17 18 20 2424 718B510 8 379999999999999999999991949 17999999999999999999999
 27 31 34 35 36 37 37 37 37 38 38 39 39 38 36 33 29 25 21 18 17 16 18 2124 719B51120 399999999999999999999992038 16999999999999999999999
 25 29 33 36 38 38 38 38 38 38 39 40 40 40 39 37 34 29 25 20 17 15 15 1724 720B51234 419999999999999999999992127 15999999999999999999999
 21 26 31 35 37 38 38 38 37 37 38 39 40 41 42 40 38 34 29 23 19 15 14 1424 721B5 527 381342 4299999999999999 825 372216 1399999999999999
 17 21 26 31 35 37 37 37 36 35 35 36 38 40 42 42 41 38 33 27 21 16 13 1224 722B5 548 371444 4299999999999999 911 3523 2 1299999999999999
 13 16 21 27 31 34 36 35 34 33 32 33 34 36 39 41 41 39 36 31 25 19 14 1224 723B5 613 361543 4199999999999999 959 322346 1199999999999999
 11 13 17 22 27 31 33 33 32 30 29 29 29 31 34 36 38 39 37 34 28 23 17 1424 724B5 638 341642 39999999999999991054 29999999999999999999999
 12 12 14 19 23 28 31 32 31 29 26 25 25 25 27 30 33 35 36 34 31 26 21 1724 725B5 7 2 321744 3699999999999999 026 121154 2599999999999999
 15 14 15 17 21 25 29 30 30 28 26 23 21 21 22 24 27 30 32 32 31 29 25 2224 726B5 726 301854 3299999999999999 1 2 141255 2199999999999999
 19 17 17 19 22 25 28 30 30 29 26 23 21 19 18 19 21 24 26 28 29 29 27 2524 727B5 748 302015 2999999999999999 133 171358 1899999999999999
 23 22 22 22 24 26 29 30 31 31 29 26 22 19 17 16 17 19 21 24 26 27 28 2824 728B5 8 9 3122 7 2899999999999999 154 2215 4 1699999999999999
 27 27 26 27 28 29 31 32 33 33 32 29 26 23 19 17 16 16 18 20 22 25 27 2824 729B5 832 33999999999999999999999 149 261621 1699999999999999
 29 30 30 31 32 33 33 34 35 35 35 33 31 28 24 21 18 17 17 17 19 22 25 2824 730B5 9 0 359999999999999999999991745 17999999999999999999999
 30 32 33 34 35 36 36 37 37 37 37 37 35 33 30 26 23 20 18 17 18 20 23 2624 731B5 947 3799999999999999999999919 3 17999999999999999999999
 29 32 34 36 37 38 38 38 38 39 39 39 39 38 35 32 28 25 21 19 18 19 21 2424 8 1B511 5 3999999999999999999999920 7 18999999999999999999999
 28 31 34 36 38 38 39 39 39 39 39 40 41 41 39 37 34 30 25 22 19 19 19 2224 8 2B51227 4199999999999999999999921 1 19999999999999999999999
 25 29 33 36 38 38 38 38 38 38 38 39 41 42 42 41 38 34 30 25 21 19 19 2024 8 3B5 525 381335 4299999999999999 820 382146 1899999999999999
 23 27 31 34 36 37 37 37 36 36 36 37 39 41 42 42 40 37 33 28 23 20 18 1824 8 4B5 528 381431 4299999999999999 854 362226 1899999999999999
 20 24 28 31 34 36 36 35 34 34 34 34 36 38 40 41 41 39 35 30 25 20 18 1724 8 5B5 539 361519 4199999999999999 930 3323 0 1799999999999999
 18 21 24 28 31 34 34 33 32 31 30 31 32 34 37 38 39 38 36 32 26 22 18 1624 8 6B5 554 3416 2 399999999999999910 9 302330 1699999999999999
 16 18 21 25 29 31 32 32 30 29 28 27 28 30 32 34 36 36 35 32 28 23 19 1624 8 7B5 611 321643 36999999999999991051 272356 1699999999999999
 16 17 19 23 26 29 30 30 29 27 25 24 24 25 27 30 32 33 33 31 28 24 20 1824 8 8B5 627 311726 33999999999999991135 24999999999999999999999
 17 17 19 22 25 28 29 29 28 26 24 23 22 22 23 26 28 30 30 30 28 25 22 2024 8 9B5 640 291813 3199999999999999 019 161219 2299999999999999
 19 18 20 22 25 27 29 29 28 26 24 22 21 20 21 22 24 26 28 28 28 26 24 2324 810B5 650 2919 9 2899999999999999 037 1813 4 2099999999999999
 21 21 22 24 26 28 29 30 29 28 25 23 21 20 19 20 22 23 25 27 27 27 26 2524 811B5 656 302021 2799999999999999 047 211350 1999999999999999
 24 24 25 26 28 30 31 31 31 29 27 25 23 21 20 20 20 22 23 25 26 27 28 2824 812B5 7 0 31999999999999999999999 045 241442 2099999999999999
 28 28 28 29 30 32 33 33 33 32 30 28 25 23 22 21 20 21 22 23 25 27 29 3024 813B5 7 8 339999999999999999999991548 20999999999999999999999
 30 31 31 32 33 34 35 35 35 35 33 31 29 26 24 22 21 21 21 22 24 26 28 3024 814B5 722 359999999999999999999991713 21999999999999999999999
 32 33 34 35 36 36 37 37 37 37 36 35 33 30 28 25 23 22 21 21 22 24 26 2924 815B5 750 379999999999999999999991833 21999999999999999999999
 32 34 35 36 37 38 38 38 38 38 38 38 36 34 32 29 26 23 21 19 19 20 23 2624 816B5 9 9 389999999999999999999991939 19999999999999999999999
 30 33 35 37 38 38 38 38 38 39 39 39 39 38 36 33 29 26 22 19 17 17 19 2224 817B51114 409999999999999999999992035 17999999999999999999999
 26 30 33 36 37 37 37 37 37 37 38 39 40 41 39 37 34 29 24 20 16 15 15 1724 818B5 445 371243 4199999999999999 722 372125 1499999999999999
 21 26 30 33 35 36 35 34 34 34 35 37 39 41 41 40 37 33 28 22 17 14 12 1324 819B5 450 361354 4199999999999999 8 9 342210 1299999999999999
 16 21 26 30 33 34 33 31 30 30 30 32 34 38 40 41 40 37 32 26 20 15 12 1124 820B5 5 4 341459 4199999999999999 857 302251 1199999999999999
 13 17 22 26 30 32 31 29 27 25 25 26 28 32 36 39 40 39 35 30 24 18 14 1224 821B5 522 3216 1 4099999999999999 948 252329 1299999999999999
 12 15 19 24 28 30 30 29 26 23 21 21 22 25 29 33 36 38 37 33 28 23 18 1524 822B5 540 3017 3 38999999999999991042 21999999999999999999999
 14 15 18 22 26 29 30 29 26 22 19 17 17 19 22 27 31 34 35 34 31 27 23 2024 823B5 6 0 3018 7 3599999999999999 0 3 141137 1799999999999999
 18 18 20 23 27 29 31 31 28 24 20 17 15 15 17 20 24 28 31 32 32 30 27 2524 824B5 620 311915 3299999999999999 033 181233 1599999999999999
 23 23 24 26 28 31 32 32 31 28 23 19 16 14 14 16 19 23 26 29 30 30 30 2824 825B5 640 332035 3199999999999999 053 231332 1499999999999999
 28 27 28 29 31 33 34 34 34 32 28 24 20 17 16 15 17 19 22 25 27 29 30 3024 826B5 7 1 34999999999999999999999 053 271438 1599999999999999
 31 31 32 32 34 35 36 36 36 35 33 29 26 23 20 18 17 18 19 21 24 26 29 3024 827B5 724 3699999999999999999999916 2 17999999999999999999999
 32 33 34 35 36 36 37 37 37 37 36 34 32 28 25 23 21 19 19 20 21 24 26 2924 828B5 754 379999999999999999999991746 19999999999999999999999
 31 33 35 36 37 37 38 38 38 38 38 37 36 34 31 28 25 22 21 20 20 22 24 2724 829B5 921 389999999999999999999991912 20999999999999999999999
 30 33 35 36 37 37 37 37 37 37 38 38 38 37 35 33 29 26 23 21 20 20 22 2424 830B51124 389999999999999999999992014 20999999999999999999999
 28 31 33 35 36 36 36 35 35 36 36 38 39 39 38 36 33 29 25 22 19 19 20 2224 831B5 442 361248 3999999999999999 8 0 3521 0 1999999999999999
 25 28 31 33 35 35 34 33 33 33 34 35 37 38 39 38 35 32 27 23 20 18 18 1924 9 1B5 432 351348 3999999999999999 822 332136 1799999999999999
 22 26 29 31 33 33 32 31 30 30 30 32 34 36 38 38 36 33 29 24 20 17 16 1724 9 2B5 435 331437 3899999999999999 850 3022 7 1699999999999999
 19 23 26 29 31 31 30 28 27 26 26 28 30 33 35 36 36 34 30 25 21 17 15 1524 9 3B5 444 311521 3699999999999999 922 262234 1599999999999999
 17 20 24 27 29 29 28 27 24 23 23 23 25 28 31 34 34 34 31 27 22 18 16 1524 9 4B5 454 2916 3 3499999999999999 956 232257 1599999999999999
 16 19 22 25 27 28 28 26 23 21 20 20 21 24 27 30 32 32 31 28 24 20 17 1624 9 5B5 5 5 281646 32999999999999991032 192318 1699999999999999
 17 19 22 25 27 28 27 26 23 20 18 17 18 20 23 26 29 30 30 29 26 22 20 1824 9 6B5 515 281731 319999999999999911 8 172336 1899999999999999
 18 20 22 25 27 28 28 26 24 20 18 16 16 17 20 23 26 28 29 29 27 25 23 2124 9 7B5 523 281818 29999999999999991144 162348 2199999999999999
 21 22 24 26 28 29 29 28 25 22 19 17 16 16 18 21 24 26 28 29 28 27 25 2424 9 8B5 529 3019 9 29999999999999991221 162353 2499999999999999
 24 24 26 28 30 31 31 30 28 25 22 19 17 17 17 19 22 24 26 28 29 29 28 2724 9 9B5 536 312012 299999999999999913 0 172346 2799999999999999
 27 27 28 30 32 33 33 32 30 28 25 22 20 18 18 19 20 23 25 27 28 29 29 2924 910B5 545 339999999999999999999991347 18999999999999999999999
 30 30 31 32 33 34 35 34 33 31 28 25 23 21 20 19 20 21 23 25 27 28 30 3124 911B5 555 359999999999999999999991453 19999999999999999999999
 31 32 33 34 35 35 36 36 35 33 31 29 26 24 22 20 20 20 20 22 24 26 28 3024 912B5 6 6 369999999999999999999991636 20999999999999999999999
 32 33 34 35 35 36 36 36 36 35 34 32 30 27 25 22 20 19 18 18 20 22 25 2824 913B5 622 369999999999999999999991815 18999999999999999999999
 30 32 34 35 35 35 35 36 36 35 35 34 33 31 28 25 22 19 17 16 16 17 20 2424 914B5 8 7 369999999999999999999991925 16999999999999999999999
 27 30 32 33 34 34 33 33 34 34 35 35 35 34 32 28 25 21 17 14 13 13 15 1924 915B51117 359999999999999999999992019 13999999999999999999999
 23 27 30 31 32 31 30 30 30 31 32 34 35 36 35 32 28 24 19 15 12 11 11 1424 916B5 351 321250 3699999999999999 720 3021 6 1199999999999999
 18 23 26 29 29 29 27 26 25 26 27 30 33 35 36 35 32 28 23 17 13 10 10 1224 917B5 355 2914 3 3699999999999999 8 4 252147 1099999999999999
 15 20 24 27 28 27 25 22 20 20 21 23 27 31 34 36 35 32 27 22 17 13 11 1124 918B5 4 5 281511 3699999999999999 851 202225 1199999999999999
 14 18 22 25 27 27 24 21 17 15 15 16 20 25 30 33 35 34 31 27 21 17 15 1424 919B5 419 271615 3599999999999999 941 152258 1499999999999999
 15 18 22 25 28 28 26 22 17 13 11 11 13 18 23 28 32 34 33 30 26 22 19 1824 920B5 436 281718 34999999999999991032 112327 1899999999999999
 18 20 23 27 29 30 29 25 20 15 11  9  9 12 16 22 27 30 32 32 30 27 24 2324 921B5 456 301821 32999999999999991123  92349 2299999999999999
 22 23 26 28 31 32 32 29 25 19 14 11  9 10 12 16 21 26 29 31 31 29 28 2724 922B5 517 321928 31999999999999991217  92355 2799999999999999
 27 27 29 31 33 34 34 33 30 25 20 15 12 11 11 14 17 21 25 28 29 30 30 3024 923B5 540 349999999999999999999991315 11999999999999999999999
 30 30 31 33 34 35 36 35 33 30 26 22 18 15 14 14 16 18 21 24 26 28 29 3024 924B5 6 4 369999999999999999999991422 14999999999999999999999
 31 32 33 34 35 36 36 36 35 34 31 27 24 21 18 17 16 17 18 21 23 25 28 2924 925B5 627 369999999999999999999991554 16999999999999999999999
 31 32 34 34 35 35 35 35 35 35 33 31 29 26 23 21 19 18 18 18 20 22 25 2724 926B5 643 359999999999999999999991741 18999999999999999999999
 30 31 33 34 34 34 34 34 34 34 34 33 32 30 27 25 22 19 18 17 18 20 22 2524 927B5 652 349999999999999999999991859 17999999999999999999999
 27 30 31 32 32 32 32 31 31 32 32 33 33 32 30 27 24 21 18 17 16 17 19 2224 928B5 352 321130 3399999999999999 737 311953 1699999999999999
 25 27 29 30 30 30 29 28 28 28 29 31 32 32 31 29 26 23 19 17 15 15 16 1924 929B5 334 301248 3299999999999999 757 282032 1599999999999999
 22 25 27 28 28 27 26 25 24 24 26 27 29 31 31 30 27 24 20 17 15 14 14 1724 930B5 330 281345 3199999999999999 819 2421 3 1499999999999999
 20 23 25 26 26 25 23 22 21 20 21 23 26 28 30 30 28 25 21 18 15 13 14 152410 1B5 332 261434 3099999999999999 844 202129 1399999999999999
 18 21 23 25 25 24 22 19 17 17 17 19 22 25 27 29 29 27 23 19 16 14 14 152410 2B5 338 251521 2999999999999999 912 172152 1499999999999999
 17 20 23 24 25 24 21 18 15 14 14 15 18 21 25 27 28 27 25 22 18 16 15 162410 3B5 344 2516 6 2899999999999999 943 132213 1599999999999999
 18 20 23 25 25 24 22 18 15 13 11 12 14 18 22 25 27 28 27 24 21 19 17 172410 4B5 351 251650 28999999999999991014 112230 1799999999999999
 19 21 24 26 27 26 23 20 16 13 11 11 12 15 19 23 26 28 28 26 24 22 20 202410 5B5 359 271734 28999999999999991045 102245 2099999999999999
 21 23 25 27 28 28 26 23 18 15 12 11 11 13 17 21 24 27 28 28 26 24 23 232410 6B5 4 9 281819 28999999999999991118 112256 2399999999999999
 23 25 27 29 30 30 28 26 22 17 14 12 12 13 15 19 22 25 28 29 28 27 26 252410 7B5 422 3019 8 29999999999999991152 1223 2 2599999999999999
 26 27 29 30 32 32 31 28 25 21 17 15 13 13 15 17 20 23 26 28 29 28 28 282410 8B5 437 322010 29999999999999991232 132255 2899999999999999
 28 29 30 31 33 33 32 31 28 24 20 17 15 14 15 16 18 21 23 26 27 28 29 292410 9B5 451 339999999999999999999991321 14999999999999999999999
 29 30 31 32 33 33 33 32 30 27 23 20 18 16 15 15 16 17 20 22 24 26 28 29241010B5 5 4 339999999999999999999991431 15999999999999999999999
 30 31 31 32 33 33 33 32 31 29 26 23 20 18 16 15 14 14 16 18 20 23 25 27241011B5 514 3399999999999999999999916 8 14999999999999999999999
 29 30 31 31 32 32 32 31 31 30 28 26 23 21 18 15 14 12 12 13 15 18 21 24241012B5 517 329999999999999999999991741 12999999999999999999999
 26 28 29 29 29 29 29 29 29 29 29 28 26 24 21 18 14 12 10 10 11 13 16 20241013B5 6 1 299999999999999999999991851 10999999999999999999999
 23 25 26 27 26 26 25 25 25 26 27 28 28 27 24 21 17 14 11  9  8 10 12 16241014B5 243 271123 2899999999999999 646 251945  899999999999999
 20 23 24 24 23 22 21 20 20 21 23 26 27 28 27 25 21 17 13 10  9  9 10 14241015B5 238 2413 0 2899999999999999 718 202032  899999999999999
 17 21 23 23 22 19 17 15 14 15 17 21 24 27 29 28 26 22 18 14 11 10 11 13241016B5 243 231417 2999999999999999 759 142112 1099999999999999
 17 20 23 23 22 19 15 12 10  9 11 14 19 24 27 29 29 27 23 19 16 14 13 15241017B5 254 231527 3099999999999999 845  92147 1399999999999999
 18 21 24 25 24 22 17 12  8  6  6  8 12 18 23 28 30 30 28 24 21 19 18 18241018B5 310 251631 3099999999999999 932  52218 1899999999999999
 20 23 26 28 28 26 21 15 10  6  3  4  7 12 18 23 28 30 30 28 26 24 22 22241019B5 331 281733 30999999999999991021  32241 2299999999999999
 23 25 28 30 31 30 26 21 15  9  5  3  4  8 13 18 23 28 30 30 29 27 26 26241020B5 357 311836 30999999999999991112  32254 2699999999999999
 26 28 30 32 33 33 31 27 21 15 10  7  5  6  9 14 19 23 27 29 29 29 28 28241021B5 425 331947 299999999999999912 5  52244 2899999999999999
 29 30 31 33 34 35 34 31 27 22 17 12  9  8  9 12 15 19 23 26 28 28 29 29241022B5 456 3599999999999999999999913 2  8999999999999999999999
 30 31 32 33 34 35 35 33 31 27 23 18 15 12 11 12 13 16 19 22 25 26 28 29241023B5 526 3599999999999999999999914 8 11999999999999999999999
 29 30 31 32 33 33 33 33 32 29 26 23 19 16 14 13 13 14 16 19 21 23 25 27241024B5 553 339999999999999999999991529 13999999999999999999999
 28 29 30 30 31 31 31 31 30 29 28 26 23 20 17 15 14 14 14 16 18 20 22 24241025B5 515 319999999999999999999991655 14999999999999999999999
 26 27 28 28 28 28 27 27 27 27 27 26 24 22 20 17 15 14 13 13 15 17 19 22241026B5 258 2899999999999999999999918 6 13999999999999999999999
 24 25 26 26 25 24 24 23 23 24 24 24 24 23 21 19 16 14 13 12 13 14 16 19241027B5 226 261110 2499999999999999 729 231858 1299999999999999
 21 23 24 23 22 21 20 19 19 19 20 22 23 23 22 20 18 15 13 12 12 13 14 17241028B5 216 241238 2399999999999999 747 191938 1299999999999999
 19 21 22 22 20 19 17 15 15 15 16 18 20 22 22 21 19 17 14 13 12 12 14 16241029B5 214 221343 2299999999999999 8 8 152010 1299999999999999
 18 20 21 21 19 17 14 12 11 11 12 15 18 20 22 22 21 19 16 14 13 13 14 16241030B5 215 211440 2299999999999999 831 112037 1399999999999999
 18 20 21 21 19 17 14 11  9  8  9 11 15 18 21 22 23 21 19 17 15 15 15 17241031B5 218 211531 2399999999999999 856  821 1 1599999999999999
 19 21 22 22 21 18 14 11  8  6  7  9 12 16 20 23 24 23 22 20 18 17 18 192411 1B5 224 221617 2499999999999999 924  62122 1799999999999999
 21 23 24 24 23 20 16 12  9  6  6  7 10 14 18 22 24 25 25 23 21 20 20 212411 2B5 234 2417 0 2599999999999999 954  62141 2099999999999999
 23 25 26 27 26 23 20 15 11  8  6  6  8 12 17 21 24 26 27 26 24 23 22 232411 3B5 250 271741 27999999999999991025  62159 2299999999999999
 24 26 28 29 29 27 23 19 14 10  8  7  8 11 15 19 23 26 27 27 26 25 24 252411 4B5 311 291823 28999999999999991059  72216 2499999999999999
 26 27 29 30 30 29 26 22 18 13 10  8  8  9 13 17 21 24 27 28 27 27 26 262411 5B5 335 311911 28999999999999991137  82230 2699999999999999
 27 28 29 31 31 31 29 25 21 16 13 10  9  9 11 14 17 21 24 26 27 27 27 272411 6B5 359 319999999999999999999991220  8999999999999999999999
 27 28 29 30 31 31 30 27 23 19 15 12 10  9  9 11 14 17 20 23 25 26 26 272411 7B5 421 319999999999999999999991312  9999999999999999999999
 27 28 28 29 30 30 29 28 25 21 18 14 11  9  8  8 10 12 15 18 21 23 24 252411 8B5 443 309999999999999999999991415  8999999999999999999999
 26 26 27 27 28 28 28 27 25 23 20 16 13 10  8  7  7  9 11 13 16 19 21 232411 9B5 5 4 289999999999999999999991529  7999999999999999999999
 24 24 24 24 24 24 24 24 24 23 21 19 16 13 10  8  7  7  7  9 12 15 18 20241110B5 537 249999999999999999999991645  7999999999999999999999
 21 22 22 21 21 20 20 20 21 21 21 20 18 16 13 11  9  7  7  7  9 12 15 18241111B5 1 7 22 914 2199999999999999 549 201755  799999999999999
 19 20 20 18 17 16 15 15 16 17 19 20 20 19 17 15 12 10  8  8  9 11 13 16241112B5 1 3 201145 2099999999999999 625 151855  899999999999999
 18 19 19 17 15 12 10 10 10 12 15 17 20 21 21 20 17 15 12 11 11 12 14 16241113B5 1 9 191324 2199999999999999 7 6 101947 1199999999999999
 19 20 20 18 15 11  8  5  5  6  9 13 17 21 23 23 22 20 18 16 14 14 16 18241114B5 121 201445 2399999999999999 750  52030 1499999999999999
 21 22 23 21 18 13  8  4  2  2  4  8 13 18 22 25 26 25 23 21 19 18 19 21241115B5 139 231555 2699999999999999 836  121 6 1899999999999999
 23 25 26 25 22 18 12  6  2  0  0  3  8 14 19 24 27 28 27 25 23 22 22 23241116B5 2 5 261657 2899999999999999 924  02135 2299999999999999
 25 27 29 29 27 24 18 12  6  2  0  1  4  9 15 21 25 28 29 28 27 26 25 26241117B5 237 291756 29999999999999991013  02156 2599999999999999
 27 29 31 32 31 29 25 18 12  6  3  1  2  6 11 16 22 26 28 29 28 27 27 27241118B5 313 321854 299999999999999911 4  122 9 2799999999999999
 28 30 31 33 33 32 29 25 19 13  8  4  3  5  8 13 18 22 25 27 28 28 27 27241119B5 353 339999999999999999999991156  3999999999999999999999
 28 29 31 32 33 33 32 28 24 18 13  9  6  6  7 10 14 18 22 24 26 26 26 27241120B5 433 339999999999999999999991249  6999999999999999999999
 27 28 29 30 31 31 31 29 26 22 17 13 10  8  7  9 11 14 18 21 23 24 25 25241121B5 510 319999999999999999999991344  7999999999999999999999
 25 26 26 27 27 28 28 27 26 23 20 16 13 10  9  8  9 11 14 17 19 21 22 23241122B5 542 289999999999999999999991440  8999999999999999999999
 23 24 24 24 24 24 24 24 23 22 20 17 15 12 10  9  9 10 11 14 16 18 19 21241123B5 6 7 249999999999999999999991535  9999999999999999999999
 21 21 21 21 20 20 19 19 19 19 18 17 15 13 11 10  9  9 10 11 13 15 17 18241124B5 041 219999999999999999999991628  9999999999999999999999
 19 19 19 18 17 16 15 15 15 15 16 16 15 14 13 11 10 10 10 11 12 14 15 17241125B5 034 191045 1699999999999999 7 4 151719 1099999999999999
 18 18 17 16 14 12 11 11 11 11 13 14 15 15 14 13 12 11 11 11 12 13 15 16241126B5 034 181242 1599999999999999 722 1018 8 1199999999999999
 17 17 16 15 13 10  8  7  7  8 10 12 14 15 16 15 15 14 13 13 13 14 16 17241127B5 035 1714 7 1699999999999999 743  71853 1399999999999999
 18 18 17 15 13 10  7  5  4  5  7 10 13 15 17 18 18 17 16 16 16 16 17 19241128B5 038 181514 1899999999999999 8 7  41932 1599999999999999
 20 20 19 17 14 11  7  5  3  3  5  8 11 15 18 20 20 20 19 19 18 18 19 21241129B5 045 2016 5 2099999999999999 834  320 5 1899999999999999
 22 22 22 20 17 13  9  6  3  2  3  6 10 14 18 21 23 23 22 21 21 21 21 23241130B5 1 0 221644 2399999999999999 9 3  22035 2199999999999999
 24 25 25 24 21 17 13  8  5  3  3  5  8 13 17 21 24 25 25 24 23 23 23 242412 1B5 126 251718 2599999999999999 936  321 3 2399999999999999
 26 27 27 27 25 21 17 12  8  5  3  4  7 11 16 20 24 26 26 26 25 24 24 252412 2B5 158 271751 26999999999999991011  32132 2499999999999999
 26 28 29 29 28 25 21 16 11  7  4  4  5  8 13 18 22 25 27 27 26 25 25 252412 3B5 234 291829 27999999999999991050  322 1 2599999999999999
 26 27 29 30 29 27 24 19 14  9  6  4  4  6  9 14 19 22 25 26 26 25 24 242412 4B5 311 301913 26999999999999991131  32231 2499999999999999
 25 26 27 29 29 28 25 22 17 12  7  4  3  3  6  9 14 18 22 24 25 24 24 232412 5B5 347 2920 5 25999999999999991216  323 6 2399999999999999
 24 24 25 26 27 27 26 23 19 14  9  5  3  2  3  5  9 13 17 20 22 22 22 222412 6B5 423 2721 5 229999999999999913 3  2999999999999999999999
 22 22 22 23 24 24 24 22 20 16 11  7  4  2  2  3  5  9 12 16 18 20 20 202412 7B5 5 4 242159 2099999999999999 0 0 221351  299999999999999
 19 19 19 19 20 21 21 20 19 17 13 10  7  4  3  2  3  6  9 12 15 17 18 182412 8B5 558 212234 1899999999999999 140 191442  299999999999999
 17 16 16 15 15 16 16 17 17 16 15 12 10  7  5  4  4  5  7 10 12 15 16 172412 9B5 731 172257 1799999999999999 327 151533  499999999999999
 16 15 13 12 11 11 11 12 13 14 14 14 13 11 10  8  7  7  8 10 12 14 16 16241210B510 5 142315 1799999999999999 451 111629  799999999999999
 16 15 12 10  8  6  6  7  8 10 12 14 15 15 14 13 12 11 11 12 13 15 17 18241211B51229 152334 1899999999999999 554  61733 1199999999999999
 18 16 14 11  7  4  3  2  3  5  9 12 15 17 18 18 17 16 16 16 16 17 19 20241212B51422 182359 2199999999999999 648  21844 1699999999999999
 21 20 18 14 10  5  2  0  0  1  4  9 13 17 20 21 22 21 20 20 20 20 21 23241213B51549 22999999999999999999999 740  01945 2099999999999999
 24 24 22 19 15  9  5  1 -1 -1  1  5 10 15 19 23 24 25 24 24 23 23 24 25241214B5 033 241650 2599999999999999 831 -22029 2399999999999999
 26 27 27 25 21 16 10  4  0 -2 -1  2  6 12 17 22 25 26 27 26 25 25 25 26241215B5 115 271737 2799999999999999 921 -221 3 2599999999999999
 28 29 30 29 27 22 17 10  5  1 -1  0  3  8 14 19 23 26 27 27 26 26 26 26241216B5 2 4 301816 27999999999999991011 -12133 2699999999999999
 27 29 31 31 30 27 23 17 10  5  2  0  2  5 10 15 20 24 26 27 26 25 25 25241217B5 255 311854 279999999999999911 0  022 4 2599999999999999
 26 28 29 31 31 30 27 22 16 10  5  2  2  3  7 11 16 20 23 25 25 24 24 24241218B5 344 311930 25999999999999991147  12241 2399999999999999
 24 25 26 28 29 29 27 24 19 13  8  5  3  2  4  8 12 17 20 22 23 22 22 21241219B5 428 2920 7 23999999999999991231  22331 2199999999999999
 21 22 23 24 25 26 25 24 20 16 11  7  4  3  3  6  9 13 16 19 20 20 20 19241220B5 5 7 262044 20999999999999991310  3999999999999999999999
 19 19 19 20 21 21 22 21 19 16 12  8  5  4  3  4  7 10 13 15 17 18 18 17241221B5 543 222118 1899999999999999 049 191343  399999999999999
 16 16 15 15 16 16 17 17 16 14 12  9  7  5  4  5  6  8 11 13 15 16 16 15241222B5 623 172144 1699999999999999 227 151412  499999999999999
 15 14 13 12 12 12 12 12 12 12 11 10  8  7  6  6  7  8 10 12 13 14 15 15241223B5 737 1222 1 1599999999999999 414 121432  699999999999999
 14 12 11 10  9  8  8  8  9  9 10 10  9  9  8  8  9 10 11 12 14 14 15 15241224B51033 1022 9 1599999999999999 544  81438  899999999999999
 14 12 10  8  7  5  5  5  5  7  8  9 10 11 11 11 11 12 13 14 15 16 16 16241225B52212 16999999999999999999999 630  5999999999999999999999
 15 13 11  9  6  5  3  3  3  4  6  9 11 12 14 14 15 15 16 16 17 18 18 18241226B52223 18999999999999999999999 7 4  3999999999999999999999
 17 16 13 11  8  5  3  2  2  3  5  8 11 14 16 17 18 18 19 19 19 20 20 20241227B52253 21999999999999999999999 736  1999999999999999999999
 20 19 17 14 11  7  4  2  1  2  4  7 11 14 17 19 21 21 21 21 21 22 22 23241228B52340 23999999999999999999999 811  1999999999999999999999
 23 22 21 18 14 11  7  4  2  1  2  5  9 14 18 21 22 23 23 23 23 23 24 24241229B59999999999999999999999999999 847  1999999999999999999999
 25 25 24 22 19 15 10  6  3  1  1  3  7 12 17 20 23 24 24 24 23 23 24 25241230B5 034 251736 2599999999999999 926  12048 2399999999999999
 26 27 27 25 23 19 14  9  5  2  0  1  4  9 14 18 22 24 25 24 23 23 23 23241231B5 131 271754 259999999999999910 7  02125 2399999999999999
