 25 21 27 42 64 86105117121118109 99 91 89 92100110119124122112 96 76 5624 1 1CS 758121181312499999999999999 055 211258 8999999999999999
 41 33 33 43 60 79 99113120119112102 93 86 85 89 96104111114110101 87 7224 1 2CS 823120185811499999999999999 126 321347 8599999999999999
 57 47 44 48 60 76 93108118121116108 97 88 82 80 83 89 95101102100 93 8324 1 3CS 850121195510299999999999999 156 441449 8099999999999999
 72 63 58 58 64 76 90104115121120113103 92 82 76 73 75 79 84 89 92 92 8924 1 4CS 9191212128 9399999999999999 228 5716 9 7399999999999999
 84 78 73 71 73 79 90101112120122118110 99 87 76 68 63 63 67 73 79 85 8924 1 5CS 951122999999999999999999999 3 5 711732 6399999999999999
 91 90 88 86 85 87 92100109118122122117107 94 80 67 56 50 49 54 62 72 8324 1 6CS 013 91102912399999999999999 356 851838 4999999999999999
 92 98101100 99 97 97101107115121125123117105 89 71 55 42 35 35 41 53 6824 1 7CS 225101111612599999999999999 520 971931 3499999999999999
 84 98107112112109106105107112119125128126118103 83 61 41 26 19 21 31 4824 1 8CS 328112121012899999999999999 6541052018 1999999999999999
 68 89106118122120115110108109115122130133130119100 75 50 27 11  5 10 2424 1 9CS 41112213 613399999999999999 8 910821 3  599999999999999
 46 72 96115126129125118111108110117127136140135120 96 67 38 13 -2 -6  324 110CS 450129135914099999999999999 9 51082148 -699999999999999
 22 49 78104122131131124115108106110120132142145138119 91 59 27  2-11-1224 111CS 528132145014699999999999999 9511062232-1399999999999999
  1 25 55 85111127133129120109103102110123137147149138116 85 51 19 -4-1424 112CS 6 313315391509999999999999910321022314-1599999999999999
-11  6 33 65 94117129130123111101 95 98108124139149148135110 78 44 15 -424 113CS 6371311627150999999999999991112 952355-1099999999999999
-10 -2 18 47 77104122128125114101 90 87 92105122137145143128102 72 41 1724 114CS 7 71291716146999999999999991154 87999999999999999999999
  3  2 14 36 64 91113124125117103 89 80 79 86100117130137132117 94 67 4224 115CS 73412618 713799999999999999 033  11239 7899999999999999
 24 17 21 36 58 83105120125120108 92 78 70 70 78 92107119124119106 87 6624 116CS 75812519 212499999999999999 1 8 171329 6999999999999999
 48 38 36 44 60 80101117125123114 99 82 69 62 62 69 81 94104108105 96 8324 117CS 82112520 510899999999999999 139 351427 6199999999999999
 70 59 55 58 68 83100115124126120108 92 75 62 54 54 59 68 79 88 94 94 9024 118CS 8441272133 9499999999999999 2 6 551537 5399999999999999
 84 78 74 74 79 89101114124128126117103 87 71 57 48 45 48 55 65 74 82 8724 119CS 910128999999999999999999999 227 731659 4599999999999999
 89 89 89 89 91 97104113122127128124115101 85 68 52 41 35 36 42 52 64 7524 120CS 9431289999999999999999999991823 35999999999999999999999
 85 93 98100102104108113118124127127123115101 84 65 47 33 26 25 32 44 5924 121CS10351289999999999999999999991933 25999999999999999999999
 75 89100107111111111112114118122126127125117103 83 62 41 25 16 17 25 4024 122CS11571279999999999999999999992030 15999999999999999999999
 59 79 97109116117115112110111114119125129127119103 81 56 33 16  9 11 2324 123CS 446117131712999999999999999 8171102116  899999999999999
 42 65 88106117121118113107104105110119127132131120101 75 48 24  9  3 1024 124CS 5 3121141813399999999999999 9161042156  399999999999999
 26 50 76 98114122121114106 99 97100109121131136132118 95 67 38 16  3  324 125CS 52312215 613699999999999999 955 972232  199999999999999
 14 36 62 88108120122116106 96 90 90 98110124135138130112 86 56 29 10  224 126CS 5441221548138999999999999991028 8923 5  299999999999999
  7 24 49 77100116122118108 96 86 82 86 98113128137136124102 74 45 22  824 127CS 6 41221627138999999999999991059 822335  699999999999999
  7 18 40 66 92111121120111 97 85 77 77 85100116129135130114 90 62 37 1924 128CS 62412217 3135999999999999991130 76999999999999999999999
 12 18 35 59 84106119121114101 86 74 70 74 85101117127129120102 78 53 3324 129CS 643121173912999999999999999 0 3 1212 3 7099999999999999
 22 23 34 55 79101116122117105 89 75 66 65 72 86101114121119108 89 68 4924 130CS 7 2122181712299999999999999 028 211237 6599999999999999
 36 32 39 54 75 97113122120110 95 79 66 60 62 72 85 98109112108 96 80 6424 131CS 720122185711299999999999999 052 321314 6099999999999999
 51 45 47 58 75 94110121122115101 84 70 60 56 60 70 81 93100102 97 88 7624 2 1CS 739123194610299999999999999 115 451356 5699999999999999
 66 59 59 65 77 92107119123118107 92 76 63 55 53 57 65 75 84 90 92 90 8424 2 2CS 7591232053 9299999999999999 135 581448 5399999999999999
 78 73 72 75 82 93105116122121113100 85 70 58 51 49 51 58 66 74 81 85 8624 2 3CS 8221222322 8799999999999999 153 721556 4999999999999999
 86 85 85 86 90 97105113119121117108 96 81 67 55 46 42 42 47 54 63 73 8124 2 4CS 851121999999999999999999999 149 851725 4199999999999999
 88 93 96 98100102106111116119119115107 96 81 66 51 39 32 30 34 42 54 6824 2 5CS 9341209999999999999999999991851 30999999999999999999999
 82 94103108110110109110112115118119117111 99 83 65 46 30 19 16 20 31 4824 2 6CS10561199999999999999999999991958 16999999999999999999999
 67 87103114118118114111109109113118122123118105 86 63 39 19  6  2  8 2424 2 7CS 422119123812399999999999999 8121082053  299999999999999
 46 71 94112122124120112106103105111120128131126111 87 59 31  8 -6 -8  224 2 8CS 444124135413199999999999999 9 71032140 -999999999999999
 23 50 79104120127124115104 96 94 99110124136140133114 86 54 23 -1-13-1124 2 9CS 5 9127145414099999999999999 947 942223-1499999999999999
  4 30 60 90113126126118104 91 83 84 94110128142145136113 82 48 17 -4-1224 210CS 5331271547146999999999999991025 8223 2-1299999999999999
 -5 15 44 75103121127120106 89 75 69 74 89110130144145133109 77 44 16  024 211CS 55612716381469999999999999911 2 692338 -399999999999999
 -2 10 34 64 93115126123110 91 72 59 57 66 85108128140139125100 71 42 2124 212CS 6181261727142999999999999991141 56999999999999999999999
 12 16 33 58 86110124126115 96 74 56 46 47 60 80103122131128114 92 67 4524 213CS 637126181713299999999999999 010 121222 4599999999999999
 32 31 41 60 84107123128121104 82 60 43 37 41 55 75 95111118114101 84 6724 214CS 65512819 811899999999999999 038 3013 6 3699999999999999
 54 49 54 67 86106122129126113 93 70 50 36 32 38 51 68 85 98102100 91 8024 215CS 71313020 610299999999999999 1 0 491355 3299999999999999
 71 66 68 77 91107121129130121105 84 63 46 35 32 36 47 61 74 84 88 88 8524 216CS 7321312129 8999999999999999 115 661452 3299999999999999
 81 79 80 86 96107119127129125114 98 80 62 47 37 33 35 42 52 62 71 78 8224 217CS 752129999999999999999999999 112 7916 7 3399999999999999
 85 87 90 94100108116122125124118108 95 80 65 51 40 33 32 36 43 53 63 7324 218CS 8161269999999999999999999991744 32999999999999999999999
 82 89 96101105108112116118119117113107 97 84 70 55 41 32 27 29 35 46 6024 219CS 8521199999999999999999999991915 27999999999999999999999
 74 87 98105108109109109109110111112112109102 90 74 56 39 27 21 22 31 4524 220CS11251139999999999999999999992019 21999999999999999999999
 62 80 96106111111108104101100102106111115115108 94 74 53 34 20 15 18 3124 221CS 429112132511699999999999999 84910021 5 1499999999999999
 49 71 91106113114109101 94 90 90 96105115121121111 94 70 46 26 13 11 1924 222CS 434115142712299999999999999 922 892142 1099999999999999
 37 60 83102114116111101 90 82 79 84 95109121127124111 89 62 37 18  9 1224 223CS 447116151312899999999999999 950 792214  999999999999999
 27 49 74 97112118114103 88 76 70 72 82 97114127131124105 80 52 28 13 1124 224CS 5 31181552131999999999999991017 702243 1099999999999999
 20 40 66 91110119117106 90 74 63 61 68 83102120131130118 96 69 43 23 1524 225CS 5181191629132999999999999991045 602310 1599999999999999
 19 35 59 85106119119110 93 74 59 52 55 68 87107123130125108 84 59 37 2424 226CS 53412117 4130999999999999991113 522334 2299999999999999
 23 34 55 80103118122114 98 77 59 47 45 54 71 91111123125115 97 74 52 3724 227CS 5491221740126999999999999991141 442357 3199999999999999
 31 38 54 77 99116123119103 83 62 46 39 42 55 74 95111119117104 86 67 5124 228CS 6 51231816119999999999999991210 38999999999999999999999
 43 45 57 75 97114124122110 90 68 49 37 35 43 58 77 95108112107 94 79 6524 229CS 621124185511299999999999999 019 421241 3499999999999999
 56 54 62 76 95112123124115 97 76 55 40 32 35 45 61 78 92101103 97 87 7724 3 1CS 638125194110399999999999999 039 541315 3299999999999999
 69 66 70 80 94109120124119105 85 65 47 35 32 36 46 60 74 86 92 94 90 8524 3 2CS 6561242043 9499999999999999 056 661356 3299999999999999
 80 78 79 86 96107117122120111 95 77 59 44 35 33 36 45 56 67 76 83 87 8824 3 3CS 715122999999999999999999999 1 7 771453 3399999999999999
 88 88 89 93 99107114119119114104 90 74 59 46 37 33 34 39 47 56 66 75 8324 3 4CS 7381209999999999999999999991620 33999999999999999999999
 90 95 98101104108111114116115110102 91 77 63 50 38 30 27 29 35 45 57 7124 3 5CS 8 81169999999999999999999991811 27999999999999999999999
 85 96104109110110109109109110110109105 97 86 71 54 38 25 17 17 23 36 5324 3 6CS 411110 94911099999999999999 6541091936 1699999999999999
 72 91105113116113108103100101104109113113108 96 78 56 34 17  7  6 15 3224 3 7CS 355116123711499999999999999 8241002035  599999999999999
 55 79100114120117109 99 91 88 91 99110120124119105 82 55 30 10  0  2 1524 3 8CS 4 812014 012499999999999999 9 0 882122 -199999999999999
 37 64 91111121120111 96 82 74 73 82 97114128134128110 83 53 26  6 -1  624 3 9CS 42512215 113499999999999999 934 7222 2 -199999999999999
 24 51 80105120123114 97 78 62 55 59 74 96118135140131110 81 51 25  9  724 310CS 44412315541409999999999999910 8 552238  699999999999999
 19 42 70 98118125119102 79 56 42 38 48 69 95120137140129106 78 50 29 1924 311CS 5 21251644140999999999999991045 382311 1999999999999999
 24 40 66 93115127124109 85 58 36 24 26 41 66 94119133134121 99 74 52 3824 312CS 5201271733135999999999999991122 232339 3599999999999999
 36 46 66 91113128129118 95 67 40 21 13 20 39 65 92114125123111 92 73 5824 313CS 53813018221259999999999999912 1 13999999999999999999999
 52 57 71 91112128133126107 80 52 27 12 10 20 40 64 88105113110100 86 7424 314CS 556133191311399999999999999 0 3 521242  999999999999999
 67 69 78 94111126134131117 95 68 42 22 12 13 24 42 63 81 94 99 98 91 8424 315CS 614134201110099999999999999 021 671325 1199999999999999
 79 79 85 96110123131132123106 84 61 40 25 18 20 29 44 60 74 83 88 88 8724 316CS 6341332140 8999999999999999 031 781416 1799999999999999
 86 86 90 98108118125128124113 97 79 60 44 32 27 27 34 44 55 66 74 80 8424 317CS 654128999999999999999999999 017 861522 2699999999999999
 88 91 94100106112117120119113104 92 78 65 52 41 35 33 35 41 50 59 69 7824 318CS 7131209999999999999999999991658 33999999999999999999999
 86 92 98101104107109110109108104 99 92 83 73 61 49 39 34 33 37 45 56 6924 319CS 7211109999999999999999999991840 33999999999999999999999
 81 92100104105104102 99 98 98 99100100 97 91 81 67 52 39 31 29 34 44 5824 320CS 352105113610099999999999999 839 981949 2999999999999999
 74 89101107107103 97 91 87 86 89 94101105105 99 86 69 51 36 27 26 33 4824 321CS 336108133010699999999999999 844 862036 2599999999999999
 66 84100109110105 96 85 77 74 76 84 95106113112103 86 66 46 30 23 26 3924 322CS 343111142711499999999999999 9 6 742112 2399999999999999
 57 78 97110114109 97 83 70 63 62 70 84100113120117103 83 60 39 27 24 3324 323CS 355114151112099999999999999 931 612143 2499999999999999
 50 72 93110116113101 84 67 54 50 55 69 88107121124117 99 76 53 35 27 3124 324CS 4 9116154912499999999999999 956 502211 2799999999999999
 45 66 89108118117105 87 66 49 40 41 53 73 95114125124112 92 68 48 35 3424 325CS 4241191626126999999999999991022 392238 3399999999999999
 44 63 86106119121111 92 69 48 33 29 38 56 79102119126120105 84 62 47 4124 326CS 43812217 2126999999999999991049 2923 2 4199999999999999
 46 61 83104119124117 99 74 50 31 22 25 39 61 86108121123113 96 77 60 5024 327CS 4541241739123999999999999991116 212326 5099999999999999
 51 62 81101118126122106 82 56 34 19 17 26 44 68 92110118116105 89 73 6224 328CS 5111261816119999999999999991144 162348 5999999999999999
 59 66 80 99116126126113 92 66 41 22 14 17 30 51 74 95108112108 97 84 7424 329CS 5281271857112999999999999991213 13999999999999999999999
 69 72 82 97113124127119101 77 51 30 17 14 21 36 56 77 93103105100 92 8424 330CS 547127194510599999999999999 0 9 691247 1499999999999999
 79 79 85 97110121126122109 89 65 43 26 17 18 26 41 58 74 87 95 97 95 9124 331CS 6 71262055 9799999999999999 028 781327 1699999999999999
 88 87 91 98107117122122114 99 80 59 41 28 22 23 30 41 55 68 79 87 91 9324 4 1CS 628123999999999999999999999 040 871422 2199999999999999
 94 95 97101106112117118115107 93 77 61 46 34 28 26 30 38 48 60 71 82 9024 4 2CS 6521199999999999999999999991546 26999999999999999999999
 96100103105106108110111111108102 93 81 68 54 42 32 27 26 31 40 52 67 8124 4 3CS 7231119999999999999999999991737 26999999999999999999999
 93102108109107104102101101102103102 98 91 79 65 49 35 25 21 25 34 50 6824 4 4CS 25110910 810399999999999999 72110119 3 2199999999999999
 86101110113110103 95 89 86 88 94101106108103 91 74 54 36 23 18 22 35 5424 4 5CS 255113124610899999999999999 8 2 8620 4 1899999999999999
 75 95110116113103 90 77 70 69 75 88102114119115101 80 57 36 23 19 26 4324 4 6CS 31011614 511999999999999999 836 682051 1999999999999999
 65 89108118118107 89 70 55 48 52 65 84105121128123107 84 59 38 27 27 3824 4 7CS 32712015 512899999999999999 911 482131 2599999999999999
 58 82105120123113 94 70 47 32 29 38 58 84109127133126108 85 61 43 36 4124 4 8CS 345123155813399999999999999 946 2822 6 3699999999999999
 57 79102120128122103 76 48 25 12 14 29 55 85112129133125106 84 64 52 5024 4 9CS 4 31281649134999999999999991023 112238 5099999999999999
 60 78101120131130114 88 57 28  7 -1  6 27 55 86112126128119102 84 69 6324 410CS 42313217381299999999999999911 1 -123 5 6399999999999999
 68 81100119133136125103 72 40 13 -3 -6  6 29 58 87108120119110 97 84 7624 411CS 4441361828121999999999999991140 -72329 7599999999999999
 76 85100117132138133116 89 59 29  6 -5 -3 12 35 61 86103110109102 93 8624 412CS 5 61381920111999999999999991220 -62350 8399999999999999
 83 88 99114127136135124104 77 49 25  8  1  6 21 42 64 83 96101100 96 9124 413CS 52913720211019999999999999913 3  1999999999999999999999
 89 91 98109120129132127113 93 69 46 27 15 12 18 30 47 64 79 88 93 94 9324 414CS 5531322151 9499999999999999 0 5 891351 1299999999999999
 92 93 97104112120124123115102 85 67 49 35 26 24 28 38 50 63 75 83 89 9224 415CS 618124999999999999999999999 0 7 921450 2499999999999999
 94 95 97101105110113114111104 94 82 69 56 45 37 34 36 42 51 62 72 82 8924 416CS 6441149999999999999999999991610 34999999999999999999999
 94 97 99100100101101102101100 96 91 84 75 65 55 46 40 39 43 51 62 73 8524 417CS 7 41029999999999999999999991741 39999999999999999999999
 94100102101 98 95 91 89 89 90 92 93 93 90 83 73 61 50 42 40 44 53 65 7924 418CS 2141021129 9499999999999999 745 891854 4099999999999999
 91101106105100 92 84 78 75 77 82 89 95 99 98 91 79 64 51 43 41 46 57 7224 419CS 2221061317 9999999999999999 8 9 751946 4099999999999999
 88101109109104 93 80 69 63 62 68 78 90101107105 95 81 64 50 43 43 52 6724 420CS 236110141610799999999999999 836 622027 4299999999999999
 84100111114109 96 80 64 53 48 52 64 80 96109114110 97 80 63 50 45 50 6224 421CS 25211415 211499999999999999 9 2 4821 1 4599999999999999
 80 98112118114102 83 63 46 36 37 47 64 85104117119111 96 78 61 52 51 6024 422CS 3 8118154411999999999999999 928 352133 5099999999999999
 76 95112121120108 88 65 43 28 24 30 47 70 93112122121110 93 75 62 56 6124 423CS 324122162212399999999999999 955 2322 2 5699999999999999
 74 93111123125116 96 71 45 25 15 16 29 52 77101118124119106 89 74 65 6524 424CS 34212617 1124999999999999991023 142230 6399999999999999
 74 90108123129123105 80 52 27 11  7 15 34 59 86108120122114101 86 75 7124 425CS 4 11291740123999999999999991051  62257 7199999999999999
 76 88105121130129115 91 63 35 14  3  5 18 41 67 92110119118109 96 85 7824 426CS 4221311821120999999999999991122  22323 7899999999999999
 79 88102118129132123103 76 48 23  7  2  8 25 48 73 95109114112104 94 8724 427CS 44513219 7114999999999999991155  22349 8599999999999999
 85 89100113125131128113 91 64 38 17  6  5 15 32 54 76 94105108106100 9424 428CS 5 913120 3108999999999999991233  4999999999999999999999
 91 92 99109120128128120103 80 56 33 17 10 11 22 38 57 75 90 9910310310024 429CS 536129212210399999999999999 015 911318  999999999999999
 97 96 99106114121124122112 95 75 54 35 23 17 19 27 40 56 72 85 9510010224 430CS 6 6124231810299999999999999 042 961416 1799999999999999
102101101103107112116117113104 91 75 58 43 31 25 25 30 41 54 69 83 9310124 5 1CS 645117999999999999999999999 1291011532 2499999999999999
105105104102101102104106107105100 92 80 67 53 41 33 30 33 41 54 69 84 9624 5 2CS 043105 8 010799999999999999 4 910117 0 3099999999999999
105109108103 97 92 89 89 92 96 99100 97 90 78 64 50 40 35 36 44 57 74 9024 5 3CS 115109104610099999999999999 627 891818 3499999999999999
103111112106 96 85 76 71 72 78 87 97104106101 90 75 59 47 40 42 51 66 8424 5 4CS 138112124810699999999999999 723 711919 4099999999999999
101113117112100 84 67 55 50 53 64 80 97110115111100 83 66 54 48 51 62 7924 5 5CS 15911714 711599999999999999 8 5 5020 9 4899999999999999
 98113121120108 88 65 45 32 29 37 55 77 99116123119107 90 73 61 58 64 7724 5 6CS 22012215 912399999999999999 844 292052 5899999999999999
 95113125128118 98 72 45 23 11 13 27 50 77103121127123110 94 79 70 70 7924 5 7CS 24312816 412799999999999999 924 102130 6999999999999999
 94112127134129112 85 54 25  5 -3  3 22 50 80106123128123110 96 84 79 8324 5 8CS 3 713416571289999999999999910 3 -322 4 7999999999999999
 94110126137138126102 71 38 10 -7-10  1 24 53 83108122125119108 96 88 8824 5 9CS 3331391747125999999999999991043-112236 8799999999999999
 95108123136141136118 90 58 26  2-10 -9  6 30 59 86107118119113104 96 9224 510CS 4 11411838120999999999999991124-1223 5 9299999999999999
 95104118131140140129107 79 48 20  1 -7 -2 15 39 65 88105112112107100 9524 511CS 43014119291139999999999999912 5 -72334 9599999999999999
 95101111123133138133119 96 70 43 20  6  2 10 26 48 70 89101107106102 9824 512CS 5 21382023107999999999999991248  2999999999999999999999
 95 97104114123130131123108 87 64 42 25 15 14 22 37 56 74 89 99103102 9924 513CS 535131212210399999999999999 0 5 951334 1399999999999999
 97 96 99105112119122120112 99 81 63 45 32 26 26 34 47 62 77 89 9710110124 514CS 611122222810199999999999999 043 961424 2599999999999999
 99 97 96 98102106110111109102 92 79 65 52 42 36 37 44 54 68 81 91 9810224 515CS 654111233010299999999999999 147 961523 3699999999999999
102100 97 94 94 94 96 99100 99 95 89 81 70 60 51 46 46 51 61 73 85 9510224 516CS 810100999999999999999999999 358 941630 4599999999999999
105104100 95 89 85 84 84 86 89 92 93 91 85 77 68 59 53 53 57 67 79 9110124 517CS 0151051048 9399999999999999 617 831738 5299999999999999
107109105 98 89 80 73 70 71 76 82 89 94 96 92 85 75 65 59 58 64 74 87 9924 518CS 0471091247 9699999999999999 716 701837 5899999999999999
108113111104 92 78 66 58 56 59 68 80 91100103100 91 80 70 64 65 71 83 9624 519CS 114113135910399999999999999 754 561927 6499999999999999
108116117110 97 80 63 50 42 43 51 65 82 97107110106 96 84 74 69 72 80 9324 520CS 138118145311099999999999999 826 422011 6999999999999999
107118122118105 86 65 46 33 28 34 48 67 88105115117110 99 86 77 75 80 9124 521CS 2 1122153911799999999999999 856 282051 7599999999999999
105118126125114 95 71 47 28 18 18 30 49 73 96113121120112 99 88 81 82 8924 522CS 224127162212299999999999999 927 172127 8099999999999999
102117128131124106 81 54 29 13  7 13 30 54 80104119125121111 99 89 85 8924 523CS 24913117 412599999999999999 959  722 1 8599999999999999
100114127134132118 95 66 38 15  2  2 13 34 61 88109122125119109 98 91 9124 524CS 3171351747125999999999999991033  02234 9099999999999999
 97110124134137129109 82 52 25  5 -3  2 17 41 68 93112122122116106 98 9424 525CS 34613718331239999999999999911 9 -323 7 9499999999999999
 97106118131138136122 99 70 41 17  1 -2  6 24 48 74 96112119118112104 9824 526CS 4171391923119999999999999991149 -32341 9799999999999999
 97102112124134137131114 90 62 35 14  3  2 12 31 54 77 9711011611410910324 527CS 4521382017116999999999999991232  1999999999999999999999
 99100106116126133133124106 83 57 34 16  8 10 21 38 59 80 9710811311210724 528CS 530134211511399999999999999 020 991320  899999999999999
102 99101107115123127125116100 79 57 37 23 17 20 30 46 65 83 9810811111024 529CS 615127221011299999999999999 110 991412 1799999999999999
106101 98 98102108114118116109 96 79 61 45 34 29 31 40 54 71 8810110911224 530CS 715118225811299999999999999 224 971511 2999999999999999
109104 97 92 90 91 96101106107104 95 83 70 56 46 41 43 51 64 79 9410611324 531CS 847107233611499999999999999 4 4 901615 4199999999999999
114109100 90 81 76 76 80 87 94100102 99 91 80 69 60 55 56 63 75 8910311324 6 1CS1054102999999999999999999999 536 751719 5499999999999999
118115107 93 79 66 58 57 62 72 84 95103104101 92 82 72 68 68 75 8710111324 6 2CS 0 9118124910599999999999999 642 571821 6799999999999999
121123116102 83 64 48 39 38 46 60 77 94106112110103 93 84 79 81 88 9911224 6 3CS 040123141511299999999999999 734 371918 7999999999999999
123129126114 95 71 47 29 20 22 33 52 75 96111119118111101 93 89 91 9911124 6 4CS 112129152311999999999999999 821 1920 9 8999999999999999
123133135127110 85 57 31 13  6 11 26 50 76100116124123116106 99 9610010924 6 5CS 146135162012499999999999999 9 6  62056 9699999999999999
121133140138126103 75 44 18  1 -3  6 25 52 8010412012612411710810110110624 6 6CS 221140171212699999999999999 950 -3213910099999999999999
116129139144138121 95 64 33  9 -5 -5  7 29 57 8510812112512211410610210324 6 7CS 2581441759125999999999999991032 -7221810299999999999999
110122134143144134114 86 55 26  5 -5 -2 14 38 65 9111012112211811010310124 6 8CS 3361451842123999999999999991115 -5225610199999999999999
104113126137143141128106 77 48 22  5  0  7 24 48 74 9611211811811210510024 6 9CS 4151441922119999999999999991156  02333 9999999999999999
 99105115127136140134119 96 70 43 22 10  9 19 37 60 8310111211611310610024 610CS 4551401959116999999999999991236  8999999999999999999999
 96 98104115125132133125109 88 64 42 26 18 20 32 50 71 9110511211310810224 611CS 535133203511399999999999999 014 961316 1899999999999999
 96 93 96103112120125123115100 81 61 44 32 29 34 46 63 82 9810811211110524 612CS 618125211011299999999999999 1 0 931355 2999999999999999
 98 93 91 93 98106112115113105 93 78 62 49 42 41 47 60 76 9110411111310924 613CS 7 7115214511399999999999999 159 911436 4099999999999999
103 95 90 87 88 91 97101104103 98 89 78 67 58 53 54 61 72 8610010911411324 614CS 814104222111499999999999999 316 871521 5299999999999999
108100 92 85 80 79 81 86 91 94 96 94 89 82 74 68 64 66 73 83 9610711411724 615CS 957 96225811799999999999999 449 791612 6499999999999999
114107 97 87 77 70 68 69 74 81 88 93 95 94 90 84 78 75 77 83 9310411311924 616CS12 8 95233512099999999999999 6 7 681710 7599999999999999
119114105 92 78 66 58 55 57 65 75 86 95100102 99 93 88 85 86 9210111111924 617CS1346102999999999999999999999 7 2 551813 8599999999999999
123121113100 83 66 52 43 41 47 58 72 88100108110107101 95 92 93 9910811824 618CS 012123145311099999999999999 745 411914 9299999999999999
125127122110 92 72 52 37 29 30 39 55 74 93108117118114107101 97 9910611624 619CS 049127154411999999999999999 824 2820 9 9799999999999999
125131131122105 83 58 37 22 17 21 35 56 7910011612412411811010310110411224 620CS 127132162912599999999999999 9 2 17205710199999999999999
123132137133120 98 71 45 23 10  8 17 35 59 8510712212812611911110410310824 621CS 2 5137171312999999999999999 942  7214110399999999999999
118130139141133115 89 60 32 12  1  3 16 38 65 9211312613012611810910410524 622CS 2451421755130999999999999991022  0222110499999999999999
112124136144144132110 81 50 23  4 -3  2 19 44 72 9811712812912311410610324 623CS 32614518381299999999999999911 4 -323 010399999999999999
106116129141147143128103 73 42 17  1 -3  6 26 52 7910312012712611910910324 624CS 4 81471919128999999999999991147 -3234210199999999999999
101107118131142146139122 96 66 38 16  4  4 15 36 62 8710812112512111310424 625CS 4531461957125999999999999991230  2999999999999999999999
 98 98105117130139140132114 90 63 38 20 12 15 29 49 74 9611312212311610624 626CS 541141203212399999999999999 027 971312 1299999999999999
 97 92 93101112123131132124107 86 63 42 29 25 31 45 65 8610511812311911124 627CS 63513221 412399999999999999 119 921354 2599999999999999
100 90 85 86 92102113120121115102 85 67 52 43 42 50 64 81 9911412212311624 628CS 739121213412399999999999999 221 851436 4299999999999999
105 93 82 76 75 80 89 99107110107 99 87 75 65 60 61 69 82 9711112112512224 629CS 9 111022 412599999999999999 334 751519 6099999999999999
113100 85 73 64 62 66 74 84 94100102100 94 86 80 78 80 87 9811012112712824 630CS1054102223712999999999999999 452 6216 5 7899999999999999
122111 95 78 63 52 48 50 59 71 84 94101104103 99 95 93 9510111012012813224 7 1CS13 8104231813299999999999999 6 6 4817 2 9399999999999999
131123109 90 70 52 39 33 36 46 61 77 9210411111211010710510611111812613324 7 2CS1452112999999999999999999999 710 33181410599999999999999
136133124107 86 62 41 27 21 25 37 55 75 9510911812111911511211211512213024 7 3CS 0 6136155812199999999999999 8 6 21193211199999999999999
137140136124105 80 54 31 16 12 17 33 54 7810011612512612311811411311712424 7 4CS 1 1140164512699999999999999 857 12203911399999999999999
133140143138124101 74 46 23  9  6 15 34 58 8410612212812812211611111111624 7 5CS 155143172312999999999999999 943  6213211099999999999999
125135144146139121 96 67 38 16  5  6 18 40 67 9311312612912511811010610824 7 6CS 2451461756129999999999999991026  4221610699999999999999
115126138146146136116 89 59 32 13  5 10 26 51 7810211912712712011110310124 7 7CS 33214718251289999999999999911 6  5225410199999999999999
105115128140147144131108 80 52 27 13 10 19 39 64 90111123126122113103 9624 7 8CS 4151471852126999999999999991143  92331 9599999999999999
 96103115129140144138122 99 72 46 26 17 19 33 55 79102118125123115104 9524 7 9CS 4571441917125999999999999991217 16999999999999999999999
 91 93102115128136137129112 89 64 43 29 26 33 50 72 94113123125118108 9724 710CS 537138194012599999999999999 0 9 901249 2699999999999999
 88 86 91100113124130128118101 81 61 45 37 39 50 68 8910812112512211310124 711CS 61913020 312599999999999999 050 861319 3799999999999999
 90 83 82 88 97108117121118108 93 76 62 52 49 55 68 8610411812612511810624 712CS 7 4121202712699999999999999 136 821348 4999999999999999
 94 84 78 79 84 92101108111108100 89 77 68 63 64 72 8510111512512712311324 713CS 759111205212799999999999999 229 781417 6399999999999999
101 88 79 74 73 77 84 92 98101100 96 90 83 78 77 80 8810011212312812712024 714CS 915102212012899999999999999 333 731448 7699999999999999
109 96 83 73 67 66 69 75 83 90 95 98 97 95 92 90 90 9410111112012712912524 715CS1125 98215312999999999999999 448 661527 9099999999999999
117105 91 77 66 59 56 59 65 74 84 93 9910310410410210210511011712412912924 716CS14 1104223613099999999999999 6 0 56163110299999999999999
125115102 86 71 57 48 45 47 56 67 81 9410511211511411211111211612112713124 717CS1519115233313299999999999999 7 2 45181011199999999999999
131126115100 81 62 46 36 32 37 48 64 82 9911312112412211911611511812313024 718CS16 2124999999999999999999999 756 32194011599999999999999
135135129116 97 75 53 34 23 21 28 43 63 8610712213013112712111611511812524 719CS 037136163913199999999999999 845 20204411599999999999999
134140141133117 94 67 42 22 11 11 22 42 67 9311512913513312611911311311824 720CS 137141171313599999999999999 930 10213311299999999999999
128139147147137117 89 59 32 12  3  6 21 45 7310112213413713112211310811024 721CS 2311481746137999999999999991014  2221510899999999999999
118131144152151138114 83 51 24  5  0  7 26 54 8311012913713512611410410124 722CS 3221531816137999999999999991057  0225510199999999999999
106118134148155151135109 77 45 20  5  3 15 38 67 96119133136129116103 9424 723CS 4121551845136999999999999991137  22336 9399999999999999
 94102116134148154148130103 72 43 21 11 15 30 55 83109127135132120105 9124 724CS 5 11541911135999999999999991215 11999999999999999999999
 84 86 96113130143147140122 96 69 45 29 25 33 51 76101121133134125110 9324 725CS 552147193413599999999999999 019 841250 2599999999999999
 80 74 78 90106123134137129113 91 70 52 44 45 56 75 97117131135130117 9924 726CS 646137195613699999999999999 1 6 741322 4399999999999999
 82 70 66 70 82 97112122124118106 90 75 65 62 68 81 9811613013713512510924 727CS 747124201713799999999999999 159 661350 6299999999999999
 90 74 62 58 62 72 85 98108111108102 93 85 81 83 9010211612913713913312024 728CS 9 3111204113999999999999999 3 0 581413 8199999999999999
103 85 69 57 52 54 62 73 85 95101103102 99 98 9810110911812813614013813024 729CS11 8103211014099999999999999 412 521426 9799999999999999
117100 82 66 53 46 46 51 61 73 85 9410210610911011211512012713313813913724 730CS2153139999999999999999999999 534 45999999999999999999999
129117101 82 64 49 40 37 41 51 64 79 9410511411912112112212512813213613824 731CS23 9138999999999999999999999 653 37999999999999999999999
137131119103 83 62 45 33 29 33 45 61 80 9811212212612712512312312512913424 8 1CS1633127999999999999999999999 759 29193812399999999999999
138139134123105 82 59 39 26 23 29 43 63 8510512112913112812211811711912524 8 2CS 043139164613199999999999999 852 23205311799999999999999
133140143138125104 78 53 32 20 19 28 47 70 9511512813313012311511010911424 8 3CS 15514317 613399999999999999 937 18213710999999999999999
124135144147140124100 72 46 26 17 20 34 56 8210712413313212511510510110324 8 4CS 2501471726134999999999999991016 16221310099999999999999
111125138148149139119 92 63 38 22 18 26 45 71 97118131134128116104 95 9324 8 5CS 3361501746134999999999999991050 182246 9299999999999999
 99111127142150147133110 82 55 34 23 25 39 62 88112128134130119105 92 8524 8 6CS 41715018 5134999999999999991121 222318 8599999999999999
 87 97113130143148141124100 73 49 33 30 38 57 81106125134133123108 93 8224 8 7CS 4561481823135999999999999991149 292351 7899999999999999
 78 84 98115131141141131113 89 66 48 39 42 56 77101121134136128113 96 8224 8 8CS 5341421841136999999999999991214 39999999999999999999999
 74 74 83 98115128135132120102 81 64 53 51 60 77 98118132137132119102 8524 8 9CS 613135185913799999999999999 026 731238 5099999999999999
 73 69 72 83 98113123126122110 94 79 67 63 67 80 97115130138136125109 9124 810CS 654126191813899999999999999 1 2 6913 1 6399999999999999
 76 67 66 71 82 96108115117112102 91 82 76 77 85 9811412813713813011710024 811CS 743117193713899999999999999 142 651321 7699999999999999
 83 71 64 64 70 80 91101107108105100 94 90 89 9310211412613513813412410924 812CS 847108195913899999999999999 230 631337 8999999999999999
 93 78 67 62 62 66 74 84 92 9910210310210110110310811512413213613612911824 813CS1055103202513799999999999999 331 61133310199999999999999
104 89 76 65 59 57 60 66 75 84 9310010510911211411611912312913313513312724 814CS21 2135999999999999999999999 453 57999999999999999999999
117104 89 75 63 53 49 50 56 65 77 9010211211912312412412512612913113313224 815CS2215133999999999999999999999 620 49999999999999999999999
128119107 91 74 58 45 38 38 45 57 73 9110812112913213112712512412612913324 816CS16 7132999999999999999999999 732 37194812499999999999999
135133126112 93 71 51 35 26 27 36 52 74 9611613013713713112512011812212824 817CS 0 6135162513899999999999999 829 25204711899999999999999
136142142133116 93 67 42 24 16 18 32 53 8010612613814113512611611011111824 818CS 129143164714199999999999999 916 15212711099999999999999
129142150150140119 91 61 34 16 10 16 35 61 91117135142139128115103 9810224 819CS 23215117 914399999999999999 959 1022 4 9899999999999999
114131147157156143118 87 55 29 13 11 23 46 76105129141142132116 99 88 8624 820CS 3261581731143999999999999991038 102241 8599999999999999
 94111132150160157141114 82 51 29 18 22 39 65 95121138143136119 99 82 7324 821CS 4171611752143999999999999991114 182320 7299999999999999
 75 88109132150158153135108 78 52 36 32 41 61 88115135144140125104 82 6624 822CS 5 71581812144999999999999991147 31999999999999999999999
 60 66 82105128145150144126102 78 59 49 52 66 87112133145145133113 89 6724 823CS 558150183114699999999999999 0 0 601217 4999999999999999
 53 51 60 78100121135139132117 98 81 70 68 76 92112131145148141123100 7724 824CS 650139184914899999999999999 043 501241 6899999999999999
 57 47 46 56 73 93111122125120109 98 89 85 89100115131144150146133114 9124 825CS 75012519 815099999999999999 130 451259 8599999999999999
 70 53 45 46 54 69 85 99108112110106102 9910110811913114214914814112610724 826CS 9 9112192914999999999999999 225 4413 4 9999999999999999
 87 69 55 47 47 53 63 76 87 9610210510710911111612213013814414614313412124 827CS1953146999999999999999999999 334 46999999999999999999999
106 89 73 60 51 48 50 57 67 78 88 9810611211712112512913313713913913613024 828CS2029140999999999999999999999 5 4 48999999999999999999999
121109 94 79 64 53 46 45 50 60 72 8610011112012612812912912913013113213224 829CS2236132999999999999999999999 638 45999999999999999999999
130125115101 84 66 52 43 40 45 56 72 9010612012813112912612212012012312824 830CS16 5131999999999999999999999 749 40202311999999999999999
132134131121105 85 65 48 37 36 43 58 78 9911712913313112511711110811111824 831CS 058134161013399999999999999 840 3521 010899999999999999
127136140137125106 82 59 42 33 35 47 66 89111127135134126115105 98 9810524 9 1CS 2 7140162313699999999999999 920 322131 9799999999999999
117131142146140124101 75 52 37 32 39 56 80104124136137130116102 91 87 9124 9 2CS 257146163813899999999999999 953 3222 0 8799999999999999
103120136147149139119 93 67 46 35 37 50 72 97120135140133119102 87 78 7824 9 3CS 3381501654140999999999999991023 342228 7799999999999999
 88105125142150147133110 84 60 44 40 48 67 91115133141138124105 86 73 6824 9 4CS 4161511710141999999999999991050 402257 6899999999999999
 74 89109130144149141124100 76 57 48 51 66 88111131142141129110 89 71 6124 9 5CS 4531491726143999999999999991115 482326 6099999999999999
 62 73 92114132143143132113 91 72 60 58 68 86108129142144135117 95 74 5924 9 6CS 5291451741145999999999999991138 582356 5599999999999999
 55 61 76 96117132139135122104 87 73 69 74 88107126141146140124102 80 6224 9 7CS 6 713917581469999999999999912 0 69999999999999999999999
 52 53 63 80100117128131125113 99 87 80 82 91107124139146143131111 88 6824 9 8CS 647131181514699999999999999 026 511220 8099999999999999
 55 50 55 67 83101114122122117107 98 92 91 97108122136144145136119 98 7824 9 9CS 732123183314599999999999999 1 0 501237 9199999999999999
 62 53 51 58 70 84 98109114114111106102101104112122133141143139126109 9024 910CS 834115185214499999999999999 139 51124610199999999999999
 73 61 54 54 59 69 80 9210110610911011011111311712313113714013913111910424 911CS1913140999999999999999999999 231 53999999999999999999999
 88 74 63 56 55 58 64 73 83 9210110811311812112412613013313613613312711724 912CS1939136999999999999999999999 352 55999999999999999999999
105 92 78 67 57 52 51 55 63 74 87 9911112112713013113013012913013012912624 913CS1551131205513099999999999999 540 51183712999999999999999
121111 99 84 69 56 46 42 45 54 68 8510311913013513613212712312112212512924 914CS1530136999999999999999999999 7 6 4220 612199999999999999
131129122108 89 69 51 38 33 36 49 67 9011112813814013512511611010911412324 915CS 0 5131154214099999999999999 8 6 33203910999999999999999
133140140132115 92 67 45 31 27 33 50 74100123138143138126112100 94 9710724 916CS 135141155814399999999999999 853 262111 9499999999999999
123139149151140119 92 64 41 28 27 39 61 88115135145142129110 92 80 77 8524 917CS 237151161614599999999999999 934 262145 7699999999999999
102124144157157144120 91 62 42 32 37 54 79107131145146134114 90 70 60 6224 918CS 3311591634147999999999999991011 322221 5999999999999999
 76 99126148160158142117 89 64 48 45 55 75102127145150141121 94 69 50 4324 919CS 4221611653150999999999999991044 442258 4399999999999999
 51 71 98126147157153137113 89 69 60 64 78100124144153149131105 75 50 3524 920CS 5121581711153999999999999991114 602337 3299999999999999
 33 45 68 96123142149144129109 91 79 77 86103124143155155142118 89 60 3824 921CS 6 21491730156999999999999991140 77999999999999999999999
 27 30 45 68 95118133138132121107 96 92 96108125142154158150131105 77 5224 922CS 656138174915899999999999999 018 2712 1 9299999999999999
 34 28 33 48 69 91110122125122115108104106113126139151156153140120 96 7124 923CS 75712518 915799999999999999 1 3 28121410499999999999999
 51 38 34 40 52 69 87101110114114113111113118126136145151151144130112 9224 924CS 929115183115299999999999999 154 3412 611199999999999999
 73 57 47 43 47 56 68 81 9210110711111411712112613213814214414113412310924 925CS1852144999999999999999999999 258 43999999999999999999999
 94 80 67 57 52 52 57 65 75 86 9710611311912312612813113213313213012611924 926CS19 6133999999999999999999999 429 51999999999999999999999
111101 89 76 65 57 54 55 62 72 85 9811011912512812712512312112012012112224 927CS151612823 912299999999999999 6 9 5420 912099999999999999
121117109 97 83 69 58 52 53 61 73 8910511812713012812311611010710711111824 928CS15 5130999999999999999999999 721 52202210699999999999999
124127125117102 85 68 56 50 53 63 80 98115128133132124113102 95 93 9810724 929CS 111127151413499999999999999 810 502046 9399999999999999
119130135132121103 83 64 52 50 56 71 91111127136136127113 98 86 80 83 9324 930CS 211135152713799999999999999 848 492112 8099999999999999
108125137141136120 99 78 60 52 53 65 85106126138140132116 97 80 70 68 772410 1CS 257141154214099999999999999 920 512138 6899999999999999
 93113132143145135116 94 73 59 55 63 80102123138143137121100 79 63 57 612410 2CS 337146155714399999999999999 949 5522 5 5799999999999999
 76 98120139147144130110 88 70 62 65 78 98120137146142127105 81 61 49 482410 3CS 4141481612146999999999999991016 622231 4799999999999999
 60 80105128143147139123103 84 72 70 79 96117136147147134112 86 62 46 402410 4CS 4511471628148999999999999991041 692259 4099999999999999
 46 63 87112132143143132116 98 84 78 82 96115133147150140120 95 68 48 362410 5CS 52714516451509999999999999911 5 782326 3599999999999999
 37 49 70 95118134140136124109 96 88 88 97113130145151145129104 78 54 382410 6CS 6 514017 3151999999999999991128 872356 3399999999999999
 33 40 56 78101120131134128118106 98 96101113127141149148136115 89 65 462410 7CS 6451341722150999999999999991149 96999999999999999999999
 36 36 46 63 84103118126126121114107104106114125137146147140124102 78 582410 8CS 733127174114899999999999999 028 3512 710499999999999999
 44 38 42 53 68 86102113119120117114111112117124133141144141130113 93 732410 9CS 84112018 214499999999999999 1 6 38121911199999999999999
 57 47 44 47 57 69 83 96106113116117118119121125130136139138133122107 90241010CS1823139999999999999999999999 156 44999999999999999999999
 75 62 53 49 51 57 66 78 89100109116121124126127129130132132130125117107241011CS1843132999999999999999999999 312 49999999999999999999999
 95 82 70 60 53 51 53 60 71 84 98111121128131130128125123122122122121119241012CS1421131999999999999999999999 458 51999999999999999999999
113104 92 78 65 54 48 48 55 67 84101117129134134129121114109107110116121241013CS1426135999999999999999999999 628 48194610799999999999999
125123116103 86 68 54 46 46 54 69 89110126137138132120106 95 90 92100112241014CS 016125144013999999999999999 731 452015 9099999999999999
125134135128112 91 71 54 46 48 59 79101122137142136122103 85 72 69 77 92241015CS 140136145714299999999999999 820 452048 6999999999999999
112131144146137118 95 73 57 51 57 72 94118136146142128105 80 60 49 51 65241016CS 242146151514699999999999999 9 1 512122 4899999999999999
 88114137151152141121 97 77 64 62 72 91114135148149137113 84 56 37 30 37241017CS 336153153415199999999999999 938 612159 3099999999999999
 58 86116141154153141121 99 83 75 78 92112134150155147125 95 63 36 19 17241018CS 4281551555155999999999999991012 752237 1699999999999999
 31 56 87118141152149137119102 91 89 97113132150159156139111 78 46 21 10241019CS 5191521616159999999999999991042 882316  999999999999999
 13 31 58 89117137145142131117105100103115131147159161150127 97 64 35 16241020CS 61114516391619999999999999911 81002357  999999999999999
  9 17 36 62 91115130136133124115109109116129143155160155140115 86 57 33241021CS 7 513617 3160999999999999991130109999999999999999999999
 19 17 26 44 68 91110122126124120115114117126137148154154145128105 79 56241022CS 8 9126172915599999999999999 041 16114911499999999999999
 38 28 28 37 53 72 90105114118119117117118123130138144147143133117 99 79241023CS 940119175614799999999999999 130 27115811799999999999999
 61 48 41 41 48 60 74 88100109114117118119121124128132135134130122111 97241024CS1822135999999999999999999999 228 40999999999999999999999
 83 70 60 53 52 56 64 76 88 99108115119121121121121121121121121118115109241025CS1840122999999999999999999999 344 52999999999999999999999
101 91 80 70 63 59 61 67 77 89101111119123123121117112109107107109111112241026CS1336124231411299999999999999 512 59192810799999999999999
111107100 89 78 68 63 64 70 81 94107119126127124117107 99 93 92 94100108241027CS1349128999999999999999999999 625 631953 9299999999999999
114117115107 95 82 71 65 66 74 87103117128132129120107 93 83 77 78 86 97241028CS 1 611714 513299999999999999 720 652019 7799999999999999
110120125122112 98 83 72 67 71 82 98114128135134125110 92 76 65 63 69 83241029CS 2 7125142313699999999999999 8 2 672046 6399999999999999
100117128132127114 98 83 73 72 79 94111127138140131115 94 73 57 50 53 65241030CS 254132144014099999999999999 839 712113 4999999999999999
 85106125136137128113 96 83 77 80 91108125139144138122 99 74 53 40 38 48241031CS 336138145814499999999999999 912 772139 3899999999999999
 67 91115133141138127111 95 85 83 90105123138146144130107 80 54 36 28 332411 1CS 414141151714799999999999999 942 8322 7 2899999999999999
 50 74100123139143136123108 95 89 92103120136147149138116 89 61 37 24 232411 2CS 4521431537149999999999999991010 892235 2299999999999999
 34 56 83109130140141132119105 97 96103117133146151145127100 71 44 26 182411 3CS 5301421558151999999999999991038 9523 4 1899999999999999
 24 40 65 92115132138136126115105101104114129143151149136113 84 56 33 202411 4CS 61013916211519999999999999911 41012336 1899999999999999
 19 29 49 74 98118131134130121113107107113125138147150142124 99 71 46 292411 5CS 6531341645150999999999999991130106999999999999999999999
 21 24 37 57 80101118127128125119113111114122132142147144132112 87 63 432411 6CS 746128171114799999999999999 011 21115611199999999999999
 30 26 32 45 63 83101114122124122118116116120127135140141135122103 81 612411 7CS 855124173914299999999999999 052 26122611599999999999999
 45 35 33 39 51 67 84 99111118122122120119120123127131134132126114 98 812411 8CS1033122181213499999999999999 143 33131611999999999999999
 65 51 43 41 45 55 68 83 97109118123124123121120119120122123122118110 992411 9CS12 012419 712399999999999999 249 41154511999999999999999
 86 73 61 53 49 50 57 69 83 98111121126127124119113109107107110112113111241110CS1240127215211399999999999999 413 49181410799999999999999
105 96 84 72 62 56 55 61 72 87103117127131128120110 99 91 88 90 96105112241111CS13 5131999999999999999999999 535 5519 6 8899999999999999
116115108 97 83 71 63 61 67 79 95112126134133125111 94 78 69 67 73 85100241112CS 019116132813599999999999999 642 611945 6699999999999999
115124126120108 93 79 70 69 77 91108125136140133117 95 72 54 45 46 58 77241113CS 145127135014099999999999999 737 692023 4499999999999999
100120133136130116100 87 79 80 90105123138145142127104 76 49 31 24 30 48241114CS 250136141414699999999999999 823 7921 1 2499999999999999
 74101125140143136122106 94 89 93105121138149151140118 88 55 28 12  9 21241115CS 347143143915299999999999999 9 4 892141  899999999999999
 44 74105129143145137124110101100106120136150157152134105 71 38 13  0  2241116CS 44014615 615799999999999999 941 992222 -199999999999999
 18 45 77108131142143135123113107109118133147158159147124 92 57 26  4 -4241117CS 532144153616099999999999999101510723 3 -499999999999999
  3 23 51 82110130138138130121113112117128141154160155139113 81 48 21  4241118CS 62313916 71609999999999999910471112345  099999999999999
  1 11 32 59 87111126132131125118113115122133145154155147128102 72 44 22241119CS 7151331640156999999999999991118113999999999999999999999
 11 11 23 43 68 91110122126124119115113116124134143148146136117 93 68 45241120CS 8 7126171514999999999999999 028  9115211399999999999999
 29 22 24 36 55 76 95110118121119116113112116122130136138134123107 88 68241121CS 9 1121175213899999999999999 113 21123511299999999999999
 50 39 35 39 50 65 83 98110117118117114111111113117122125125121113100 86241122CS 957118183412699999999999999 2 0 35134111099999999999999
 71 58 50 48 52 61 74 89102112117118117113109107106107110111112110105 97241123CS1050118194311299999999999999 253 48154610699999999999999
 88 77 68 61 59 63 71 82 95107115120120117112105100 96 94 95 97100102102241124CS1135121222610299999999999999 354 5918 7 9499999999999999
 99 93 86 78 71 69 71 79 90102113121124122117108 97 88 82 79 81 86 92 99241125CS1211124999999999999999999999 5 1 6919 6 7999999999999999
103104101 94 86 80 77 79 86 97110120127128123113 99 85 73 66 64 69 78 90241126CS 043104124212899999999999999 6 5 771944 6499999999999999
101109112109102 93 86 83 86 94106118128132130120105 86 69 56 50 52 61 76241127CS 2 111213 913299999999999999 7 1 832016 4999999999999999
 92108118121117108 98 91 89 93103115127135136128112 92 70 51 39 36 43 58241128CS 255121133613699999999999999 750 892046 3699999999999999
 79 99116126128122112101 95 95101112125136140136122100 75 51 33 25 27 40241129CS 34012814 114099999999999999 833 942116 2499999999999999
 61 85108125133132123112103 98100109122135143142131111 85 57 34 19 16 24241130CS 421133142814499999999999999 911 982147 1599999999999999
 43 68 94117131136132123112104102107118131143147141123 98 68 41 20 10 122412 1CS 5 0136145614799999999999999 9461022219  999999999999999
 26 49 77103123135136130120110105106114127140148147135113 84 53 28 11  62412 2CS 53913715261499999999999999910191042253  699999999999999
 13 32 57 85110127135133126117109107111121134145149143126100 70 42 19  72412 3CS 62013515571499999999999999910521062330  599999999999999
  7 19 40 66 92114127132129122114109109116127139147147136116 89 60 34 162412 4CS 7 41321631148999999999999991125108999999999999999999999
  8 12 27 49 74 97116126129125118112109111119130139144140127106 80 54 322412 5CS 75112917 614499999999999999 0 9  812 310999999999999999
 18 14 21 36 58 80101116124125121115110109112119128135137131118 98 75 522412 6CS 840126174713799999999999999 051 14125010999999999999999
 35 25 24 32 47 66 87104117123123119113108106109114121126127121110 93 742412 7CS 930124183812799999999999999 136 23135510699999999999999
 56 43 35 36 44 58 75 93108119123122117110104100100104109113115112104 932412 8CS1015123195511599999999999999 227 35152710099999999999999
 79 65 55 49 50 57 69 85100113122124121114104 95 89 86 88 92 981031051032412 9CS1055124215810599999999999999 323 4817 5 8699999999999999
 97 88 78 69 64 64 70 81 95109120126126120109 95 82 72 67 68 75 84 94102241210CS1130127999999999999999999999 427 631818 6799999999999999
106105 99 91 84 79 78 83 93106118127131128118102 83 65 52 46 49 58 73 88241211CS 01710612 413199999999999999 535 781913 4699999999999999
102111114112105 97 92 91 95104116127135136129114 92 68 47 32 26 31 45 65241212CS 159114123913799999999999999 640 9020 1 2699999999999999
 87106119124122115108102101105115126136142140128108 81 53 29 14 10 19 37241213CS 312124131614399999999999999 7411012047 1099999999999999
 62 88111126131129122114108108113123135144148142125100 69 38 14  0  0 13241214CS 411132135514899999999999999 8341072131 -299999999999999
 35 64 93116130135132124116111112119130142150151141120 91 57 26  4 -7 -4241215CS 5 2135143615299999999999999 9221112215 -799999999999999
 13 39 69 98120132135130122114111114123135147154151137113 81 48 19 -1 -8241216CS 54713515171549999999999999910 41112258 -899999999999999
  0 19 47 77104123132131125117110109114125138149153147130104 72 41 15  0241217CS 62813215581539999999999999910431092339 -399999999999999
 -2  9 31 58 86109123128126118110105106114125138147148139121 94 64 37 16241218CS 7 51291639149999999999999991121105999999999999999999999
  6  8 22 45 71 95113123124119111104101104112124135141140129109 85 59 36241219CS 739125172014299999999999999 018  512 210199999999999999
 21 16 22 38 60 83103117122120113104 98 97101109119128132128117 99 77 56241220CS 81012218 213299999999999999 055 161247 9699999999999999
 39 30 30 39 55 75 95110119120115107 99 94 93 96104112118120115105 90 73241221CS 839120184812099999999999999 131 281341 9299999999999999
 58 46 42 45 56 71 89105116120118112103 95 89 88 90 95101106107103 96 85241222CS 910120194710799999999999999 2 5 421451 8899999999999999
 74 64 57 56 61 71 86100113120121117109 99 90 84 81 81 84 89 93 95 95 91241223CS 9421212121 9699999999999999 242 551622 8099999999999999
 86 79 73 70 70 75 85 97109118122121115106 95 84 76 71 69 71 76 82 87 91241224CS1017122999999999999999999999 323 691751 6999999999999999
 92 91 88 85 82 83 88 96106115122124121113102 89 76 65 58 56 59 66 75 84241225CS 0 0 92105512499999999999999 418 821854 5699999999999999
 93 98100 99 96 94 93 97104112120125126121111 97 80 64 51 44 43 48 58 72241226CS 2 5100113812699999999999999 532 931940 4299999999999999
 86 99107110109105102101103109117124128127120107 89 69 51 37 30 31 40 56241227CS 311110122312999999999999999 6501002020 2999999999999999
 74 93107116119116111106104107113121129132129119101 79 56 36 22 18 23 37241228CS 35611913 713299999999999999 7571042057 1899999999999999
 57 80101117124125120113108106109117126134136131116 94 67 42 21 10  9 19241229CS 434126135013699999999999999 8501062134  899999999999999
 38 63 88110124129127120112107106112122132140140130110 84 55 28  9  1  4241230CS 510130143114199999999999999 9331062212  099999999999999
 19 43 71 97117129131125117108104106114127138145142128104 74 43 17  0 -4241231CS 54413115131459999999999999910111042250 -499999999999999
