 83 50 30 27 44 75114152181194189170144119102 9810712514616417517416113724 1 1G4 912194202817699999999999999 237 261446 9899999999999999
107 76 52 41 47 68 99134165184188177156132111 99 9911012514215616416114824 1 2G4 944189211516499999999999999 3 9 411528 9899999999999999
127101 78 62 59 69 91119149172183181167146124107 98 9910711913314515215024 1 3G41019184221615299999999999999 344 581624 9899999999999999
140123104 87 78 79 90109134157174180174159139119104 95 94 9810812213414224 1 4G41059180234514499999999999999 426 771744 9399999999999999
144139128115103 96 97106122142161173176169154135115 99 87 82 85 9511012524 1 5G41147176999999999999999999999 524 9519 9 8299999999999999
138145146140130119112110115129146162172175168153132110 89 73 66 68 81 9924 1 6G4 136147124617599999999999999 6471092015 6599999999999999
121140154160156146133122116119130147163174177170152128100 74 55 46 51 6824 1 7G4 3 6160134917799999999999999 81111621 9 4699999999999999
 93122149169177173160142125116118130148166179183174152121 87 56 33 26 3524 1 8G4 4 9177144918399999999999999 9211152158 2699999999999999
 58 92129163186194187167144122111114129151173189192178149111 71 35 12  724 1 9G4 45919415411929999999999999910191112245  699999999999999
 22 54 96141180204208194168139114104110131158184200200180144 99 53 15 -724 110G4 54220916302029999999999999911 71042330-1099999999999999
 -7 15 55105156196217215194162128103 96109135167195210206179136 85 36 -224 111G4 6242191717211999999999999991151 96999999999999999999999
-21-14 16 64120172210225215186149114 92 90110142177205217207174126 72 2224 112G4 7 422518 421799999999999999 015-221233 8899999999999999
-14-27-12 27 80137188219225207173133 99 82 88114150185211218202165114 6124 113G4 743226185021999999999999999 057-271314 8199999999999999
 13-17-21  3 46101156200222218193155116 86 76 8911815418821021319215310424 114G4 820224193721499999999999999 138-231355 7699999999999999
 53 13 -8 -3 27 72124172207218205175137100 76 73 9012015418420220017814124 115G4 857218202620499999999999999 217 -91438 7299999999999999
 96 53 22 12 25 57100145184207208189157120 88 71 73 9011814817418818416424 116G4 932210211818999999999999999 255 121525 7099999999999999
131 94 62 42 41 58 88126162190201194172141108 82 70 72 8711113715917116824 117G410 7201221817199999999999999 333 391619 6999999999999999
152127100 79 69 73 90115145171188191181159130102 80 69 69 8010012214215424 118G41044192233615699999999999999 412 691728 6799999999999999
155146131114102 97102115134155172182181170150126101 80 66 62 69 8610612624 119G41127183999999999999999999999 5 0 971850 6299999999999999
141149148142133125121123130142156167174174165148126101 78 60 52 56 71 9224 120G4 126150122717599999999999999 61812120 9 5299999999999999
115136151158158152144136132134141151161169171166151128101 73 51 40 43 5824 121G4 327159135117199999999999999 8141322117 3999999999999999
 83111139161173174167154141131129134145158169175171155129 96 63 38 26 3124 122G4 43717515 917599999999999999 9471292213 2699999999999999
 50 81116150176188186173153135122120127142160175183177157124 86 50 23 1424 123G4 52018916 718399999999999999104511923 1 1499999999999999
 23 50 88129167192199189169144122109110124145168185191180153114 72 34  924 124G4 55419916531919999999999999911251082341  499999999999999
  5 23 58103148185203202183156127105 98106127154179196196177142 98 54 1824 125G4 6252051731198999999999999991157 98999999999999999999999
  0  5 33 76125169200208196169137107 90 91109137167192203194167126 79 3624 126G4 65320818 620399999999999999 017 -11227 8999999999999999
  6 -2 15 52101150189208204181148115 89 81 93118150180200203185150106 5924 127G4 719209183820499999999999999 049 -21255 8199999999999999
 21  2  7 36 80129173202207191161125 94 77 79100131163189202195169130 8524 128G4 745208191020299999999999999 118  11322 7599999999999999
 44 15  9 28 64111156191206198173138103 78 71 8411114217219219618015011024 129G4 8 9206194219699999999999999 144  91350 7199999999999999
 69 36 21 28 56 96140178200201182151116 86 70 73 9212015017418718316313124 130G4 832203201718899999999999999 210 201420 6999999999999999
 94 61 39 37 55 88126164191199189163130 98 75 69 7910012615217017616814624 131G4 856199205517799999999999999 236 361452 6999999999999999
117 86 63 54 62 85116150178193190172143112 86 72 72 8410412714816116315324 2 1G4 921194213916499999999999999 3 2 541530 7099999999999999
134111 89 76 76 89111138164182187177155128101 81 72 75 8510212113814915024 2 2G4 949187224015199999999999999 331 741617 7299999999999999
143130114102 96 99111129150168178176164143119 97 81 73 73 81 9411012613724 2 3G41023179999999999999999999999 4 7 961728 7299999999999999
142141135127120117119126138152164170167156139118 98 82 71 66 69 80 9611324 2 4G4 020142111017099999999999999 51011719 5 6699999999999999
128141148149146140134130131137147157163163156142122101 80 62 52 52 62 8024 2 5G4 246150123116499999999999999 7231302031 5199999999999999
102126147163169166156143132127129139151162167164151129102 73 48 33 31 4224 2 6G4 410169141216799999999999999 9 91272140 3099999999999999
 66 97131162182189182164142124115118131150168179179164136 99 62 30 11  924 2 7G4 45718915291819999999999999910151142235  799999999999999
 26 58100144181203205189162132109 99107128155180196195175138 92 47 10-1124 2 8G4 53520716281989999999999999911 3 992323-1299999999999999
 -8 18 61112163202220212186150114 89 83 99130166197214209180135 81 30 -924 2 9G4 6112201718215999999999999991144 83999999999999999999999
-25-14 22 74133186221228210173130 91 69 71 97137178212226215178126 69 1624 210G4 64622918 522799999999999999 0 6-251223 6799999999999999
-19-28 -6 39 97158206231226196152105 67 53 66101146190222231212170114 5724 211G4 719233185023199999999999999 046-2813 1 5399999999999999
  8-18-14 17 68127182220231213175126 79 49 45 6710715319622222420015610224 212G4 751231193422799999999999999 123-201339 4399999999999999
 50 12 -2 14 52103156201224220192149100 59 39 44 7211315719421420918214024 213G4 821226201921599999999999999 157 -21417 3899999999999999
 93 52 27 27 51 90136179209217201167123 80 49 38 50 7911715518419718816324 214G4 85021721 519799999999999999 229 241457 3899999999999999
128 91 64 54 64 90125161191205201178143104 70 48 45 58 8411514616817516724 215G4 916206215717599999999999999 259 541541 4499999999999999
147122 99 86 86100123149174190193181157127 95 70 55 54 64 8410913214915524 216G4 94119323 415599999999999999 327 841637 5399999999999999
151139126115112116128144160173179175163144120 97 78 65 61 66 79 9711613024 217G410 8179999999999999999999999 3551121758 6199999999999999
140143141138136136138143150157162164160153140124106 88 72 63 62 69 8310024 218G4 1 8143104916499999999999999 4361351938 6199999999999999
118134146153156155151147143143145147151153152146134116 95 74 58 52 56 7024 219G4 415156131915399999999999999 84414321 5 5199999999999999
 90115138158169172166155143133128129136145155161158145123 95 67 47 38 4324 220G4 448172151516199999999999999101712822 7 3899999999999999
 62 90122152175185182168148128115111118132150166175170152122 86 54 31 2524 221G4 51418516121759999999999999910521112252 2599999999999999
 36 63 99138172192195181158131108 97 99114138163182188177150112 71 36 1724 222G4 5391961653189999999999999991119 962328 1499999999999999
 17 38 75119161192203194170139108 87 83 96121152180198197175139 94 52 2024 223G4 6 32031727200999999999999991145 822359  899999999999999
  8 20 53 97145185206205183150114 84 70 77102135170197207196164121 74 3324 224G4 6262091759207999999999999991210 70999999999999999999999
  9 10 36 78127173204211195163123 87 64 62 82115154188209208185146 99 5324 225G4 648212182921199999999999999 027  71235 6099999999999999
 20 10 26 63111159197213205176136 95 64 52 63 93132171200211199168124 7824 226G4 7 9213185921199999999999999 053 1013 0 5299999999999999
 39 19 25 53 97145186210210187150107 70 48 50 7310914918420520518314710424 227G4 730214193020899999999999999 118 181326 4699999999999999
 63 36 31 51 87132174203212196163121 81 52 43 57 8712416118920019116412724 228G4 75021220 320099999999999999 141 301353 4399999999999999
 88 58 45 55 83121161193207200174135 95 62 44 47 6910113616718618917314524 229G4 811208203719099999999999999 2 5 451420 4399999999999999
113 83 65 65 84114149179198199181149111 76 53 46 57 8111114116517617315624 3 1G4 832201211617799999999999999 229 631451 4699999999999999
132107 88 82 91112139166185192183159127 94 68 54 54 67 8811313715516215824 3 2G4 85619222 616299999999999999 254 821528 5299999999999999
145128113104105116133153170180179165142114 89 70 60 62 72 8810712614014824 3 3G4 923181233014899999999999999 3231031621 6099999999999999
148142135128125126133143154164168164152134113 94 78 68 65 68 78 9311012524 3 4G410 1168999999999999999999999 4 71251759 6599999999999999
137146150150148144141139141146151155155150139124106 87 71 60 56 61 73 9224 3 5G4 234151112815699999999999999 7 21391958 5699999999999999
113135154167171167157144133128130137147155159155141120 94 68 47 37 38 5324 3 6G4 4 017114 015999999999999999 9131282121 3699999999999999
 79110144172189191179158135116108112127147166178177161131 95 58 30 15 1824 3 7G4 43919215271799999999999999910 91082219 1499999999999999
 40 75119161194209203180147115 92 85 98124155184201199176136 89 45 11 -424 3 8G4 5122101624203999999999999991050 8523 6 -499999999999999
  6 38 85138186217223204168126 87 64 66 90128170205223215183134 80 30 -324 3 9G4 5442241713223999999999999991127 622347-1299999999999999
-11  9 51107164210233225193146 96 57 41 53 89138186223237221180126 69 2024 310G4 61523317582379999999999999912 4 41999999999999999999999
 -7 -4 27 78137191229236214170116 65 31 25 50 96150200233239216170115 6024 311G4 645237184224199999999999999 024-101240 2499999999999999
 19  4 19 59112168213235227192141 85 38 14 22 5610616020723323020115610424 312G4 713236192523599999999999999 059  41316 1399999999999999
 58 29 29 55 98147193224229206163110 59 22 11 29 6711716620522121218214024 313G4 74023020 822299999999999999 131 251352 1199999999999999
 97 64 52 63 94134175207220210179134 85 43 19 19 42 8012416619420219016224 314G4 8 5220205220299999999999999 2 1 521429 1699999999999999
129 99 81 81100129161189206205185152111 72 41 29 35 58 9012615817717916824 315G4 827208214018099999999999999 228 7915 9 2899999999999999
148125109104112130152173188192183161132100 71 52 45 52 70 9512214415715924 316G4 848193224215999999999999999 2521041557 4599999999999999
152141131125127136148161171176172161144122100 81 68 62 65 76 9311212814024 317G4 9 6176999999999999999999999 3131251711 6299999999999999
146147145143143145148151155157157153147137125111 97 84 74 70 74 84 9911524 318G4 045147 92015799999999999999 32914319 1 7099999999999999
130142151157159157153147142139138139141143143138127111 93 76 66 65 73 8824 319G4 4 215913231439999999999999910 01382039 6499999999999999
108130150165172171162148134124119121129140151157154140119 93 70 56 53 6324 320G4 42117215131579999999999999910121192142 5399999999999999
 84111140166181184174155133114102102112129150167174167146117 84 58 43 4424 321G4 44218516 31749999999999999910331012226 4199999999999999
 61 90125160185195188167139111 90 84 92113140167186188173143106 70 43 3324 322G4 5 41951640189999999999999991056 8423 1 3399999999999999
 42 69107148182201200180149114 85 69 72 93124159188202195170132 90 53 3124 323G4 5262031712202999999999999991120 682330 2899999999999999
 31 53 90134175203209194162122 85 60 55 71103143180206211193158115 72 4024 324G4 5472101743212999999999999991144 542358 2899999999999999
 28 41 75119164199215205176135 92 58 42 51 80121164199217210182141 96 5624 325G4 6 721518142179999999999999912 8 42999999999999999999999
 35 37 64105151192215214189149103 62 36 35 57 96141184212218201165122 7924 326G4 627218184521999999999999999 023 331234 3299999999999999
 49 41 58 94139181211218200164118 72 38 26 39 7211616119721621118514610424 327G4 648219191721799999999999999 048 411259 2699999999999999
 69 52 59 87127168202217207177133 87 48 26 27 52 9013417520321019616612924 328G4 7 8217195021199999999999999 113 521326 2399999999999999
 93 70 67 85118156189209209187148104 63 34 25 38 6910814818119919717814924 329G4 729212202520199999999999999 138 651353 2599999999999999
117 91 80 89113145175198204191161122 82 49 32 34 54 8512015317818818116224 330G4 75120421 418899999999999999 2 4 801424 3099999999999999
137114 99 99113136161183194189170138103 71 48 40 47 67 9412315016717216624 331G4 815194215617299999999999999 231 9715 1 4099999999999999
152135121116120133150166178181171151125 96 72 56 52 58 73 9411713815215924 4 1G4 844181232015999999999999999 3 41151554 5299999999999999
158151143136134136142151160165165157142123102 83 70 62 63 70 8510312213924 4 2G4 927166999999999999999999999 4 21341728 6299999999999999
151159161158153147142139140144149152152146135119100 82 67 59 59 69 8710924 4 3G4 155161112315399999999999999 7151391927 5899999999999999
132154170178176166151135124120124135147157161156140117 90 65 49 44 52 7424 4 4G4 319178135816199999999999999 8571202052 4499999999999999
103136167189197189168142116 99 95106126151172184180160128 92 58 35 29 4124 4 5G4 4 0197151718599999999999999 945 952151 2999999999999999
 70109151188210211191158121 88 69 71 93126163193209202175133 88 49 24 2124 4 6G4 4332131613209999999999999991024 682238 2099999999999999
 41 79126174211226215182137 91 55 41 54 88133179215229216180132 83 42 2024 4 7G4 5 422617 12299999999999999911 2 412319 1999999999999999
 25 55100152199229231206161107 58 25 21 46 91145196231240219178127 77 4024 4 8G4 5352341747240999999999999991139 192357 2799999999999999
 27 43 80130180220237224185132 75 28  4 12 48101159209239239213169119 7424 4 9G4 6 42371831243999999999999991215  3999999999999999999999
 47 46 71112160204231232205158101 47  7 -4 15 5811417021423522819915711224 410G4 632235191423699999999999999 032 431252 -499999999999999
 77 62 73104144185217229215179129 75 28  1  1 28 7412717621122321118114424 411G4 659229195722399999999999999 1 5 621329 -399999999999999
109 87 85103134169199217215191152104 58 22  7 17 47 9013617620020519016524 412G4 724219204220599999999999999 135 8314 6  799999999999999
135112102110130157182200205193166129 89 53 29 24 38 6610213916918518517224 413G4 748205212918799999999999999 2 41021446 2499999999999999
152133121120131148167182189185170145115 84 59 45 45 57 8010813615816816824 414G4 810190222816999999999999999 2321191533 4399999999999999
160148138133136144154164171171165152133112 91 74 64 63 71 8710812914515524 415G4 834172235915899999999999999 3 51331639 6299999999999999
158156151147145145146149152153152149142132119105 91 80 74 77 8710312013724 416G4 9 8153999999999999999999999 4321451812 7499999999999999
149158161160157151144138134133135138142143141133120104 88 78 76 82 9711524 417G4 220161125914399999999999999 8531331944 7599999999999999
135153166172170161148133121115115122133145154155148131110 89 74 70 77 9424 418G4 318172144215699999999999999 9271142053 7099999999999999
117142164179183175157135114 99 95101117138157170171159136108 83 66 64 7624 419G4 348183153517299999999999999 954 952141 6399999999999999
 99128158181193188170143114 90 77 80 97123151175188183163133100 73 59 6224 420G4 4141931615188999999999999991020 772219 5899999999999999
 82113147179198200184155120 87 65 60 74102137171195201188160124 89 64 5724 421G4 4372021650202999999999999991046 602252 5799999999999999
 69 98135171199209198170131 91 59 44 51 77115156191211208186151112 78 6024 422G4 4592091723213999999999999991112 442322 5899999999999999
 62 85121161195214210185146101 61 36 32 52 89134177209220207177138 99 7124 423G4 5212151757220999999999999991139 312351 6299999999999999
 62 77109148186212218199162116 71 35 20 31 62107154196220220199163124 8924 424G4 54321918302239999999999999912 6 20999999999999999999999
 70 74 99136174206219210178134 86 44 18 17 39 7912717320822221218514811124 425G4 6 622019 522299999999999999 020 691234 1499999999999999
 85 77 93124161194215215192152105 60 26 12 23 55 9814418621121519916913524 426G4 630218194121799999999999999 048 7713 4 1299999999999999
104 88 93115147180204213200168126 81 43 19 17 37 7211415619020620318415624 427G4 655213202020899999999999999 118 871335 1599999999999999
126105 99111136165189204201180145105 66 36 23 29 53 8712516118619618917124 428G4 72220521 419699999999999999 149 991410 2399999999999999
147126113114129150172189194184161128 93 62 40 34 43 65 9512815717718317824 429G4 75319422 118399999999999999 2241121454 3499999999999999
164146132125128139155170179180169148121 93 68 52 47 54 72 9712414816617424 430G4 833181232017599999999999999 3111251553 4799999999999999
173164153142136135140148158164166159145125103 82 66 58 60 72 9211614015924 5 1G4 941166999999999999999999999 4361351717 5799999999999999
172176172163151139131129132140149157159153140120 98 78 64 60 67 8510913524 5 2G4 1 0176114615999999999999999 6551291853 6099999999999999
160178186184171153132116108110121138155167169160140114 87 67 57 62 8010724 5 3G4 217187134317099999999999999 8181072012 5799999999999999
139169191200194173144115 91 81 86106133161182190181157125 92 67 55 60 8124 5 4G4 3 6200145919099999999999999 910 812113 5499999999999999
114151185207212197165126 88 61 53 67 97135173201211199169132 95 66 55 6424 5 5G4 344213155721199999999999999 953 5322 4 5599999999999999
 91129169203221217190147100 58 32 31 54 95143188218226209175134 95 68 6124 5 6G4 4192231648226999999999999991033 282249 6199999999999999
 76109150190220229212174123 71 30  9 18 51101154202230233211175133 95 7324 5 7G4 4522291736235999999999999991113  92329 7099999999999999
 73 96132172208229226198151 97 45  8 -3 15 57111167212235232206169129 9724 5 8G4 5232311822237999999999999991152 -3999999999999999999999
 83 91118155192220229214177127 73 25 -3 -4 23 6912417721623122219516012524 5 9G4 55422919 623299999999999999 0 7 821231 -799999999999999
101 96111141174204221219195154104 55 16 -2  7 39 8513718321322120818215024 510G4 624223195022299999999999999 043 951310 -299999999999999
122107111131158186207214203174133 88 46 17  9 24 5710114718420520719216724 511G4 654214203420999999999999999 1171071350  999999999999999
141122117126146169189201199183154117 79 46 27 27 45 7611515218119419217724 512G4 724202211919599999999999999 1511171431 2599999999999999
156137126127137154171183188182165139108 78 54 43 46 64 9112415317418317924 513G4 75718822 918399999999999999 2281251517 4299999999999999
166151138132134142153164171172165151131107 85 67 60 63 7810212815116817424 514G4 83817223 917499999999999999 3141321611 5999999999999999
171162151141136136139145151156157154145131113 96 81 74 76 8810712914916424 515G4 950157999999999999999999999 4361361718 7499999999999999
170170163154144136131129131136142147150147138124108 93 84 83 9310913015024 516G4 022171115915099999999999999 6571291833 8299999999999999
165173174168156142129118113114122133145154156149135118100 89 86 9511213424 517G4 136174134515699999999999999 8161131943 8699999999999999
155172181180171154133114 99 94 99113132151164169162145123103 90 87 9811724 518G4 228182145316999999999999999 859 942041 8799999999999999
142165183190185168143116 92 78 77 90112139163180183172150125102 89 8910324 519G4 3 6190154318499999999999999 934 762128 8799999999999999
128155180195197183157125 93 68 58 65 87118152181196195178151122 98 88 9324 520G4 33719816251989999999999999910 6 5822 9 8799999999999999
114143172196206198174138100 67 45 43 60 92131170198210201178147116 95 8924 521G4 4 520617 4210999999999999991037 422247 8999999999999999
102129161190209210190156114 73 42 28 36 64104148188213217202173139109 9324 522G4 43321217422189999999999999911 8 282322 9199999999999999
 95116147180205216205175133 88 48 23 18 37 7412016620422221819616413010424 523G4 5 12161819223999999999999991141 172357 9499999999999999
 94106132165196215215193155109 64 29 11 18 46 8813618221322421318715312124 524G4 5312181858224999999999999991214 11999999999999999999999
101101120150181207217207177134 88 46 17  9 24 5810315119221621920317514324 525G4 6 2217193822199999999999999 031 991250  999999999999999
116104111134164192210212193158115 71 35 14 14 36 7311716119621321119216424 526G4 635213202121499999999999999 1 71041328 1199999999999999
136115111123147173196206201178142101 62 32 18 25 49 8612716619520620118224 527G4 71220721 920699999999999999 1461101410 1899999999999999
156133118118132153175192197189165132 95 61 37 29 38 62 9613316719119919224 528G4 75519722 219999999999999999 2301171458 2999999999999999
175153134123124135152169182186178158129 97 68 48 42 51 7310313716618719424 529G4 85118623 119499999999999999 3251221554 4299999999999999
188172153135124122129142157170176171157133106 80 62 56 63 8110813916618524 530G410 7176999999999999999999999 4421221659 5699999999999999
192188173154134120113115126141158169171163144120 96 77 69 73 8811314216924 531G4 0 5192114317299999999999999 6151121812 6999999999999999
188196191175152128107 95 95106126149167177174160137112 92 80 81 9512014824 6 1G4 1 8196131917799999999999999 732 931925 7999999999999999
175194202195175146114 88 72 72 88114144171187189177153127103 89 8910312824 6 2G4 2 2202143819099999999999999 830 702031 8799999999999999
157184203208197169133 95 64 48 51 73107145178200204191166137112 97 9711324 6 3G4 249209154420599999999999999 920 472130 9599999999999999
139169196212213194159116 74 41 27 36 6510615018921321620117414311710310524 6 4G4 33121516402179999999999999910 7 27222210199999999999999
123151181206219212186144 97 53 22 13 28 6411115920022322320517614411910724 6 5G4 4112191731226999999999999991052 1223 910799999999999999
113135164193215221207173127 78 35  9  6 29 7012017020922822420217214111824 6 6G4 4502211818229999999999999991135  4235211199999999999999
111123147176202219218196158110 62 23  3  8 37 8213318121522721819416313424 6 7G4 52722119 2227999999999999991218  2999999999999999999999
117116132158185208217209182142 95 51 18  6 18 51 9714719021622120718115124 6 8G4 6 4217194422199999999999999 03111413 0  699999999999999
127116122141167191208211196167126 83 44 19 16 34 7011516019521221019316724 6 9G4 641211202321499999999999999 1 91161340 1499999999999999
140122118129149173192203200182151114 75 44 27 31 54 9013117019620619817824 610G4 71820321 120699999999999999 1451181419 2699999999999999
153132120122135154173188193186167138105 72 49 41 50 7510914517619419718624 611G4 758193213919899999999999999 2231191458 4199999999999999
166144127121125137154169179182173155129101 75 59 57 69 9412515618019118924 612G4 844182222019299999999999999 3 51211539 5699999999999999
176157138125121125135148160169170163148126103 84 73 74 8711013716318118724 613G4 94117023 418799999999999999 3591211624 7299999999999999
183169152136124119121127138149158161157146129111 95 88 9010212214616718124 614G41058161235318599999999999999 5151191718 8799999999999999
18517916614913312011211011612613915115815815113812210810110211313115317124 615G41232159999999999999999999999 643110182210099999999999999
183186179165146127110 99 9610211613314916116616114913411911011012013815824 616G4 04718614 016699999999999999 750 96193010999999999999999
176187188180162139116 95 82 80 9010813115417117817416114412711611512614424 617G4 13918915 917899999999999999 840 80203311499999999999999
165182193192179156128 99 76 64 66 8110613616418519218617014912911711813024 618G4 22619416 319299999999999999 923 63212811699999999999999
151173191199194175145111 79 56 47 54 7711014617820020519517414912711611924 619G4 3 919916492059999999999999910 3 47221711699999999999999
136159183201205194167131 92 59 37 33 48 7811815919421421419917314512311424 620G4 3492061732216999999999999991042 3223 111499999999999999
122143170194210209190156114 73 39 21 24 47 8513017420822321819716713711724 621G4 4282121813224999999999999991122 20234211299999999999999
113127152181205216209182142 97 55 23 11 21 51 9514418821922821619015812824 622G4 5 721618552289999999999999912 3 11999999999999999999999
112114133162192213219205172128 81 40 13  7 24 6010815720022422720918014724 623G4 548219193622899999999999999 0231101245  699999999999999
120109117141171199217217197161115 69 31  9 10 34 7412217020822522119916824 624G4 631220201822699999999999999 1 41091327  699999999999999
136113108122148177202216212188150105 62 28 13 20 48 9013718121222221318824 625G4 71721721 022299999999999999 1461071410 1299999999999999
156127109109125150178200210203179142100 61 33 25 37 6710815118921221620224 626G4 8 7210214221799999999999999 2311061454 2499999999999999
176146120106108124148173193201194171137100 67 46 43 58 8812516319421020924 627G4 9 3201222521299999999999999 3211051539 4299999999999999
193166137114102104118139163182191185166138107 80 65 66 8110814017219620724 628G410 8191231120799999999999999 4201011628 6499999999999999
202184158130108 96 96107127150170181180167145120 99 88 8910212515217919724 629G41124182235920399999999999999 530 941725 8799999999999999
203197178152124101 86 83 9211213715917518017315713712010910911913716118224 630G41253180999999999999999999999 645 82183410899999999999999
197201194175148118 91 73 67 76 9712515217318418317215513912612313014516524 7 1G4 054201142418599999999999999 753 67195112399999999999999
184197201193173143110 79 58 51 61 8511714917719319618717015213713013514924 7 2G4 152201154319799999999999999 853 5121 613099999999999999
167186199204194171138100 66 43 37 50 7811415218520520919917915814013113524 7 3G4 250204164520999999999999999 949 37221113199999999999999
150169189204207195168130 89 53 30 26 43 7611816119621621820418115613612824 7 4G4 3452081735219999999999999991040 2523 412899999999999999
134151173195209210194162120 77 41 20 21 43 8212817320822422020117414712824 7 5G4 4342121818225999999999999991128 18234812399999999999999
123133155180202215211189153108 65 30 14 22 51 9414318821722721619116113424 7 6G4 5182151855227999999999999991211 14999999999999999999999
119120136161188209217207180140 95 53 23 15 31 6611316120122322320517614524 7 7G4 6 0217193022599999999999999 0261171251 1599999999999999
121112121142170195212215199167125 81 44 22 24 47 8713517921122221318815824 7 8G4 63821620 222299999999999999 1 11121327 2099999999999999
129111110125150177200212207186151110 70 40 29 40 7111315719421521619817024 7 9G4 715212203121899999999999999 13310814 0 2999999999999999
140116106112132157182200206195170136 98 64 44 44 63 9713817620421320518224 710G4 75220621 021399999999999999 2 61061431 4199999999999999
153125108105117137161182195195181156123 91 66 56 65 8912315919020720719124 711G4 831197212920999999999999999 24010415 2 5699999999999999
166138115104107120139160177186183168145117 92 76 75 8911414517519720419724 712G4 916186215920499999999999999 3191041534 7499999999999999
178152128110104108120136154169176172159140119101 93 9711213516118419719824 713G41010176223319999999999999999 4 61031611 9399999999999999
18716614312210710210511513014616016716615714312811611211712914916918619424 714G41122167231319499999999999999 5 8102165911299999999999999
191178159137118104 97 9810612013715216216516215314213312913114015617218524 715G41259165999999999999999999999 625 96181212899999999999999
190186174155134114 97 88 86 9411012914816317217316715714713913814515717224 716G4 0 4190143817499999999999999 738 86194013899999999999999
183188185173154130107 87 74 72 8210012414917118418818217015514313914415624 717G4 1 8188155118899999999999999 839 72205813999999999999999
171184191189175153125 96 72 58 57 70 9412415618320020319417615614013414024 718G4 216192164420499999999999999 934 5522 013499999999999999
155173190198195179151116 82 55 40 42 60 9112916819921621520017515013212624 719G4 3171991727218999999999999991024 39225112699999999999999
136156179199209203181146105 66 37 23 29 55 9414018421622922119816813912024 720G4 41020918 7229999999999999991111 23233511799999999999999
119134160189211220210180138 92 50 20 10 23 5710415520123023622019015512424 721G4 4592201845237999999999999991156 10999999999999999999999
108113136168200223228212176129 79 35  8  4 26 6712017421723923621217613824 722G4 547229192224199999999999999 0161071238  299999999999999
108 98111140176209231232209168118 67 26  4  9 39 8614119222924222919815824 723G4 633234195924299999999999999 056 981319  399999999999999
119 94 92112145183215233229202159108 60 24 12 26 6211116320823523721517924 724G4 720234203423999999999999999 136 901357 1299999999999999
138103 85 90114149185215228220191148102 60 34 32 53 9113818421923322519824 725G4 8 822921 723499999999999999 217 841435 3099999999999999
160120 91 80 90115149182208218207179141101 69 54 61 8512116219822122520924 726G4 858218214122699999999999999 3 0 801512 5499999999999999
179142107 84 78 90113144174196203193170139109 88 82 9311614717920421721224 727G4 954203221421799999999999999 349 781550 8299999999999999
193163130101 82 78 8810813516118118818216614412511311212214116418720320724 728G411 2188225220799999999999999 447 78163411199999999999999
199180154125100 83 77 83 9912214716617617716915714513813714315617118619524 729G41233178234219799999999999999 6 1 77173813799999999999999
197190174151126101 83 73 74 8810913315417117917917416615815315315916917924 730G41432180999999999999999999999 721 72192715299999999999999
187190187174154129103 79 65 64 75 9612315017318819419018016815715215416124 731G4 1 019016 519499999999999999 837 63211515299999999999999
172182190190180160132100 73 55 52 64 8812015418320220820118616715114314424 8 1G4 232191165720899999999999999 942 51222414299999999999999
153168184196198188164130 94 62 43 41 57 8712616519821621820418215713813024 8 2G4 3441991734219999999999999991037 3923 912999999999999999
134149170191206207192162123 82 49 32 34 57 9514018221422621919716814112224 8 3G4 43620918 7226999999999999991122 30234411799999999999999
118130152179203217213191154110 68 37 25 36 6811216020222622921118214912124 8 4G4 51921718362309999999999999912 1 25999999999999999999999
107112133162192215223212182139 94 53 28 26 48 8813718421823222219516112724 8 5G4 55622319 423299999999999999 0151071235 2499999999999999
104 99114142175204223223203166121 77 42 28 38 7111616420522822820717413724 8 6G4 631226192923199999999999999 044 9813 5 2899999999999999
106 92 98122154188213224215187147103 64 40 39 6110014719022022921618614924 8 7G4 7 4224195322999999999999999 112 911332 3699999999999999
114 91 88104133166197216218201169129 89 59 48 60 9113317520922622119716224 8 8G4 737220201622799999999999999 140 871358 4899999999999999
126 97 84 91113144175200212206184151115 83 65 68 8912316219721922120517524 8 9G4 811212203822399999999999999 2 9 841423 6499999999999999
140108 87 84 98122151178196201191168138109 88 82 9411915118320821720918624 810G4 84920221 221799999999999999 240 831449 8299999999999999
154122 97 86 8910512815317518818817715713311310210512114417119420820819324 811G4 932190212721099999999999999 315 85151710299999999999999
167138112 94 88 9410912814916717617616715313712612212814216118019620119424 812G41028178215720199999999999999 357 88155112299999999999999
178154130109 96 92 9610712314115616616816515814914414214615516818118919024 813G41156169223819199999999999999 458 92164514299999999999999
183168149128110 98 91 91 9911212914515916817217116716115715515816517418124 814G41417172234918399999999999999 628 90185515599999999999999
182178167151133113 97 85 80 85 9811613715817518518818417416315515215716524 815G41551188999999999999999999999 8 0 80205015299999999999999
175181182175160139114 90 72 64 67 8210613616519020420619617815914514014524 816G4 139183163820799999999999999 913 63215814099999999999999
159175188194189171143110 78 54 43 49 7010314218020922321819917314612812524 817G4 3 41941715223999999999999991011 43224412499999999999999
136157182202212204180143101 62 34 24 35 6510915720023023722219315812610924 818G4 4 62121749237999999999999991059 24232410799999999999999
111131162195220229217184137 88 45 17 11 32 7212417822324624221617713610324 819G4 4572301822247999999999999991142 10999999999999999999999
 90101132172210237243222181128 75 31  7 11 41 9014820224125323720115411024 820G4 543244185425399999999999999 0 2 901222  599999999999999
 80 76 98138183224249248220173117 64 24  9 25 6411817522425225022217712724 821G4 628252192625499999999999999 039 741259  999999999999999
 85 63 70101145193232251243210161108 60 30 27 53 9715020123825123519815024 822G4 713252195625199999999999999 116 621335 2599999999999999
102 66 55 70107152197231243230196150102 65 48 58 8913217921924123921417224 823G4 759243202524399999999999999 154 5414 8 4899999999999999
125 83 57 55 76113155195222228212180142105 81 78 9512616319922523322018924 824G4 846228205223399999999999999 234 531440 7699999999999999
149107 74 58 62 8411615318620520819416914011710611113015618420721921619824 825G4 937209211822099999999999999 316 57151110699999999999999
168133100 76 66 71 8911614517118618818016414813713414215617319020220519724 826G41042189214620699999999999999 4 8 66154313499999999999999
180155128104 85 77 79 9011013315316817417416816215815816116817618418918924 827G41223175222519099999999999999 520 76163515899999999999999
182170154134114 97 85 80 8610011813815616917718118017717216816616717017324 828G41517181999999999999999999999 657 8020 516699999999999999
176176172162146126105 86 76 76 8710612915317418919619418617316115315115424 829G4 032176161819699999999999999 828 75215315199999999999999
162172180182175158133105 81 66 64 76 9912916118820521020118416314513513424 830G4 247182164921099999999999999 937 63223213399999999999999
144160178192197187164132 98 69 53 54 7210214017720622021619717114412411624 831G4 3521971716220999999999999991027 5123 111699999999999999
123142167191208210193162123 84 55 42 50 7711616019922322721118315012110424 9 1G4 43621117412289999999999999911 7 42232810299999999999999
104122150182209222216190151107 68 42 38 57 94140185219233224196160124 9724 9 2G4 51222318 5233999999999999991140 372354 8999999999999999
 89101130165200224230213178134 89 53 37 46 77121169210233232209173132 9824 9 3G4 54523018272369999999999999912 9 37999999999999999999999
 80 84108144184216233228201160114 72 46 43 6610615319822923722018614410424 9 4G4 616234184923799999999999999 019 781236 4199999999999999
 77 71 88122162200227234217183140 96 63 50 62 9514018522023722819915811524 9 5G4 64723419 923799999999999999 045 7013 1 5099999999999999
 81 64 72100138179212229225201163122 85 64 66 9112917221023223120917112924 9 6G4 719231192923599999999999999 111 641325 6299999999999999
 90 66 63 82115154190216223210182145110 84 77 9212316119722323021518314324 9 7G4 751223194923099999999999999 137 611348 7799999999999999
104 74 62 71 96130165195211210192164133107 94 9912115218521122321619215724 9 8G4 826213201022399999999999999 2 4 621412 9399999999999999
120 88 69 67 8310914017019220019417615313011411312514817319721121219716924 9 9G4 9 4200203221499999999999999 234 66143711299999999999999
137105 83 73 78 9411814316618218618016615013613113514816518319720219517724 910G4 953186205720299999999999999 3 8 7315 513099999999999999
152125102 86 82 8710011813815616817317116515715115015416117118118818818024 911G41111173213118999999999999999 356 82154415099999999999999
165146125108 95 90 90 9711012514215516517117317216916616416316617017417524 912G414 3173224517599999999999999 524 89184016399999999999999
172163151135119104 91 85 85 9410912814816718119019018517416315415115416124 913G41537191999999999999999999999 725 84205715199999999999999
169174174166151130107 86 71 67 75 9311914917820021020619217015013513113924 914G4 129175161521099999999999999 851 67214913199999999999999
154172187194187167137104 73 52 47 58 8412116219822222721418715512711011124 915G4 3 2194164622899999999999999 951 46222710999999999999999
128156185208217207179138 95 57 34 31 50 87134183222241236210171130 98 8524 916G4 4 02171717242999999999999991038 2923 3 8599999999999999
 95125164203231239221183133 83 42 21 26 56103158209244252233193145 99 6824 917G4 4492391747253999999999999991119 192339 6299999999999999
 64 87129178222250252226179124 72 33 20 36 76130186233257251217167113 6724 918G4 5342551817258999999999999991158 20999999999999999999999
 44 52 87138192237261255221171115 66 35 33 60107162213249258236191136 8224 919G4 618262184625999999999999999 015 431234 3099999999999999
 42 31 50 94149203244260246209159108 68 50 60 9514219223225324521116110624 920G4 7 2260191425499999999999999 052 3013 7 4999999999999999
 57 29 29 58105158207240248230193149107 80 76 9613217421323924322218313324 921G4 746249194024499999999999999 129 251339 7499999999999999
 84 45 29 39 7111516320422822920917814311410110813116319522123122319615724 922G4 83223120 523199999999999999 2 6 2914 910199999999999999
113 73 47 41 55 8512316219220820619016714412912713815918220221421419917224 923G4 923209202721699999999999999 247 40143812699999999999999
139105 77 60 59 71 9512415417618718717716415314815116017318619519819217824 924G41026188204919899999999999999 335 5815 714899999999999999
157133110 90 78 76 83 9811914115917017417317016716516716917317617817717324 925G41215175211217899999999999999 446 76155816599999999999999
165154139123108 95 87 87 9511012814616117217918218117717016416015815816024 926G41512182999999999999999999999 631 86212315899999999999999
163164162154140123104 90 83 87 9911814116318119219518917716214813913714224 927G4 057164155119599999999999999 8 8 83214913799999999999999
152164174177170153129104 84 74 77 9311714617419620620318816714412611712124 928G4 251177161620799999999999999 916 74221311799999999999999
134154175190194182158126 96 73 64 72 9412616219321321620217614611910210024 929G4 34419416402179999999999999910 2 642237 9999999999999999
114138167193208206186153116 82 61 58 75106146184213225215189154119 93 8224 930G4 42321017 2225999999999999991038 5723 1 8299999999999999
 92117151186213222210181141100 69 54 62 89129172208229226203166126 90 702410 1G4 45722217242319999999999999911 9 542326 6899999999999999
 72 94130171207229228205168124 85 60 57 77114158199228234216180137 95 652410 2G4 5282311745235999999999999991138 552351 5699999999999999
 56 72106149192224236224192150107 74 60 71102145188222237226194150105 672410 3G4 55923618 52379999999999999912 4 60999999999999999999999
 48 54 82124171211234235212175132 94 71 71 95133176213234232206165118 752410 4G4 630238182523799999999999999 016 471229 6899999999999999
 47 42 62 99145189222235224195156117 88 78 92124164201227233216179134 892410 5G4 7 2235184523499999999999999 042 411254 7899999999999999
 54 39 48 78119163201224226208176140109 92 961191531882162292201911491062410 6G4 73522819 622999999999999999 1 8 391319 9199999999999999
 68 45 43 62 961371752052182111901601311101051191451762032192181981641242410 7G4 8 9218192722199999999999999 135 41134510499999999999999
 86 58 47 56 801131481792002051951741501301201241411651882052101991741412410 8G4 848205194921099999999999999 2 4 47141211999999999999999
107 78 60 58 71 941221511751881901801651491381361431581751891971941791562410 9G4 936191201619799999999999999 238 57144313599999999999999
128102 81 70 71 82100122145163174177174166157152152156164172179181177165241010G41053177205318299999999999999 325 69153415199999999999999
148128108 93 83 81 85 97114132150164173176176172167162158157159163165166241011G41316177223516699999999999999 449 80184915799999999999999
162153140124107 93 83 80 86 99118140161178189192186175161148139138144154241012G41450192999999999999999999999 650 80203813899999999999999
164170169160143120 97 78 68 71 85109139168193207208195172147125114115129241013G4 126171153220999999999999999 819 68212311399999999999999
150172188193183159127 94 68 54 57 77109148186214225217192157121 95 85 95241014G4 25119316 522699999999999999 920 5322 0 8599999999999999
121155188212218203170129 88 57 43 51 80121167208234237215176131 89 62 59241015G4 34821916362399999999999999910 8 432237 5799999999999999
 81121167209235238215174126 81 50 41 58 95143192231248237201151 98 55 33241016G4 43624017 6248999999999999991051 412313 3399999999999999
 42 77128182228253249218172121 76 50 50 76120171217247250224176119 64 25241017G4 5222551736253999999999999991130 462350 1499999999999999
 14 35 81139196241260248213165116 77 60 71104150198235252240201147 88 37241018G4 6 726018 52529999999999999912 7 60999999999999999999999
  7  8 40 92151207245256238201156113 84 79 99136178217242244219174118 63241019G4 652256183424699999999999999 028  41242 7899999999999999
 21  3 15 53105161210239242222187148115 98104129163198225236225193147 96241020G4 73724419 123699999999999999 1 6  31315 9899999999999999
 50 19 13 32 70118167205225223203174144122117129154181206221220201168126241021G4 823227192722299999999999999 144 12134711799999999999999
 84 49 30 31 52 86127166194207202186164145134136150168187201205197178149241022G4 913207195220599999999999999 226 28141913499999999999999
116 84 60 49 53 71 98130159180189186175162151147151160171181186185176160241023G41013189201918699999999999999 314 49145814799999999999999
140116 94 78 70 72 84104128150167175176172166160158157159162165166165160241024G4113817721 316699999999999999 418 69163415799999999999999
153141126110 96 86 84 90104122142158170176177174168161153147144144147151241025G41339177999999999999999999999 548 83203014499999999999999
155155151141126109 95 88 89100117138158174183186181169154139128123125134241026G4 040156144818699999999999999 719 8721 912399999999999999
147159167166155137115 96 85 85 97117142166185195194181161138117105103113241027G4 225167152319699999999999999 829 84213710299999999999999
131153172183180165141114 91 80 82 99124154181200205195173143114 92 83 90241028G4 320184155020699999999999999 919 7922 3 8399999999999999
110139168190199191168137107 84 76 84108140173200213208187154117 86 68 68241029G4 4 1199161521499999999999999 959 762229 6699999999999999
 87118154187208211194164129 97 78 77 94125162195216219201167127 88 59 50241030G4 4372121637220999999999999991033 752256 5099999999999999
 62 93133174207222215190154117 88 76 85112149186214225214183140 96 59 38241031G4 51122317 02259999999999999911 4 762322 3799999999999999
 42 67107153195223229212180141106 83 82102136174208226223197156109 66 352411 1G4 5442291722228999999999999991134 802349 2799999999999999
 27 44 80127174213231226201165127 97 85 96124161197222227210173126 79 412411 2G4 61723217442289999999999999912 2 85999999999999999999999
 22 28 56 99148192222230216187150116 95 95115148184212226217188144 97 552411 3G4 65023118 822699999999999999 017 211231 9299999999999999
 27 21 38 74119165203223222201170137111101111137169199218219198162118 742411 4G4 725225183222199999999999999 046 20125910199999999999999
 40 24 29 54 93136177206216208185156129112112129156184205213203176138 972411 5G4 8 2216185821399999999999999 116 23133011099999999999999
 61 37 30 43 721081471802002041931721481291211271451681882012001841551202411 6G4 844205192720299999999999999 149 3014 312199999999999999
 86 58 42 43 58 851181501761911921821651471351321401541701831891841671422411 7G4 93519320 318999999999999999 228 40144513299999999999999
113 85 64 54 56 70 921191461681811831771651531441411451531621701731701582411 8G4104418421 017399999999999999 320 53155614199999999999999
139117 95 77 66 66 75 921151401611751821801721621511421391401451531591622411 9G41216182225616299999999999999 434 65181513999999999999999
158147130111 91 77 71 75 88109134158177188190182167149133121118124136151241110G41339190999999999999999999999 6 8 71195211899999999999999
163168164150129105 84 72 71 83106134163187201201188165137112 95 91102123241111G4 1 6168143320399999999999999 734 702045 9199999999999999
149172186186171145114 88 71 68 81108142175202215210187153115 83 64 65 84241112G4 230187151421599999999999999 840 672128 6299999999999999
117154187207207188156120 89 70 68 86118156193219226211176131 86 50 34 43241113G4 332209155022699999999999999 934 6622 9 3499999999999999
 74118165204226224200163123 90 71 75 98135176211232229202157104 55 21 12241114G4 4242281624234999999999999991021 702249 1199999999999999
 31 72125178220240232204164123 91 78 88117156196226237223185132 76 27 -1241115G4 51324016572379999999999999911 5 782329 -599999999999999
  0 29 78136191230245232201160121 94 89105138176212234233208162107 52  9241116G4 6 12451730237999999999999991145 88999999999999999999999
-11 -1 36 89148200233241224192154120101103125158193220232221188140 86 36241117G4 64724218 323299999999999999 010-111224 9999999999999999
  1 -9 10 50103158204229230211179146119109119143173201219221202166120 71241118G4 732232183522399999999999999 050 -913 010999999999999999
 29  5  4 27 68117165202218214194167139122120133156181201210204182147106241119G4 81721919 821099999999999999 132  1133711999999999999999
 65 33 17 23 48 86129168195205198179156136127130143162180192194185163133241120G4 9 3205194319599999999999999 214 17141512699999999999999
 99 67 44 36 44 68101136167186191184168150137132136147160171177176167149241121G4 952191202417899999999999999 259 3615 113299999999999999
126 99 76 60 55 64 84111140164178181175162149140136137142149156160160154241122G41047181213016199999999999999 350 55161413599999999999999
143126106 88 76 72 79 96118141161173176172162151141134130130133139145149241123G41153176233215099999999999999 451 72183013099999999999999
149144133118102 90 85 89102122143161173177174165152138125116113116124135241124G413 3177999999999999999999999 6 3 8520 011399999999999999
146152152144130114100 92 95106125146165178182178165147127108 96 93101115241125G4 12715314 118299999999999999 717 922047 9399999999999999
134151163165156140121104 95 97110131154174187189180160135108 86 75 77 91241126G4 242165144319099999999999999 819 952122 7499999999999999
114140163178179167147123105 96100116140165186196193176148115 84 63 56 65241127G4 335180151719799999999999999 911 952154 5699999999999999
 89121154180193190173148121102 96105126154180198203191163127 90 58 41 42241128G4 418194154720399999999999999 954 962225 3999999999999999
 62 95135172198206196173143116 99 98114140170195208203180144102 63 35 25241129G4 4572061615209999999999999991033 962256 2599999999999999
 37 67108153190212213196167135109 97104126157186208212196163120 76 38 17241130G4 53321516442139999999999999911 8 972328 1599999999999999
 18 41 79126171206220213189157125103 99114142174201214208182141 95 51 202412 1G4 6 92201713215999999999999991142 98999999999999999999999
  8 19 51 95144187215221206178145116101105127158188209214197163118 72 332412 2G4 645221174321599999999999999 0 0  8121610099999999999999
  9  7 28 66113160198217215195164133110103115142172198211206181142 97 542412 3G4 723219181521299999999999999 034  5125010399999999999999
 21  6 14 42 83129172202213205181152124108109127154181200206193164124 812412 4G4 8 2213185020699999999999999 110  6132610699999999999999
 43 18 12 26 57 981411782012051931701431211111171361601821951951791491112412 5G4 844206192919799999999999999 148 1114 611199999999999999
 73 41 23 23 41 721101491801971971831611381211151231401591761851821661392412 6G4 931199201818699999999999999 230 20145411599999999999999
105 72 46 34 37 56 851191531791921901771571371221171221351501641731711582412 7G41023193212217399999999999999 318 33155811799999999999999
136108 80 58 48 52 69 951251551781891871751561361201121131211351491611642412 8G41121189225016499999999999999 414 48172611199999999999999
157141118 94 75 64 66 80102130158178189188176156133113 99 951011161351522412 9G41223190999999999999999999999 522 641855 9599999999999999
162163153134112 92 80 78 88109135162182193191177153125 98 79 72 78 97123241210G4 033164132319499999999999999 638 7720 2 7299999999999999
148167175169153130108 93 88 96115142168189199196177146111 78 54 46 57 82241211G4 2 6175141520099999999999999 753 882056 4699999999999999
116150177190187170146121102 95102122149177198207198173135 92 54 29 23 40241212G4 31919115 320799999999999999 9 0 952144 2399999999999999
 73115156189206203184156128107100109131159187207212197164119 72 31  7  7241213G4 420207154621299999999999999 9571002231  499999999999999
 30 70119166202218213191160130109103115140169197214213191151102 52 12 -8241214G4 51421916282169999999999999910491032317 -999999999999999
 -2 28 74128177212225215190157127108107123150180205218210181137 85 36 -1241215G4 6 222517 9218999999999999991135105999999999999999999999
-15 -2 34 85140188218225210182149121106111131160189210216201168121 70 24241216G4 647226174921699999999999999 0 1-15121610699999999999999
 -6-13  7 48100153196219218199169137114106116140168194209209188152106 58241217G4 729221182821199999999999999 044-14125510699999999999999
 18 -4 -2 24 67117165200214207184154126108108123147173194203196172136 92241218G4 8 821419 620399999999999999 125 -6133210699999999999999
 50 18  6 16 46 89135175200205191167139116106112129152173188192181156121241219G4 845205194519299999999999999 2 3  614 910699999999999999
 83 48 26 22 39 70110150180195193176152128111107116132151168178177164141241220G4 920196202717999999999999999 240 21144810799999999999999
110 78 53 40 43 63 93128160182189181163141121110109117130145158165162150241221G4 956189211716599999999999999 317 39153510899999999999999
130105 81 64 58 66 85113142167180182171153134118109108113123135145151150241222G41035183222315299999999999999 356 58163910799999999999999
142127108 91 79 77 86104127151169178176165148130115106102103111122133141241223G41118178235814499999999999999 441 77181110199999999999999
144140131118105 96 95101116136155169175172162145127111 97 90 89 97109124241224G41210175999999999999999999999 542 941933 8999999999999999
137145147142131120111107111124141158170175172161143122101 84 74 73 83100241225G4 14414713 817599999999999999 6581072031 7299999999999999
120139153159156146132120114116127144160173178174159137111 86 65 55 58 73241226G4 3 715914 417899999999999999 8141132117 5599999999999999
 96124149167174170156139123115117129147165179183175156128 96 66 45 38 47241227G4 4 5174145318399999999999999 9171142158 3899999999999999
 68 99133164183188180161139120112117132153173187188175148113 77 45 26 24241228G4 45018915361899999999999999910 91122237 2399999999999999
 40 70108148180198198183159133114108117137162184195191170136 96 56 25 10241229G4 53020016161969999999999999910531082315 1099999999999999
 15 39 77122165196209202180151123106105120146173195202191162121 76 36  8241230G4 6 720916552029999999999999911321032355 -199999999999999
 -1 13 45 90139182208213198170137110 98104127157186204206187150104 57 18241231G4 64321417352089999999999999912 9 97999999999999999999999
