 77 45 24 21 36 66104141170183179161136111 94 89 9811513515316516515313024 1 1G8 916184203216699999999999999 241 201450 8999999999999999
101 71 47 36 40 60 90124154174178168148124103 91 9110011513214615415214024 1 2G8 947178211915599999999999999 313 351532 8999999999999999
120 95 72 56 53 62 82110138161173171158137116 99 90 90 9811012413614214124 1 3G81022174222114399999999999999 348 521628 8999999999999999
132116 98 81 72 72 82101124147163169164150131111 96 87 85 9010011212413324 1 4G811 2169235013599999999999999 430 711746 8599999999999999
135131121108 96 89 90 98113132150162166159145127107 91 80 74 77 8610011524 1 5G81150166999999999999999999999 528 881911 7499999999999999
128136137132123112105102107120136151161164158143124102 82 66 58 60 72 9024 1 6G8 141138124816499999999999999 6501022018 5899999999999999
110130144150148139126115109111121136151163166159143120 93 68 48 39 43 5924 1 7G8 311151135216699999999999999 8161082112 3999999999999999
 83111138158167164152135118109109120137154167172163143113 80 49 27 19 2724 1 8G8 414168145217299999999999999 92710822 1 1999999999999999
 49 81118152176184178160136115104105119139161176180168141104 64 29  6  024 1 9G8 5 318415451809999999999999910241032248  099999999999999
 13 44 85129168193198185160131107 96101119145171187188171136 92 47  9-1324 110G8 5461981634190999999999999991112 952334-1799999999999999
-15  6 45 94144185206205185154121 96 88 98123154182198195170129 80 31 -824 111G8 6272091722199999999999999991156 88999999999999999999999
-27-22  7 53108160199214206178142107 84 81 99130164192205197166120 67 1724 112G8 7 721418 820599999999999999 018-291238 8099999999999999
-19-33-20 17 69125176208215198165126 92 74 78102137172198207193158109 5624 113G8 746216185520799999999999999 1 1-331319 7399999999999999
  9-22-27 -6 36 89144188211209185148109 79 68 79107142175198202184146 9824 114G8 824213194220399999999999999 142-2814 0 6899999999999999
 49  9-13 -9 18 62113161195208196167130 93 69 65 8010914217219119117113424 115G8 9 0208203019499999999999999 221-151442 6499999999999999
 91 49 18  7 18 48 90134173196198180149113 82 64 64 8110813716317817515624 116G8 935200212217999999999999999 259  71529 6299999999999999
125 89 57 37 35 51 80116151179191185164133101 75 62 64 7810112714916115924 117G81010191222216299999999999999 337 331622 6199999999999999
144121 95 73 63 66 82107135161178181171150122 95 73 61 61 72 9011313214424 118G81046182234014799999999999999 416 631730 6099999999999999
146138124108 96 91 95107125145162171171160141118 93 72 59 55 61 77 9711624 119G81128173999999999999999999999 5 3 911853 5599999999999999
132139140134126118114115122133146157164163155139118 94 71 53 45 48 62 8224 120G8 132141122716499999999999999 6211142013 4599999999999999
105126141149149144137129125126132141151158160155142120 93 66 44 33 34 4924 121G8 334150135216199999999999999 8201242122 3299999999999999
 73101128150163165158146133123120125134146158164160146120 89 57 31 19 2224 122G8 443166151216499999999999999 9541202218 1899999999999999
 40 70105139165178177164146127114111117130148163171166147117 79 44 17  624 123G8 525179161117199999999999999105111023 5  699999999999999
 14 39 76118155180188180160136114101101113133155172179170144107 65 28  324 124G8 5581881657179999999999999991131 992345 -399999999999999
 -2 14 47 91136172192192174148119 98 89 96116142166183184167134 92 48 1224 125G8 62819417351869999999999999912 3 89999999999999999999999
 -7 -3 23 65113157187197186160129100 83 82 98125154179190184158118 73 3024 126G8 656197181019199999999999999 020 -81231 8099999999999999
  0 -9  7 42 89137176196194172140107 82 73 83107138167188191176142 99 5424 127G8 723198184219299999999999999 052 -91259 7399999999999999
 16 -4  0 26 69117161190197182153118 87 69 70 89119151177190185161123 7924 128G8 748197191419199999999999999 121 -51326 6799999999999999
 38 10  3 19 54 99144179195189164130 96 71 63 74 9913116018018517214210424 129G8 812195194718699999999999999 148  31355 6399999999999999
 63 31 15 21 47 86129166189191174143108 79 63 64 8210913816317617415512424 130G8 836193202117799999999999999 214 141424 6199999999999999
 88 55 34 31 47 78116152179189180155122 91 68 61 69 9011614116016715913824 131G8 9 0189205916799999999999999 240 301457 6199999999999999
110 81 58 48 54 76106139167182181163136105 79 64 63 75 9411613715115414524 2 1G8 925184214415499999999999999 3 6 481534 6299999999999999
126104 83 70 69 80102128153171177168147120 94 74 64 66 76 9311112813914124 2 2G8 952177224414299999999999999 335 681620 6499999999999999
135122107 95 89 92103120140158167166155134111 89 73 65 65 72 8510111612724 2 3G81025168999999999999999999999 411 891729 6499999999999999
133132127119113109111118129143154159157146129109 89 73 63 58 61 71 8610324 2 4G8 024133111116099999999999999 51210919 5 5899999999999999
119131138140137132126122123128138147152152145132113 92 72 55 45 44 53 7024 2 5G8 250140123115399999999999999 7251222034 4399999999999999
 92116137152159157148135124118120129140150156153141120 94 66 42 26 23 3424 2 6G8 414159141415699999999999999 9141182143 2399999999999999
 56 87120151172179172156135116107108120138156167167154127 92 55 24  4  224 2 7G8 5 017915331699999999999999910211062239  099999999999999
 17 48 89133170192195180154125101 91 97116143168184184165130 86 41  4-1624 2 8G8 53919616321869999999999999911 8 912327-1999999999999999
-15  9 50101151191209203178143107 82 75 89118153183201198172128 76 26-1324 2 9G8 6152101722203999999999999991149 75999999999999999999999
-31-21 13 63121173209218201166123 85 62 63 87124165199215205171120 64 1224 210G8 64921818 921599999999999999 010-311228 5999999999999999
-24-33-14 30 86145194220217188145 99 62 46 57 90133177209220203163109 5324 211G8 723222185422099999999999999 049-3413 5 4699999999999999
  5-22-20  9 58115170209221205167120 74 43 37 58 96141183211214192149 9724 212G8 754221193821699999999999999 127-251343 3699999999999999
 46  8 -7  7 43 92145189213211184142 95 54 33 37 6310214518220320017513424 213G8 824216202320599999999999999 2 1 -71421 3199999999999999
 89 48 23 22 43 81126168198207193160117 75 43 31 42 6910614417418718015624 214G8 85220721 918799999999999999 233 1915 1 3199999999999999
122 87 60 49 57 82116151181196192170136 98 64 42 37 49 7410513615816615924 215G8 91919722 116699999999999999 3 3 491545 3799999999999999
140116 94 80 80 93115140164180184173150120 89 63 48 46 56 75 9912213914624 216G8 94418423 914699999999999999 331 781640 4599999999999999
143132119109105109120135151164170167155136112 89 70 58 53 58 70 8810612124 217G81010170999999999999999999999 35910518 0 5399999999999999
131135134131128128130135141148153155151144131115 98 80 65 55 54 61 74 9124 218G8 114135104915599999999999999 4401281942 5399999999999999
109124136144147147143139136135136138141143142136125108 87 67 51 44 48 6124 219G8 421147131514399999999999999 85613521 9 4499999999999999
 81105128148160163158148135125120120126135144150148136115 88 61 40 31 3524 220G8 45316315181509999999999999910251192211 3199999999999999
 53 80111141164175173159140121108103108121138154163160143114 80 48 25 1824 221G8 51817616161649999999999999910581032256 1899999999999999
 28 54 89127160181185173150124102 89 91105126150170177167141105 65 31 1124 222G8 5421851657177999999999999991124 882332  899999999999999
 10 30 65108149180193185162132102 81 75 86110140168185186166131 88 47 1524 223G8 6 61931731188999999999999991149 75999999999999999999999
  2 13 44 87134173195195175143107 78 64 69 91124158185196186156114 68 2824 224G8 62919818 319699999999999999 0 3  21214 6399999999999999
  4  4 27 68116161193201187156117 82 58 55 72104142176197198177139 94 4924 225G8 651202183320099999999999999 031  11239 5399999999999999
 16  5 19 53100147185203196169130 90 59 46 55 83121159189201191161119 7424 226G8 71320319 320199999999999999 057  513 5 4599999999999999
 35 15 18 45 87134175200201180144102 65 43 43 64 98137172194195176141 9924 227G8 734204193519799999999999999 122 131330 4099999999999999
 59 32 26 43 78121163193202188156116 76 47 37 49 7711415017819018315712224 228G8 75420220 719199999999999999 145 251357 3799999999999999
 84 54 40 48 74112150182198192167130 90 57 38 40 60 9112515617618016613924 229G8 815198204218199999999999999 2 9 401425 3799999999999999
108 78 60 59 76106139169188190173142105 71 47 39 49 7210113115516716515024 3 1G8 836192212116899999999999999 233 571455 3999999999999999
126102 83 76 84104130156176183175152121 88 62 47 46 59 8010412814615415024 3 2G8 858183221115499999999999999 258 761532 4599999999999999
138122107 98 98108125144161171170157135108 82 63 53 54 64 80 9911713213924 3 3G8 925172233514099999999999999 327 971624 5299999999999999
140135127121117119125135146156160156144127106 86 70 61 57 61 70 8510111624 3 4G810 3160999999999999999999999 41111718 0 5799999999999999
129138142142140137133132133138143147146141131116 98 80 64 53 49 53 65 8324 3 5G8 237142112814799999999999999 7 313220 0 4999999999999999
105126145158162159149137126121122129138146149146133113 88 62 42 31 32 4624 3 6G8 4 316214 214999999999999999 9181202125 2999999999999999
 70101134162179182171151128110101104118137155167167153125 89 54 25  9 1224 3 7G8 44218315311699999999999999910131012223  899999999999999
 32 67109151184200195173141109 86 79 89114144173190190168130 85 41  7 -824 3 8G8 5152001629193999999999999991054 7923 9 -899999999999999
  0 30 75127174206214197162121 83 60 59 81117158193212206176129 76 28 -624 3 9G8 5472141717213999999999999991131 562350-1699999999999999
-16  2 43 97153199222217186141 93 53 36 46 80127174211227213175122 66 1824 310G8 61822418 22279999999999999912 8 36999999999999999999999
-10 -9 20 69126180218227207165112 62 28 21 43 86138188222230209165111 5824 311G8 648228184623199999999999999 028-131244 1999999999999999
 17  1 14 52103157203226219186136 82 36 11 16 48 9614919522322219515110124 312G8 717227192922699999999999999 1 3  11320  999999999999999
 55 27 24 48 89138183214220199158107 56 19  6 22 5910715619421220517613624 313G8 743221201221399999999999999 135 221356  699999999999999
 95 62 48 58 86125165197212203173130 82 40 15 13 35 7111415618419418315724 314G8 8 8212205619499999999999999 2 5 481434 1199999999999999
125 95 77 76 93121152180197197179147107 68 37 23 28 50 8111714816817216224 315G8 831200214517399999999999999 232 741514 2399999999999999
143121104 99106123144165180185176155126 95 66 46 39 45 62 8611313514915224 316G8 851185224915299999999999999 257 9916 2 3999999999999999
146136125120121129140153163168165155138116 95 75 62 56 58 68 8510312013224 317G8 9 9168999999999999999999999 3191191714 5699999999999999
138140139137137138141144148150149146140130118105 90 77 68 64 67 77 9110724 318G8 053140 92115099999999999999 33613719 4 6499999999999999
122135144149152150146140136132131132133135134130120105 87 71 61 59 66 8024 319G8 4 615213191359999999999999910101312042 5899999999999999
100121141156164163155142129118113114121131141147145133112 88 66 51 48 5724 320G8 42516415161489999999999999910181122146 4799999999999999
 76103131156172176167149128109 97 95104120140156164159140111 80 54 38 3824 321G8 44617616 7164999999999999991038 952229 3699999999999999
 54 82116150175186180160133106 86 78 85105131157175179165137101 66 39 2824 322G8 5 818616441809999999999999911 1 7823 4 2899999999999999
 37 62 99138173192192174143110 81 65 66 85115148177192187163127 86 50 2824 323G8 5291951716193999999999999991124 632334 2499999999999999
 26 46 81124165193201187156118 82 56 50 64 94132169195202186153111 69 3724 324G8 5502011747202999999999999991148 49999999999999999999999
 24 36 67109154190206199171131 89 55 38 45 72111153189207203176137 93 5424 325G8 611206181820899999999999999 0 1 241213 3899999999999999
 32 33 57 96141182206207184145100 60 33 30 50 87131173202210194161118 7724 326G8 631210184921099999999999999 027 291238 2899999999999999
 47 37 52 86129171201210194159115 70 36 22 33 6410615018720720317914210224 327G8 652210192120899999999999999 052 3713 4 2299999999999999
 67 49 54 80119159192208201172130 85 46 23 22 45 8212516519320219016112524 328G8 712209195420299999999999999 117 481331 1999999999999999
 91 67 63 79111147180201202181144101 60 31 21 32 61 9913917219119017314524 329G8 733204202919399999999999999 142 621358 2199999999999999
114 88 77 84106137167189196185156118 79 46 28 28 47 7711114517018017515724 330G8 75419621 918099999999999999 2 8 771428 2699999999999999
133111 96 94107129154175186183164134 99 67 44 35 41 60 8611514116016616124 331G8 81818722 116699999999999999 236 9315 5 3599999999999999
147131117111114126143159171174165146120 92 68 52 46 52 66 8711013014515224 4 1G8 846174232515399999999999999 3 91111558 4699999999999999
152146138131128130136144153158158151137118 98 79 65 57 57 64 78 9611513224 4 2G8 930159999999999999999999999 4 81281731 5699999999999999
145152155153148141136133134138142146145140129114 96 78 63 54 54 63 8010224 4 3G8 159155112614699999999999999 7181331931 5399999999999999
125147163171170160145130119114118128140150154150135113 86 62 45 39 47 6724 4 4G8 32217114 115499999999999999 9 11142056 3999999999999999
 96128159181189183163137112 95 90100119143164176174156125 89 56 33 25 3624 4 5G8 4 3189152217799999999999999 949 902155 2599999999999999
 64101142179201204186154118 85 66 67 86118154184201196170130 87 48 22 1824 4 6G8 4372051617201999999999999991028 642242 1799999999999999
 36 72118165201218208177134 89 54 39 49 81125170205221210176130 81 41 1924 4 7G8 5 821817 52219999999999999911 6 392323 1799999999999999
 22 49 93143190220224200157106 57 24 18 40 84136186222232214174125 76 4024 4 8G8 5382261751232999999999999991143 17999999999999999999999
 25 39 74122171211229218181130 74 28  3  8 42 93149199230232208166118 7424 4 9G8 6 7229183523599999999999999 0 1 251220  199999999999999
 46 43 66105152195223225201155100 47  7 -6 10 5110516120522822319515411124 410G8 636228191822999999999999999 036 411256 -699999999999999
 76 61 69 98137177209222210176127 74 28 -1 -2 23 6611816720321620617814224 411G8 7 222220 221699999999999999 1 9 601333 -599999999999999
108 85 82 98128161192210209187149103 57 21  5 12 40 8112716719319918616224 412G8 728212204719999999999999999 140 811411  499999999999999
134110100105124150175193199188162126 87 51 27 20 32 59 9413116117817916824 413G8 752199213518199999999999999 2 91001451 2099999999999999
150131118117126142160175183180165142112 82 57 42 40 51 7310112915016216324 414G8 814183223516499999999999999 2381161538 3999999999999999
156144134130131139149158165165159147129108 88 71 60 58 66 8110112213914924 415G8 838166999999999999999999999 3121291643 5899999999999999
153151147143140140141144146147147143137127115101 87 76 70 72 82 9711413124 416G8 0 5153 91114799999999999999 4411401815 7099999999999999
143152155155152146139134130128129132136137135128115100 85 74 72 78 9111024 417G8 224155125913799999999999999 9 01281948 7299999999999999
129146159165164156144129117110110116127138147149142127106 86 71 66 73 8924 418G8 321166144614999999999999999 9331092056 6699999999999999
111136158172176169153132111 96 91 97111131150163165154132105 81 64 61 7124 419G8 352176153916699999999999999 959 912145 6099999999999999
 93122151174186183166140111 88 75 76 91116143167180177159130 98 72 57 5924 420G8 4171871619181999999999999991024 732223 5699999999999999
 77107140171191195180152118 86 63 57 69 95129162187195183156122 88 63 5424 421G8 4401961654195999999999999991050 572256 5499999999999999
 65 92128164192203194167129 90 58 42 47 71107148183203203182148110 77 5824 422G8 5 32031728206999999999999991117 422327 5699999999999999
 59 80114153187207205182144101 61 35 30 47 82125169201213202174136 98 7024 423G8 52520918 1213999999999999991143 292356 6099999999999999
 60 73103141178205212195160115 71 35 19 27 56 99146187212214195161123 8824 424G8 5472121835216999999999999991211 19999999999999999999999
 69 71 94129167198213205175132 86 44 18 14 34 7211916520021520818214711124 425G8 61021319 921599999999999999 024 671239 1399999999999999
 84 76 89118154186207209188150104 60 26 11 20 49 9113717820421019516713424 426G8 634211194521099999999999999 053 7613 8 1199999999999999
104 87 90110141173197206195165124 80 42 18 15 32 6610714918320019918115424 427G8 658206202520299999999999999 122 861340 1399999999999999
125104 97107130158183197195176143103 65 35 21 26 47 8111815317919018516824 428G8 725198211019099999999999999 154 971415 2099999999999999
145124111111124145166182188180158126 92 60 39 31 39 60 8912115017117917424 429G8 75618822 717999999999999999 2291091459 3199999999999999
161144130122124135149164173174165145119 91 67 50 44 50 67 9111814216117024 430G8 837175232617099999999999999 3171221558 4499999999999999
169161150139132131135143152159161155142123101 80 64 55 57 68 8711013415424 5 1G8 946161999999999999999999999 4431311722 5599999999999999
167172168160148136128125128135145152154149137118 97 77 63 58 64 8010413024 5 2G8 1 4172115115499999999999999 7 01251857 5899999999999999
154172181180168150130114105106117133150162165157138112 86 66 56 59 7610224 5 3G8 220182134716599999999999999 8221042016 5599999999999999
133163185195189170142113 90 79 83102128155176185178155124 92 66 54 57 7724 5 4G8 3 919515 318599999999999999 913 792117 5399999999999999
109145178201207193163125 88 61 52 64 92129166194205195168131 95 66 54 6224 5 5G8 34820716 120599999999999999 956 5222 8 5499999999999999
 87123163196215212187146100 59 33 30 51 90136180211220206173133 95 68 6024 5 6G8 4222171652221999999999999991037 282252 6099999999999999
 74104144183213223208172123 72 31 10 16 47 94147194224228208173132 96 7324 5 7G8 4552231740230999999999999991117  92334 7099999999999999
 72 92126166201223221195150 97 46  9 -3 12 52104159204229227204168129 9724 5 8G8 5272251826231999999999999991157 -3999999999999999999999
 82 89114149185213223210175126 74 27 -2 -5 19 6311716920922621919415912524 5 9G8 558223191122699999999999999 012 821236 -799999999999999
101 94108135168197215215192153105 56 17 -2  4 34 7913017620721620518014924 510G8 628218195521799999999999999 048 941315 -399999999999999
122107109126153180201209199172132 88 46 17  8 21 52 9514017820020318916624 511G8 658209204020499999999999999 1231051355  899999999999999
141122115123141163183195195180152117 79 46 26 24 40 7110814617518918817524 512G8 728197212519099999999999999 1571151437 2399999999999999
155136125124133149165178183178162137108 78 54 41 44 60 8611814716917817524 513G8 8 1183221517899999999999999 2341231522 4199999999999999
164149136129131138149159166167162149129106 84 66 58 61 75 9712314616317024 514G8 843168231417099999999999999 3201291616 5899999999999999
167159148139133133135141147152153150142129112 94 80 72 74 8510312414415924 515G8 955153999999999999999999999 4421321722 7299999999999999
166166160151141133128126127132138143146143135122106 92 82 81 9010612614524 516G8 02616712 314699999999999999 7 21261837 8199999999999999
160169170164153140126116110111118129141149152146133116 99 88 85 9210812924 517G8 139170134915299999999999999 8201101947 8599999999999999
150167176177168151131112 98 92 96109127146160165159143122102 89 86 9511424 518G8 231178145816599999999999999 9 4 922045 8599999999999999
137160178186182166142115 91 77 75 86107133158175179169149124101 88 8710024 519G8 3 9186154717999999999999999 939 742132 8699999999999999
123150175191193181156124 93 68 57 62 83113146175191191175150121 98 87 9124 520G8 3411941630193999999999999991011 572213 8699999999999999
110137167190201195172138101 67 45 42 57 87125163192205198176146116 94 8824 521G8 4 920117 8205999999999999991042 412251 8899999999999999
 99124155184203205188155115 74 43 28 34 59 98142181207213199172139109 9224 522G8 4372071746214999999999999991113 272326 9099999999999999
 94112142173199210201173133 89 49 23 18 34 6911316019721721519416313010424 523G8 5 52101824219999999999999991145 17999999999999999999999
 94103128160189209210190154109 65 30 11 16 42 8313017520721921018515312224 524G8 53421219 221999999999999999 0 1 941219 1099999999999999
102100116144175200211202174133 88 47 17  8 22 54 9814518621121620117414324 525G8 6 5211194321699999999999999 036 981254  899999999999999
117104109130159186204207190157115 72 35 14 13 33 6811215519020820719016424 526G8 638208202621099999999999999 1121031333 1199999999999999
136115110120142168190201197176142102 63 33 18 23 46 8112216118920219818124 527G8 715202211420399999999999999 1511091415 1799999999999999
156133118117128148170186193185164132 96 62 38 28 36 59 9112816218619519024 528G8 8 019322 719599999999999999 23611515 3 2899999999999999
174153133122121131147164177182175156129 98 69 49 41 49 70 9913216118219024 529G8 85618223 619099999999999999 3321201559 4199999999999999
186171152135123120126138153166172169155133107 81 63 55 61 7910513416218124 530G81013172999999999999999999999 44812017 4 5599999999999999
189185172153134119111113123138154165168161144121 97 78 69 71 8611013816424 531G8 010189114816999999999999999 6191111817 6899999999999999
184192188174151127107 94 93104123145163174172159137113 92 80 80 9311714424 6 1G8 111192132317499999999999999 735 921929 7999999999999999
171190198192173145115 88 72 71 86111140166183187175153127104 90 8910112524 6 2G8 2 5198144318799999999999999 834 702035 8799999999999999
153180199205194168133 96 66 49 51 71103140174196201189166138112 97 9611024 6 3G8 252205154820299999999999999 924 472133 9599999999999999
135164191208209191158117 75 43 28 35 6210214518420821319917314411810310424 6 4G8 3342111644214999999999999991011 28222610199999999999999
120147176201214209184144 98 54 23 13 26 6010615419421822020317514511910724 6 5G8 4142151735222999999999999991056 13231310699999999999999
112131159188210217204172128 80 37 10  6 26 6511516520422322120117114111824 6 6G8 4532171823225999999999999991140  4235711199999999999999
111120142171197214214194157111 64 25  4  7 33 7712717520922321519316313524 6 7G8 53021619 7223999999999999991223  2999999999999999999999
117115129153180202212205180141 96 52 19  6 16 47 9214118421121720518015224 6 8G8 6 8213194921799999999999999 03711413 4  699999999999999
128116120138162186203206194165127 84 46 20 15 32 6611015418920820719116624 6 9G8 645207202821099999999999999 1141151344 1499999999999999
140122117126145168187198196180151114 76 45 28 30 51 8612616419120219517724 610G8 72219921 620299999999999999 1501171423 2699999999999999
153132119120132150169183189183166138105 73 50 41 49 7210514117119019418324 611G8 8 2189214419499999999999999 22811815 3 4199999999999999
164143127119123134150165175178171154129101 76 60 57 68 9112115117518718624 612G8 848178222418899999999999999 3101191543 5699999999999999
174156137124120123132144156165167161146126104 84 73 74 8610713415917718424 613G8 94616723 818499999999999999 4 51201629 7299999999999999
180168151135123117118125135146155159155145129111 96 88 8910012014316417824 614G811 4159235718299999999999999 5201171723 8799999999999999
18217716514813211911110911312313614815515615013712210910110111112914916824 615G81238157999999999999999999999 647108182710099999999999999
180183177163145126110 98 9510011212914615816316014913411911010911913515524 616G8 05118314 616399999999999999 754 95193410999999999999999
172183186178161139115 95 82 79 8710512715016717517216014312711611412414124 617G8 143186151417599999999999999 845 79203711399999999999999
161179189189177155128100 76 64 64 7810313216018118918416914912911711712824 618G8 23019016 718999999999999999 927 62213211599999999999999
147169187195191173145112 80 56 46 53 7410614117419620219317314912711611824 619G8 31219616532029999999999999910 7 46222111599999999999999
133155179196201191165130 93 59 37 32 46 7511415518920921119717214512311424 620G8 3512011736213999999999999991046 3223 511499999999999999
120140165189205205187154114 73 40 22 23 44 8112516920321921519516713811724 621G8 4312071817220999999999999991126 20234711299999999999999
112124148176200211205180141 97 56 24 11 19 48 9113918321422421418915812924 622G8 51021118592249999999999999912 7 11999999999999999999999
112113130158186208214201170128 82 41 14  7 22 5710315219522022420818014724 623G8 551214194022599999999999999 0271101249  699999999999999
121109115137166194212213195160116 71 32 10  9 31 7011816520322221919916824 624G8 635215202222399999999999999 1 81081331  799999999999999
137114107119143172197211208187150107 64 30 14 20 46 8613217620721921118824 625G8 72121221 421999999999999999 1511071414 1399999999999999
157128109108122146173195206201178143102 63 35 25 36 6510414618420821420124 626G8 812206214721499999999999999 2361061458 2599999999999999
176147121106107121144168188198192170138102 69 48 44 57 8512115919020720724 627G8 9 8198223020999999999999999 3261041544 4399999999999999
192166138115102103116136159178188184166139109 82 67 66 8010513716919320424 628G81013188231420499999999999999 4251011633 6599999999999999
200183158131109 96 95105124147167179178166145121101 89 8910112314917519424 629G81129180999999999999999999999 534 941730 8799999999999999
201195177152125101 86 82 9111013315617217817215713812111010911813515817924 630G8 0 2201125817899999999999999 648 82183810899999999999999
194199192174148118 92 73 67 75 9512214917018218217115513912712312914316224 7 1G8 056199142918399999999999999 757 67195512399999999999999
181194198191172143111 80 59 51 60 8311314617319019418617015213713013314624 7 2G8 154198154719499999999999999 857 51211013099999999999999
164182196200192170138101 67 44 37 48 7511014818120120619717915814013113424 7 3G8 253200164920799999999999999 953 37221513199999999999999
147166185200204193167130 90 54 31 26 41 7311415619221221520218015513612724 7 4G8 3472041739216999999999999991044 2523 912799999999999999
132148169191205207191161120 78 42 21 20 41 7812316820322021820017314712824 7 5G8 4362081821221999999999999991131 17235312299999999999999
122131151175197210207187152109 66 31 15 21 48 9013818221322321319016113524 7 6G8 5212111859223999999999999991215 14999999999999999999999
119119133157183204212204178140 95 54 25 15 29 6310815619521821920217514524 7 7G8 6 3212193422199999999999999 0311171254 1599999999999999
122112119139165190207210196166125 82 45 24 23 46 8413017420521821018715724 7 8G8 64121120 621899999999999999 1 51121330 2199999999999999
129111109123147173195207204184151111 72 42 30 39 6810915218921021219616924 7 9G8 719208203521499999999999999 13710814 4 3099999999999999
140116105111129153178195202193169136 99 66 46 44 62 9413417119921020218124 710G8 75620221 421099999999999999 2101051435 4299999999999999
152126108104114134157178191192180155124 92 68 58 65 8712015518520320419024 711G8 836193213320699999999999999 24510415 6 5899999999999999
165138116104105117136156173183181167145118 94 78 76 8811214217119320119524 712G8 92118322 420199999999999999 3241031538 7599999999999999
177152128110103106117133151165173170158140120102 94 9711013215718019419624 713G81016173223819699999999999999 4111031616 9499999999999999
18516614312210710110311312714315616416415614312811711211612814616618319124 714G81128165231819299999999999999 51310117 411299999999999999
189177158137118104 96 9610411713414915916316115214213312813013915316918224 715G813 5163999999999999999999999 629 95181512899999999999999
187184172154133113 97 87 85 9310712614516017017116615714613913714315516924 716G8 0 8187144317299999999999999 742 85194313799999999999999
180185183171152129106 86 74 71 80 9812114616718118618016915414213814215324 717G8 111186155518699999999999999 843 7121 113899999999999999
168181188185173151124 96 72 57 56 68 9112115218019720019217515514013313824 718G8 218188164720199999999999999 937 5522 413399999999999999
152169185194192176149116 82 55 40 41 58 8812616419521221219817415013112524 719G8 3181951730214999999999999991027 38225512599999999999999
134152175194204199178145105 67 37 23 28 52 9113617921122521919716713912024 720G8 4122051810225999999999999991114 22233911699999999999999
117131156184206215206178138 93 51 21 10 22 5410015119622623321919015512524 721G8 5 22151849233999999999999991159 10999999999999999999999
108111132163194217224209175129 80 37  9  4 24 6411616921223523421117613924 722G8 550224192623899999999999999 0201071242  399999999999999
109 98109136171204225228207168119 69 28  6  9 38 8313618722423822719815924 723G8 63722920 223899999999999999 1 1 981322  499999999999999
121 96 92109141178210228226201159110 63 27 14 26 6010715920323123421418024 724G8 724230203723699999999999999 141 9014 1 1499999999999999
140105 86 89111145180210224217190149104 63 37 33 52 8913417921423022319724 725G8 812225211123099999999999999 222 841439 3199999999999999
160122 93 80 89113145178204214205179142104 72 56 61 8411915819421822220824 726G8 9 2214214422399999999999999 3 5 801516 5699999999999999
179143109 86 79 89111140170192200192169140111 90 84 9311514517620121421024 727G8 959200221821499999999999999 353 781554 8499999999999999
192163131102 83 78 8710613215817718518016514512611411212213916218420020524 728G811 7185225520599999999999999 452 78163811299999999999999
198179154125100 83 76 81 9711914316317417516815714613813714215416918319324 729G81239176234419599999999999999 6 4 76174213799999999999999
195188173151126102 83 72 73 8510612915116817717817316515715215215716717724 730G81438178999999999999999999999 725 71193115199999999999999
185188184173153129103 79 65 62 73 9311914717018519118917916715615115215924 731G8 1 118816 919299999999999999 841 62212015199999999999999
169179187187178158131100 73 55 50 61 8511615017919820519918516715114214224 8 1G8 23418817 020599999999999999 946 50222914199999999999999
150165180192195185162129 94 62 43 40 54 8412216119321221420218015713812924 8 2G8 3461951738215999999999999991040 39231312899999999999999
132146166187201203189160122 83 50 32 33 55 9113517720922221619516814012224 8 3G8 4392041810222999999999999991125 30234811799999999999999
117127149175198211209188152110 69 37 25 35 6510815519622122520918014912224 8 4G8 52221318402269999999999999912 4 25999999999999999999999
107111130158187209218208179139 94 54 29 26 46 8513217821322721919316012724 8 5G8 55921819 722799999999999999 0191061238 2499999999999999
104 99112138170199218219200165121 78 44 29 38 6811215920022322420517313724 8 6G8 634221193222799999999999999 048 9813 8 2899999999999999
107 92 97119150183208220212186147104 65 41 39 60 9714218521522521318514924 8 7G8 7 7220195622599999999999999 116 921336 3799999999999999
115 92 88102129162192211214199168129 91 61 49 60 8912917020422221819616224 8 8G8 740215202022399999999999999 144 8714 2 4999999999999999
127 98 85 90110140170195207203183151116 85 67 68 8712015819221421820417524 8 9G8 815208204221999999999999999 214 841427 6599999999999999
141109 88 84 96119147173192198189167139110 89 83 9311714817920321420718524 810G8 85319821 621499999999999999 245 831453 8399999999999999
155123 98 86 8810312414917018418517515613311410310511914216719120520519124 811G8 937186213120799999999999999 320 85152110299999999999999
167138112 94 88 9310612514516317317416615213712512212714015817719219819224 812G8103417522 119899999999999999 4 2 88155412299999999999999
176153129108 95 90 9410412013715216216616315614814314114515316517818618824 813G812 2166224118899999999999999 5 2 90164814199999999999999
181167147127109 97 90 90 9710912614215516516916816516015515415616317117824 814G81421169235118099999999999999 631 89185615499999999999999
180175165149131112 95 83 79 83 9511313415517218218518117216115315015416224 815G81554185999999999999999999999 8 2 79205315099999999999999
171178179172158137113 89 71 62 65 8010313216118620020219317615814413814324 816G8 139179164120399999999999999 915 6222 113899999999999999
155171184190185168141109 78 54 42 47 67 9913817520521921519717114512812324 817G8 3 61901718219999999999999991013 42224812399999999999999
133153177197207201178142101 62 34 24 33 6210515219522523322019215712610824 818G8 4 920717522339999999999999911 2 24232810699999999999999
109128158190215225214182137 89 46 17 11 30 6912017321724123921517713610424 819G8 5 02251825243999999999999991145 10999999999999999999999
 90 99128167204231238220180129 76 33  8 10 39 8714319723624923520015511124 820G8 547239185824999999999999999 0 6 901225  599999999999999
 82 76 96133178218243244218172118 66 27 11 24 6211417021924724622017712924 821G8 632247192925099999999999999 043 7513 3 1199999999999999
 87 65 69 98141187226246240209162109 62 32 28 51 9414519623324723319815124 822G8 717247195924799999999999999 120 631338 2699999999999999
104 68 55 69103147191225239227195150104 67 50 58 8712917521423723621217224 823G8 8 2239202824099999999999999 158 551412 4999999999999999
126 85 58 55 75109151190217224210180142107 83 78 9412416019522123021818824 824G8 849224205523099999999999999 238 531444 7899999999999999
149109 75 58 61 8211314818120120419216814111810711112815318020321621419724 825G8 942205212221799999999999999 321 57151510799999999999999
168134101 76 66 70 8711214116618218517816314813713414015417118719920319524 826G81047186215020399999999999999 413 65154813499999999999999
179155128104 85 76 77 8810612914916417217216716115715716016617418218618624 827G81230172222918799999999999999 524 75164115799999999999999
180169152133113 96 83 79 83 9611413415216617517817817517016616416516817124 828G81523178999999999999999999999 7 1 79201216499999999999999
173173169159144125104 85 74 74 8410212514917018619319218417216015214915224 829G8 031174162219399999999999999 833 73215814999999999999999
159168176178172156132104 80 65 62 73 9612515618320120619818216214413313224 830G8 249178165320699999999999999 941 61223613299999999999999
141156173187192184162131 97 69 52 52 69 9813517220121521219516914312311524 831G8 3551921719216999999999999991031 5023 511599999999999999
121138162186202205190160122 84 55 41 48 7411215419321722220818114912010324 9 1G8 4392061744223999999999999991110 41233110199999999999999
103119146176202216211187149107 68 42 37 55 90135179213228220194159124 9824 9 2G8 51621718 8228999999999999991143 362357 8899999999999999
 88 99126160194218224209176133 89 54 37 44 73116163204228228207172132 9924 9 3G8 5482251831231999999999999991212 36999999999999999999999
 80 82105140178210228224198159114 73 46 43 6310114819222323221818514410524 9 4G8 620229185223399999999999999 023 781239 4199999999999999
 78 70 86117157194221229214182139 97 64 50 60 9213417921523222519715811624 9 5G8 651229191323299999999999999 049 7013 4 5099999999999999
 82 65 71 96133173206224221198162122 86 65 65 8812516720422722820717112924 9 6G8 722226193323099999999999999 115 641328 6299999999999999
 92 67 62 79111149184210218207180145110 85 77 9011915619221722521318214424 9 7G8 755219195322699999999999999 142 611352 7799999999999999
105 75 62 69 92125160189206206190163133107 94 9811814818020521821319115724 9 8G8 830208201421999999999999999 2 9 621416 9399999999999999
120 89 69 66 8010513516418619619117415212911411112314416919220720819416824 9 9G8 9 9196203520999999999999999 239 65144111199999999999999
136105 82 72 76 9111413916117718217716414813512913214516117919319819217524 910G8 95718221 019899999999999999 313 7215 812999999999999999
151124101 85 80 84 9711413415116416916816215414914715115816817718418417724 911G81116169213318599999999999999 4 1 80154814799999999999999
162144124106 93 87 88 9410612113715116116817016916616316116016316717017124 912G814 8170224817299999999999999 527 87184016099999999999999
168160148133117102 89 82 83 9010512314316217718518718117116015214815115824 913G81541187999999999999999999999 729 8221 114899999999999999
165170170163149128105 84 69 65 71 8911514417319420520318916814813312913624 914G8 131171161820699999999999999 855 65215312999999999999999
150168182189184165136103 72 51 45 55 8011615619221622321118515412610910924 915G8 3 5189165022399999999999999 954 45223110799999999999999
125151179202212204177137 94 57 33 29 47 83129176215236232207170130 98 8424 916G8 4 42121721237999999999999991041 2823 7 8499999999999999
 93121159197225234218181133 83 43 21 24 52 98151202237247230192145100 6924 917G8 4522341751248999999999999991123 192343 6299999999999999
 63 84124171215244247223178125 73 34 20 34 72124179226251246215167114 6924 918G8 53724918212539999999999999912 1 20999999999999999999999
 45 51 83132185230255250219170116 67 36 33 57102156207243253233190137 8424 919G8 622257184925399999999999999 019 441237 3099999999999999
 44 31 48 90143196237254242207159109 69 50 59 9113718622624724121016110724 920G8 7 5254191724999999999999999 056 311311 5099999999999999
 60 30 29 55100152200234243226192149108 81 75 9312816920723323922018213424 921G8 750243194324099999999999999 133 261343 7499999999999999
 85 47 29 37 6711015719722222420717614311410110612815819021522722019415624 922G8 83622620 822799999999999999 211 29141310099999999999999
114 74 47 40 52 8011715518620320218816614312812513515517719721021019617124 923G8 928205203121299999999999999 252 40144212499999999999999
139105 76 59 57 68 9011914817018318317516215114614815716918219119418917524 924G81032184205319499999999999999 341 56151214599999999999999
155132109 89 77 73 79 9411413615416517117016716416316316616917217417417024 925G81223171211617499999999999999 451 7316 616399999999999999
162151137121106 93 84 84 9110512314015616817517817717316716115715415415624 926G81518178999999999999999999999 636 83212915499999999999999
159160158150137120102 87 80 83 9511313515717518719018517416014613713413824 927G8 056160155519099999999999999 813 80215413499999999999999
147159169172166150127102 82 72 74 8811214016818920019818516414212411511824 928G8 254172162120199999999999999 920 71221711599999999999999
130149169184188178155125 94 71 62 68 89121155186206210198173144118100 9824 929G8 34818916442119999999999999910 6 622241 9799999999999999
110133161186202201182151114 81 60 56 71101139177206218211186153118 92 8124 930G8 42720417 6219999999999999991042 5523 5 8199999999999999
 89112145179206216206177139 99 68 52 59 84123165201222221200165125 90 702410 1G8 5 02161728225999999999999991113 522330 6799999999999999
 70 90124164200222222201165123 84 59 54 72108151192221228212179136 95 652410 2G8 5322251749229999999999999991141 532355 5599999999999999
 55 69101143185217230220189149107 73 58 67 96138181215231222192150105 672410 3G8 6 323018 92319999999999999912 8 58999999999999999999999
 47 51 77118163203227229208173131 94 70 69 90127168206228228204164118 762410 4G8 634231182923199999999999999 021 461233 6699999999999999
 47 41 58 94138181215229220192155117 87 77 89118157194221228212177133 902410 5G8 7 6229184922899999999999999 046 401258 7799999999999999
 55 38 45 73113156194218221204174139108 91 931141471822092232151881481062410 6G8 73822219 922399999999999999 112 381323 8999999999999999
 68 45 41 59 911301681982122071861581291081031151401701962132121941611232410 7G8 813212193021599999999999999 139 40134910299999999999999
 86 58 46 52 751071421731931991901711481281171211371601821992041951711392410 8G8 852199195220499999999999999 2 8 46141611799999999999999
105 77 59 55 67 891161451681821841761621461351321391531691831911891761532410 9G8 941185201819299999999999999 243 55144713299999999999999
126100 79 68 68 78 95117139157169172169162154148147151159167174177173162241010G81058172205617799999999999999 330 66153814799999999999999
145125106 90 80 77 81 92108126144158167171171167162157154153154158161161241011G81322171223916199999999999999 454 77185215399999999999999
158149137121105 90 80 77 81 94113134155172183186182171157144136134140149241012G81454186999999999999999999999 656 77204213499999999999999
159165165157140118 95 76 65 67 80103132161186201202190169144123111112124241013G8 130166153620399999999999999 824 64212611099999999999999
144166182188179157126 93 66 52 53 72103141178206219212188155120 94 83 91241014G8 25518816 921999999999999999 924 5022 4 8399999999999999
116148181205213199168128 87 56 41 48 74114159200227231211174130 89 62 57241015G8 3522131640232999999999999991012 412240 5699999999999999
 77115159201228232212172125 81 49 39 53 89136184223241232198149 98 55 33241016G8 4402341710241999999999999991055 392317 3299999999999999
 39 72121174219245243215170120 76 49 47 71113163209239244220175119 65 26241017G8 5262481740246999999999999991134 452354 1499999999999999
 14 32 75131188232253243210163115 76 58 67 98143189227245235198146 89 38241018G8 61125318 9245999999999999991211 58999999999999999999999
  8  7 35 85143198237249234198154112 83 76 94129171209235238215172118 64241019G8 655249183724099999999999999 032  31246 7699999999999999
 22  2 12 47 98153201231236218184146114 96100123156191218230220190145 96241020G8 74123719 523099999999999999 110  21320 9599999999999999
 50 19 10 27 63110158197218217199171142120114124147174199214214197165125241021G8 827220193121699999999999999 149 10135211499999999999999
 83 48 28 28 47 79119158187200197182161142131132144162181194199193174146241022G8 918201195719999999999999999 231 25142513099999999999999
114 83 58 46 49 65 92123152173182180171158147143146154165174180179171157241023G81018183202418099999999999999 319 4515 414399999999999999
136114 92 75 66 67 79 98121143160169171167161156153152154157159160159156241024G8114417121 816099999999999999 423 65163915299999999999999
148137122107 93 83 80 85 98116135151163169171168163156149143140139142145241025G81345171999999999999999999999 553 80203713999999999999999
149150146136122106 92 84 85 95111131150166176179175164150135124119121129241026G8 042150145317999999999999999 725 83211411899999999999999
141153160160151133112 93 82 81 91110134158177188187176157134114101 99108241027G8 229161152818999999999999999 834 802141 9999999999999999
125146165176175161137111 89 76 78 93117146173192198189168140111 89 80 85241028G8 325177155519899999999999999 924 7522 8 8099999999999999
104131160182192185164134104 81 72 79101132164192206202182151115 84 65 64241029G8 4 619216192079999999999999910 4 722234 6299999999999999
 81110146179200204189160126 94 74 72 88117153186208212196164125 86 58 47241030G8 4412051642213999999999999991038 7123 0 4799999999999999
 57 86125165199215209186151114 85 72 80105140177206218208179138 95 58 36241031G8 51521517 42189999999999999911 9 722327 3499999999999999
 38 61 99144186215222207176138103 80 77 95127165198218217193154108 65 342411 1G8 5482221726220999999999999991138 762354 2499999999999999
 25 39 73118165203223220197162125 95 82 90116152187213220204169124 78 402411 2G8 62122517492209999999999999912 7 82999999999999999999999
 20 24 50 91139183214223210182147114 92 90109140174203217211183141 96 542411 3G8 654223181221899999999999999 022 191235 8999999999999999
 25 17 33 67111156194215215196166134108 97105129161190209211193158115 732411 4G8 729218183621399999999999999 050 1713 4 9799999999999999
 39 21 25 48 85128168197209202180152126108107123148175196205196171134 942411 5G8 8 620919 220599999999999999 120 20133410699999999999999
 59 34 26 38 651011391711921971871671441241161211381601801931931781511172411 6G8 848198193119599999999999999 153 2614 711699999999999999
 83 55 39 38 52 781101421681831851761601421301261331471631761821771621382411 7G8 93918620 718299999999999999 233 36145012699999999999999
110 83 61 50 51 64 851121381601731761711601481391351381461551631671641532411 8G8104917721 516799999999999999 325 4916 013599999999999999
135113 92 74 63 61 69 861081311531671741731661561451371331341391461531562411 9G8122117523 115699999999999999 439 61181813399999999999999
152142126107 88 74 67 70 82102126150169180182175162144128117113118129144241110G81344183999999999999999999999 614 67195511399999999999999
156162158146125102 81 68 66 77 98126154178192194182160133108 91 87 96117241111G8 110162143819599999999999999 739 662049 8799999999999999
141164178180166141112 85 67 63 75100133165192206203182149112 80 61 61 79241112G8 235181151820799999999999999 845 632132 5899999999999999
110146178199201184153118 86 66 64 80110147182209217204172128 84 49 32 39241113G8 336202155421799999999999999 939 632213 3199999999999999
 68110156195218217195159120 87 68 70 91126166201222221196153102 54 19  9241114G8 4292201628225999999999999991026 662253  999999999999999
 26 65116169210231226199160120 88 74 81109146185216229216180129 74 27 -3241115G8 51723217 12299999999999999911 9 732333 -799999999999999
 -4 22 70126181221237226196157118 91 83 98129166201224226202159105 51  7241116G8 6 52371734228999999999999991150 83999999999999999999999
-14 -6 29 80138190224233218187150116 96 97117148183210223214183136 84 34241117G8 65123418 722399999999999999 014-141229 9499999999999999
 -1-13  3 42 94148194220223205175142115104112134164191210213196162117 69241118G8 736224183921499999999999999 055-1313 610499999999999999
 27  1 -1 20 59108155192210207189162135117113125147172192202197176143102241119G8 822211191220299999999999999 136 -3134211399999999999999
 62 30 13 17 40 77119158186197191173151131121123135153171183187178158128241120G8 9 7197194718799999999999999 219 12142012099999999999999
 95 63 40 31 38 60 92127157177183176161144131126129139151163169169161144241121G8 956183202917099999999999999 3 3 3115 612699999999999999
121 95 72 55 50 58 77103131155169173167155143133129130135142148153153148241122G81050173213515399999999999999 354 50161712999999999999999
137120102 84 72 67 74 89110133152164168163155144134127124123127132138142241123G81156168233614399999999999999 455 67183212399999999999999
142137127112 97 85 80 84 96114134152164168166157145131119110107109117128241124G813 7168999999999999999999999 6 8 8020 410799999999999999
138145145138125109 95 87 89100117137156169174170158141121103 91 88 94107241125G8 13214614 517499999999999999 722 872052 8799999999999999
125142154157150135116100 90 91103122144164177181172154130104 82 70 70 83241126G8 248158144718199999999999999 825 892127 6899999999999999
105131154169171161141119100 90 93108131155176187185169142111 80 58 50 59241127G8 340172152218899999999999999 916 9022 0 5099999999999999
 81111144171185183167143117 97 90 97117143169188194183158123 86 55 37 36241128G8 42318615521949999999999999910 0 902231 3499999999999999
 54 86124161188198189167139111 93 91105130159184198195174139 98 60 31 20241129G8 5 11981620199999999999999991038 9023 1 2099999999999999
 30 58 98142180202205189162130104 91 96117146175197202188157116 72 35 13241130G8 5382061648203999999999999991114 912333 1099999999999999
 12 33 70115161195211205183152120 98 92105131162189204199175136 91 48 162412 1G8 6132111717204999999999999991147 92999999999999999999999
  3 12 42 86134177205212199172139111 95 98118147177198204189156113 68 292412 2G8 649212174720499999999999999 0 5  31221 9499999999999999
  4  1 20 57103150188208207188159128104 96107131161186201197174137 93 502412 3G8 727210181920199999999999999 038  01255 9699999999999999
 17  1  7 33 73119161192204197175146119102102118143170189196185158119 772412 4G8 8 6204185419699999999999999 114  1133110099999999999999
 40 14  6 19 49 881311681911971861631371151041091271501721861861721431062412 5G8 848197193418899999999999999 152  6141110499999999999999
 69 37 18 17 33 631011391691871891761551321141081141301501661761741601332412 6G8 935190202217799999999999999 234 15145910899999999999999
101 68 43 29 31 48 761101431691821821691501301151101141261411551641631522412 7G81027184212716599999999999999 322 2816 211099999999999999
130103 76 54 44 46 61 861161451681791781671491301141051061131261411521562412 8G81125180225515699999999999999 419 43172810499999999999999
150135113 90 70 60 60 73 94121147168179179167149127107 93 89 941081261432412 9G81227180999999999999999999999 527 591857 8999999999999999
154155146129107 88 75 73 82101126151172183182169146119 93 74 66 72 90114241210G8 038156132618499999999999999 643 7220 5 6699999999999999
139158167162147125104 88 82 89107132157178189186169140106 73 50 41 50 74241211G8 210167141919099999999999999 758 822059 4199999999999999
106140167181180164141116 97 89 95113139166187196189165129 88 50 25 18 33241212G8 32418315 619699999999999999 9 5 892149 1899999999999999
 64104146179196195177151123102 93101121148175196202188157114 68 28  3  1241213G8 42519815502029999999999999910 3 932236 -199999999999999
 22 60108155191209205184155125103 96106129158185203204183145 97 48  9-13241214G8 5182101632206999999999999991054 962321-1499999999999999
 -9 19 64116166202216207183152121102 99113138168194207201174131 81 32 -5241215G8 6 62161713207999999999999991140 98999999999999999999999
-20 -9 25 74128176208216203175143115 99102120148177198206193161116 66 20241216G8 651216175320699999999999999 0 5-201222 9899999999999999
-11-19 -1 38 89141184208210191162131107 98107129156182198199180146101 54241217G8 733212183220199999999999999 048-1913 0 9899999999999999
 14 -9 -9 15 57106154189204198176147119101 99113136162183193187165130 87241218G8 812204191119399999999999999 129-121337 9899999999999999
 46 14  0  9 37 78124163189195183159132109 99103119141163178182172149115241219G8 848195195018299999999999999 2 7  01413 9899999999999999
 77 44 21 16 31 61100139169185183167144120104 99106122141158168168157134241220G8 924186203117099999999999999 244 161452 9999999999999999
104 73 48 34 37 55 84118150171179172154132113102100108121136148155154143241221G8 959179212115699999999999999 321 33153810099999999999999
123 99 76 58 52 59 77104132156170172162145126110101 99104114125136142142241222G81037173222814399999999999999 359 521642 9999999999999999
134120102 85 74 71 79 96118141159168166156140122108 98 94 95102113123132241223G81121168999999999999999999999 445 711812 9499999999999999
135132124111 99 90 88 94108127145159165163153137120103 90 82 82 88100114241224G8 0 3135121316599999999999999 545 881936 8199999999999999
127136138134124113104100104115131147160165162152135114 94 77 67 66 74 90241225G8 150138131116599999999999999 7 31002036 6599999999999999
110129144150148138125113107108118133149162168164151130105 80 59 49 51 64241226G8 31315014 816899999999999999 8191062122 4899999999999999
 86113138157165161149132116108109120136154167172165147120 90 61 40 31 38241227G8 410165145717299999999999999 92310722 2 3199999999999999
 59 89122153173179171154132114105108122141161175177165140107 71 40 20 17241228G8 45517915401789999999999999910151042241 1699999999999999
 31 60 97137169188189175152126107100107126150171183180161129 89 50 20  4241229G8 53419016201849999999999999910581002319  399999999999999
  8 30 67111153185198193172144116 98 96110134161182190180153114 70 30  2241230G8 6111991659190999999999999991137 952359 -899999999999999
 -8  4 35 79128170197203190163131103 90 95115144173192194177143 98 52 13241231G8 6472041739196999999999999991214 89999999999999999999999
