128102 71 42 22 14 19 36 60 87110126131125111 94 81 74 77 8710311913113724 1 1IJ115613123 413799999999999999 5 4 141712 7499999999999999
132117 94 69 46 32 30 38 55 77 98116126126117102 86 74 69 73 83 9711212324 1 2IJ1230127235912799999999999999 544 2918 2 6999999999999999
127122109 90 69 53 44 45 56 72 91108121126122110 94 78 66 62 66 76 9010424 1 3IJ13 3126999999999999999999999 623 441859 6299999999999999
114118115104 89 73 61 56 60 71 86103118127128120105 86 69 57 52 56 67 8124 1 4IJ 1 5118133712899999999999999 7 4 5620 0 5299999999999999
 96107113112104 91 78 69 66 71 83 98114127133131120101 79 59 45 40 44 5524 1 5IJ 221114141613499999999999999 751 6621 3 4099999999999999
 72 89104112114108 96 84 75 73 79 91107124136141136121 99 72 48 31 25 2924 1 6IJ 34011415 314199999999999999 846 7322 3 2599999999999999
 44 63 85103116119113102 88 79 76 83 97114132145149142124 96 64 35 16  924 1 7IJ 451119155514999999999999999 945 7623 0  999999999999999
 16 33 58 84107122126120106 91 79 77 84100120140154158148125 92 55 23  124 1 8IJ 5521261648158999999999999991045 772353 -599999999999999
 -5  5 27 56 87114130134125108 90 78 76 84102125147162165152124 86 45 1124 1 9IJ 6461341742165999999999999991143 75999999999999999999999
-11-15 -2 25 58 93122138140128108 88 75 73 84105130153168169153121 79 3624 110IJ 736141183417099999999999999 044-151237 7299999999999999
  1-19-20 -3 28 65101129144142127104 83 71 71 84107133157171169149114 7124 111IJ 823145192417299999999999999 132-221329 6999999999999999
 28 -5-21-18  3 36 74110135146141122 99 78 67 70 8610913615816916414210624 112IJ 9 9146201317099999999999999 220-221418 6799999999999999
 63 22 -6-17-10 14 48 85117139144135115 91 73 65 71 8811213715616415613224 113IJ 95214521 116499999999999999 3 5-1715 5 6599999999999999
 96 56 21 -1 -7  5 30 62 96123138139126105 83 68 64 72 8911213515015414424 114IJ1033141214815599999999999999 348 -71550 6499999999999999
120 87 52 24  9  9 23 48 77105126135131116 95 76 64 63 73 9011113014214324 115IJ1110135223514499999999999999 429  71635 6299999999999999
131108 80 52 32 23 28 44 67 92113127130122105 85 69 61 62 72 8910712213124 116IJ1144130232413299999999999999 5 8 231721 6099999999999999
130119 99 76 55 42 40 48 64 84104120127125113 95 77 62 56 59 70 8510111324 117IJ1215127999999999999999999999 543 391811 5699999999999999
120119109 94 76 62 54 56 66 82 99115125127120106 87 69 56 50 53 63 77 9224 118IJ 021121124612799999999999999 618 5419 8 5099999999999999
104111111104 92 79 70 66 70 81 95111123130128119102 82 62 48 42 45 54 6824 119IJ 130112132213099999999999999 658 662012 4299999999999999
 84 97106108104 95 85 77 75 80 91105119130135132120101 77 55 39 31 33 4324 120IJ 25210814 813599999999999999 748 752118 3099999999999999
 59 76 93105110108101 91 83 81 86 96111126137142138123101 74 47 27 18 1924 121IJ 41311115 414299999999999999 850 812221 1799999999999999
 31 50 72 93109117115107 95 86 82 86 98114131144150145128101 69 38 15  424 122IJ 52111716 415099999999999999 958 822318  399999999999999
  7 21 45 72 98117126123112 97 84 79 84 97116136152158152132100 63 28  224 123IJ 61612617 41589999999999999911 3 79999999999999999999999
 -9 -4 15 44 76106127135129114 95 80 74 79 95117141159166158134 97 56 1824 124IJ 7 513518 016699999999999999 011 -912 2 7499999999999999
 -8-17 -9 15 48 85116136141132112 90 73 67 75 94119145165171160132 92 4824 125IJ 749142185317199999999999999 1 0-171255 6799999999999999
  9-15-21 -7 21 57 95126143144130106 82 65 62 72 94122149168172158126 8424 126IJ 832146194417299999999999999 147-211345 6199999999999999
 40  4-16-17  1 32 70107134146142123 97 73 58 58 71 9612415016716715011724 127IJ 913147203316999999999999999 232-191432 5699999999999999
 76 35  4-10 -6 16 48 84117138145135113 86 64 53 57 73 9812514916115813924 128IJ 952145212016299999999999999 315-111517 5399999999999999
106 68 33 10  2 12 35 66 98124139138124101 76 58 51 57 75 9912414315214624 129IJ102814022 615299999999999999 355  216 0 5199999999999999
126 96 63 36 21 20 33 56 84110128135129112 88 67 53 50 59 77 9912013513924 130IJ11 1135225313999999999999999 433 181643 4999999999999999
132113 88 62 43 36 40 55 77 99118129130119100 78 59 49 49 60 76 9511312424 131IJ1131131234412699999999999999 5 7 361728 4899999999999999
126118103 83 65 54 53 61 76 94112124129124110 90 70 54 46 48 58 73 8910424 2 1IJ1159129999999999999999999999 539 521819 4699999999999999
113114109 97 83 72 66 69 78 93108121128128120104 84 64 49 42 44 52 66 8124 2 2IJ 044115123012999999999999999 611 661919 4299999999999999
 94104107104 96 87 79 77 81 91104117127132129119102 81 60 44 36 36 44 5724 2 3IJ 2 1107131113299999999999999 652 772028 3599999999999999
 72 87 98105105100 93 87 85 89 98110122132136133122103 80 56 37 27 25 3324 2 4IJ 33110514 813699999999999999 750 852138 2599999999999999
 47 65 83 99108110106 98 91 88 90 98111125136142140128107 79 52 29 15 1324 2 5IJ 449111151614299999999999999 9 6 872241 1299999999999999
 22 39 62 85104116119113102 91 85 86 95110126141150149135110 78 45 18  324 2 6IJ 5471191623151999999999999991021 852336  099999999999999
  1 13 35 63 91114127128118102 87 78 79 89107129148159158142112 75 37  724 2 7IJ 6331291725160999999999999991126 77999999999999999999999
 -8 -7  9 36 70102126137134119 98 79 68 70 84106132154167165145111 69 2824 2 8IJ 715138182116899999999999999 027-101222 6799999999999999
 -2-15-10 11 44 81115137145135114 89 68 58 62 80107136160172167144106 6124 2 9IJ 756145191417399999999999999 114-161312 5899999999999999
 21 -7-16 -6 20 56 94127145147132106 78 57 49 58 79109140163173165138 9824 210IJ 83514820 317399999999999999 158-161359 4999999999999999
 54 17 -6-10  5 35 72108136148143123 94 66 48 44 56 8111214116316915712824 211IJ 912149205116999999999999999 241-111443 4399999999999999
 89 49 17  1  4 23 54 89120141146134110 81 55 41 42 58 8411314015715914424 212IJ 947146213716099999999999999 321  01526 4099999999999999
116 80 47 24 16 24 45 74104128141138122 96 69 48 39 44 61 8611313514714524 213IJ1020141222314899999999999999 359 1616 8 3999999999999999
130104 75 50 35 34 47 68 93116132136128108 83 59 43 39 47 64 8710912613424 214IJ1050137231113499999999999999 433 331650 3999999999999999
130116 95 73 57 51 55 69 89109125133130117 96 73 53 41 40 49 65 8410211524 215IJ1116133999999999999999999999 5 4 511736 3999999999999999
120117105 90 76 67 67 75 89105120129131124109 88 66 49 40 40 48 62 78 9324 216IJ 0 5120114313199999999999999 532 661829 3999999999999999
104109107100 90 82 78 81 90103116126131130120104 84 63 47 38 37 44 56 7124 217IJ 114109121713299999999999999 6 4 781935 3799999999999999
 85 96103104100 95 89 88 91 99110121129133131121105 84 63 45 34 31 36 4824 218IJ 24410413 913399999999999999 651 882049 3199999999999999
 62 78 92102107105101 95 93 94101111122131136135126109 86 62 41 26 22 2624 219IJ 415107142113799999999999999 8 8 9322 0 2299999999999999
 39 57 76 95108114113106 98 92 91 97107120133142143134116 89 60 34 16 1024 220IJ 518114153914399999999999999 936 9123 0 1099999999999999
 16 32 55 80103118124120108 95 85 82 88101119137149153144122 90 56 25  624 221IJ 6 21241648153999999999999991049 822352  099999999999999
  0  9 30 59 89115131133124106 87 74 70 78 96119142159163152126 89 49 1624 222IJ 6421341748163999999999999991147 70999999999999999999999
 -4 -6  8 34 69103129142139123 98 75 60 58 70 93121149167170156125 84 4224 223IJ 719143184217199999999999999 039 -71238 5799999999999999
  8 -9 -7 13 45 83117141149139116 87 61 47 48 65 93125154172173155120 7624 224IJ 756149193317599999999999999 124-101325 4599999999999999
 35  5 -7  1 25 61 99131149150133104 73 47 36 42 64 9512915717317014811124 225IJ 832152202117499999999999999 2 6 -714 9 3699999999999999
 69 31  8  2 16 43 79114140152145122 90 59 37 31 41 66 9813115616716013624 226IJ 9 715221 816799999999999999 246  21452 3199999999999999
101 63 33 17 18 36 65 97126145148134107 75 47 31 30 44 7010113015015614724 227IJ 940148215415799999999999999 324 151533 2899999999999999
123 92 61 40 32 40 59 86113134143139120 92 63 40 29 33 49 7410112514014224 228IJ1010144224114399999999999999 359 321615 2999999999999999
131111 86 64 52 52 63 82105124137138127106 80 54 37 31 38 54 76 9811612724 229IJ1037139233212899999999999999 431 501658 3199999999999999
127118102 84 71 67 72 84101118131136131117 95 71 50 37 34 41 56 74 9210624 3 1IJ11 2136999999999999999999999 459 671746 3499999999999999
114114108 97 87 81 81 89101114126133133125109 89 67 49 38 36 42 54 69 8424 3 2IJ 033115113013499999999999999 526 801844 3699999999999999
 96104107104 98 93 90 93100110121129133131122107 88 67 50 38 35 39 49 6224 3 3IJ 156107121213399999999999999 6 1 901957 3599999999999999
 77 90100105106103 99 97 99104112121129133132125110 91 69 50 36 30 32 4124 3 4IJ 336106132013399999999999999 7 7 972114 3099999999999999
 55 72 89102110112109103 98 97100108118128135137132118 96 72 48 30 21 2324 3 5IJ 448112144813799999999999999 847 972221 2199999999999999
 34 52 73 94111120120113103 93 88 91 99113128140146142127102 72 43 22 1224 3 6IJ 53112116 8146999999999999991011 882315 1199999999999999
 15 30 53 80105124131127113 96 82 75 78 90109130148157153134104 69 36 1224 3 7IJ 6 71311713157999999999999991113 74999999999999999999999
  4 10 31 60 92120137140129108 85 66 59 65 82108135157167161139103 63 2824 3 8IJ 642141181016899999999999999 0 4  312 4 5999999999999999
  5  0 12 38 73108135149145126 98 70 50 44 54 78109141165175165138 99 5624 3 9IJ 71814919 117599999999999999 048 -11251 4499999999999999
 22  3  3 21 52 89124148155143117 84 53 35 33 49 78113147170176163132 9124 310IJ 753155195017799999999999999 130  01335 3299999999999999
 51 20  7 13 36 70107138155154135103 68 39 24 28 49 8111714916917215512324 311IJ 827157203717399999999999999 211  61418 2399999999999999
 84 48 24 18 30 56 90123147156147122 87 53 28 20 28 52 8512014816316114324 312IJ 9 1156212416499999999999999 249 1815 0 2099999999999999
112 78 50 35 36 52 79108134150150134106 72 42 23 20 33 58 8911914115214724 313IJ 932152221115299999999999999 325 331541 2099999999999999
129103 76 57 51 58 76 99123140147140120 91 61 36 24 25 40 63 9011413113724 314IJ10 014723 113799999999999999 359 511623 2399999999999999
132116 97 79 69 69 80 97116132141140128107 80 54 35 27 32 46 66 8710611924 315IJ1025142235812399999999999999 428 6817 8 2799999999999999
123119108 95 86 82 87 98112126136139133118 97 73 52 37 32 37 49 65 82 9724 316IJ1051139999999999999999999999 455 8218 0 3299999999999999
108112111105 98 94 94100110121130135135127113 93 72 53 41 36 39 48 61 7624 317IJ 113112112413699999999999999 524 9319 6 3699999999999999
 90101107109107103101102107114122129133132126113 95 75 56 42 36 37 44 5624 318IJ 251109122013499999999999999 6131012023 3599999999999999
 71 87100109113111108104103105111118126132134129118101 80 58 41 32 31 3824 319IJ 413113135113499999999999999 7521032136 3099999999999999
 52 70 89106116120117109101 96 96101111122133139138128109 84 58 37 25 2424 320IJ 459120152314099999999999999 931 952236 2399999999999999
 33 51 74 98117128128119105 91 82 81 89103121137148149138115 85 54 30 1724 321IJ 5331291635150999999999999991038 812326 1699999999999999
 18 32 56 84112131139134118 96 76 65 65 77 97122145160161147119 83 48 2324 322IJ 6 51391735162999999999999991130 63999999999999999999999
 11 17 36 66 99128146148135110 81 58 46 50 67 95126154170169151118 78 4224 323IJ 639149182817299999999999999 011 111217 4699999999999999
 18 10 21 47 81116144156151129 97 64 40 31 39 63 97132161176172149113 7224 324IJ 713157191817799999999999999 053 1013 1 3199999999999999
 38 17 16 33 63 99133156161147118 81 47 25 20 34 6310013716517616914310624 325IJ 74716120 617799999999999999 134 141344 1999999999999999
 67 37 24 29 51 83117146161159137103 65 32 15 16 35 6710513916317115913324 326IJ 821163205417199999999999999 213 241426 1399999999999999
 98 65 43 37 48 72103132154160150123 87 51 23 12 18 40 7210713715615914724 327IJ 854160214216099999999999999 251 3715 8 1299999999999999
122 93 68 54 55 70 93120142155153136107 73 41 20 15 25 47 7710713114514524 328IJ 924156223214799999999999999 326 531550 1499999999999999
133113 91 75 70 76 91112132146150142122 93 63 37 22 21 33 54 7910312213224 329IJ 952150232713399999999999999 358 701634 2099999999999999
131122107 94 86 86 95109125138145143131110 84 58 38 28 29 40 58 78 9711224 330IJ1017145999999999999999999999 427 851723 2799999999999999
120120115106 99 96100109120131139141135122102 80 58 42 34 36 45 59 75 9124 331IJ 034121104614199999999999999 456 961820 3499999999999999
104112115113108105105108115124131136136130118101 81 61 47 39 39 45 57 7224 4 1IJ 2 1115113013699999999999999 5351041931 3899999999999999
 87100110115115112109107109114120127132133130120105 86 66 50 40 38 43 5424 4 2IJ 330115125013399999999999999 6581072047 3799999999999999
 70 87103115120120115108103102105112121129135135127112 92 69 50 37 34 3924 4 3IJ 423121143213599999999999999 8461022152 3399999999999999
 53 72 93112125129124113101 91 88 91101115129140144138121 97 70 46 32 2924 4 4IJ 45712915541449999999999999910 1 882245 2899999999999999
 38 56 80105126137136125107 88 74 70 76 91112133150156149128 99 67 41 2624 4 5IJ 5271381659156999999999999991055 702331 2499999999999999
 26 39 64 93121141148141121 95 70 54 51 62 84113140160167157132 97 62 3624 4 6IJ 5591481754167999999999999991142 50999999999999999999999
 23 27 47 77110138155156140111 78 50 34 35 53 82116148169174160131 93 5824 4 7IJ 633158184617499999999999999 014 231226 3399999999999999
 33 25 35 60 93127154165158133 97 60 31 19 25 48 83121154174175158126 8824 4 8IJ 7 7165193517799999999999999 056 251310 1999999999999999
 55 35 33 49 77112143164168152121 81 43 17 10 22 50 8712615717317115111924 4 9IJ 742169202317599999999999999 136 321353 1099999999999999
 84 56 43 47 67 97129155168163141105 65 30  9  7 24 54 9212715416716114124 410IJ 816168211216799999999999999 215 431436  699999999999999
112 83 63 57 66 88115142160165153126 90 52 23  8 12 31 61 9512614815614924 411IJ 84816522 215699999999999999 252 571519  799999999999999
130107 85 73 74 86107130149159157140111 77 44 22 13 20 39 66 9512113714324 412IJ 919160225614399999999999999 327 7216 3 1399999999999999
137122105 92 87 92105122139150153145126 99 68 42 25 21 29 47 70 9311312724 413IJ 947154235913199999999999999 4 0 871649 2199999999999999
131127117107100100106118131142147145134115 91 66 45 32 30 38 53 71 9010724 414IJ1016148999999999999999999999 432 991741 3099999999999999
118123121116110107109115124133139142138127110 89 67 50 40 38 44 55 71 8724 415IJ 115123105314299999999999999 5 91071844 3799999999999999
102114120120117114111112116123129134136133125110 92 72 55 45 42 46 56 7124 416IJ 239121115713699999999999999 6151111955 4199999999999999
 87103115122123120114109107109115122129133134128116 98 77 59 47 42 46 5724 417IJ 340124133513499999999999999 75710721 3 4299999999999999
 73 92110123129128120109100 95 96103113125135139136124104 81 60 45 40 4524 418IJ 41712915 814099999999999999 920 9522 0 4099999999999999
 59 79102121134138131116 99 85 78 79 90106124140149147133110 82 58 42 3824 419IJ 4481381619149999999999999991018 772249 3799999999999999
 46 65 90116137147145130107 83 65 57 62 79102128149160157140112 81 54 3824 420IJ 51914817191609999999999999911 6 572334 3699999999999999
 37 51 75105133152158148124 94 64 44 38 48 71102133158169164143111 77 5124 421IJ 5521581812170999999999999991151 38999999999999999999999
 38 42 61 90122150165164146114 77 44 25 23 39 68105140165175166142108 7424 422IJ 62716719 217599999999999999 016 371236 2199999999999999
 50 42 51 75107139163173164138 99 59 27 10 14 35 7010914516917516413710324 423IJ 7 2173195217699999999999999 058 421319  999999999999999
 73 54 51 66 92124153172174158125 83 43 14  3 12 37 7411314616717115713024 424IJ 738176204117199999999999999 138 5014 3  399999999999999
100 75 62 66 83110139162174169146110 69 32  8  3 16 43 7911514416116114724 425IJ 813174213216399999999999999 217 621447  299999999999999
124 99 81 75 83101126149165169158132 96 58 27  9  9 24 51 8311413815115024 426IJ 846170222615299999999999999 256 751532  799999999999999
138119101 90 90100117137154163160145118 85 52 27 16 18 34 58 8511113114024 427IJ 919163232514199999999999999 332 891618 1599999999999999
140130117106101104114128142153156149132107 78 51 32 25 29 43 64 8610712324 428IJ 950156999999999999999999999 4 810117 7 2599999999999999
132132126118111109113122133142148147139123101 76 55 40 35 39 51 68 8710424 429IJ 032133102614999999999999999 44810918 3 3599999999999999
118126128125119114114117123131138141140133119100 79 60 47 42 46 56 71 8824 430IJ 145128111814299999999999999 54311319 5 4299999999999999
105118126128125119114111113118124131136136131120103 84 66 53 47 50 60 7524 5 1IJ 249128124013799999999999999 7 81112011 4799999999999999
 92109123131131125116108102102106114124133137135126110 89 70 56 49 52 6324 5 2IJ 333132141513799999999999999 8351012111 4999999999999999
 81100119133138135123109 95 87 86 92104119133143143134116 94 71 56 49 5424 5 3IJ 4 6138153514499999999999999 938 8522 3 4999999999999999
 69 90113133145146136118 96 77 67 67 78 96118138151153143122 95 71 54 5024 5 4IJ 4371471640154999999999999991029 662250 4999999999999999
 58 77103128148158153135108 79 57 46 49 66 91120145160162149124 95 68 5324 5 5IJ 5101581736163999999999999991115 452334 5099999999999999
 52 65 89118145163167155128 94 60 36 27 35 58 90124152168168152124 92 6724 5 6IJ 54516818291709999999999999912 1 27999999999999999999999
 54 58 76104134161175172152118 78 41 18 13 27 55 92129158173170151121 9024 5 7IJ 622176192017499999999999999 017 541246 1399999999999999
 68 60 68 90119150172181171144104 61 26  6  6 24 57 9613316117316714711824 5 8IJ 659181201117399999999999999 1 0 601331  399999999999999
 90 72 69 81105134161179180164132 90 48 16  1  5 27 6110013515916816114124 5 9IJ 73718221 216899999999999999 142 681416  099999999999999
115 92 80 82 97120146168179174153118 77 39 12  2 11 34 6710313415416115324 510IJ 814179215616199999999999999 223 7915 2  299999999999999
135114 97 90 96111132153169173163140105 68 35 14  9 20 43 7310413014715124 511IJ 850173225215299999999999999 3 3 901548  999999999999999
144130114104102109123140156165164151127 95 63 37 22 20 31 52 7810412613924 512IJ 926166235214399999999999999 3431011636 1999999999999999
143138127116110111118130143153157153139117 90 63 42 31 32 43 61 8310412224 513IJ10 4157999999999999999999999 4251091727 3099999999999999
134137133126118114115122131140147149144131112 89 66 50 41 43 52 68 8710624 514IJ 056137105014999999999999999 5161141822 4199999999999999
122132135131124118114114119126134140142138128111 91 72 57 50 51 60 75 9324 515IJ 156135115514299999999999999 6241131920 4999999999999999
110125134135130122113107106110117126134138137129115 96 77 63 56 58 67 8224 516IJ 243135132113999999999999999 7441062019 5699999999999999
101119132139138129116103 95 92 96106118130139141135120101 81 66 59 62 7424 517IJ 320140144614199999999999999 853 922113 5999999999999999
 91112130143147141126107 89 77 74 81 94112130143148142127105 84 68 62 6724 518IJ 352147155814899999999999999 948 7422 3 6299999999999999
 81103125145156155142119 93 71 57 55 66 85110133150156150132107 84 68 6424 519IJ 4261571659156999999999999991038 542250 6399999999999999
 72 91116141160167161140109 77 51 37 38 54 80110138158164155135108 83 6824 520IJ 5 21671755164999999999999991125 352335 6699999999999999
 67 80103131156173176162134 97 59 32 19 25 46 78113144165170158135107 8324 521IJ 5411771848170999999999999991211 19999999999999999999999
 71 73 90116145170183180159124 82 43 16  7 17 43 7911714916817115813310624 522IJ 620184194017299999999999999 020 701258  799999999999999
 85 76 82102129157179187178152112 68 30  6  1 16 45 8312115216916915513124 523IJ 7 0187203217199999999999999 1 4 761344  199999999999999
106 88 84 93114141166183186172141100 57 22  3  2 20 50 8712315116616415024 524IJ 741187212516799999999999999 148 841431  099999999999999
128107 94 94105126150170182179161129 89 49 20  6  9 28 58 9212414816015724 525IJ 821183221916099999999999999 232 921518  599999999999999
144126109101104116135154170176169149117 81 47 23 14 20 39 66 9712414415324 526IJ 9 1176231415399999999999999 31610116 6 1499999999999999
150139124112108112124139154165167158137108 76 48 30 25 33 50 7510112414024 527IJ 941167999999999999999999999 4 01081654 2599999999999999
147144134123115112117127139151157157147128103 76 54 40 38 46 62 8310512524 528IJ 010147102615899999999999999 4491121743 3799999999999999
138142139131121114113117125135144149148139122101 79 61 50 50 58 73 9211124 529IJ 1 4142112115099999999999999 5461121835 4999999999999999
127138141136127117110107111118128137142143135121103 83 68 60 60 68 8310124 530IJ 151141123114399999999999999 6531071927 5999999999999999
119133141141134122110100 97100108119130138141136124107 89 74 67 68 78 9324 531IJ 230142135214199999999999999 8 2 972020 6699999999999999
112129142148144132115 98 86 82 85 96110126138143140129112 93 78 72 75 8624 6 1IJ 3 4148151014499999999999999 9 3 822112 7199999999999999
104124142153155146128105 84 69 64 69 84104124141149147135116 96 81 75 8024 6 2IJ 340156161815099999999999999 957 6422 2 7599999999999999
 95116138156165163147122 92 66 49 45 55 74100126146156154140119 97 82 7824 6 3IJ 4171661719157999999999999991047 452251 7899999999999999
 86104128152170176168146113 78 48 31 29 43 68 99129153163160144120 98 8324 6 4IJ 4581761815164999999999999991136 282338 8199999999999999
 82 93114140165181184170141102 63 32 15 17 35 65101134159169163145120 9824 6 5IJ 54018519 8169999999999999991224 14999999999999999999999
 86 86101125152176189187168133 91 49 18  5 10 33 6610413916317116414412024 6 6IJ 62319020 117199999999999999 026 841312  499999999999999
 99 89 93110135161183192186161123 79 38 10  1 10 35 7110914216417016114124 6 7IJ 7 7192205317199999999999999 113 8914 0  199999999999999
118101 94101119143167185190179152113 69 32  8  3 15 42 7711414416316715724 6 8IJ 751191214516799999999999999 2 0 941448  299999999999999
138118104100109127149170183184170141103 63 31 12 11 25 52 8511814415916124 6 9IJ 834185223716299999999999999 2461001535  999999999999999
151134117107106116132151168177174158130 95 60 34 21 23 38 63 9312114315524 610IJ 918178232815699999999999999 3331051622 2099999999999999
155145130116109111120135150163168163147121 90 62 41 33 37 53 7610112514224 611IJ10 3168999999999999999999999 42010917 8 3399999999999999
150148138125114109112120133146156159153137115 89 66 51 46 52 67 8811012924 612IJ 016151105215999999999999999 5111091754 4699999999999999
143147143133120110106109117128139148150145131112 90 72 61 59 67 8210011924 613IJ 1 0147115115099999999999999 6 81061840 5999999999999999
135145146139127114103 99101109120132141144140129113 94 79 71 71 80 9411224 614IJ 13814613 114499999999999999 710 991928 7099999999999999
129143149146136121105 93 87 89 98111124136142140131116 99 86 79 81 9110624 615IJ 214149141814299999999999999 813 872018 7899999999999999
124141152155148133114 94 79 72 75 86102119134143143135121104 91 85 8810024 616IJ 250155153314499999999999999 912 7221 9 8599999999999999
117136153162162151130105 80 62 55 59 73 94116135147149141125108 94 89 9324 617IJ 32916416411509999999999999910 7 5522 2 8999999999999999
107127148165173169153126 94 65 45 38 45 63 89116139154156147129110 96 9124 618IJ 41317317411579999999999999911 0 382254 9199999999999999
 98115137160177183175153120 82 50 28 23 33 56 87119145161162151132111 9724 619IJ 4581831837163999999999999991150 222346 9399999999999999
 93102122146170186190178150112 70 36 15 12 26 54 8812315116716715313211124 620IJ 5451901930169999999999999991240 11999999999999999999999
 97 96107128154178193193177144102 59 25  6  6 24 55 9312915717116815313124 621IJ 632195202117299999999999999 036 951329  499999999999999
110 98 99112135161183195192172136 93 50 18  3  7 28 61 9913516017116715024 622IJ 720196211117299999999999999 126 971417  299999999999999
128109 99103118140165185193187164127 84 45 17  6 14 37 7010713916116916224 623IJ 8 619322 016999999999999999 215 9915 4  699999999999999
145124108101107122144166182187178153117 78 43 21 15 26 50 8111514316016424 624IJ 852188224716499999999999999 3 31011550 1599999999999999
155138120107103110126145164177178167142109 75 46 30 29 42 65 9412214515724 625IJ 939179233215999999999999999 3501031635 2899999999999999
158148131115105104112126144159168167155132103 75 53 43 45 59 8110612914624 626IJ1026169999999999999999999999 4371031718 4299999999999999
154151140124110102103111124139152159157145125100 78 62 57 63 77 9711813624 627IJ 012154111715999999999999999 5271021759 5799999999999999
148151145132117104 97 99107119133144150148137121101 84 73 71 79 9311112924 628IJ 049151121615099999999999999 621 971840 7199999999999999
143151150140125109 96 89 91 99111125136143142134120104 90 83 84 9310712424 629IJ 122151132614499999999999999 720 891924 8299999999999999
140151155150137119100 86 78 79 88101117130139141135123109 97 92 9410411924 630IJ 157155144314199999999999999 822 782014 9199999999999999
135150160161152135113 91 73 64 65 75 92110127139143139128114103 9710111124 7 1IJ 238161155914399999999999999 923 6421 9 9799999999999999
128145161169168156134107 80 59 49 51 63 8310612814314914513411910610110424 7 2IJ 32417017 7149999999999999991020 4822 610199999999999999
117135155171179175159132 99 67 44 33 37 53 7710513115015715213912110710124 7 3IJ 41417918 6157999999999999991115 3323 410199999999999999
106121141163180188182161129 91 55 30 19 25 46 7510813715716415814112210624 7 4IJ 5 518818591649999999999999912 7 19235910199999999999999
101107123146170188194186161123 81 43 18 10 19 44 7711414516517016014112024 7 5IJ 5571941950170999999999999991257 10999999999999999999999
104 99107126151176194198186157116 72 34 10  5 19 47 8412115217017216013824 7 6IJ 648198203717399999999999999 052 991346  599999999999999
116101 98109129155180196198182150108 64 29  9  8 25 55 9312915817217115524 7 7IJ 737199212417499999999999999 143 981433  699999999999999
133112 99 98111133158181194193174141100 59 28 13 17 36 6810413716117116624 7 8IJ 82519622 817199999999999999 231 971518 1299999999999999
148126107 97 99113135159179189184164131 93 57 32 23 31 52 8211514416216624 7 9IJ 913189224916799999999999999 318 9616 2 2399999999999999
157139118102 96101115136157173180172152122 88 59 42 39 49 71 9812614816024 710IJ 959180232816199999999999999 4 4 961643 3899999999999999
160148130111 98 94101116135153165168160141114 87 66 55 56 69 9011413615124 711IJ1047169999999999999999999999 450 941722 5499999999999999
157152138120104 93 92100114131146156157149132110 89 75 70 75 8910812714424 712IJ 0 2157113915899999999999999 537 921759 7099999999999999
153154145130112 96 88 88 96109124138146147140126110 95 85 84 9210612313924 713IJ 033155123814899999999999999 630 871836 8499999999999999
151156152140123104 89 81 81 88101116129138141136126113101 95 9710611913524 714IJ 1 5156135114199999999999999 729 801918 9599999999999999
149158160153138118 97 80 71 70 78 9110712213413913712911810810410611512924 715IJ 143160151313999999999999999 833 70201110399999999999999
144157165165156138114 90 70 59 58 66 8110011913314114213412411410811112024 716IJ 230166163014399999999999999 937 57211310899999999999999
134151165173172161139111 82 59 45 44 53 72 9511913714814914112811610911124 717IJ 3251741735150999999999999991037 43221810999999999999999
121138156172182180166140107 73 46 31 30 43 66 9512314515715714613011510724 718IJ 4231821829158999999999999991133 29232010799999999999999
109121140161180190187170140101 63 34 19 20 37 65 9813015416616314912911224 719IJ 5201911918166999999999999991225 17999999999999999999999
103105119141166186197193172137 94 54 24 10 15 36 6910614016317216614812524 720IJ 61519720 317299999999999999 0171021314 1099999999999999
106 97102119143170191201194170131 86 46 18  8 17 42 7811614917017516414224 721IJ 7 7201204717699999999999999 1 9 9714 1  899999999999999
118 99 92100119146173194201191163123 79 41 17 12 25 53 9012715717417315824 722IJ 757201212917699999999999999 159 921446 1199999999999999
134110 93 89 99121148174192196183154114 73 40 23 23 40 6910513816217316724 723IJ 84519722 817399999999999999 246 891529 2099999999999999
149124101 88 88101123149172187187172142106 71 45 34 40 59 8811914716416824 724IJ 932189224516899999999999999 331 8616 9 3499999999999999
157137113 94 85 88103124148167177175158131100 72 55 51 60 8010613215216224 725IJ1018178231816399999999999999 414 851647 5099999999999999
160146125104 88 83 89104124144159166161145122 98 78 68 70 8210112314315624 726IJ11 6166234815999999999999999 458 831721 6799999999999999
159151135115 96 84 81 88103120137149153149135117100 87 83 8910211913715124 727IJ1159153999999999999999999999 545 811754 8399999999999999
158155144127107 89 79 78 85 98114129139143140130117104 97 9710511813314724 728IJ 01715813 214399999999999999 638 771829 9699999999999999
157159154140121101 84 74 72 79 9110512013113613612912011110710911712914324 729IJ 050159142213799999999999999 740 72191310799999999999999
154162162155139119 97 78 66 63 69 81 9711312613513713312611811411512313524 730IJ 134163155013799999999999999 849 63201511399999999999999
148160167167159141118 93 71 56 52 57 70 8910912713914314013212211611612324 731IJ 23116817 314399999999999999 956 52212911599999999999999
136151165174175165146118 88 62 44 38 45 62 8511013214715214713612311411324 8 1IJ 3371751759152999999999999991057 38223911299999999999999
120134152170181183173150117 82 51 32 26 36 57 8511514115716115313712010824 8 2IJ 4411841846161999999999999991151 26234110599999999999999
106115132154175190192179152114 74 41 21 17 31 57 9112515316816715413311224 8 3IJ 5401931929169999999999999991241 17999999999999999999999
 99 98109131157181197198182150108 66 32 14 14 33 6410113716417517015112624 8 4IJ 635200201017599999999999999 036 971328 1299999999999999
103 90 91106131160186201200180145101 58 27 13 18 41 7611514917217816614324 8 5IJ 727203205017899999999999999 126 881412 1299999999999999
115 92 82 86105132163188201197174137 93 54 27 19 30 56 9212915917517515824 8 6IJ 816202212817799999999999999 213 811455 1999999999999999
132104 83 76 85106135164187196188163126 87 53 34 32 48 7510914116417416724 8 7IJ 9 319622 417499999999999999 257 761535 3199999999999999
146119 93 77 74 86109136163181186175150117 84 58 47 51 69 9612615116616724 8 8IJ 949186223616999999999999999 340 741613 4799999999999999
155132106 85 73 75 89111136158171173161138110 85 68 64 74 9211613915716424 8 9IJ103617423 616499999999999999 422 721647 6499999999999999
159143120 96 79 72 77 91111132150159158147128107 90 82 84 9511313314915924 810IJ1124160233216199999999999999 5 5 721718 8199999999999999
160150132109 89 75 71 77 91108126140147145136123108 99 9610211413014515624 811IJ1221147999999999999999999999 553 711747 9699999999999999
160156143124103 84 73 70 75 8710211712913613613112211310810911612814115224 812IJ 0 0160133313799999999999999 649 70182210899999999999999
159160154140120100 81 69 65 70 80 9410912213013313112612011611812413414624 813IJ 03816115 513399999999999999 757 65191411699999999999999
156162163156141121 98 78 64 58 61 71 8510211813013613713212512112112613524 814IJ 133163163113799999999999999 910 58203312099999999999999
147158166168161146124 98 74 56 47 49 61 7910012013614414413812812011712124 815IJ 2451681730145999999999999991018 47215611799999999999999
131145160171175170153127 96 67 45 36 39 53 7610212814615515214112611410924 816IJ 3581751815155999999999999991116 3523 510999999999999999
113125143163178185179159128 92 58 34 25 31 50 7911113915816415714011910324 817IJ 5 418518551659999999999999912 7 25999999999999999999999
 97103119142167186194187163127 86 49 25 18 28 53 8712315317017115713310824 818IJ 6 2194193417299999999999999 0 2 971254 1899999999999999
 91 85 94115144172193201190162122 78 41 20 17 33 6310013716517717215112324 819IJ 656201201117899999999999999 052 851338 1699999999999999
 95 78 76 89115146177198203188156114 71 37 21 24 45 7811615117317916714024 820IJ 746203204817999999999999999 139 751420 2099999999999999
109 82 68 70 87116150179197198181147106 67 39 29 38 63 9713216117617415624 821IJ 834200212317899999999999999 223 6715 1 2999999999999999
127 95 72 62 68 89119151178192189168136 99 66 47 45 59 8411614616717416424 822IJ 920193215617499999999999999 3 6 621538 4499999999999999
142112 84 65 60 71 93122150172181175154125 95 72 61 65 8210613315516716624 823IJ10 6181222616999999999999999 347 601613 6199999999999999
152127 99 75 62 62 75 97122146162166159141118 96 82 79 8710512614616016424 824IJ1053167225216499999999999999 429 601644 7899999999999999
156139114 89 70 62 65 78 98119138149152145131114101 94 9710812414015416124 825IJ1145152231716199999999999999 513 621712 9499999999999999
159147128105 84 69 63 67 79 9611312813713913512611610910711312413714915824 826IJ1250139234716099999999999999 6 3 63174010799999999999999
160154141122101 82 68 63 67 77 9010511812813213112612011711812313314415324 827IJ1417132999999999999999999999 7 5 63182011799999999999999
159159153140121101 81 67 61 62 70 83 9811212413113313112612312312713414424 828IJ 034160155413399999999999999 819 60193212299999999999999
153159161156144125103 81 64 54 54 61 75 9311112613614013713012412112313024 829IJ 14616117 114099999999999999 934 5321 912199999999999999
140151161166163151131105 79 57 45 44 53 70 9211513414614814213111911211324 830IJ 3101661744149999999999999991038 43222811299999999999999
121134151165174173160136105 74 49 35 34 47 70 98125147158156144126109 9924 831IJ 4251751821158999999999999991131 332328 9899999999999999
100111129152172184184168139103 67 39 26 29 47 76109139161168160140115 9424 9 1IJ 5281861857168999999999999991219 25999999999999999999999
 84 86102127155180194192172138 97 58 31 21 29 53 8712415417217315713110124 9 2IJ 624195193317599999999999999 019 8313 3 2199999999999999
 78 69 76 97127160187200195171133 90 52 28 23 37 6610314016717917214911724 9 3IJ 71520020 817999999999999999 1 5 691345 2299999999999999
 85 64 58 70 96130164190201192164125 83 49 31 33 52 8412115417517916513624 9 4IJ 8 3201204318099999999999999 149 581425 3099999999999999
101 71 53 52 69 98134167189195183154116 79 52 42 50 7210413716417717315224 9 5IJ 850196211617799999999999999 232 5015 4 4299999999999999
120 87 60 47 52 72102136165182184169142109 79 61 59 71 9512415016817216124 9 6IJ 937186214717399999999999999 314 471539 5899999999999999
137105 75 54 47 56 77106135158171169155131105 84 75 79 9411614015816716424 9 7IJ1024172221416899999999999999 355 471612 7599999999999999
147122 92 67 52 51 62 82107131149157154141123105 94 9210011513415016116224 9 8IJ1114157223916399999999999999 437 501640 9299999999999999
153135110 84 64 54 56 67 8510512313714314013212011010510811813114515516024 9 9IJ121314323 516099999999999999 523 5317 710599999999999999
156145126103 81 65 57 59 69 8310011512613213212812111711612012914015015624 910IJ1331133234215799999999999999 618 57173811699999999999999
157152140122101 82 67 59 60 67 79 9310711912713012912612312312613314114924 911IJ1511130999999999999999999999 727 58183412299999999999999
154155151140124104 84 68 58 56 61 72 8710311812913413413012612312412913624 912IJ 044156162913599999999999999 845 56201612399999999999999
145153157155146130109 86 66 53 49 54 67 8510512313714214013312311611411824 913IJ 216157171214299999999999999 956 49214911499999999999999
128140153162164156138113 85 61 45 40 47 64 88113135148151144130114103 9924 914IJ 3431641747152999999999999991053 402253 9999999999999999
105119137156170175166145114 81 53 36 33 44 67 96126149161158144122100 8524 915IJ 4521751820162999999999999991142 322344 8299999999999999
 82 92112137162180185175148113 75 45 29 30 47 76110142164170161137108 8224 916IJ 5501861854170999999999999991226 27999999999999999999999
 67 67 82108140170189193178147107 68 39 27 34 57 90127157175174156126 9224 917IJ 642194192917799999999999999 031 6513 8 2799999999999999
 64 51 56 76109145176195195176142100 63 38 32 45 7210814317018017114611024 918IJ 73219720 318099999999999999 115 511349 3299999999999999
 75 49 40 50 76112149179194191169133 94 61 43 44 62 9212615717617816213124 919IJ 819195203718099999999999999 158 401428 4199999999999999
 94 60 39 36 51 79115151177188181157124 90 65 55 62 8311214216617617014824 920IJ 9 718821 917699999999999999 240 3515 5 5599999999999999
115 79 50 35 37 55 85118149169176167145116 91 75 72 8410513115416817015724 921IJ 954176213817199999999999999 322 341539 7299999999999999
132 99 68 45 36 43 62 89118143158161152134113 96 88 9210512414415916616024 922IJ104416122 516699999999999999 4 4 361610 8899999999999999
144118 88 62 46 42 50 68 9111513314514613912611310410311012313815115915924 923IJ1140147223016199999999999999 448 41163810299999999999999
150132107 82 62 50 48 56 72 9010912413313513112411711311612313414515315624 924IJ125013523 015699999999999999 538 4717 711399999999999999
153142124103 81 64 54 53 59 72 8710211512512912912512212112312913714515124 925IJ1423129234915299999999999999 638 52175012099999999999999
152148139123104 84 68 57 54 59 69 82 9811212313013112912512312312713314024 926IJ1550131999999999999999999999 753 54192112399999999999999
146150148141127109 88 70 57 52 54 64 80 9711412813613713212511811511712424 927IJ 116150163813799999999999999 9 8 5221 611599999999999999
133143151153148135115 91 69 53 46 49 61 8010212313814514213211810710110324 928IJ 2541531711145999999999999991011 46221710099999999999999
112126142156162159144120 92 65 46 39 45 62 87113137151154145127106 89 8224 929IJ 41216317431559999999999999911 2 392310 8299999999999999
 86100121145164174170152122 89 59 39 35 45 68 98129152164160142116 89 6924 930IJ 5151741815164999999999999991148 342356 6399999999999999
 63 71 92120150173184178155121 83 52 35 35 51 80114145167172160134100 692410 1IJ 6 91841849173999999999999991230 33999999999999999999999
 50 47 60 88123156181190180153116 78 49 36 41 63 96131161177175154120 822410 2IJ 659190192317899999999999999 041 461311 3599999999999999
 51 34 36 55 88127162185191177147109 74 49 43 54 801141481721801701421042410 3IJ 748191195718099999999999999 124 321351 4399999999999999
 65 36 24 32 56 92130163183185169139103 73 56 56 731001321601761771591262410 4IJ 836187203117999999999999999 2 7 241430 5499999999999999
 87 51 27 21 34 61 96132161176174157129100 78 69 75 931191461661741671442410 5IJ 92417721 217499999999999999 249 2115 6 6999999999999999
110 73 43 25 25 40 67 99130153164161145122101 87 85 951131351551671671542410 6IJ1015165213216899999999999999 332 231540 8499999999999999
129 96 64 40 29 32 48 73100125143151147135119105 991021131291451571621572410 7IJ11 9151215916299999999999999 416 281611 9899999999999999
140115 87 60 42 35 41 55 76 981181321381361281191111101151261381491551552410 8IJ1214138222715699999999999999 5 3 35164211099999999999999
146130107 83 62 47 43 48 60 77 951111231301301261211181181241321401471502410 9IJ133413023 715099999999999999 557 43172011799999999999999
148139124105 84 65 53 49 52 62 76 92107119127129127124121121124129136142241010IJ15 1129999999999999999999999 7 3 49183312099999999999999
145144137125108 88 70 57 51 53 61 74 91107121130133130124119115116121128241011IJ 018145155813399999999999999 817 51202011599999999999999
135142144141131114 93 73 57 49 50 60 75 94113129138138131120110103102107241012IJ 159144163313999999999999999 924 49213810199999999999999
118130142150149139121 97 73 54 45 47 60 80103125141147142129111 94 84 84241013IJ 32815117 4147999999999999991019 452234 8399999999999999
 92109128147159160149126 98 70 50 41 46 64 89116140155156143121 96 74 63241014IJ 43616117351579999999999999911 7 412321 6299999999999999
 65 80103130154169170156129 96 65 45 39 50 72102133156166160139108 77 53241015IJ 53417118 8167999999999999991150 39999999999999999999999
 43 50 71101134162178177158127 91 61 43 42 58 86119150170173159129 92 57241016IJ 626180184317499999999999999 0 6 431232 4099999999999999
 33 27 39 67103140169183178156123 87 59 46 51 71103136164178174152115 74241017IJ 716183191817999999999999999 050 271313 4599999999999999
 39 19 18 35 67107144171182174150117 84 61 54 65 89120151173179168139 99241018IJ 8 5182195318099999999999999 133 161353 5499999999999999
 58 26 11 15 37 71110145169176166142111 84 68 68 82107136161175174156124241019IJ 854176202717799999999999999 217 101432 6699999999999999
 84 46 19 10 19 43 76112142161165155133108 89 80 85101124147165171164141241020IJ 945166205917199999999999999 3 0 1015 9 8099999999999999
108 71 39 19 15 27 50 81111136151153143126109 96 94102117136153163163151241021IJ1039154213016499999999999999 345 151544 9499999999999999
127 96 64 38 24 24 36 58 83108128140141134123111105107115128142153157152241022IJ113914222 115799999999999999 431 22161810599999999999999
138115 88 62 42 32 34 45 63 84104121130133129122115113116123133142148149241023IJ1250133223715099999999999999 521 31165711399999999999999
143129109 86 64 48 40 42 51 66 84101116125129127122118116118124131138142241024IJ14 7129233314399999999999999 619 40175711699999999999999
142137125108 88 69 54 47 47 55 68 84101116125129128123117113113117123130241025IJ1510129999999999999999999999 725 46193011399999999999999
136138136127111 93 73 58 50 49 57 70 88106121131133129120110103101104112241026IJ 1 3138155113399999999999999 832 48205510199999999999999
122132139140133118 98 77 59 50 49 58 74 95115131140138128113 98 87 83 88241027IJ 238140162214099999999999999 932 482155 8399999999999999
100116132144148142125102 77 58 48 49 62 82106129144149142124101 80 66 63241028IJ 3541481654149999999999999991022 472245 6399999999999999
 72 90113135152158150130103 75 55 46 51 68 93121145158157142115 85 59 45241029IJ 45715817271599999999999999911 8 462330 4399999999999999
 44 59 84113141161167156133102 72 52 46 56 79108138160168160136102 66 38241030IJ 55116718 2169999999999999991152 46999999999999999999999
 25 29 50 81117148168172158131 99 69 52 51 66 92124153172174158126 86 47241031IJ 643173183817599999999999999 015 241234 4999999999999999
 20 10 20 46 82121153172173156127 95 69 56 60 79108140165178173150113 702411 1IJ 733175191517999999999999999 1 0 101316 5699999999999999
 32  7  3 17 47 86124154170169150122 93 72 65 74 95124152172178166137 972411 2IJ 824172195117899999999999999 144  21356 6599999999999999
 55 21  2  2 20 52 89125152165161143118 94 79 77 891111361591721711541232411 3IJ 915165202717499999999999999 229 -11436 7699999999999999
 84 45 16  3  7 27 58 92124146155151135115 97 89 911041241451611671611402411 4IJ10 915521 216799999999999999 314  21515 8899999999999999
109 73 40 17  9 16 36 64 93120138145141129114102 991041171321471571581482411 5IJ11 6145213615999999999999999 4 1  91554 9999999999999999
127 98 67 40 23 19 27 45 69 931151301361331241141081071131231351451501482411 6IJ12 9136221315099999999999999 449 19163510799999999999999
137117 92 66 44 31 29 37 53 73 931121241301281221151111111161241321391422411 7IJ131613023 114299999999999999 542 29172811099999999999999
139129111 90 68 50 40 38 45 59 76 951111231281261211141091091121181251322411 8IJ1417128999999999999999999999 639 38184310899999999999999
135134125111 92 73 56 47 45 52 64 81 99115125129126119110102 991011071162411 9IJ 01313515 312999999999999999 741 4520 6 9999999999999999
125131133127115 97 77 61 51 49 56 70 88107123132133126114100 89 84 86 94241110IJ 144133153813499999999999999 840 492112 8499999999999999
107121132137133121102 81 63 52 51 61 77 98119135142138125105 85 71 65 69241111IJ 3 7137161014299999999999999 934 5022 5 6499999999999999
 81100120136144141127106 82 62 52 54 66 87111133148151141119 92 67 49 44241112IJ 4161441644151999999999999991023 512254 4499999999999999
 52 71 96122142152149132108 81 61 52 57 74 99126149161158140110 76 47 28241113IJ 51515317201619999999999999911 8 522340 2599999999999999
 26 38 64 95126149160154135107 80 60 54 64 85113142162170160135 98 59 27241114IJ 6 91601757170999999999999991153 54999999999999999999999
 10 11 30 61 97131155164156134105 78 61 60 73 98128155172174158125 83 42241115IJ 7 1164183617599999999999999 026  81237 5999999999999999
 11 -2  3 27 62100135158165154131103 78 66 68 85112140165177172150113 69241116IJ 753165191517799999999999999 112 -31320 6599999999999999
 28  1 -8  2 28 65104137157161149127101 81 73 80 98124150169175165138 99241117IJ 845162195417599999999999999 158 -814 3 7399999999999999
 57 20 -3 -8  6 34 70106135152155143122101 86 83 92111133154168168154125241118IJ 938156203317099999999999999 244 -81445 8399999999999999
 87 48 17 -1 -1 14 41 74106132146146135119102 93 93103120139154162158141241119IJ1033147211116299999999999999 331 -31528 9299999999999999
112 78 44 19  7  9 25 50 79106127138138129116104 99101111125139150153146241120IJ1130139215115399999999999999 419  61612 9999999999999999
128102 72 44 25 17 21 36 58 82105123131131124114106103106114125135142143241121IJ1228132223614499999999999999 5 8 1717 110399999999999999
135119 96 71 48 33 28 33 47 66 87106120128127120112105102104111120128134241122IJ1324128233513599999999999999 559 2818 210299999999999999
135128114 94 73 54 42 38 44 56 74 92110122127125117107 99 95 97103111120241123IJ1412127999999999999999999999 653 381914 9599999999999999
127129125113 96 77 60 49 46 52 65 82100116127129124113100 89 83 84 91101241124IJ 051129144912999999999999999 748 462024 8399999999999999
113123128126116100 81 64 54 52 59 74 92111126134133123107 89 74 66 68 77241125IJ 215128152313599999999999999 842 522122 6699999999999999
 91108122131131122105 85 67 57 56 66 83104124138143137121 98 74 55 47 50241126IJ 331132155814399999999999999 933 552214 4799999999999999
 63 83105125137138128109 87 68 58 60 73 93117138151152140116 85 56 35 27241127IJ 4361391636153999999999999991022 5823 3 2799999999999999
 33 52 78106130144145133111 87 68 60 64 81105131152162158139108 71 38 16241128IJ 53414617151639999999999999911 9 602351 1099999999999999
 10 20 44 76109136150150136112 87 69 63 70 90117144163170161135 97 56 21241129IJ 6291521756170999999999999991156 62999999999999999999999
  0 -3 12 41 77113141155153136111 86 70 67 78101128154171174158127 85 42241130IJ 722156183817599999999999999 038 -41242 6699999999999999
  7-11 -9 10 42 80117144156152134109 86 73 74 88111138161174172151116 732412 1IJ 814156192117599999999999999 126-131328 7299999999999999
 30 -1-15-10 13 46 84119144154148130107 88 78 82 971201451641721651411042412 2IJ 9 615420 317299999999999999 213-151413 7899999999999999
 62 23 -3-13 -4 19 53 89120142149142125105 90 85 901061271471621651541292412 3IJ 959149204516699999999999999 3 1-131459 8599999999999999
 93 54 21  0 -5  6 29 60 92120137142135120104 93 90 971121291461561551422412 4IJ1052142212815799999999999999 348 -51545 9099999999999999
117 84 51 23  8  6 18 41 68 96119133135128115103 94 941011141281411471442412 5IJ1145136221314799999999999999 435  51633 9399999999999999
130107 79 51 29 18 20 32 52 76100118128129122111100 94 941011121241331382412 6IJ123513023 413899999999999999 523 181726 9399999999999999
134121101 77 54 37 30 33 46 64 85105119126125117105 95 89 90 961061161252412 7IJ1320127999999999999999999999 610 301826 8999999999999999
129126116 98 78 59 46 41 46 58 75 94111123127122112 99 87 81 80 86 961082412 8IJ 0 7129135812799999999999999 659 411931 8099999999999999
118124123114 99 81 64 53 51 57 70 87105120128129121107 90 76 67 67 74 862412 9IJ 122124143413099999999999999 749 512034 6699999999999999
100113122123116102 85 69 59 58 65 80 98116130136133120100 79 61 51 50 59241210IJ 240123151013699999999999999 840 572131 4999999999999999
 75 94111123127121107 89 73 63 63 73 89110129142145137118 92 65 43 32 33241211IJ 353127154914599999999999999 931 622224 3199999999999999
 46 66 90112128133127112 92 75 66 67 79 99121141153153140114 82 49 25 14241212IJ 4571331631155999999999999991022 652315 1399999999999999
 18 34 60 89116134140132115 94 76 68 71 86108133153163159140108 70 34  8241213IJ 5561401715164999999999999991113 67999999999999999999999
 -2  5 27 58 91121140145136117 94 76 69 75 93117143162170162137100 58 20241214IJ 65014518 117099999999999999 0 5 -212 3 6999999999999999
 -5-13 -2 24 59 95126145148137116 93 77 72 80100126151169173161131 90 46241215IJ 743149184717399999999999999 054-131252 7299999999999999
  9-14-18 -4 25 62100130147149136114 92 77 75 86107132156171171155122 80241216IJ 835150193317399999999999999 142-191340 7499999999999999
 37  2-17-17  0 31 68105133147146132111 91 79 80 92113136157168165145112241217IJ 926149201816999999999999999 230-191428 7899999999999999
 71 31  1-14-10  9 40 75109133144141126107 90 81 84 97117138154162155134241218IJ101514521 416299999999999999 317-141516 8199999999999999
101 63 28  4 -5  2 22 51 83112132139134119102 88 83 87100118136149152144241219IJ11 4139214915299999999999999 4 4 -516 3 8399999999999999
122 92 59 30 12  8 17 37 63 91114129133126112 97 86 83 88101116131140141241220IJ1149133223714299999999999999 449  71652 8399999999999999
132112 86 58 36 23 23 33 52 76 99117127127119105 91 82 81 86 97111123131241221IJ1231128233113299999999999999 533 211743 8099999999999999
131122105 82 60 43 35 38 49 67 88106120126123112 98 84 76 75 80 91104115241222IJ13 8126999999999999999999999 615 351840 7499999999999999
123123116101 82 65 52 48 52 64 81 99115125126120106 90 75 66 65 71 82 95241223IJ 034124134212799999999999999 659 481941 6499999999999999
108116119113101 85 70 60 58 64 77 94110124131129118101 81 64 54 52 58 71241224IJ 147119141813199999999999999 745 582043 5199999999999999
 87102113118114104 89 75 67 66 73 87105121134138133118 96 71 51 38 36 44241225IJ 3 5118145813899999999999999 836 652142 3699999999999999
 60 79 99114121119109 94 80 71 71 80 96115132144147137117 90 60 36 21 20241226IJ 417121154414799999999999999 931 702237 1999999999999999
 30 50 75 99117127125114 98 82 73 74 85103124142154155141116 82 48 20  5241227IJ 5221271632156999999999999991026 722330  399999999999999
  5 19 44 73102123134132119100 83 74 76 88108132152163161144113 74 35  6241228IJ 6191341722164999999999999991121 73999999999999999999999
 -9 -6 12 41 75107130141137121100 82 73 76 91114139159169164143107 64 24241229IJ 712141181217099999999999999 021-101215 7399999999999999
 -6-18-13 10 43 80113137145139121 98 80 72 78 95119144164172164138 99 55241230IJ 8 314519 117299999999999999 111-1913 6 7299999999999999
 15-13-22-13 13 48 86120141147137117 95 78 72 79 98123148166171159131 91241231IJ 851147195017199999999999999 159-221356 7299999999999999
