 65 40 23 20 31 53 79106128141141131117102 90 86 9110211512713413412410424 1 1J6 930143203013599999999999999 244 191459 8699999999999999
 82 59 41 32 35 49 71 95117132138134122108 95 86 85 9010011011812312011024 1 2J610 2138211212399999999999999 316 311545 8499999999999999
 94 76 59 47 44 52 67 87107124134134127115102 90 83 81 85 9310110711110924 1 3J61036135221011199999999999999 348 441642 8199999999999999
101 89 76 65 59 59 68 82 99115128133131122110 96 84 76 74 76 82 89 9610124 1 4J61112133234410299999999999999 424 5818 0 7499999999999999
102 98 92 84 76 72 74 82 94108121130133129119105 90 76 67 62 63 68 77 8624 1 5J61155133999999999999999999999 511 721924 6299999999999999
 95101103101 95 89 86 86 91101113124132134129118101 83 66 54 47 47 54 6724 1 6J6 157103124813499999999999999 623 852028 4699999999999999
 81 95107113113108102 96 94 96105116128135137132117 97 74 54 38 29 31 4224 1 7J6 328114134913799999999999999 8 2 942120 2999999999999999
 60 80101118127127120111102 96 97106119132141143136118 92 64 39 20 12 1724 1 8J6 429128144814399999999999999 921 9622 8 1299999999999999
 33 57 84111131141138128115102 94 96107123138149151141117 85 52 23  3 -424 1 9J6 5161411543152999999999999991020 942253 -499999999999999
  6 29 59 93124145152146131113 98 90 94109128146158159144114 77 40  8-1324 110J6 55815216341619999999999999911 9 902338-1699999999999999
-15  1 30 66104137157159148128107 90 85 94113135156168165144109 67 27 -624 111J6 6381601721169999999999999991153 85999999999999999999999
-23-20  2 37 78118149164160144121 98 82 81 95118143164174166140100 56 1524 112J6 71716518 717499999999999999 021-251235 7999999999999999
-15-27-17 11 49 92131158166156135110 87 75 79 97122148167174161131 90 4624 113J6 754166185217499999999999999 1 3-271316 7599999999999999
  8-17-22 -5 26 66107142161162147123 98 78 70 78 99124148165167151119 8024 114J6 831164193816899999999999999 143-231358 7099999999999999
 40  8-10 -7 14 47 85121149160153135111 87 70 67 78 9812214315615413710724 115J6 9 7160202515799999999999999 223-111443 6699999999999999
 73 40 16  6 15 38 69102132150154143122 99 77 64 64 75 9311413114113812324 116J6 942154211814299999999999999 3 1  61532 6299999999999999
 98 71 47 31 29 40 62 89116137148145132111 89 71 60 60 69 8410111612412324 117J61017148222112599999999999999 340 281630 5899999999999999
112 95 76 61 52 54 66 84105125139143137123103 83 65 55 53 59 71 85 9910924 118J61054143235111199999999999999 419 521742 5399999999999999
111107 98 87 78 74 78 87100116129137138131117 98 78 61 49 44 47 56 70 8524 119J61136138999999999999999999999 5 4 7419 7 4499999999999999
 98106109106101 96 94 95101109120129135135128114 96 75 56 41 33 34 43 5824 120J6 2 2109123113599999999999999 612 942024 3399999999999999
 76 93107116118115111107105106112120128134135129115 95 72 50 32 22 23 3324 121J6 353118134313599999999999999 8 81052126 2199999999999999
 51 73 96114126129126119112106105110119128136139133117 94 68 42 21 11 1424 122J6 457129145313999999999999999 9351052217 1199999999999999
 28 50 77104125136137131120108101100107118131141145137118 91 61 32 11  324 123J6 5371381552145999999999999991032 9923 1  399999999999999
 10 29 56 87117137144141130114 99 92 95105120136149152140116 85 51 21  224 124J6 6 81441642152999999999999991114 922341 -299999999999999
 -1 11 36 68102131147148139122103 88 84 91106126144157156139110 75 39 1024 125J6 6361491726158999999999999991151 83999999999999999999999
 -4  0 19 49 84119144152146131110 89 77 78 91111133152161154131 98 61 2724 126J6 7 315218 616199999999999999 017 -51225 7699999999999999
  2 -4  8 33 67104135152152139118 95 77 70 77 95118140157160146118 83 4724 127J6 730154184216199999999999999 051 -51258 7099999999999999
 16  0  3 23 53 89123147154146126103 81 67 67 81102125145156153133102 6724 128J6 756154191715799999999999999 121 -11330 6599999999999999
 35 12  6 18 44 77110138152149133111 88 70 62 69 86108129145149139115 8524 129J6 821153195015099999999999999 150  614 1 6299999999999999
 54 29 16 20 39 68 99127146149138118 95 75 62 62 73 92112129139137122 9824 130J6 844150202314099999999999999 217 151433 6099999999999999
 72 48 32 29 40 64 92118138146141124102 81 65 58 63 77 9411112412812310724 131J6 9 7146205912899999999999999 242 2815 6 5899999999999999
 86 65 50 42 47 64 87111130141140129109 88 70 59 57 64 77 9210611411610924 2 1J6 928142214311699999999999999 3 7 421543 5699999999999999
 97 81 68 59 59 69 85105123135138132117 97 78 63 55 55 62 73 85 9610310524 2 2J6 951138224810599999999999999 331 581631 5499999999999999
101 93 85 77 75 78 88101116128134132123108 91 74 60 52 51 56 64 74 84 9224 2 3J61019134999999999999999999999 359 751741 5199999999999999
 97 99 98 95 92 91 94101110119127130128119106 90 73 58 48 44 44 50 61 7324 2 4J6 1 4 9911 313099999999999999 441 911923 4399999999999999
 85 96104109109107105105106111117124128127122110 94 75 56 42 32 29 35 4724 2 5J6 333109122212899999999999999 6501052050 2999999999999999
 64 83101116123124120114108104106113121128132130119100 76 52 31 17 12 1924 2 6J6 435124141313299999999999999 9111042152 1299999999999999
 37 60 86112130138136127115103 96 98108121134142142130106 76 45 18  0 -424 2 7J6 5141391531144999999999999991016 962243 -499999999999999
  8 32 63 96127146150143127108 92 85 91106125143155155139109 72 35  3-1524 2 8J6 54915116301579999999999999911 3 852329-1899999999999999
-15  3 34 73112143159157142119 95 78 74 85106132154168165143107 64 23-1024 2 9J6 6231601721169999999999999991145 73999999999999999999999
-25-18  8 46 89130158167156134105 79 63 65 82110139165177169141100 54 1224 210J6 65516718 817799999999999999 011-251225 6199999999999999
-17-25-10 23 65109147167167148119 87 62 51 59 83114146170178164132 89 4524 211J6 727170185317899999999999999 050-2513 4 5199999999999999
  7-15-14  9 45 88129159169159133101 69 47 43 57 85117148168171153120 7924 212J6 758169193817399999999999999 128-171343 4299999999999999
 40 10 -2  8 35 72111145164163144114 82 54 38 40 58 8611714415915713810724 213J6 827166202416199999999999999 2 3 -21423 3699999999999999
 73 42 23 21 37 65 98130153160150126 96 66 43 34 40 60 8511213414414012324 214J6 855160211314599999999999999 236 2015 5 3499999999999999
 98 73 53 44 49 67 93119140152150134109 82 57 39 35 42 60 8110211912712324 215J6 921153221012799999999999999 3 8 441552 3499999999999999
111 95 80 69 68 77 94113130142145136119 97 73 54 41 38 44 57 73 8910311024 216J6 945145233111199999999999999 337 671648 3899999999999999
110105 98 92 89 92100111123132136134125109 91 72 56 45 41 43 51 62 76 8924 217J61011137999999999999999999999 4 3 8918 8 4199999999999999
 98104107107106106109113118123127128125118107 93 77 61 49 41 39 42 51 6424 218J6 230107104712899999999999999 4221061954 3899999999999999
 79 94106114118119118117115115117119121121119111 99 83 66 50 37 31 33 4324 219J6 5 0119124412199999999999999 8291152115 3199999999999999
 58 77 97114124128127122115108106108112118124126120107 89 67 46 29 22 2524 220J6 51512814481269999999999999910 41062211 2299999999999999
 38 58 83107125134135128117104 96 95100109121132136129113 90 63 37 19 1424 221J6 5321361554136999999999999991041 942253 1499999999999999
 22 40 66 96122138142136122105 89 82 85 96112130144146135113 84 53 25 1024 222J6 5511421642147999999999999991111 822329  899999999999999
 10 25 50 82114138148144130109 88 73 71 80 98120141154152135107 73 39 1424 223J6 6111481723156999999999999991141 70999999999999999999999
  5 13 36 68103134151152139117 92 70 60 65 81105131152161152128 94 58 2624 224J6 63215418 016199999999999999 0 0  51210 6099999999999999
  7  7 25 55 90125150158148126 99 73 55 52 65 88115142159161144114 78 4324 225J6 654158183516299999999999999 029  51240 5199999999999999
 17  8 19 45 79115144159155136108 79 55 45 51 71 98126149160153130 97 6224 226J6 71716019 816099999999999999 057  813 8 4599999999999999
 33 16 19 39 71105136156159143117 87 60 43 41 56 81109134151154139112 8124 227J6 738160194015599999999999999 123 151336 4099999999999999
 52 31 26 39 65 97127150158148124 94 66 45 37 44 64 91116137146142123 9724 228J6 757158201214799999999999999 147 2514 2 3799999999999999
 70 49 39 44 64 92120142153149130102 73 50 37 37 50 73 9811913313612710824 229J6 815154204613799999999999999 210 391430 3599999999999999
 86 67 55 55 67 90115135148148135111 83 58 41 35 41 57 78 9911512412411424 3 1J6 832149212712599999999999999 232 5315 1 3599999999999999
 99 83 72 69 75 90110129141145137119 95 70 50 39 37 45 60 78 9410611211224 3 2J6 849145222411399999999999999 254 691540 3699999999999999
105 97 89 85 86 94108122134139137126108 87 66 51 42 41 47 58 71 83 9410124 3 3J6 913139999999999999999999999 315 841638 4099999999999999
104104102100100102108116124130132128118104 88 71 56 46 42 43 48 58 69 8124 3 4J6 029104 94913299999999999999 339 991819 4299999999999999
 93103110113114114113114115119122124123118110 97 81 64 49 39 33 34 42 5624 3 5J6 353114111212499999999999999 6 01132022 3399999999999999
 73 92109122128127123116110106107113119124126123111 92 70 49 30 19 18 2824 3 6J6 424128135812699999999999999 9151062134 1799999999999999
 47 72 98122137142136125110 97 91 94105118131140139126102 73 43 18  4  524 3 7J6 45314215261419999999999999910 9 912227  399999999999999
 21 47 79112139152151137117 96 79 74 83101122143156155137107 70 35  6 -724 3 8J6 5221531626158999999999999991050 742311 -799999999999999
 -1 22 56 94131156163153130102 75 59 59 75101130156170166142106 64 25 -224 3 9J6 5521631717171999999999999991129 572351-1099999999999999
-10  4 34 73116151169166145114 80 53 40 48 72105139167179170141100 57 1924 310J6 62117018 41809999999999999912 7 40999999999999999999999
 -3 -3 19 55 97138166174160130 93 57 32 27 43 73111147174181166133 92 5124 311J6 650174184918199999999999999 029 -61244 2699999999999999
 19  6 16 44 82122156173169144108 69 36 18 21 43 78116151172174155122 8524 312J6 717174193417699999999999999 1 5  61322 1699999999999999
 51 28 26 43 73109143166170154123 85 49 22 12 22 49 8311914816416014011124 313J6 743171201916599999999999999 138 241359 1299999999999999
 81 57 45 52 73102131154165158134101 66 36 17 15 30 56 8711714014914312624 314J6 8 716521 614999999999999999 2 9 451437 1399999999999999
104 83 70 68 79100123143155155140114 84 55 32 21 24 39 62 8711012613212724 315J6 829157215913299999999999999 238 671517 2099999999999999
115102 91 86 91103119134144147140122 99 74 53 37 31 35 47 64 82 9911111624 316J6 848147231611699999999999999 3 3 8616 4 3199999999999999
115110106103103109119128134137134125110 92 74 59 48 43 45 51 62 74 87 9824 317J6 9 1137999999999999999999999 3191021713 4399999999999999
105110112113114116120123125126125121115105 94 82 70 60 52 49 50 55 65 7724 318J6 9 01269999999999999999999991917 49999999999999999999999
 90102112119122123122120117115114113113112110103 93 81 68 56 47 44 48 5824 319J6 4541239999999999999999999992056 44999999999999999999999
 73 90107121128130126119111104101101106112118120115104 88 70 52 40 37 4324 320J6 44813014501209999999999999910161002151 3799999999999999
 57 77 99119132136132122108 95 87 87 93104118129132126110 89 65 44 32 3224 321J6 4581361551133999999999999991032 862230 3099999999999999
 43 63 89115134143140128110 90 76 72 78 91110129142143131109 82 55 34 2624 322J6 5121431634144999999999999991054 7223 2 2699999999999999
 32 51 78108134149149136116 92 70 59 61 75 96121142153149130102 71 43 2624 323J6 5301501712154999999999999991120 582331 2499999999999999
 26 41 67 98129151157146125 97 70 51 46 57 79106134154160147122 90 58 3324 324J6 5501571748160999999999999991147 462359 2499999999999999
 24 34 58 89122149162156135106 75 49 36 41 61 89119146162159140110 77 4824 325J6 6111621822163999999999999991214 36999999999999999999999
 31 32 51 80114143162163145116 82 52 32 29 43 70102132155163152128 96 6624 326J6 632165185516399999999999999 026 291241 2899999999999999
 44 37 48 74106136158165153125 91 58 33 22 30 52 83115142158158141114 8524 327J6 653165192816099999999999999 053 3613 7 2299999999999999
 61 48 51 71 99129152163157134101 67 38 22 21 37 65 9612514615414712710224 328J6 71216320 215499999999999999 118 471333 1999999999999999
 79 63 60 72 95122145158158141112 78 47 26 18 26 48 7710512814314513411524 329J6 729160203914699999999999999 143 5914 0 1899999999999999
 95 79 72 77 94117138152156146123 91 60 36 23 22 35 58 8410712513413212224 330J6 746156212113599999999999999 2 7 721432 2199999999999999
107 94 86 86 96113131145151147131106 78 52 34 26 30 43 63 8410211612212124 331J6 8 6151222112399999999999999 230 851512 2699999999999999
115107100 98102111124136143143135119 97 74 54 40 34 37 47 62 77 9210411224 4 1J6 832144999999999999999999999 256 981610 3499999999999999
115115113111110113119125131134133126114 98 80 64 50 42 41 45 54 66 80 9424 4 2J6 022115 91313499999999999999 3391101746 4199999999999999
107116122123122119117116117120122124122117107 93 77 61 48 39 37 43 55 7224 4 3J6 25712311 012499999999999999 7 31161948 3799999999999999
 91109124133135130121112105102104111119125127122109 90 68 49 34 27 32 4724 4 4J6 340135135212799999999999999 9 110221 4 2799999999999999
 69 95120138146143131115 98 86 82 89103119133142139124100 72 46 26 19 2724 4 5J6 411147151714299999999999999 948 822158 1999999999999999
 48 76107136154157145124 99 76 63 63 77 99124146158154135105 72 41 21 1724 4 6J6 4401571617158999999999999991028 612243 1699999999999999
 30 57 91126154166160139109 77 51 40 47 69100132159171164140106 70 38 2024 4 7J6 51016717 91719999999999999911 6 402324 1999999999999999
 22 43 75112146169172155124 87 51 27 23 38 68105142170179168140104 67 3924 4 8J6 5381731757179999999999999991144 22999999999999999999999
 27 37 63 98134164177168141103 62 28  9 13 36 72113151176180164135100 6724 4 9J6 6 7177184318199999999999999 0 2 271221  899999999999999
 45 42 59 88122153174176156121 79 40 10  0 12 41 80121155175174156127 9624 410J6 634178192817799999999999999 038 411258  099999999999999
 70 57 63 84112142165174165137 98 58 24  3  1 20 51 8912515416716214411924 411J6 7 1174201216899999999999999 113 571334 -199999999999999
 95 78 74 85107132154167166147116 79 45 18  6 11 32 62 9512514715414713224 412J6 726168205815499999999999999 145 731411  599999999999999
114 98 89 93107125143156160150128 98 67 40 22 17 26 46 71 9712013513913324 413J6 749160215013999999999999999 214 891451 1799999999999999
123112104102109122135145150146133112 88 64 45 34 33 42 57 76 9511212212524 414J6 8 915023 012599999999999999 2421021536 3299999999999999
123119114112114120128134138137131119103 86 69 56 48 48 53 63 76 8910211224 415J6 825138999999999999999999999 3 81121636 4799999999999999
117120120120119120123125126125124119112102 91 80 69 62 58 59 63 72 84 9624 416J6 154120 82312699999999999999 3521191820 5899999999999999
107117123125125123120116113112112112113112108101 91 80 70 62 58 61 69 8124 417J6 32212612 111399999999999999 93711120 6 5899999999999999
 96111123130131127120111103 98 97100106114119119112100 86 71 60 55 58 6924 418J6 342131143011999999999999999 939 9721 5 5599999999999999
 85104122134138134124110 96 85 81 85 94107121129129120105 86 67 55 52 5924 419J6 359138153013199999999999999 959 812146 5199999999999999
 75 96118136145143131113 93 76 67 68 78 95115132141138124104 81 61 50 5224 420J6 4171461615141999999999999991022 662220 5099999999999999
 66 88112136151152141121 96 72 56 51 60 78102126145151142123 99 74 55 5024 421J6 4371531654151999999999999991049 512252 5099999999999999
 59 79105131152160152131103 75 51 39 42 60 85114140156157142118 91 67 5324 422J6 5 01601731158999999999999991116 382323 5299999999999999
 55 72 97125150164162143114 81 52 32 28 41 66 97128153164157137111 84 6424 423J6 52316518 7164999999999999991143 272354 5799999999999999
 57 67 90118144163168154126 91 58 31 19 25 47 78111141162166153129103 7924 424J6 5461681843166999999999999991211 18999999999999999999999
 65 67 84110137158169162139104 67 37 17 14 29 58 91124151165162145120 9624 425J6 6 9169191916699999999999999 024 641240 1399999999999999
 78 72 82104130152166166150118 81 47 22 10 17 39 7110413315516215313411324 426J6 632168195716299999999999999 054 721310 1099999999999999
 94 83 84 99122145161166157132 98 62 33 15 12 25 51 8211213715215314312624 427J6 654166203715499999999999999 124 821342 1199999999999999
108 96 91 99116136153162160144116 82 51 28 16 19 35 60 8811413414414313424 428J6 718163212514599999999999999 153 911420 1599999999999999
120109102102112128143154157149130103 74 48 30 23 28 44 66 8911012613513524 429J6 747157222813699999999999999 22610115 6 2399999999999999
129120113110112120132142148147138121 98 74 53 39 33 36 49 66 8510411912824 430J6 826149999999999999999999999 3 910916 6 3399999999999999
131129125119116116121127133137137131118101 82 64 50 42 42 50 63 80 9811524 5 1J6 0 2131 92813899999999999999 4261161729 4199999999999999
127134135131124118113112114119124128128122111 95 77 60 49 44 48 59 77 9724 5 2J6 141135112712999999999999999 65211219 5 4499999999999999
117133142143136125112101 95 95102113123131132124109 89 70 54 45 47 59 7924 5 3J6 236144133913299999999999999 824 942022 4499999999999999
102125144153150137118 98 81 73 75 87105123138145139123100 76 57 46 48 6324 5 4J6 31515315 314599999999999999 916 722120 4599999999999999
 87114139157162152130103 77 57 50 57 76102128149158152133107 81 59 49 5524 5 5J6 34916216 615899999999999999 959 5022 9 4999999999999999
 74101130155169166147117 83 53 33 30 45 71104136161170161140112 84 63 5624 5 6J6 42117017 0170999999999999991040 292254 5699999999999999
 66 89118147169175163135 99 61 30 13 17 39 72110146170177165142113 86 6924 5 7J6 4521761750177999999999999991119 122335 6699999999999999
 67 82107136162177175154119 78 40 12  2 13 41 79119154176178164139112 8824 5 8J6 5241791837180999999999999991158  2999999999999999999999
 77 81100125152172179168139100 59 24  2 -1 17 50 8812816017617415813411024 5 9J6 555180192217799999999999999 014 761236 -299999999999999
 92 87 97117141162176174155122 83 45 16  1  6 29 61 9813416017016414812824 510J6 62617720 617099999999999999 051 861315  199999999999999
109 97 98111131151166172163139106 70 39 16  9 20 43 7410613615516015213824 511J6 657172205116099999999999999 126 961354  999999999999999
123109104110123140154163162149124 94 64 39 24 23 36 58 8411113314614814124 512J6 727164213814999999999999999 2 01041435 2299999999999999
131120112111118130142151154149134112 88 65 46 37 39 51 69 9011112813713824 513J6 759154223513899999999999999 2351111519 3699999999999999
133127120116117123130137142142136123106 87 70 57 51 54 63 77 9411012313124 514J6 835142235213299999999999999 3181151612 5199999999999999
132130126121118118120124127129129125117105 92 79 68 63 64 71 82 9511012224 515J6 932130999999999999999999999 4311171720 6399999999999999
129132132127122117113112112114117120120116109 99 88 77 71 70 75 85 9811224 516J6 115133113112099999999999999 7181111841 7099999999999999
125133137134128119110102 98 98102108115120121116107 95 84 76 73 78 8910424 517J6 2 6137134112199999999999999 831 971951 7399999999999999
119133141142136124110 97 86 82 84 92104116126129124114100 87 77 75 82 9624 518J6 239143145512999999999999999 9 8 812044 7599999999999999
113130143149146133116 96 79 68 66 74 88106123135139132118102 87 78 78 8924 519J6 3 8149154813999999999999999 940 662128 7799999999999999
106125142154155144125101 78 60 51 55 70 90113134147148137121102 87 79 8324 520J6 3361561633149999999999999991010 5122 9 7999999999999999
 98118139155162156137111 82 58 41 38 50 71 98125147158154140120101 86 8224 521J6 4 41621715158999999999999991041 382247 8299999999999999
 92110132152165166151124 92 62 38 27 31 51 78109138159165157139118 99 8724 522J6 4331671755166999999999999991113 262325 8699999999999999
 88102124146163171164140107 73 43 23 18 31 57 89122150168169156136115 9724 523J6 5 31711835170999999999999991146 17999999999999999999999
 90 97115138158171172156126 90 55 27 13 16 35 6610013315917216815213111124 524J6 533174191417299999999999999 0 2 901221 1299999999999999
 97 96108129151167175168145110 73 40 17  9 19 44 7711114216317016214512624 525J6 6 5175195617099999999999999 038 951258  999999999999999
109100104119140160172174160132 96 60 31 13 11 26 54 8611814616216515513824 526J6 638175203916699999999999999 1141001337 1099999999999999
122109105112129148164171168150120 85 53 29 16 18 36 63 9312214615815814824 527J6 714172212716099999999999999 1511051420 1599999999999999
134120111110119135150162166159140111 80 52 32 23 28 46 71 9812414415315224 528J6 755166222215499999999999999 23410915 8 2399999999999999
143131120113113121133146155157150132108 81 57 40 33 39 55 7710112414215024 529J6 847157232415199999999999999 32811216 2 3399999999999999
149142131120112111116125135143146142129109 88 67 52 46 50 63 8210512614224 530J6 957146999999999999999999999 44211117 5 4699999999999999
150150143131118107102103110120130137138130116 98 80 65 58 60 71 8911013024 531J6 028151113313899999999999999 6171021817 5899999999999999
146154153144128111 96 87 86 92105119131138137127111 93 78 70 70 79 9611824 6 1J6 124155132213999999999999999 740 851931 6899999999999999
138153160157142122 99 79 67 65 74 91111130143147139124106 90 80 79 8810624 6 2J6 210161144914799999999999999 840 652036 7899999999999999
127148162167158138111 83 60 46 46 60 82109133151158151136117100 88 87 9824 6 3J6 251167155815899999999999999 929 452134 8699999999999999
117139158171170156129 97 65 40 28 32 51 79111140161168160144124106 95 9624 6 4J6 3301721656168999999999999991014 282225 9499999999999999
109129150168177171150117 82 48 24 15 25 49 8211714917017516614812710910024 6 5J6 4 91771747175999999999999991058 152312 9999999999999999
104119139160176180168141105 67 34 13 10 25 53 8912715817617716614712611024 6 6J6 4481801834179999999999999991140  8235510499999999999999
104111129149168180179161130 92 55 25  8 11 31 63 9913616417817516114212224 6 7J6 5261821918178999999999999991221  7999999999999999999999
109108119137157173181174152118 82 47 21 11 19 43 7511114416717516815313524 6 8J6 6 5181195917599999999999999 03510713 2 1199999999999999
118109112126144161174178166140108 73 43 23 19 32 57 8812114916616815914424 6 9J6 644178203916999999999999999 1141091343 1999999999999999
127114110117131148162171170155129 98 69 44 30 32 48 7210012915116115914924 610J6 723172211816299999999999999 1521101423 2999999999999999
135122113112121134148159164159142118 92 67 49 41 47 64 8611113415015615124 611J6 8 3164215915699999999999999 23111115 3 4199999999999999
141129118112114122133143151153146131111 89 70 57 54 62 78 9912013814915124 612J6 846153224215199999999999999 3161121544 5499999999999999
145136125116111113119127135141142135123107 90 76 67 68 76 9110912714114824 613J6 939142232714999999999999999 4121111628 6699999999999999
148142132121112108108111118124130132128120108 95 84 78 80 8910211813314424 614J61051132999999999999999999999 5281071717 7899999999999999
149147140129117107100 98101107114122126126122113102 93 89 91 9811112613924 615J6 014149123112799999999999999 656 981815 8999999999999999
148151148138124110 97 88 85 88 96107118126130128120111103 98 9910611913324 616J6 05915114 813099999999999999 8 0 851921 9899999999999999
145153155148135117 99 84 74 71 77 8910411913213813712911911010410511312624 617J6 143155152013999999999999999 848 71202710499999999999999
140152159158147129107 85 68 58 59 69 8610612514114914713812611510810911824 618J6 225159161614999999999999999 929 57212610799999999999999
133147159164160144120 94 70 52 44 49 64 8711213515316015614413011711011224 619J6 3 616417 41609999999999999910 9 44221710999999999999999
124140155166170160139110 80 54 37 32 42 64 9212114716516916114713011611024 620J6 3481701748169999999999999991049 3223 411099999999999999
115130148164174174159132 98 66 40 24 24 40 67 9913215917517516314612811424 621J6 4301761830177999999999999991129 22234711099999999999999
110119137156172181176155123 87 53 27 15 21 43 7410914316918017616114112324 622J6 5121811911181999999999999991211 15999999999999999999999
111111124145165180185175149113 75 41 18 11 22 49 8312015317618217315513524 623J6 554185195218299999999999999 0281091253 1199999999999999
117109114130152171185186171141103 65 34 14 13 29 59 9413016117817916714824 624J6 637187203318199999999999999 1 91081335 1199999999999999
128112108117135156174185182164132 95 59 31 17 20 41 7110614016617717415924 625J6 721186211417899999999999999 1511081418 1699999999999999
140121108107118136156172180174154123 89 58 35 26 34 56 8611814816817416724 626J6 8 8180215617499999999999999 23610615 1 2699999999999999
151132115105105116133150164170164145118 89 63 45 41 51 7310112915416817024 627J6 9 1170223917199999999999999 3271031546 4199999999999999
161145126109 99100109124139153159154139117 94 73 61 60 71 9011413915816824 628J610 4159232316899999999999999 427 981634 5999999999999999
166156139119102 92 90 97110126139147146137122104 88 79 80 8910612614616124 629J61125148999999999999999999999 539 901728 7899999999999999
167164152133112 94 81 77 82 95111127139144141131118105 98 9710511813515224 630J6 01016813 714499999999999999 655 771834 9799999999999999
164168163149128104 83 68 63 67 80 9911913614614814313212111411111612714224 7 1J6 1 0168144414999999999999999 8 4 63195211199999999999999
156167170163146122 96 72 55 48 53 69 9211613815315815414513412412012313324 7 2J6 15217016 215899999999999999 9 3 4821 611999999999999999
147161170173164144116 87 61 42 36 44 63 8911814416216816415314012812312624 7 3J6 24417317 216899999999999999 956 3622 812399999999999999
137151165175176164141110 79 51 32 28 39 62 9212515317117516915614112712224 7 4J6 3361771751176999999999999991044 2723 012299999999999999
127139155170180179164137104 70 42 25 25 40 6710013516317817916915313612224 7 5J6 4271821833180999999999999991130 23234511999999999999999
119127142160176185181162131 96 62 35 22 27 47 7711214717218217816414612724 7 6J6 5141861910182999999999999991213 21999999999999999999999
116117129146165181188179156124 88 54 31 23 34 58 9112615817818117215513524 7 7J6 559188194418299999999999999 0261151253 2399999999999999
118111116131151170184187174147114 79 49 31 31 47 7410714116717917616314424 7 8J6 641188201618099999999999999 1 31111331 2999999999999999
124110108118135154172183181163135103 71 47 37 43 64 9312515417317716815124 7 9J6 721184204617799999999999999 14010714 6 3699999999999999
132115106108121138156171177170150122 93 67 50 48 61 8411214016317417115824 710J6 8 0177211617499999999999999 2171051439 4799999999999999
140122108103109123139154165166156136112 88 68 59 64 8010412915216717016224 711J6 839167214517199999999999999 2551031510 5999999999999999
147129113103102110122136148155154143125106 87 75 73 8310012214316016716524 712J6 922156221416899999999999999 3371011541 7399999999999999
153137121107100100108118130140145143134120106 93 87 9010111813615216316524 713J61013145224316599999999999999 424 991613 8799999999999999
158145129113101 95 9610211112213113613513012111110410210611713114515716324 714J61126136231716399999999999999 522 95165010299999999999999
161153139122107 95 89 89 9410211312313013413312812211711612012813915015924 715J61316134999999999999999999999 633 88174311699999999999999
162159149135117101 88 80 78 83 9310611913013814113813412912712813314315224 716J6 0 016215 114199999999999999 746 78191312799999999999999
160162159149133113 94 79 69 66 72 8510111813514715215014513813313113514324 717J6 059162161115299999999999999 849 66205113199999999999999
154162165163152132109 86 68 55 53 61 7810012314415916516115214213312913324 718J6 2 916517 216599999999999999 944 5222 012999999999999999
144156166172169155132104 77 55 41 40 53 7510213115717217516815514012812524 719J6 3151721744176999999999999991033 39225212499999999999999
131145160174181177159130 98 66 41 28 31 49 7711014317018418217015213412124 720J6 4121811823185999999999999991119 27233711899999999999999
119130148167183191184160126 89 54 28 17 26 50 8412215718319118416614412424 721J6 5 419119 01919999999999999912 3 17999999999999999999999
112115131153175193198186158119 79 43 19 13 28 58 9613717119219318015713324 722J6 551198193519599999999999999 0191121245 1399999999999999
113105113133158182199201184151110 69 35 16 18 39 7311315318319619017114524 723J6 637202201019699999999999999 1 01051325 1499999999999999
120102 99112135162185200197176142101 63 34 22 31 57 9313216718919418115824 724J6 723201204419599999999999999 141 9814 4 2299999999999999
131107 93 95111135161183194188165132 96 63 42 38 52 8011514917719118716924 725J6 811194211719199999999999999 224 921442 3799999999999999
144118 96 87 92109132156175182175154125 95 71 58 60 7810513516218118617724 726J6 9 1182214918799999999999999 3 9 871520 5799999999999999
156131107 89 82 88104125146162168162145124102 86 80 8610312615017018017924 727J610 0168222318199999999999999 4 0 821558 8099999999999999
166145121 99 83 78 83 9611413314715415214212811410510311112514215917117624 728J61114154225917699999999999999 459 78164010399999999999999
171157138115 94 80 73 76 8610211913414414714413713012412412913815016216924 729J613 0147234517199999999999999 612 73173512399999999999999
171166153134113 92 77 68 67 75 9010712513914815114914514013813914415216024 730J615 1151999999999999999999999 733 66191313899999999999999
166168164153134113 91 73 61 58 65 8010012114115516116115615014414114315024 731J6 051168162516299999999999999 847 5821 314199999999999999
158165169167156137114 89 68 53 49 57 75 9812414816417116916215114113613924 8 1J6 215169171517199999999999999 948 49221213699999999999999
146156167174173161140113 85 61 45 43 54 7510213315817417817216014513312824 8 2J6 3261751751178999999999999991039 42225912899999999999999
133144158172182180165140110 78 52 38 40 55 8111314617118218116915213412124 8 3J6 4231831821183999999999999991123 37233811999999999999999
120129144163180190185165136102 69 44 34 42 63 9412916218218717816113912024 8 4J6 51219018481879999999999999912 2 34999999999999999999999
110114128148170188195185160127 91 59 38 36 51 7811314817618918517014812424 8 5J6 555195191519099999999999999 0131101238 3599999999999999
107103112131155178193194178150115 79 51 39 45 67 9913416618719017815613224 8 6J6 634196194119199999999999999 0471021310 3899999999999999
109 97 99115137161182193188166135101 70 50 47 62 8912215518019018416514024 8 7J6 71119320 519199999999999999 120 961339 4599999999999999
116 98 92101120143166182187175151120 90 66 56 63 8411314417118718617114824 8 8J6 747187202918999999999999999 153 9214 7 5699999999999999
123102 90 91105126147166177175159135109 85 71 70 8410913716218018517515524 8 9J6 822178205118599999999999999 225 891433 6899999999999999
131109 93 87 94110129148162167161145124104 88 83 9010813215517218117716124 810J6 859167211118199999999999999 257 871457 8399999999999999
139117 98 88 87 97113129144153155148135119106 9910011112914916517517516524 811J6 942156213117699999999999999 331 861521 9899999999999999
147126106 92 86 88 9811112513614314414013112211511411913014515916917216724 812J61039145215517299999999999999 413 86154611399999999999999
154137118101 90 85 87 9510511712713413813713513112812913414215216116616624 813J61225138222916799999999999999 510 85161712899999999999999
160148133116101 89 83 82 87 9510611812813614214414314214214314715215816224 814J615 9144233116399999999999999 637 82173814299999999999999
162158149136119102 88 78 73 74 83 9611112714215215715615314814514414815424 815J61620157999999999999999999999 816 73204214499999999999999
159163162156143124103 84 68 59 60 70 8810913215216617016615814813913614024 816J6 125163165717099999999999999 926 58215513699999999999999
150160168172168152128102 76 55 44 46 61 8511314316718018017115614012812624 817J6 3 21721730181999999999999991020 43224312599999999999999
134148165179186180160130 97 65 40 30 37 58 8912415818319118516814712611424 818J6 4 618618 21919999999999999911 6 30232411299999999999999
115129150173191199189164127 88 52 28 21 35 6410114117619619718315913110924 819J6 4591991833199999999999999991149 21999999999999999999999
 99107128155182202208193162121 78 42 21 22 43 7812016119220419617314311324 820J6 54720819 420499999999999999 0 4 991228 1999999999999999
 92 88102129160190209210190155112 70 38 24 34 6210014318020220418615712324 821J6 634212193420699999999999999 043 8713 6 2499999999999999
 94 78 80100131164193209205181145104 67 43 38 55 8712616419320519617113724 822J6 71921020 320599999999999999 122 761342 3799999999999999
104 78 68 77101133165190202194169135100 72 57 61 8311514917919819818115224 823J6 8 6202203120099999999999999 2 2 681416 5699999999999999
119 88 68 65 77102132160181188179157129103 84 79 9011214016718719418516324 824J6 855188205819499999999999999 243 641450 7999999999999999
134104 79 65 66 7910212715116717216414812911210310511713715717518518417024 825J6 950172212418699999999999999 328 63152210299999999999999
148122 97 77 67 69 81 9911913815115615314513512712412813915216517417717124 826J611 3156215217799999999999999 420 67155412499999999999999
158138117 97 81 72 72 80 9210812413714514814714414214214515115816416816724 827J61314148222716899999999999999 529 71163314199999999999999
162151136119102 87 77 73 75 84 9711212814015015415615515315215215415615924 828J61556156235316099999999999999 7 7 73192815299999999999999
160158152141126109 92 78 70 68 75 8810612514315716416516215614914514414724 829J61644165999999999999999999999 839 68213814499999999999999
152157161159150134115 94 75 63 61 68 8410613115216717216916114913813313324 830J6 21516117 917299999999999999 943 60222213299999999999999
140150161169169159140116 90 68 55 55 66 8711514316517717716815313612311924 831J6 3311701730178999999999999991031 53225411999999999999999
125137153170180179164140111 81 58 48 54 71 9913016017918417615913811810724 9 1J6 42318117511849999999999999911 9 48232410699999999999999
108120139161181190184164134101 70 50 46 59 8411715017718918416814512010024 9 2J6 5 71901812189999999999999991142 462354 9499999999999999
 94103122146172191195183156123 88 60 47 52 7310413917119119217815412610024 9 3J6 5461961835194999999999999991212 46999999999999999999999
 86 87103128156181196194174144109 76 55 51 66 9412916218819618616313410524 9 4J6 622198185719699999999999999 024 841240 5099999999999999
 84 77 87109137165187196185161128 95 69 58 65 8812015318119619217214311324 9 5J6 657196191919799999999999999 054 7713 7 5799999999999999
 87 73 75 92119147172188188172145114 87 70 70 8611414517219019317815212124 9 6J6 731190193919499999999999999 122 711333 6899999999999999
 93 74 69 79102129154174182176156130106 87 80 8911113916518319018115912924 9 7J6 8 4182195719099999999999999 150 691357 8099999999999999
101 79 68 71 88111136157170172161142121104 95 9711213515817618518116413824 9 8J6 839172201318599999999999999 217 681419 9499999999999999
110 87 72 69 78 9611813815316115914813311911010911713415316917917816714624 9 9J6 918161202918099999999999999 246 68143910899999999999999
121 98 80 72 73 8410111813414414914714013112412212513514916217117416815424 910J61010149204817499999999999999 322 71145712299999999999999
134113 94 81 75 78 86 9911212413313914013913613513614014715616316716515824 911J61155140211816799999999999999 412 75151413599999999999999
146130113 98 86 80 79 83 9110111212313214014514714714814815015315615815824 912J62223158999999999999999999999 539 78999999999999999999999
154146135121106 92 81 74 73 77 8710111713314715615915815414914414314515024 913J616 7159999999999999999999999 746 73205214399999999999999
154156155147134115 95 78 65 59 63 76 9511814116017017016315214013112813424 914J6 111156163117199999999999999 9 6 59214612899999999999999
144155165169163146122 95 70 52 45 52 71 9712815617618317616114212311211324 915J6 25716916581839999999999999910 0 45222711199999999999999
124142162178185177155124 90 60 39 35 48 74108144175191190175150124102 9224 916J6 4 01851726193999999999999991044 3423 5 9299999999999999
 99119145172192199187158121 83 50 32 33 54 87127165192201190164132101 7924 917J6 4521991755201999999999999991125 302343 7499999999999999
 75 90117151182204207190156116 76 45 33 42 70109150185204202180146109 7724 918J6 54020918242069999999999999912 3 33999999999999999999999
 60 63 85120157190210209186150109 72 47 44 61 94134172199207193162123 8524 919J6 627212185220799999999999999 020 581240 4299999999999999
 57 46 58 86124162194209203177142105 74 59 64 8812215718820420017614010124 920J6 712209191920599999999999999 058 461315 5899999999999999
 66 44 41 59 91128164191200190166135105 84 78 9011614617519519918515511924 921J6 759200194520099999999999999 136 401349 7899999999999999
 83 54 40 45 66 97130161181186175155131111 9910211714016418319218616613524 922J6 84718620 919299999999999999 215 391420 9999999999999999
103 73 52 45 54 7410012815216716916114713212111812514015717118018116914824 923J6 941170203118299999999999999 257 45145011899999999999999
121 95 73 59 56 64 8010012113915115415014413813413614315316216917016615424 924J61055154205017199999999999999 345 56151713499999999999999
136116 97 81 71 68 73 83 9611112613714314614714714614815115515715815715324 925J621 4158999999999999999999999 450 68999999999999999999999
144133120106 93 83 77 76 80 8910211612914114915415515415214914714514514524 926J61559155999999999999999999999 640 76999999999999999999999
145143138130117104 90 80 74 74 82 9511213014615616116015414613813213113324 927J61617161999999999999999999999 824 73215213199999999999999
138145149148141127110 92 77 68 69 78 9511713915616516615914713212111611824 928J6 224150163316799999999999999 925 67221211599999999999999
126138151160160150132110 87 69 62 66 8110413015316917216515113111310210124 929J6 33016116481739999999999999910 7 62223510099999999999999
109125144162172169154131103 78 62 59 70 92120148170179174158135111 92 8524 930J6 41617217 7179999999999999991040 5823 1 8599999999999999
 91107130155174181172151123 93 69 58 63 82110141168184183168143114 89 732410 1J6 4561811727186999999999999991110 572329 7199999999999999
 73 88112140167184185169143112 82 63 60 74100132163185190178153122 91 682410 2J6 5331871748191999999999999991139 592357 6099999999999999
 60 70 93122153178189183161131100 75 63 71 93123155181193187164131 98 702410 3J6 6 819018101939999999999999912 7 63999999999999999999999
 54 55 74103135165185188174149119 91 73 72 88116147174191191173142107 752410 4J6 642189183219399999999999999 024 521234 7099999999999999
 53 47 59 84116147172185181162136109 88 80 88111139166185190179152117 842410 5J6 716186185119199999999999999 051 4713 1 8099999999999999
 58 45 49 69 98128156174180169149125104 92 93109134159178186181159128 942410 6J6 75018019 918699999999999999 117 441326 9199999999999999
 66 48 45 57 811101371581701691561371191061031111301521711811791651381072410 7J6 825171192518299999999999999 144 44134910399999999999999
 78 57 47 51 68 921171381541601561441311201141171291461631741761671481212410 8J6 9 6160194217699999999999999 214 47141111499999999999999
 93 71 56 52 60 76 971171331441481451381301261261311421551651691661541352410 9J610 114820 316999999999999999 251 52143312599999999999999
112 90 72 62 60 67 79 95110124134139140138136135136141148154159159155144241010J61146140203616099999999999999 343 6015 413599999999999999
129112 95 80 70 66 69 76 87100113126135142145146144143142143145147148146241011J6143914622 214899999999999999 5 7 66175714299999999999999
141133121106 91 78 69 65 67 76 90107124140151156155149142134129129132138241012J61517156999999999999999999999 7 8 65203912899999999999999
143146144135120101 82 67 58 57 67 85107130151164167160147131117109110119241013J6 1 9146154516799999999999999 832 56212510899999999999999
132146156159151132108 83 62 49 50 64 87116144167177173158135112 93 86 92241014J6 247159161317899999999999999 928 4822 4 8699999999999999
108131153170175164141111 81 56 44 49 69 98132162183186173147116 87 67 64241015J6 3501751641187999999999999991014 442241 6399999999999999
 78103134163184188173145111 78 53 45 56 82116152181194188163128 91 60 44241016J6 4431891710195999999999999991056 452319 4399999999999999
 47 70103141174195196177145109 77 56 54 71102138172194198180146105 65 36241017J6 5321981740199999999999999991135 522357 2699999999999999
 26 39 69108149182200197174142107 78 64 70 93125159187200192164124 81 43241018J6 62020218 9200999999999999991213 64999999999999999999999
 20 18 38 73115155186199191167137107 85 78 91117147175194196178143101 61241019J6 7 6199183719899999999999999 035 161250 7899999999999999
 29 14 20 45 82122158183191180158132109 95 97113138163183192184159122 84241020J6 75219119 419299999999999999 113 141324 9499999999999999
 49 25 18 30 57 91125156174177166148129114109116133153170181181166139106241021J6 840178193018399999999999999 151 18135710999999999999999
 74 47 31 30 45 69 97125148161162154142130123123132145159168172165148124241022J6 933163195417299999999999999 232 29142912299999999999999
 97 73 54 44 46 59 77 99120137147148145139134132134141149155159157149134241023J61043149201415999999999999999 319 4315 313299999999999999
116 97 79 66 59 61 69 82 97113127136141142141139138139141143144144142136241024J613 5142202714499999999999999 419 5916 613899999999999999
127116103 91 80 73 71 74 81 93107120132140144145143140136133130129129130241025J61446145233013099999999999999 552 7121 912999999999999999
130128122114102 91 81 75 74 79 90105121135145150149143134124117113113118241026J61516150999999999999999999999 737 74212211299999999999999
124131134132124111 96 83 74 72 79 92110129145154155148136121106 97 95101241027J6 2 9134153515699999999999999 841 722143 9599999999999999
112125138144142131115 96 80 71 72 83100122143158162156141121101 85 78 82241028J6 314145155416299999999999999 924 7022 7 7899999999999999
 95113132148155149134113 92 75 69 75 92114139159169165150127101 78 64 63241029J6 4 1155161416999999999999999 959 692233 6299999999999999
 75 95120144160162152132108 86 72 71 84107132157173175161136107 78 56 48241030J6 4411631637176999999999999991032 7023 0 4899999999999999
 56 76103132156169166150126101 81 72 79 99125151172180172148116 83 55 39241031J6 51817017 01809999999999999911 3 722328 3799999999999999
 39 56 83115145168175165144119 95 79 78 92116144167181180160128 93 60 362411 1J6 5541751725183999999999999991135 762356 2899999999999999
 28 39 64 96129158175175159136111 91 82 89109135160178182170141105 69 402411 2J6 63017717481839999999999999912 5 82999999999999999999999
 24 26 46 76110142166176169150127106 91 90104127152171181175153119 82 502411 3J6 7 5176181118199999999999999 024 231235 8999999999999999
 28 21 32 57 90122150168171160140120104 97103121144164176177162133 97 632411 4J6 742172183317899999999999999 053 2113 4 9799999999999999
 37 23 24 42 70101130152164162149132116106106117136155169174166145114 802411 5J6 821165185517499999999999999 124 21133310599999999999999
 52 32 25 33 53 801081311491551511401271171131171301461601671661531301002411 6J6 9 5155192016899999999999999 159 2514 311399999999999999
 71 48 34 32 42 62 851081281411461431351271211201261371481571601551411192411 7J610 2146195316099999999999999 241 31144112099999999999999
 94 71 52 42 41 50 66 861051221341401401361311271261291351421471481431322411 8J61124140204414899999999999999 335 40154712699999999999999
116 96 77 61 51 49 54 66 821001181311401421411361301251231241281321351352411 9J613 5142222813599999999999999 447 4818 512399999999999999
130120105 88 72 60 54 56 64 79 98117134145150147138127116109106109116124241110J614 6150999999999999999999999 618 54195910699999999999999
131133129118101 83 67 57 55 63 79101123143156158151135117 99 86 83 88102241111J6 054134144615999999999999999 742 552053 8299999999999999
118133142143132114 93 73 59 56 65 85109135156167165149125 99 75 60 59 71241112J6 232144152016899999999999999 846 562136 5899999999999999
 92116139155157146124100 77 62 60 72 95123150170176165141108 76 49 35 39241113J6 340158155317699999999999999 939 592217 3499999999999999
 59 88120149167169155131104 80 66 67 84110139165181179159126 87 51 24 15241114J6 4371711625183999999999999991026 652257 1599999999999999
 26 53 89127159178177160135107 83 73 79 99127156178187176147107 65 28  5241115J6 52818016581879999999999999911 9 722336  199999999999999
  3 22 55 95136168183179160134107 87 82 93116143169185185166130 87 45 12241116J6 6161841731188999999999999991150 81999999999999999999999
 -5  1 25 62104143172183175155131107 93 93108131156176186177151112 70 32241117J6 7 318318 418699999999999999 016 -51229 9199999999999999
  5 -5  7 35 73112148171177167148126108 99105122144164177179164134 96 58241118J6 748177183718099999999999999 056 -513 7 9999999999999999
 26  6  4 20 49 83118148165166155139122110107116133150164172167148118 85241119J6 834167191017299999999999999 136  3134310799999999999999
 53 28 15 19 36 62 92121144154153144132120113115124138150159160152132106241120J6 922155194316199999999999999 218 15142011399999999999999
 79 54 36 29 35 51 73 97120137144143136128120117120127136143147146136120241121J61017144201914799999999999999 3 2 2915 411799999999999999
100 79 61 48 45 51 64 81100118131136136133127121119120123127130132131124241122J61126137211113299999999999999 352 45161311999999999999999
113 99 84 71 61 59 63 72 86102117128134135132127121116113112113115118119241123J61246135225611999999999999999 452 5819 111299999999999999
117112103 92 81 72 69 71 78 90105119130137138134126116107100 96 96101107241124J61341138999999999999999999999 6 8 692023 9699999999999999
113116116110100 89 80 75 76 83 96111125137143141133120105 92 82 78 81 90241125J6 121117141714399999999999999 723 7521 1 7899999999999999
101113121123118107 95 84 78 80 89103120135146149142127109 89 72 62 62 71241126J6 245123144714999999999999999 821 782132 6199999999999999
 85102119130132125112 98 86 80 84 96113131147155152138116 92 69 52 45 51241127J6 341132151615599999999999999 9 8 8022 1 4599999999999999
 66 87110130141140130115 98 86 82 90106125144157160150128100 72 48 33 33241128J6 427142154516199999999999999 951 822231 3199999999999999
 46 68 95121142151146132114 97 86 86 98117138155165161142113 81 51 29 20241129J6 5 71511615165999999999999991030 8423 2 2099999999999999
 27 48 76107135153157148131111 94 86 91108129150164168156129 95 60 31 14241130J6 54615816451689999999999999911 8 862334 1199999999999999
 12 28 55 88120147161160146127107 92 89100120142160170166145112 75 41 162412 1J6 6241631715170999999999999991144 89999999999999999999999
  5 12 34 66100132156164158141121103 92 95110132153167170158131 94 57 262412 2J6 7 2164174617199999999999999 0 7  51219 9299999999999999
  6  2 16 44 78112141159162151133115100 95103122143160169166147115 77 422412 3J6 740163181717099999999999999 042  11254 9599999999999999
 16  2  5 25 55 89121146158156143126110100100112131150163167158134100 642412 4J6 820159185016799999999999999 119  11329 9999999999999999
 33 12  4 13 36 66 97125146153148135120108102106119137152160160146121 892412 5J6 9 3153192716199999999999999 158  414 810299999999999999
 56 30 14 11 23 47 751031271431471411301171071041091211351461521491351112412 6J6 952148201115299999999999999 240 10145510499999999999999
 83 55 34 21 22 35 56 821071281411431381271161071031071161261351401371252412 7J61046144211114099999999999999 328 2016 010399999999999999
106 83 61 43 33 34 46 65 88110129140142137127114103 97 971021111201261272412 8J61146142223712799999999999999 423 321730 9799999999999999
120107 90 71 56 47 47 57 73 94115132142144138126110 95 85 81 83 921031142412 9J61245145999999999999999999999 527 4619 6 8099999999999999
121121114101 85 70 61 59 66 81100121138148149140123102 82 66 59 61 72 89241210J6 033122133614999999999999999 642 592015 5999999999999999
106120127125115100 85 74 70 75 89108129145155153139116 89 63 44 36 41 57241211J6 218127142215599999999999999 758 7021 8 3699999999999999
 79103124137138129113 97 83 78 83 97118138154161155135106 73 43 22 15 25241212J6 33613915 416199999999999999 9 4 782155 1599999999999999
 47 75106133148150140123105 90 84 90106127148163166154128 93 56 24  4  1241213J6 43715115451679999999999999910 0 842240  099999999999999
 15 43 78113143159159147128108 93 88 97115137157169168150118 79 40  8 -9241214J6 5311611627171999999999999991050 882323-1199999999999999
 -7 14 46 84122152166163148128108 94 92104124145164173167142106 65 27 -3241215J6 61816617 8173999999999999991136 91999999999999999999999
-15 -6 19 54 94132158167161144123104 93 96111132153169173161132 94 54 17241216J6 7 2167174817499999999999999 0 5-151217 9399999999999999
 -7-13  1 29 66105139160164154136116 99 93101118138157169168151120 82 44241217J6 743164182817199999999999999 047-131256 9399999999999999
 13 -5 -4 14 44 79115144158156144126108 96 95106123141157164159138107 72241218J6 82215919 716599999999999999 127 -71334 9499999999999999
 39 14  3 10 31 60 93123144151146133117102 94 97109125140152155145123 95241219J6 9 0151194615599999999999999 2 7  31413 9499999999999999
 65 38 20 17 27 49 76104128142144136123109 98 94 99110123134142141130110241220J6 938144202714399999999999999 245 161456 9499999999999999
 86 62 42 31 33 46 66 90113130138136128116104 95 93 98106115124128126116241221J61016139211412899999999999999 322 301547 9399999999999999
100 81 64 50 45 50 63 81101119131135131122111100 92 90 92 97104110114113241222J61057135221711499999999999999 4 1 451657 9099999999999999
106 95 82 70 62 60 66 78 93110123132133128119107 95 87 82 82 85 91 97102241223J61141133235910499999999999999 442 601834 8199999999999999
104102 96 88 79 74 74 79 89102116127133133127116102 88 77 70 68 71 78 87241224J61229134999999999999999999999 534 731954 6899999999999999
 96102105103 97 90 85 84 88 97109121131136134126111 95 78 64 55 53 58 69241225J6 2 1105131813699999999999999 644 842046 5399999999999999
 82 96107113112107100 94 91 94102114126135139136124105 84 65 49 39 40 49241226J6 32311314 613999999999999999 8 4 912127 3899999999999999
 65 83102117124123116107 99 94 96106119131140143137120 97 72 49 32 25 30241227J6 420124145114399999999999999 911 9422 6 2599999999999999
 45 65 89112129135132122110 99 94 98109124138147148136114 86 57 32 16 13241228J6 5 513515351499999999999999910 6 942243 1299999999999999
 24 45 71100125141145137124109 96 93 99114131145154151134105 73 41 16  2241229J6 5441451617154999999999999991052 922321  199999999999999
  5 22 49 81113139152150138121104 92 92103121139154160152128 94 58 25  1241230J6 6221521658160999999999999991133 902357 -899999999999999
 -7  2 26 58 93127150157150134114 97 88 92108129149162164150120 82 43 11241231J6 6581571738165999999999999991211 87999999999999999999999
