 65 38 20 15 26 49 78109133145145134117 98 85 79 83 9511112713713912911024 1 1KC 929147203814099999999999999 247 1515 5 7999999999999999
 85 60 39 29 31 45 69 96121138144138125108 92 81 78 83 9410812112812711724 1 2KC10 1144212412999999999999999 321 281552 7899999999999999
100 80 60 47 42 48 64 86109128139140132118101 87 78 75 80 8910111111711724 1 3KC1036141222511899999999999999 356 421650 7599999999999999
109 96 81 68 59 58 65 80 99118132138136127113 97 82 73 69 72 80 9110110824 1 4KC1117139235311099999999999999 437 5718 1 6999999999999999
110107 99 89 79 73 73 80 92107122133137134124109 92 76 65 60 61 68 80 9224 1 5KC12 5137999999999999999999999 530 721916 5999999999999999
103110111107100 92 86 85 90 99112124133137133122105 86 67 53 46 47 55 7024 1 6KC 14611113 013799999999999999 644 852022 4599999999999999
 87103115121120113104 96 92 94102113126136140135121101 77 54 37 29 31 4324 1 7KC 320121135814099999999999999 812 922117 2899999999999999
 63 87109126134133125112101 94 94102115130141145138120 94 65 38 19 11 1624 1 8KC 423135145314599999999999999 928 9322 5 1199999999999999
 34 61 91119139147144132115100 91 92102118136149152141118 86 51 20  0 -624 1 9KC 5121481544152999999999999991026 912251 -699999999999999
  5 29 63100132152158151133112 95 86 90104124145158159144115 76 36  3-1724 110KC 5551581633160999999999999991114 862336-2099999999999999
-18 -2 30 70111144163165151129105 87 81 88107132155167164144109 65 22-1124 111KC 6361661720168999999999999991157 81999999999999999999999
-28-25 -1 36 81124155169165146119 94 78 76 88112140163174166141101 54 1124 112KC 71517018 817499999999999999 020-291238 7599999999999999
-20-32-22  6 49 95136163171160136107 83 70 72 89116145167175163134 92 4524 113KC 754171185517599999999999999 1 3-321320 6999999999999999
  5-21-27-11 22 65110146166167150123 94 72 63 70 90119147166170156124 8324 114KC 831169194317199999999999999 146-2714 4 6399999999999999
 40  6-13-12  8 43 85125153165159138109 82 63 58 68 9011714315916014411424 115KC 9 8165203316299999999999999 228-151450 5899999999999999
 77 42 15  4 10 33 66104136156160148125 97 72 57 55 65 8611113414714613124 116KC 944160212714899999999999999 3 8  41541 5499999999999999
106 76 49 31 27 37 59 89119142154152137113 88 66 53 51 61 7910112013113124 117KC1020155223013299999999999999 348 271638 5099999999999999
120102 81 63 53 53 64 83106128144149143127105 82 62 49 47 54 69 8710411524 118KC1058149235411999999999999999 430 511744 4699999999999999
119114104 91 81 75 77 86100117132142143137122101 79 59 46 41 45 56 73 8924 119KC1143144999999999999999999999 517 7519 2 4199999999999999
103112114112105 99 95 95100108119130137139133120100 78 56 40 32 34 43 6024 120KC 155114124313999999999999999 629 942022 3299999999999999
 79 98112121123120114108104104109117127135138133121101 76 52 33 22 22 3224 121KC 351123135813899999999999999 8271042131 2099999999999999
 51 75 99119131135131122112105102105113125135140137123100 72 44 22 10 1224 122KC 45713515 81409999999999999910 01022225  999999999999999
 26 50 79107129142144136123109 98 95 99111126139146141124 96 64 33 10  024 123KC 53914416 5146999999999999991055 9523 9  099999999999999
  6 25 55 89120141151147134116 99 88 88 97113132147152143120 88 52 20 -124 124KC 6121511653152999999999999991134 872348 -699999999999999
 -6  6 32 67104133151154143124103 86 79 84 99120141155155141112 75 37  724 125KC 64115517331579999999999999912 6 79999999999999999999999
 -8 -6 14 46 85120146156150133109 88 74 73 85106130150160154133 99 59 2324 126KC 7 8156181016099999999999999 022-101235 7299999999999999
 -2 -9  2 29 66105136154155141117 92 74 66 72 90115140157160147120 82 4424 127KC 733156184416199999999999999 054 -913 3 6699999999999999
 12 -4 -2 18 51 89124148156147126100 77 63 63 76 98124147158155135103 6624 128KC 757156191715999999999999999 124 -51331 6199999999999999
 32  8  2 13 40 76112140154151134109 83 64 57 63 81106131148153143119 8724 129KC 820155195015499999999999999 152  214 2 5799999999999999
 53 26 13 16 35 66100131150153141119 93 70 56 55 67 8711113314514312910424 130KC 843154202514699999999999999 219 121434 5499999999999999
 74 47 29 25 36 60 90120142152146128104 79 61 53 56 71 9111312913613111524 131KC 9 715221 413699999999999999 246 251510 5299999999999999
 92 68 49 40 44 60 84111133147147135114 90 69 55 52 58 73 9210912112511824 2 1KC 932148215012599999999999999 313 401551 5199999999999999
104 86 70 59 57 65 81103123138144138123103 81 64 53 51 58 71 8710111111424 2 2KC10 0144225311499999999999999 342 561641 5199999999999999
110100 89 79 74 75 84 98114128137137129114 96 77 61 51 49 54 64 78 9110124 2 3KC1034138999999999999999999999 418 731747 4999999999999999
106107104 98 93 90 91 97107117127132131124111 94 75 59 48 43 44 52 65 7924 2 4KC 040107112313299999999999999 514 901913 4299999999999999
 93105112114112108104102103108115122128129124113 96 76 56 41 31 30 37 5124 2 5KC 3 2114124412999999999999999 7111022040 2999999999999999
 70 91109122128127121113105101103109118127133131120101 77 51 29 15 12 2024 2 6KC 421129141613399999999999999 9151012147 1199999999999999
 39 66 94119137143140128113100 93 94104118133142142130106 75 42 14 -4 -624 2 7KC 5 71441529144999999999999991021 922240 -799999999999999
  7 33 68104134152156146127106 88 81 86101122143156155139108 69 30 -3-2024 2 8KC 54515616281579999999999999911 7 812327-2299999999999999
-19  0 35 77118150165162144118 91 73 69 79102130155169166144106 61 17-1624 2 9KC 6211661720170999999999999991148 68999999999999999999999
-31-24  4 46 93136164172161135102 73 57 58 76106139167179172143100 51  624 210KC 65417218 818099999999999999 010-311227 5699999999999999
-23-31-16 18 65113152173172151118 83 55 44 52 76111147174183170137 91 4224 211KC 727175185518399999999999999 051-3213 6 4499999999999999
  2-20-20  2 41 89134165175164135 98 63 40 35 49 78115150174178160125 8224 212KC 758175194117999999999999999 130-231346 3499999999999999
 39  7 -6  2 30 70114150170170149116 79 47 30 31 49 8011614716516514611324 213KC 828172202816899999999999999 2 7 -61428 2899999999999999
 75 42 21 18 32 61 98134159167157132 97 63 38 26 31 51 8111313815114813024 214KC 857167211815299999999999999 242 171512 2699999999999999
103 75 53 42 46 64 91120145159158142115 83 55 35 28 34 53 7910412413313024 215KC 925160221413399999999999999 314 4216 0 2899999999999999
117 99 81 69 67 75 91112133147151144127103 76 53 38 33 38 53 72 9210711524 216KC 954152233211699999999999999 345 661657 3399999999999999
116110101 93 89 90 97109122134140140132117 97 76 57 44 38 40 49 63 78 9224 217KC1027141999999999999999999999 417 881813 3899999999999999
103108110109108106107111116122127130129124114 99 82 64 49 40 37 41 52 6624 218KC 2 5110112213099999999999999 5 81061953 3799999999999999
 82 97109118121121119115113112113116120123123117105 89 70 51 37 30 31 4224 219KC 428122132512499999999999999 8591122120 2999999999999999
 59 79100118129133130123113105101101107116124128125113 94 70 47 29 20 2224 220KC 5 413315 61289999999999999910221002217 1999999999999999
 36 58 85110130140140132118103 92 88 92104119132138134118 93 64 37 17 1024 221KC 53014216 8138999999999999991058 8823 0 1099999999999999
 17 37 66 98125143148141125105 87 77 78 89108128143148139117 86 52 23  624 222KC 5531481653148999999999999991126 762334  399999999999999
  5 20 48 82116141153149133110 87 70 66 74 93118140154154138109 72 36 1024 223KC 6161531730156999999999999991151 66999999999999999999999
  0  7 31 66103135154156142118 90 68 57 60 77103131153162154130 94 55 2224 224KC 63715718 316299999999999999 0 5  01216 5699999999999999
  3  2 20 51 90126151160150127 97 70 52 49 61 85116144162163147116 77 4024 225KC 658160183516599999999999999 033  01242 4899999999999999
 14  4 14 41 78116146161157137107 75 51 41 47 67 97129153164157133 99 6124 226KC 71816119 716499999999999999 059  413 8 4199999999999999
 30 14 16 35 68105138159161146117 84 55 38 37 51 77109138157159145117 8224 227KC 738162193916099999999999999 124 121335 3599999999999999
 50 29 23 35 61 96130154162152128 96 64 41 32 38 59 8811914315414913010124 228KC 758162201215499999999999999 149 2314 4 3299999999999999
 71 47 36 41 60 89120146159156137108 76 49 33 32 45 68 9712314014513511524 229KC 818160204814599999999999999 213 361435 3099999999999999
 90 67 53 51 62 84111137152155143119 89 61 40 32 36 52 7610112113313312224 3 1KC 839156212913499999999999999 238 5015 9 3199999999999999
105 86 72 66 70 84105126143150144127102 76 53 38 35 42 57 78 9811412212124 3 2KC 9 3150222412299999999999999 3 5 651551 3499999999999999
113101 90 83 82 89102118132140141131114 93 71 53 41 39 45 57 73 8910211024 3 3KC 931142999999999999999999999 335 821648 3999999999999999
113111106101 98 99103111121128132130122109 91 73 57 46 40 42 49 61 75 9024 3 4KC 0 0113101213299999999999999 421 981816 4099999999999999
102111116117116113110110112115120123124121112 99 82 64 48 37 32 35 45 6124 3 5KC 252117114512499999999999999 64511020 8 3299999999999999
 80100117128132130123114107103104109117124127124112 93 70 46 28 17 18 2924 3 6KC 4 7132135912799999999999999 9181022128 1699999999999999
 51 78106129143147139125108 94 88 90101117132142140127102 71 39 14  0  224 3 7KC 4461471524143999999999999991013 872224 -199999999999999
 19 49 85120146159156140116 92 75 70 78 98123146159158139107 68 29  0-1324 3 8KC 5191601624161999999999999991052 702310-1399999999999999
 -6 19 57100138163170158131 99 70 53 53 70 99133161176171146107 61 19 -924 3 9KC 5501701716176999999999999991130 512351-1799999999999999
-17 -3 30 75121158176173149113 75 46 33 41 67105144174186176145101 53 1324 310KC 62017718 31869999999999999912 7 33999999999999999999999
 -9 -9 13 52100144173181166132 90 50 25 19 35 69112153181188173138 93 4824 311KC 649181184918999999999999999 030-121245 1899999999999999
 15  1 10 39 81126163181176150109 65 29 10 12 35 74118156180181162127 8524 312KC 718182193518399999999999999 1 6  11323  899999999999999
 48 25 22 38 70110148173178162129 86 45 15  4 13 41 8012115317016714711524 313KC 745179202117199999999999999 141 2114 3  499999999999999
 82 56 44 48 69100134160173167143107 67 33 11  7 21 49 8411914415414913124 314KC 81117321 915599999999999999 213 431444  699999999999999
107 84 69 66 76 97123147162163149123 90 57 30 16 17 31 56 8511213013713224 315KC 83616422 313799999999999999 243 661528 1599999999999999
119104 91 86 89100117134148153148132108 81 56 37 27 29 41 60 8210111412024 316KC 9 1153231912199999999999999 311 851620 2799999999999999
119114107103102106115125134139139132118100 81 62 48 40 40 47 60 74 8910124 317KC 927140999999999999999999999 3391021730 3999999999999999
110114116116115115116119122124125124120112101 88 74 60 50 46 47 54 65 7924 318KC 21711610 712599999999999999 4311151916 4699999999999999
 94107117123126124121116112110110111114116115109 99 84 69 54 45 42 46 5824 319KC 4 6126131311699999999999999 9371092054 4299999999999999
 75 94112126134134128118107 99 95 96103112121124121109 91 70 51 37 33 4024 320KC 43213515 3124999999999999991013 942153 3399999999999999
 56 79103124138142137124107 92 82 81 88102118131136131115 91 64 42 28 2724 321KC 45414216 0136999999999999991039 802234 2699999999999999
 39 62 90118139149146132111 89 73 67 72 88109130145147136113 83 53 30 2124 322KC 51514916421489999999999999911 2 6723 7 2199999999999999
 27 47 77109137153154141118 91 68 56 56 71 95122145157154135105 71 41 2224 323KC 5361551718158999999999999991126 542337 1999999999999999
 20 35 63 98131153161151128 97 68 49 43 53 77107137158164153127 92 57 3124 324KC 5551611751165999999999999991151 43999999999999999999999
 21 29 53 87122151164159138107 73 46 33 37 57 88123152167165145113 77 4624 325KC 615165182316899999999999999 0 4 211215 3399999999999999
 29 29 46 77113145164166149118 81 49 28 25 39 68103137161169159133 99 6524 326KC 634168185516999999999999999 030 261241 2499999999999999
 42 35 45 70104138161169157130 93 57 30 18 25 48 81118148165164147118 8624 327KC 653169192816799999999999999 055 3513 8 1899999999999999
 59 46 48 67 96128155168163140106 69 37 18 16 32 60 9512915316215413310524 328KC 71316820 116299999999999999 120 451336 1599999999999999
 78 61 57 67 90119146163164148119 84 50 25 15 22 43 7310613415115214112024 329KC 734166203815399999999999999 146 5614 6 1599999999999999
 97 78 69 73 88111136154161152130 99 66 38 22 19 31 54 8311113214214112924 330KC 757161212114399999999999999 213 691440 1999999999999999
112 95 84 82 90106125143152151137113 85 57 36 26 27 40 61 8610812413113024 331KC 822153221813299999999999999 242 821522 2599999999999999
121110101 95 97105117131141144138124103 79 57 41 33 35 45 62 81 9911312124 4 1KC 852144235612399999999999999 318 951619 3399999999999999
123121116111108109113120127132133128117101 83 65 51 41 39 44 55 70 8710324 4 2KC 939133999999999999999999999 4211081748 3999999999999999
115124127127123118114112113116120123123119110 95 78 61 46 38 36 43 57 7724 4 3KC 218128113612499999999999999 7131121939 3699999999999999
 98117132139139132121109101 97100108119127130125111 91 68 46 31 25 31 4824 4 4KC 326140135513099999999999999 9 1 9721 0 2599999999999999
 73101127146153148134114 94 81 78 85101120137146143128102 71 42 22 15 2424 4 5KC 4 5153151614799999999999999 949 782157 1599999999999999
 46 79114144162164150126 97 72 57 58 73 99128152165161140107 70 37 15 1124 4 6KC 4381651616165999999999999991028 562243 1099999999999999
 25 55 94133162174167143108 72 45 34 42 66102139167180172146108 67 33 1524 4 7KC 5 917517 81809999999999999911 5 342325 1399999999999999
 16 38 74116154177180162126 84 45 20 15 32 65108149179188176145104 64 3424 4 8KC 5381821756188999999999999991143 14999999999999999999999
 23 32 59 98139171185176147103 58 20  1  5 29 70116158184189172139 99 6424 4 9KC 6 7185184318999999999999999 0 3 231221  099999999999999
 42 39 55 86124159182184163126 79 35  3 -8  3 34 78123161181181162130 9624 410KC 635186192918499999999999999 040 3713 0 -899999999999999
 69 56 60 80112145171182173144103 58 20 -3 -7 11 44 8612715817216814812124 411KC 7 3182201517299999999999999 115 551339 -899999999999999
 95 77 73 83105132158173173156124 84 45 15  0  3 23 56 9312715015815213624 412KC 73017521 315899999999999999 148 731420 -199999999999999
115 98 89 91103122143159165158137106 72 41 20 12 18 38 66 9612213814313824 413KC 757165215714399999999999999 220 8815 3 1299999999999999
126114104101106117131144152151140121 95 69 46 31 27 34 50 72 9511412613124 414KC 82515323 713199999999999999 2541011552 2799999999999999
128123116112111115122130136139135126111 92 73 57 46 42 47 58 74 9010611724 415KC 857139999999999999999999999 3371111656 4299999999999999
123125124121119117117118121123124122117109 97 83 69 59 53 53 60 71 8510024 416KC 1 3125 95812499999999999999 5291171826 5299999999999999
114123129130127122116111108107109112116117114106 94 80 67 58 54 58 68 8324 417KC 246130124911799999999999999 84610720 0 5499999999999999
101117130136136130120108 98 92 92 97107116123123117103 86 69 56 51 55 6724 418KC 329137143612499999999999999 931 9121 6 5199999999999999
 86108127140144139127110 93 81 76 80 92108124134135126108 86 66 51 47 5524 419KC 35814415361369999999999999910 1 762151 4799999999999999
 72 96121141151149136116 93 74 63 63 75 94117136146144130108 82 59 47 4724 420KC 4221521621147999999999999991028 612228 4599999999999999
 61 84112138154158147125 98 71 53 48 56 76103130150157150130102 74 54 4624 421KC 4441581659157999999999999991054 4723 0 4699999999999999
 54 74103132154164157136106 74 48 35 38 56 85117145162164149124 93 67 5124 422KC 5 61641735165999999999999991120 352330 4999999999999999
 51 67 93124151167166148117 82 49 28 24 36 63 98133159170164144114 84 6224 423KC 52716818 9171999999999999991146 232359 5599999999999999
 55 63 85115145166171159130 93 56 28 15 20 42 75114147168172159134104 7824 424KC 5481711843173999999999999991213 14999999999999999999999
 63 64 80106136161173167143108 68 34 13  9 24 53 90128157171168150123 9624 425KC 610173191817299999999999999 027 621242  899999999999999
 76 70 78 99126153169171154124 85 47 19  6 12 33 6710413816116715913811324 426KC 634172195516899999999999999 056 701313  699999999999999
 92 80 80 94117142161169161137103 66 33 13  8 20 45 7911414215815914812924 427KC 7 0169203616099999999999999 126 781347  899999999999999
108 93 87 93109130150162162147120 87 54 28 14 15 31 57 8811814015115013924 428KC 728164212415299999999999999 159 871425 1399999999999999
123108 99 98105120137151156151133107 78 50 30 21 25 40 64 9011513314214224 429KC 8 1156222614399999999999999 237 971513 2199999999999999
134123113106107113124136144146139124102 77 55 38 31 34 46 65 8810912613624 430KC 844146235113899999999999999 3291061614 3199999999999999
138135127119113111114120127134136132121104 85 65 49 40 39 47 63 8210312124 5 1KC 953136999999999999999999999 4571111735 3999999999999999
135141140134125115108105108114122128130126114 98 79 60 47 42 46 58 7810124 5 2KC 124141115113099999999999999 7 110519 5 4299999999999999
123140149148140125109 96 89 90 98111125135137129113 92 69 51 42 43 56 7824 5 3KC 227150134313799999999999999 822 882021 4199999999999999
105131151159155140118 94 76 67 70 84105128145151146128102 75 53 42 44 6024 5 4KC 31115915 315199999999999999 914 672121 4199999999999999
 86117145164169157133102 72 51 44 52 74104134157166160139109 79 55 44 5024 5 5KC 34816916 516699999999999999 958 442211 4499999999999999
 70100133161176173153119 81 47 26 23 39 69107143169178169145113 81 59 5224 5 6KC 4211771659178999999999999991039 222256 5299999999999999
 61 85118151175182170140 99 56 23  6 10 33 71114153178185172146113 83 6524 5 7KC 4531831750185999999999999991119  52337 6299999999999999
 63 77105137167184182160123 77 34  4 -6  5 35 77122160182184169142111 8624 5 8KC 5251861838186999999999999991159 -6999999999999999999999
 74 78 96124154177185174145103 57 18 -6 -9  8 42 8612916318017816113610924 5 9KC 557185192518199999999999999 017 741240-1099999999999999
 91 85 93113140164179179161127 85 43 10 -6 -3 19 54 9613416117316815112924 510KC 629181201117399999999999999 055 851321 -799999999999999
108 96 96107127149167175167145110 72 36 11  2 10 33 6710413515616215614124 511KC 7 1175205816299999999999999 132 9514 2  299999999999999
123109102106118135152163164152129 98 65 37 19 15 26 49 7910913414815214524 512KC 735165214615299999999999999 2101021446 1599999999999999
133120110108113123137148154151138117 91 64 43 31 31 42 62 8711113014114324 513KC 812154224214399999999999999 2511081532 2999999999999999
137128119113111115123132139142138127110 89 69 53 45 45 55 72 9211212713624 514KC 857142234813899999999999999 3461111626 4499999999999999
138134128120114112113117122127130128121108 93 77 64 57 57 64 78 9511212624 515KC10 8130999999999999999999999 5121111730 5699999999999999
135138135129121113107105106110116121123120112101 87 74 66 64 70 82 9811424 516KC 1 0138115812399999999999999 7 71051844 6499999999999999
129138142138130118106 97 92 93 98107117124125120109 95 82 72 69 73 8510224 517KC 159142134412599999999999999 823 921954 6999999999999999
120136145147140127110 94 82 77 80 90104119130134130118101 85 74 71 77 9124 518KC 241147145813499999999999999 9 8 772051 7199999999999999
110130146153150138118 96 77 64 62 70 86107127141145138123104 86 75 73 8324 519KC 315153155314599999999999999 943 612138 7399999999999999
100122143156159149129103 77 57 47 50 65 89116139153154144125103 85 76 7824 520KC 3441591638155999999999999991015 462219 7599999999999999
 91113136156165160142114 83 55 37 33 44 67 98128152164161146123100 84 7824 521KC 4111651718164999999999999991045 332255 7899999999999999
 86104128151167168155128 94 60 34 21 25 44 75110142164171163143118 96 8324 522KC 4371701757171999999999999991116 212330 8299999999999999
 83 96118144164173166144110 72 39 17 12 24 51 87124155172173160137112 9324 523KC 5 51731834175999999999999991148 11999999999999999999999
 86 91109133157172174158128 90 52 22  7  9 28 6110013616317517115313010724 524KC 534175191317599999999999999 0 4 861222  599999999999999
 93 91101122146166175169146112 72 36 12  3 12 37 7311114516717316414512324 525KC 6 6175195417399999999999999 039 901259  399999999999999
104 95 98112133155170173160133 97 59 27  8  6 20 48 8312014916516715713824 526KC 641173203816899999999999999 116 941339  599999999999999
118104 99105120140158169166149121 86 52 25 11 13 30 58 9212414916116115024 527KC 719169212716399999999999999 157 991424 1099999999999999
133117106103111125142156163157140113 81 51 29 19 23 40 66 9712614715715624 528KC 8 4163222315899999999999999 2441031514 1999999999999999
145131117107106112124138149154149133110 82 57 38 30 34 50 7310112614515424 529KC 9 0154232415599999999999999 3441051610 3099999999999999
153144131117107103107116128139145143131112 89 67 50 42 45 58 7910412814624 530KC1014146999999999999999999999 5 01031715 4299999999999999
155154145131115101 94 95103115129138141134120101 80 63 54 55 66 8510913224 531KC 026156114814199999999999999 624 941825 5399999999999999
150159157146128108 90 80 78 86101119134143142132114 94 76 65 64 74 9211624 6 1KC 122159132514499999999999999 738 781935 6399999999999999
139157164160145122 96 74 60 59 69 89113134149152144128107 88 75 73 8310124 6 2KC 210165144815299999999999999 837 582040 7399999999999999
125149165171162141111 80 54 40 40 55 80110138157163156139117 96 83 82 9224 6 3KC 253171155716399999999999999 928 382139 8199999999999999
112136159174175160132 96 61 34 21 25 45 77113145166173165146123102 90 9024 6 4KC 3341761657173999999999999991015 202231 8899999999999999
102123148169180175154120 80 43 16  7 16 42 79118152174179169149125105 9524 6 5KC 41318017491799999999999999911 0  72319 9499999999999999
 97112134158177182171144106 64 28  5  0 15 45 8512615917818016814612310624 6 6KC 4511821838181999999999999991144 -1999999999999999999999
 99105121144166180180164132 92 51 18  0  1 20 54 9513416417817616214011924 6 7KC 530182192317999999999999999 0 2 991227 -299999999999999
105103112130152171180174153119 79 41 13  1  8 32 6710614216617516915213224 6 8KC 6 918020 517599999999999999 04310213 9  199999999999999
114105106118137157171175165141107 69 36 15  9 21 47 8111714716416815914224 6 9KC 648176204416899999999999999 1221041350  999999999999999
124110105110123141158168167154128 96 63 36 21 21 36 63 9512615016116014924 610KC 727169212316299999999999999 2 11051430 1999999999999999
133117107105112125141155161157142117 89 61 41 32 36 54 7910813315115715224 611KC 8 916122 215799999999999999 2421051510 3299999999999999
140125113105105113125138148152146131110 85 64 49 45 52 70 9411813815015224 612KC 855152224415399999999999999 3291041551 4599999999999999
146134121110104104110120131139142136124106 87 70 60 59 68 8410512614215024 613KC 950142232915199999999999999 4271031636 5899999999999999
150142131118107100 99104112122130133130121108 93 80 72 72 81 9611413214424 614KC11 3133999999999999999999999 538 991727 7199999999999999
151149141128114101 93 91 94102113122128129124114101 90 84 84 9210512113724 615KC 017151123613099999999999999 653 911828 8399999999999999
148153149139125108 93 82 79 83 92106119129133131123111100 93 93 9911212724 616KC 1 615314 813399999999999999 758 791935 9299999999999999
142152155150137118 98 80 68 65 71 85103120135142141132120108100 9810511824 617KC 153156152214299999999999999 850 652040 9899999999999999
134148158159149131108 84 64 52 52 62 8110512714415215114012611210310210924 618KC 235159161815399999999999999 933 51213610199999999999999
124141156164161146122 94 67 46 37 41 57 8311113815616315814512711210310424 619KC 31416417 5163999999999999991012 37222510299999999999999
114131150164169161140110 77 48 29 24 34 57 8812215016717116214512510910224 620KC 3531691747171999999999999991050 2423 810299999999999999
106120140160172172158131 96 60 31 15 15 32 61 9713316117617516214212010624 621KC 4311741828177999999999999991130 13234910299999999999999
102110128150169178173153120 82 45 18  6 12 34 6910814417018017515813511524 622KC 51117819 9180999999999999991210  5999999999999999999999
102102115135158176182171146109 69 33  9  2 13 41 7811915317518117115112824 623KC 553182195018199999999999999 0301011253  299999999999999
109100104120142165180182167138 99 59 25  6  4 20 51 9012916017717816414324 624KC 637183203218099999999999999 1111001336  299999999999999
120104 99106124146168180178160129 91 53 24  9 12 31 6410213816517617315724 625KC 723181211517799999999999999 155 991421  899999999999999
135113100 97106125147166176171153122 87 53 29 19 25 47 7911414616717416724 626KC 813176215717499999999999999 243 9715 7 1999999999999999
149127107 95 94104122142160168163145118 87 59 40 34 43 64 9412615216817024 627KC 9 9168224117199999999999999 337 931554 3499999999999999
161142121101 90 89 98114134150158155141118 93 70 56 53 62 8210913515616824 628KC1014158232616999999999999999 437 881644 5299999999999999
167155136114 95 82 80 88103121138148149140123103 85 74 72 81 9912114316024 629KC1133150999999999999999999999 544 801739 7299999999999999
168165152131108 87 73 68 75 89108127141146143132117102 93 91 9711112914824 630KC 01416813 614699999999999999 654 681844 9099999999999999
162168164149127101 78 61 55 60 75 9611813714815014313111810810410811913524 7 1KC 1 6168144215099999999999999 8 2 5520 010499999999999999
152165169164147122 94 67 48 41 46 63 8811413815415915514413011811211412424 7 2KC 2 016916 215999999999999999 9 5 41211611299999999999999
139155168172165145117 85 56 35 28 35 55 8411614316216916415213612211411624 7 3KC 25417217 51699999999999999910 0 28222111499999999999999
126142159172175165143111 75 44 24 18 29 53 8612115117017616915313512011324 7 4KC 3461751755176999999999999991051 18231411299999999999999
115128146164177178164138102 65 33 15 13 28 57 9413116017717916814912911424 7 5KC 4351791837180999999999999991136 12235710999999999999999
109115131151170181178160130 92 54 25 10 14 34 6810614216818017616113912024 7 6KC 5201811914180999999999999991219  9999999999999999999999
107106117135157175183175153119 80 45 20 11 21 47 8312115417417816914912724 7 7KC 6 3183194717999999999999999 0351051258 1199999999999999
110102106120141163178181169143107 69 38 19 18 34 6410113616317517315713624 7 8KC 643182201817699999999999999 1101021334 1699999999999999
115102 99107125147166177175158130 94 61 36 25 31 52 8411914916817316314524 7 9KC 721178204817399999999999999 144 9814 8 2599999999999999
123105 96 98110130150166172166146116 84 57 39 36 49 7410513615917016715324 710KC 759172211617199999999999999 220 961441 3699999999999999
132112 98 93 99113132150162164154133106 79 59 49 53 70 9512414916516815924 711KC 839165214516899999999999999 258 931513 4999999999999999
142122104 93 92 99114131146154153142123101 80 67 63 72 9111513915716516324 712KC 924155221616699999999999999 340 911546 6399999999999999
151133114 99 90 90 98111126138145143133118101 87 79 81 9110912914816016324 713KC1018145225016399999999999999 430 891622 7999999999999999
157143126108 94 86 87 94105118130136136130120108 99 94 9710712213815216024 714KC1130137233016199999999999999 529 8617 7 9499999999999999
160152138120103 89 81 80 86 9711012213113413312711911210811111812914215224 715KC1310135999999999999999999999 637 8018 810899999999999999
158157149134116 98 82 73 71 76 8710211713013914113813112411911812313214324 716KC 021159145214199999999999999 747 70193511899999999999999
153158157148132112 91 73 61 58 64 78 9711713514715214914113212412112413224 717KC 12115816 615299999999999999 850 5821 212199999999999999
143154161160150131107 81 60 47 44 53 71 9612214515916415914813412311812124 718KC 223162165716499999999999999 944 4422 711899999999999999
132146159167165152129 99 70 45 31 30 44 6810013115717217416514813111811324 719KC 3201681740174999999999999991032 29225611399999999999999
119133151168176172154125 90 56 29 16 20 39 7010814316918218016514312310924 720KC 4121761819183999999999999991118 16233910799999999999999
107118137159178185178154119 79 42 15  5 14 40 7812015618118918015913411224 721KC 5 218518571899999999999999912 1  5999999999999999999999
100103118143168187192180152111 68 30  6  1 16 48 9113416918919017514912124 722KC 549193193319299999999999999 0201001244  099999999999999
100 92100121148176194196179146102 58 23  4  5 27 6310815018019318616513524 723KC 63719720 919399999999999999 1 1 921326  299999999999999
108 89 86 98123153180195193173137 94 53 23 11 19 45 8412716418619117715124 724KC 724197204419299999999999999 143 8514 7 1199999999999999
121 95 81 81 97124154179191186164129 90 55 32 27 40 6910714417418818416624 725KC 813191211818999999999999999 227 791447 2799999999999999
137108 85 74 78 95122150172181174153123 90 64 49 50 67 9512815817918417524 726KC 9 5181215218599999999999999 314 731526 4899999999999999
153125 97 77 69 75 92116141160167162145121 97 79 71 76 9311814416617817724 727KC10 4167222717999999999999999 4 6 6916 6 7199999999999999
164142116 91 73 66 71 86107129146153151140125109 98 9510111513415316717424 728KC111615423 817499999999999999 5 5 661651 9599999999999999
170156135111 88 71 63 66 78 9611513214214514213412511811612012914215416424 729KC1256145999999999999999999999 614 63175111699999999999999
168164152133110 88 70 59 59 67 8310212113614614914614013413013013414215124 730KC 0 1168145814999999999999999 734 58193212999999999999999
160164162152134112 88 67 53 49 56 72 9311613715215915815214313513113113724 731KC 113164162415999999999999999 852 49212413099999999999999
146157164164156138113 86 61 45 39 46 65 9011914416116916715714413212412424 8 1KC 234165171516999999999999999 956 39223112399999999999999
131144158168170161140111 80 53 35 30 41 64 9512715517217717015513712211524 8 2KC 3411711752177999999999999991047 30231511499999999999999
117129146164176176164139105 70 42 26 26 42 7110614116718017916514512411024 8 3KC 4341781824181999999999999991130 24235010599999999999999
106113131152172183180162132 94 58 32 21 27 51 8512315617818317415413010924 8 4KC 51918418521849999999999999912 7 20999999999999999999999
 98100115137162181188179155120 81 47 25 22 37 6710514217018418016313811324 8 5KC 559188191718599999999999999 021 981241 2199999999999999
 96 91100120146171187188172143105 67 39 26 32 55 8912716018018417114712024 8 6KC 635190194118599999999999999 050 911311 2699999999999999
 98 86 88104128156177188182160127 90 57 37 35 49 7811414917418417715712924 8 7KC 7 918820 418499999999999999 120 851339 3499999999999999
103 86 81 90110137162179182170145112 79 55 45 51 7310413816618118116514024 8 8KC 743183202718399999999999999 150 8114 7 4499999999999999
112 90 78 80 94117143164175172156130100 75 60 59 73 9812915717618117115024 8 9KC 819176204918199999999999999 222 771433 5899999999999999
123 98 81 76 82 99122144161166160142119 96 79 72 79 9712214816817817415824 810KC 857166211317899999999999999 257 7615 0 7299999999999999
135110 89 77 76 86103123142153155147132114 99 89 9010011814015917117316324 811KC 942156213917399999999999999 336 751529 8899999999999999
145123101 85 76 78 8710312013514314513912911710810410811813314916216716424 812KC104114522 916799999999999999 422 7616 210499999999999999
153136116 97 83 76 78 86 9811212513413813713212612112012313114115115816124 813KC1215138225316199999999999999 522 76165012099999999999999
157146131114 97 83 75 74 79 8910211512813614114113913513213213514114715324 814KC1436141999999999999999999999 642 73183413299999999999999
156154146133116 97 81 69 64 66 76 9110912614115115415214613913413213514124 815KC 0 715616 315499999999999999 812 64205113299999999999999
149155157152139119 97 75 59 50 51 62 8210713215216416716215013712712312724 816KC 145157164816899999999999999 923 4922 112399999999999999
137150161166162147123 94 65 44 33 36 52 7911114316717917816614712811511224 817KC 3 41661725180999999999999991018 32224711299999999999999
120136156173180174154123 86 52 27 17 25 48 8412315818219018216113611310024 818KC 4 518017581909999999999999911 4 172326 9999999999999999
101116140166186194184157119 76 38 13  8 22 54 96140176195195178150119 9524 819KC 4571941831198999999999999991147  7999999999999999999999
 86 93115146177199204189156111 65 27  7  8 30 69116160191202193166132 9924 820KC 54520519 220299999999999999 0 4 861227  599999999999999
 77 74 88117154187207208187149102 57 24 11 20 49 9213917820120218214911124 821KC 632210193320499999999999999 042 7313 6 1199999999999999
 79 63 66 87121159191208204179140 95 55 30 26 42 7611916119120319316612824 822KC 71920920 320399999999999999 122 621343 2599999999999999
 91 64 54 62 88123160189201193167130 92 62 46 50 7110514417719619717914724 823KC 8 6201203219999999999999999 2 3 541419 4699999999999999
110 77 55 50 63 89124157180187178155124 96 76 70 7910213216218419318516224 824KC 85618721 119399999999999999 246 501453 7099999999999999
130 97 69 53 52 66 90120147165170162145124106 95 9610712715017118318317024 825KC 952170213018499999999999999 334 501527 9499999999999999
147119 91 69 57 57 69 8911213414815415014112912011611912914315816917417024 826KC11 415422 417499999999999999 429 5516 411699999999999999
158138115 92 74 63 62 69 8410111913314114414313913613413614114815516016324 827KC13 6144225616399999999999999 539 6117 113499999999999999
159151136119 99 82 69 64 66 75 8910612313714615115114914514214114214514924 828KC1538152999999999999999999999 713 6420 714199999999999999
153154151141126108 88 71 61 59 65 79 9912014015416116215614813913213013324 829KC 048155163216299999999999999 846 58215313099999999999999
141150156157150135113 89 68 53 49 57 7510012614916517116715614112711811724 830KC 23915817 417199999999999999 951 49223511799999999999999
125138153164167159140113 84 59 43 42 54 7810913916317617616514612611010424 831KC 3461681730178999999999999991037 4123 510499999999999999
109123143163175176163138105 72 47 35 39 59 90125156177183174155130108 9424 9 1KC 4341781754183999999999999991114 352333 9299999999999999
 94106128153175186181161129 92 59 38 33 46 73109145173186182164137110 9024 9 2KC 5141861816187999999999999991146 322359 8299999999999999
 82 90110138166186191179152115 77 48 34 39 61 95133166186188173147116 8924 9 3KC 5491911838189999999999999991215 34999999999999999999999
 75 76 93120151178193190170137 99 65 43 40 54 84121157182191181157124 9424 9 4KC 622194185819199999999999999 025 741242 3999999999999999
 73 67 77101132163186193182156121 85 58 47 54 7711114717619118716613510224 9 5KC 654193191719199999999999999 052 6613 7 4799999999999999
 75 62 65 83112144171187186169140106 77 61 60 7610413816818718917414611324 9 6KC 727189193719199999999999999 119 611332 5899999999999999
 82 63 58 69 92123152174182174153125 97 77 71 7910113016018118817915612524 9 7KC 8 0182195718899999999999999 148 571356 7199999999999999
 93 69 57 60 76102131156170172160139116 96 85 8710112415017218318016313724 9 8KC 836173201818499999999999999 218 571421 8499999999999999
107 81 63 58 67 85110134153162159147130113102 9910612214216217517716714724 9 9KC 917162204017799999999999999 252 581446 9999999999999999
121 95 75 64 64 74 9111213114515014813912811811311512413715216416916515324 910KC101015021 616999999999999999 332 62151511399999999999999
134112 92 76 68 69 77 9110812313414014113813312912712913514415215815915424 911KC1141141214215999999999999999 425 67155712799999999999999
144129111 95 81 73 71 75 84 9711112313414014414414214013813914114514815024 912KC143214423 615099999999999999 548 71181413899999999999999
148143132118102 87 74 67 66 71 83 9911713414815615715414713913313113313924 913KC1547157999999999999999999999 739 65205813199999999999999
146150150143130111 89 70 56 51 56 70 9311814316117016916014513011911612224 914KC 129151162317199999999999999 9 1 51215111699999999999999
134148160165159142116 87 60 41 34 42 64 9412815817818417615713311210010024 915KC 258165165418499999999999999 957 342229 9999999999999999
113134157175182174151118 80 47 27 23 37 67105145177193191173144113 90 8024 916KC 3591821724194999999999999991043 2223 5 8099999999999999
 87108139170192198185155114 71 36 18 20 43 80125166194202190160123 88 6624 917KC 4501991753203999999999999991124 162341 6199999999999999
 62 78109147183206209190153107 63 31 19 29 60103149186206203179140 97 6324 918KC 53821018222089999999999999912 2 19999999999999999999999
 45 49 74113156193213211187147101 60 35 32 50 85130172201209194159115 7224 919KC 625215185020999999999999999 019 441240 3099999999999999
 42 32 44 75118162196211204177138 96 64 49 54 78115155189206202177137 9224 920KC 711212191820799999999999999 057 321315 4899999999999999
 53 30 27 46 80123163192201191164130 98 76 70 8110714117419620118715611524 921KC 758201194620299999999999999 137 261350 7099999999999999
 75 43 28 31 52 86125159180186175152126104 93 9410913316018219318816813624 922KC 848186201319399999999999999 219 271423 9299999999999999
100 67 43 34 41 61 9112214916416815914412811611211713114916717918117115124 923KC 944168204018199999999999999 3 5 34145511299999999999999
123 94 69 52 46 52 69 9211513514815214914113412912913414315416316716515524 924KC11 0152211116799999999999999 358 46153112899999999999999
139118 97 78 65 59 62 73 8810612213414214514514314114014214414815115215024 925KC132514522 215299999999999999 5 8 59165314099999999999999
145135122107 91 77 69 67 71 81 9611212714014815215214914413913513413513824 926KC1526153999999999999999999999 649 6621 013499999999999999
142143140132118102 85 72 65 65 74 8910912914615716115814913812712011812224 927KC 05014316 316199999999999999 827 64214811899999999999999
131141148150143128108 87 69 59 59 70 8911413815716716715714212411010310524 928KC 241150162916899999999999999 929 57221710299999999999999
115131148159161152132107 81 61 51 55 72 98127153170175167149126105 91 8824 929KC 3411621651175999999999999991012 512243 8899999999999999
 97116139160171170155129 99 71 52 48 59 83114146170180176158132105 84 7524 930KC 4251731713181999999999999991047 4723 8 7499999999999999
 80 98124152173181174152120 87 60 47 51 71101136165183184168141109 81 652410 1KC 5 21811733185999999999999991117 472333 6399999999999999
 64 79106138167184186171142107 75 54 50 63 91125159182189177151117 84 602410 2KC 5361881753189999999999999991144 492358 5299999999999999
 52 61 86119153179190184161128 94 67 55 61 83116150178191185162128 91 612410 3KC 6 81911812191999999999999991210 55999999999999999999999
 45 47 66 97134166187190175148114 84 66 65 80108141171189189171140102 672410 4KC 641191183119299999999999999 023 441236 6399999999999999
 44 38 50 77112147175187182162133103 81 73 81102132162184190178151115 782410 5KC 713188185119099999999999999 050 3813 1 7399999999999999
 50 36 40 59 90126157177181170148121 98 85 86101125153176187181161128 922410 6KC 746182191218799999999999999 117 351326 8499999999999999
 61 41 36 48 72103135160172171157136114 99 951021201431651791801661401082410 7KC 822173193318199999999999999 147 361352 9599999999999999
 77 53 41 43 59 841121381561631581451281141071081191361541681741671491232410 8KC 9 3163195717499999999999999 220 40141910699999999999999
 95 69 52 47 53 68 911141351471521481381281201181221321441561631621531352410 9KC 958152202516499999999999999 259 47145311899999999999999
113 90 71 58 55 60 73 91110126137142142139134130129131137144150153150142241010KC113014321 515399999999999999 353 55155012999999999999999
129112 94 78 67 62 63 71 84100115129139145146144141136134133135138141141241011KC1353146225014199999999999999 516 61184413399999999999999
139132120105 89 74 64 60 63 73 89108127143154158155147136126120119123131241012KC15 2158999999999999999999999 7 5 60204111999999999999999
139144143135119 99 78 61 51 52 62 82107133155168170161144125109100101111241013KC 122144154017099999999999999 829 502126 9999999999999999
127144156160152133106 78 54 41 42 57 83116147171182177159132105 85 77 83241014KC 249160161118299999999999999 927 4022 4 7799999999999999
102128154173178167142109 74 47 35 39 61 94132166188191176146111 78 57 54241015KC 3491781641192999999999999991014 342240 5399999999999999
 69 99135168189193178146107 70 44 35 46 74113154185199192165125 83 49 33241016KC 4411941710200999999999999991056 352317 3299999999999999
 37 62100144180202202181145104 68 46 44 62 96137175199203184146 99 55 25241017KC 5302051739204999999999999991136 422355 1599999999999999
 15 28 61106152189207202178141101 71 56 62 85121160191205197167123 74 33241018KC 61820818 8205999999999999991213 56999999999999999999999
  8  7 27 66113158191204195169134101 78 72 84111145177198201182146100 54241019KC 7 5204183720299999999999999 034  41250 7299999999999999
 19  3  8 34 74119159186193182158129104 91 92107133161185195188163125 82241020KC 75319319 719599999999999999 115  21326 8999999999999999
 43 17  8 18 45 83122155175178167148127111105110126148169182184170144109241021KC 843179193618599999999999999 157  814 110599999999999999
 73 43 24 21 33 58 90121147161163154141128119118125138153166171167153129241022KC 93916320 717199999999999999 243 20143811799999999999999
101 73 51 38 37 48 68 93117136147150146139132128128132140149155156151139241023KC1051150204315699999999999999 334 36152812799999999999999
121100 80 64 54 52 60 74 92111127138143143141137133131132134137139140138241024KC1238144215014099999999999999 439 52172413199999999999999
131120107 92 78 67 63 66 75 89105121134143147146141135128123120121124128241025KC1417147999999999999999999999 6 5 63202212099999999999999
131131126117103 89 76 68 67 74 87104122138149153150141129117108103105112241026KC 03013215 415399999999999999 737 67211210399999999999999
123132137136127112 94 78 68 66 73 88109130148158159150135117100 89 87 94241027KC 219138153516099999999999999 844 652144 8799999999999999
108125140148146135116 94 76 65 64 75 96120143160166160144121 97 79 71 75241028KC 32214916 016699999999999999 931 632212 7199999999999999
 89111134151159154138115 90 71 62 67 84109136159171169154129100 75 59 57241029KC 4 815916231729999999999999910 9 622238 5699999999999999
 69 92120147164168158136109 83 67 64 75 98127155173177165139107 75 52 43241030KC 4471691645177999999999999991042 6323 4 4399999999999999
 50 71102134161175173156129100 77 67 71 90118147171181174151117 81 51 34241031KC 52217617 6181999999999999991112 662330 3199999999999999
 34 50 80116150173180171149120 92 75 72 85109139166181180162130 92 56 312411 1KC 5571801727183999999999999991141 712357 2399999999999999
 23 32 58 94132163180180164138110 87 78 83102129157178183171143106 67 352411 2KC 63018217501849999999999999912 9 77999999999999999999999
 19 20 39 71109145171180173153127102 87 85 97120147171182177155121 82 462411 3KC 7 4180181318299999999999999 025 171237 8499999999999999
 22 15 25 51 86123154172175163141117 99 91 96113137160176178164136100 632411 4KC 739176183817999999999999999 055 1513 6 9199999999999999
 34 18 19 36 64 99132156168165151131112101 99109127148166173167147117 832411 5KC 81816819 517399999999999999 127 161336 9999999999999999
 52 30 21 28 48 761071351531601551421261131061091201361531631641541321032411 6KC 9 2160193516599999999999999 2 3 21141210699999999999999
 74 48 33 29 38 58 831101321461511471371261171141171271391501551531411212411 7KC 959151201315599999999999999 247 29145811499999999999999
 97 73 53 41 39 47 63 851071271401451441381301231201211261331401441421332411 8KC1116145211114499999999999999 342 38161711999999999999999
118 99 79 62 50 47 52 64 831031221361451471431361271201161161201261321342411 9KC124814723 013499999999999999 455 47182411599999999999999
132122108 91 73 59 52 53 62 79 99121139151154150139125111102 99103112123241110KC1356154999999999999999999999 623 511956 9999999999999999
133137134122105 84 66 54 52 60 77101126147161163154136115 94 80 77 84100241111KC 1 4137144216499999999999999 744 522050 7799999999999999
119138149149138118 94 71 55 52 61 81109137160172170153126 96 70 54 54 67241112KC 233150151917399999999999999 848 512133 5299999999999999
 92121147163165153129100 74 57 54 66 91122153175181170144108 71 42 29 33241113KC 338166155318199999999999999 941 532214 2899999999999999
 55 89126158177178163135103 76 61 61 78106140169186185164128 85 44 16  8241114KC 4351801626188999999999999991028 592255  899999999999999
 20 50 91134168187186167137105 79 68 73 94124157182192181151108 61 21 -3241115KC 5261891659192999999999999991112 672336 -799999999999999
 -5 14 51 97142175191186165135105 84 78 88111142171190190171134 87 41  5241116KC 6161921733193999999999999991153 78999999999999999999999
-13 -8 17 58105148177188181159131105 90 89103127155179189182156116 70 27241117KC 7 418918 718999999999999999 017-141233 8899999999999999
 -2-13 -2 27 68112150174180170149125106 97101116139163179182168139100 58241118KC 751181184118399999999999999 1 0-131312 9799999999999999
 22  0 -4 10 40 79118149167169158140121108104111126145163172169152124 88241119KC 839170191717399999999999999 143 -5135210499999999999999
 53 25 10 10 27 55 88120145157157147132119110109117130145156160154137112241120KC 928158195616099999999999999 227  8143510999999999999999
 82 54 34 24 27 43 68 95121139148147139128118112113118128138145146140125241121KC1022148204214699999999999999 314 23152911299999999999999
105 82 61 46 39 44 57 78100120135141141135126118113112114120126131132128241122KC1124142214713299999999999999 4 6 39165011199999999999999
118104 87 71 59 54 57 68 84103120133139139135127118110105104107112118122241123KC1232140233212299999999999999 5 6 54184410499999999999999
122117107 95 81 70 65 67 75 89106122135141142136126113102 94 90 92 99108241124KC1332142999999999999999999999 616 6520 7 9099999999999999
117122121115104 91 79 72 72 80 94111127140147145136121104 88 78 74 79 90241125KC 127122141814799999999999999 728 712056 7499999999999999
104118127130124112 98 84 76 76 84100118136148152146131111 89 70 60 59 69241126KC 248130145415299999999999999 831 752133 5899999999999999
 86106125137140133118101 86 78 79 90108129147157156143121 94 69 50 43 48241127KC 346140152515899999999999999 922 7722 5 4399999999999999
 65 89115137149149138120101 86 79 84 99120141157162154133104 73 47 31 30241128KC 43215015531629999999999999910 5 792235 2999999999999999
 43 67 98128149159155140118 98 84 82 91110133154165163146117 83 50 26 17241129KC 5121591621166999999999999991042 8123 5 1799999999999999
 23 45 76111141161165156136113 94 84 87101124147164169158133 97 60 29 10241130KC 5491661649169999999999999991117 832336  799999999999999
  8 24 53 89125154168167152129106 90 86 94113137159170167148115 76 39 122412 1KC 6241691718171999999999999991150 86999999999999999999999
  1  7 30 64103138162170162144120100 89 90104126149166171160133 96 57 232412 2KC 7 0170174817199999999999999 0 9  11223 8899999999999999
  2 -2 12 41 78116147164167155134112 96 90 97114136157169166148117 79 422412 3KC 738168182117099999999999999 043 -21257 9099999999999999
 13 -1  2 21 53 90125151163160145125107 95 94104123143160166158136103 662412 4KC 818163185716699999999999999 120 -21334 9399999999999999
 33 10  2 10 33 65100130151158152137119104 96 99110127145157158147124 922412 5KC 9 1158193815999999999999999 2 0  21416 9699999999999999
 59 31 14 10 21 44 75106133149153146132116103 981011121261411501491371152412 6KC 950153202615199999999999999 244 1015 9 9899999999999999
 87 58 35 22 21 33 55 83111133146149142129115103 97 991071191311391391292412 7KC1044149212914099999999999999 334 201617 9799999999999999
111 88 64 45 34 33 44 64 89114134146148141128113100 92 90 961071191281312412 8KC1143148225513299999999999999 431 321740 9099999999999999
127114 95 75 58 47 46 55 72 95117136148150142128109 92 80 75 79 901051192412 9KC1241150999999999999999999999 537 4519 1 7599999999999999
128129122107 89 73 61 58 64 80100123142153153143125101 79 62 55 59 73 93241210KC 038130133415499999999999999 649 5820 8 5599999999999999
113129136133122105 87 73 68 73 87108130149159157143118 89 61 41 33 39 58241211KC 214136142116099999999999999 8 2 6821 3 3399999999999999
 84111134146147136118 98 83 76 80 94116139157166159139108 72 40 19 13 23241212KC 33214815 616699999999999999 9 8 762153 1299999999999999
 47 80114142157159147127106 89 82 86102125149166170159132 95 55 20 -1 -4241213KC 43616015481719999999999999910 6 822239 -599999999999999
 12 42 81120150167167153131109 92 86 93111135158173172155122 80 38  4-14241214KC 5311691630175999999999999991058 862325-1699999999999999
-13  8 44 87128158172170153130107 92 89 99119144165176170147110 66 24 -7241215KC 6201731711176999999999999991144 88999999999999999999999
-21-14 12 52 96136163173167148124103 91 92105127151169175164137 97 53 14241216KC 7 5173175317599999999999999 0 9-211226 9099999999999999
-12-20 -7 23 64106142164169158138115 98 90 95111133155169170154124 84 43241217KC 747169183317199999999999999 052-2013 6 9099999999999999
 10-10-11  6 38 78116146161160147126106 93 90 98116136155164160141111 73241218KC 827163191416599999999999999 134-131345 9099999999999999
 38 11 -2  3 24 56 92125147156150135116 99 90 91101118136150155148127 98241219KC 9 4156195515599999999999999 213 -21425 8999999999999999
 66 36 17 11 21 44 74105131146148140124107 94 88 91102117132142143134114241220KC 941149203814499999999999999 252 1115 9 8899999999999999
 89 62 40 28 28 41 63 90116135143141131116101 91 87 90100112124131130121241221KC1018144212713199999999999999 330 2616 1 8799999999999999
105 84 64 49 42 46 59 80103123136140136125111 97 88 84 86 93103113119119241222KC1057140223212099999999999999 4 9 4217 7 8499999999999999
112100 85 71 61 58 63 76 93112127136138132121107 93 83 78 78 83 92101109241223KC1142138999999999999999999999 453 571825 7799999999999999
112109102 92 82 74 72 77 87102117129137137130118103 88 75 68 66 71 81 92241224KC 0 5112123213899999999999999 549 721941 6699999999999999
103110112109102 94 87 84 87 95107120132138137129115 97 78 63 54 53 59 72241225KC 155113132513999999999999999 7 1 842041 5299999999999999
 87103115121120114104 96 91 92 99111124135141139128110 87 65 48 39 39 49241226KC 322121141514199999999999999 820 912127 3899999999999999
 67 88109125132131123111100 93 94101114129140145140124101 74 49 31 23 28241227KC 42113315 014599999999999999 927 9322 8 2399999999999999
 44 68 95120137143140128112 99 92 94104119135147149139118 89 58 31 14 10241228KC 5 61441541149999999999999991019 922245 1099999999999999
 21 44 74106133149152143127109 95 89 94108127144154152136108 74 40 13  0241229KC 54515216201559999999999999911 2 892322 -299999999999999
  2 19 49 85119145158156142122102 89 87 97115136153160152130 96 58 23 -2241230KC 6211581659160999999999999991140 86999999999999999999999
-11 -2 23 59 98132155162154135112 93 83 86101123146161164150121 82 42  8241231KC 656162173916599999999999999 0 1-111216 8399999999999999
