 70 52 35 22 18 25 39 58 79101114117113107101 94 91 93 97100101103102 9324 1 1KK1047118211310399999999999999 352 1816 7 9199999999999999
 79 65 52 40 33 34 44 57 73 90106113112108103 97 91 88 88 89 89 91 93 9124 1 2KK112211422 8 9399999999999999 421 321718 8899999999999999
 83 74 64 56 49 47 52 61 72 85 98108111108104 99 93 86 82 79 78 77 80 8324 1 3KK11551112323 8399999999999999 448 472038 7799999999999999
 82 78 73 69 65 62 63 69 77 86 95104109108104100 93 85 77 71 67 65 65 7024 1 4KK1222109999999999999999999999 513 622118 6499999999999999
 75 78 78 77 77 76 76 79 84 90 96102107108105100 93 85 75 65 57 52 51 5424 1 5KK 134 78124710999999999999999 538 762149 5199999999999999
 62 71 78 83 86 89 89 90 91 95 99102106109108102 94 85 74 61 49 41 37 3824 1 6KK13171099999999999999999999992217 37999999999999999999999
 46 58 73 84 93 98102101100 99101103106109111108 99 88 76 62 46 32 24 2224 1 7KK 627102135711199999999999999 843 992246 2299999999999999
 27 40 59 79 95105111113110105102102105109112114109 98 84 67 49 30 14  624 1 8KK 64811314481149999999999999910191022320  699999999999999
  8 19 38 63 89108119123120113105100101106111117118113 99 80 58 35 13 -424 1 9KK 7 612315491199999999999999911181002358-1099999999999999
-10 -3 14 40 72102122130130122111 99 94 98107116123125118100 76 49 23 -324 110KK 72313116511259999999999999912 1 94999999999999999999999
-20-23-10 14 46 83115134137131119104 91 88 97109120130133124101 71 41 1124 111KK 745137175113399999999999999 038-241241 8899999999999999
-17-32-28-10 19 56 96127140137127112 94 82 84 97112125136139126 98 66 3424 112KK 814140184513999999999999999 119-331322 8199999999999999
  2-25-35-26 -2 29 68108135140132119103 85 76 82 98112126138140123 93 6124 113KK 847140193714199999999999999 2 0-3514 4 7699999999999999
 30 -1-24-28-14 11 43 81117136135124110 93 77 72 81 96109123135134114 8624 114KK 924137202713799999999999999 241-291449 7299999999999999
 58 30  3-13-11  6 29 59 94122132126115102 85 71 69 78 8910111512512210324 115KK10 1132211812699999999999999 322-151539 6999999999999999
 80 58 36 16  7 13 29 49 75103121124116106 94 79 67 65 71 79 8910211010624 116KK1040125221411099999999999999 4 3  71639 6599999999999999
 92 76 62 47 36 33 41 54 70 89108118116108 98 86 72 62 59 60 65 74 85 9324 117KK11171182322 9499999999999999 442 3318 2 5999999999999999
 92 85 77 70 63 59 61 68 77 88 99110113108100 90 79 66 55 49 48 51 59 6924 118KK1152113999999999999999999999 515 591946 4899999999999999
 78 81 81 81 82 82 83 86 90 95100105109108102 93 83 72 58 46 37 34 37 4424 119KK121910999999999999999999999921 3 34999999999999999999999
 56 68 77 83 89 95100102104105107107107107104 97 88 77 65 50 36 26 22 2524 120KK12 310799999999999999999999922 2 22999999999999999999999
 34 48 64 79 90100108113114113112111109107105102 95 85 72 58 41 25 14 1124 121KK 7521149999999999999999999992251 11999999999999999999999
 16 28 46 67 86101110117120118113111109108106105103 96 83 68 51 32 14  324 122KK 8 11209999999999999999999992332  1999999999999999999999
  2 11 28 50 76 98111118121119113106104105106107108107 98 82 64 44 22  224 123KK 8101211621108999999999999991157104999999999999999999999
 -7 -2 12 33 61 90111120121118112102 96 98102106110114113100 80 59 36 1124 124KK 745121172411599999999999999 0 9 -71215 9699999999999999
 -8-12 -2 18 43 75105121123118111100 89 86 93101108115121117 99 75 51 2624 125KK 739123181212199999999999999 045-121243 8699999999999999
  1-14-11  5 28 58 92118126121111100 86 78 81 92102111121125116 93 68 4224 126KK 759126185212699999999999999 119-151313 7799999999999999
 16 -6-13 -3 17 44 76107125124114102 88 75 72 80 93104115125125108 84 5924 127KK 825126192912799999999999999 151-131345 7199999999999999
 33  9 -6 -4 12 34 62 93118125117105 92 77 68 70 82 94105117124117 97 7324 128KK 85312520 512499999999999999 222 -71418 6799999999999999
 50 27  8  3 13 31 53 81107121119108 96 82 69 65 71 82 93104115117105 8524 129KK 920122204011799999999999999 250  31453 6599999999999999
 64 44 26 16 19 33 51 73 97115119111 99 87 74 65 64 71 80 89100108105 9124 130KK 945119211810899999999999999 315 161533 6399999999999999
 74 59 44 33 31 40 54 71 90107116112101 90 79 68 61 62 68 74 83 93 97 9324 131KK10 911622 1 9799999999999999 339 301620 6199999999999999
 81 69 59 50 46 50 61 74 88102111111103 92 81 71 62 57 58 62 67 75 83 8724 2 1KK10301132257 8799999999999999 4 2 461718 5799999999999999
 83 76 70 66 63 63 70 80 90100107110105 94 83 73 64 55 51 51 53 58 66 7424 2 2KK1050110999999999999999999999 422 621830 5099999999999999
 78 78 76 76 77 78 81 88 95101106108106 97 85 75 66 57 48 43 42 43 48 5624 2 3KK 022 7911 610899999999999999 226 761950 4299999999999999
 66 74 78 82 87 91 93 96100104106107106101 91 80 70 60 50 40 33 31 32 3724 2 4KK10571079999999999999999999992113 31999999999999999999999
 48 61 73 84 93101105106106107107107106103 98 89 78 67 56 43 31 22 18 1924 2 5KK 9521079999999999999999999992218 18999999999999999999999
 27 42 60 78 94106114115113109106104104104103 99 92 81 67 52 36 20  8  324 2 6KK 64911699999999999999999999923 6  3999999999999999999999
  7 19 39 64 88108120123120113105 99 98101105107107101 88 69 49 28  7 -824 2 7KK 7 11231527107999999999999991134 982347-1399999999999999
-12 -3 15 41 73103123129127119106 93 88 92100108115119113 95 70 45 18 -824 2 8KK 7 912917 21199999999999999912 0 88999999999999999999999
-24-23 -8 17 49 88120134133124110 92 77 76 87100113126134124100 70 40  824 2 9KK 72313518 113499999999999999 026-261232 7599999999999999
-21-33-25 -4 25 64106134139130116 96 74 62 68 84101119138145130100 67 3524 210KK 745139185114599999999999999 1 5-3313 9 6199999999999999
  0-27-32-17  7 40 83123141136122103 79 56 50 62 81100123144147127 96 6424 211KK 813141193814999999999999999 143-331348 4999999999999999
 31 -2-22-19  0 26 61103133139127109 88 62 43 43 58 76 98123143140117 8924 212KK 844140202414599999999999999 220-231431 4199999999999999
 61 32  5 -4  6 25 50 83117135130114 95 73 50 36 39 53 70 9211713112510524 213KK 915136211213199999999999999 257 -41517 3599999999999999
 83 62 40 24 23 36 53 75101123128117100 82 62 42 33 37 48 63 8310411310724 214KK 94612922 411399999999999999 331 211610 3399999999999999
 93 80 67 55 50 54 66 79 95111121117103 88 72 54 39 32 34 42 54 71 86 9324 215KK101212123 9 9399999999999999 4 1 501715 3299999999999999
 91 85 81 78 75 77 83 92100107113113104 91 78 65 51 39 32 31 36 45 58 7024 216KK1027114999999999999999999999 412 751839 3199999999999999
 77 80 83 87 91 95100105109111111109103 94 83 72 61 50 39 31 28 29 36 4624 217KK 9391119999999999999999999992012 28999999999999999999999
 57 67 77 86 96105111115117116113109102 95 87 79 71 61 50 39 29 23 23 2824 218KK 8111179999999999999999999992135 22999999999999999999999
 37 50 65 80 94106115120121119114109103 96 91 86 81 72 62 50 38 25 17 1724 219KK 7441219999999999999999999992235 16999999999999999999999
 23 34 50 70 90104114120121117111106102 97 93 92 91 86 76 63 50 34 18 1024 220KK 7481219999999999999999999992318 10999999999999999999999
 12 21 36 57 82102113117119115106 98 95 95 94 95 99100 92 78 63 46 27 1024 221KK 7491191642100999999999999991420 942354  499999999999999
  4 11 24 43 70 97114118116112102 90 84 87 91 94101109109 96 78 60 39 1624 222KK 7 511817291119999999999999912 6 84999999999999999999999
  2  3 14 31 56 87112121118111100 85 74 74 82 90 99112120114 96 75 54 2924 223KK 7 512118 912099999999999999 026  01228 7299999999999999
  7 -1  7 22 44 75106123122112100 85 68 62 69 81 93107123127114 92 69 4524 224KK 724124184512799999999999999 057 -11255 6299999999999999
 19  3  4 17 37 63 96120126117103 87 68 54 56 68 82 98116130126107 84 6024 225KK 747126191913199999999999999 125  11325 5399999999999999
 35 13  7 16 34 56 85114127121107 90 71 53 46 54 69 85104123130118 97 7424 226KK 8 9127195213099999999999999 151  71355 4699999999999999
 51 29 16 20 35 54 78105124124111 94 76 56 43 43 55 70 87108124123107 8724 227KK 830127202712699999999999999 216 161428 4199999999999999
 67 47 31 28 39 56 75 98119125115 98 80 62 45 38 43 56 70 89109118111 9624 228KK 85112521 411899999999999999 240 2715 3 3899999999999999
 79 63 49 41 47 61 77 94112122117102 84 67 51 38 36 43 55 70 8810410810024 229KK 911122214710899999999999999 3 4 411542 3699999999999999
 88 77 66 58 58 68 81 94107117117105 87 71 57 43 35 36 43 54 68 84 95 9724 3 1KK 9301192240 9899999999999999 329 571627 3499999999999999
 92 85 80 75 74 78 87 97106113114107 92 75 61 50 40 34 35 41 51 63 76 8624 3 2KK 944115999999999999999999999 352 731720 3499999999999999
 88 87 87 88 89 90 95102108111111107 96 81 67 56 46 38 33 34 38 45 55 6724 3 3KK 0 2 88 93311199999999999999 144 871825 3399999999999999
 77 83 88 94100103105108111112110106 99 88 76 64 55 46 38 32 30 32 37 4624 3 4KK 8471129999999999999999999991957 30999999999999999999999
 58 71 83 94105112115115114112109105101 95 86 77 68 58 48 37 28 23 22 2624 3 5KK 6211159999999999999999999992144 21999999999999999999999
 37 52 70 89105117122121117111105101 99 98 95 92 86 77 64 49 35 22 12  924 3 6KK 6241229999999999999999999992244  9999999999999999999999
 16 30 51 75100118126126121110 99 92 92 95 98102105101 88 70 51 31 11 -224 3 7KK 63112716 4105999999999999991128 912327 -399999999999999
 -1 10 29 56 88116130130124112 95 80 77 83 92102115123117 98 74 50 24 -124 3 8KK 63113117 8124999999999999991145 76999999999999999999999
-12 -6 11 36 70107132136128115 95 72 58 62 76 91110131141129104 77 48 1524 3 9KK 643137175814199999999999999 0 5-121215 5899999999999999
-10-14 -1 20 50 90127142135120100 73 47 39 51 70 92120146152134105 77 4424 310KK 7 6143184415399999999999999 042-151250 3999999999999999
 10 -9 -5 13 37 72113142144127106 80 48 26 26 43 66 93128153153131103 7524 311KK 733146192915799999999999999 118-101329 2399999999999999
 42 13  4 15 35 61 96131146135113 88 59 28 13 19 38 63 95130150144122 9924 312KK 8 2146201515199999999999999 154  41411 1299999999999999
 74 46 27 27 42 61 86116139139120 96 71 42 16  8 17 36 61 9312413612811224 313KK 83014221 313699999999999999 228 251455  899999999999999
 95 76 58 50 57 70 87106127135124103 80 57 32 14 10 19 35 59 8811011811224 314KK 856135215711899999999999999 3 0 501544 1099999999999999
103 93 83 76 77 85 96107118126122107 87 68 48 30 18 16 23 36 56 78 9410024 315KK 913126231510099999999999999 325 751641 1599999999999999
 99 97 96 95 96100107113117119117107 92 76 61 47 34 25 23 27 37 52 67 7924 316KK 9 4119999999999999999999999 314 951749 2399999999999999
 86 91 97102107112117120120118113104 93 82 71 60 50 40 33 29 30 37 47 5824 317KK 7401209999999999999999999991914 29999999999999999999999
 69 80 91101110117122124122117111103 94 85 78 72 64 56 47 39 33 32 35 4224 318KK 6581249999999999999999999992050 31999999999999999999999
 53 66 81 96108117122124121115108101 93 87 84 82 78 70 62 53 43 34 30 3324 319KK 65212499999999999999999999922 3 30999999999999999999999
 41 52 68 88104114120122119111102 96 92 88 86 89 90 85 76 66 55 42 31 2824 320KK 6581221547 90999999999999991347 862251 2899999999999999
 32 42 57 78 99113118119116107 95 87 85 85 86 91 99100 92 81 69 54 38 2724 321KK 63711916391019999999999999913 6 852328 2599999999999999
 27 35 47 67 92112120118113104 90 77 74 78 82 90102111109 97 83 68 49 3124 322KK 6121201719112999999999999991149 742359 2499999999999999
 24 30 41 57 82108122121113103 87 70 62 65 74 84 99115122114 98 81 62 4124 323KK 62312317561229999999999999912 9 62999999999999999999999
 27 27 37 52 74101122126117104 88 67 52 51 61 73 90111128128113 95 76 5424 324KK 642127183013099999999999999 028 251234 5099999999999999
 34 28 36 49 68 94120130122107 89 68 47 38 45 59 77100124135127109 90 6924 325KK 7 113019 313599999999999999 053 2813 1 3899999999999999
 46 33 37 50 66 89115131128112 93 71 48 31 31 43 61 84112133135122103 8424 326KK 720132193713799999999999999 117 331330 2999999999999999
 62 44 41 51 67 86109129132118 97 76 52 31 22 29 45 65 93120135130114 9724 327KK 740134201313599999999999999 141 4014 1 2299999999999999
 78 59 50 55 70 86105124133124103 81 59 36 21 19 30 48 7110012313012110724 328KK 8 0133205213099999999999999 2 7 501435 1899999999999999
 92 77 64 63 74 88103118129127109 87 65 45 27 18 21 34 52 7610211912111324 329KK 821130213812299999999999999 235 621512 1799999999999999
102 92 82 76 81 92103114123125114 93 72 53 37 24 20 25 38 56 78 9811011124 330KK 838126223611299999999999999 3 5 761554 2099999999999999
107102 97 92 92 98106114119120114 99 80 62 47 35 26 24 30 41 57 74 9010024 331KK 844120999999999999999999999 335 921644 2499999999999999
103104105106106107111115117116112102 88 72 58 47 38 31 29 33 42 53 67 8124 4 1KK 8121179999999999999999999991747 29999999999999999999999
 92100106112116117117117117114109103 94 83 71 61 52 43 36 33 34 39 47 5924 4 2KK 6141179999999999999999999991915 33999999999999999999999
 73 88101112121124124120116111106101 96 91 85 78 69 60 50 40 33 30 33 4124 4 3KK 52012599999999999999999999921 5 30999999999999999999999
 53 70 90108121127128123115105 98 95 94 94 95 96 91 81 69 56 43 30 24 2724 4 4KK 5361281440 96999999999999991231 942212 2499999999999999
 37 52 74 99119129130125115100 87 82 84 89 96106112107 93 77 61 42 25 1924 4 5KK 53513116 61129999999999999911 3 822257 1999999999999999
 25 38 57 84114132134127115 97 76 64 65 74 86103122131122104 84 63 38 2024 4 6KK 53913417 0131999999999999991122 632337 1799999999999999
 18 29 45 70102131140132118 99 73 49 41 50 66 86113139146132111 89 63 3524 4 7KK 5571401748147999999999999991153 41999999999999999999999
 20 25 40 60 89123145142124103 77 45 22 22 38 60 89125152154137115 92 6224 4 8KK 622146183415799999999999999 014 201230 2099999999999999
 37 29 40 57 79111141150135111 85 52 20  3 10 31 58 94134157153136115 9224 4 9KK 650150192015899999999999999 050 2913 9  399999999999999
 64 45 47 60 78101130149145122 94 65 31  3 -6  6 28 59 9913615214613011324 410KK 71915120 815299999999999999 126 441351 -699999999999999
 92 71 62 69 83 99120140146131105 77 48 17 -4 -6  8 31 6310113114013412324 411KK 74614721 014099999999999999 2 0 621436 -799999999999999
111 95 83 83 92103116130139133113 88 63 37 13  0  1 15 37 67 9811912612324 412KK 8 813922 312699999999999999 232 821524 -199999999999999
117110102 99103110118125130128116 97 76 55 35 18 10 12 24 44 68 9110611324 413KK 818131999999999999999999999 259 991616 1099999999999999
114113113112113117122125125122113100 84 69 54 40 28 23 25 34 49 67 83 9624 414KK 0 5114 73912599999999999999 2541121715 2299999999999999
104109114117121123124124122117109 99 89 78 68 58 48 40 35 36 42 52 65 7824 415KK 6341259999999999999999999991822 34999999999999999999999
 90101110117122125126123119113105 97 90 84 79 73 65 57 50 45 44 47 54 6424 416KK 5381269999999999999999999991949 44999999999999999999999
 76 90103114121124125121115107100 94 89 86 86 85 80 73 66 59 52 48 50 5624 417KK 5371259999999999999999999992113 48999999999999999999999
 66 79 95110119123123119111101 93 88 85 85 88 93 93 88 80 73 64 55 51 5324 418KK 5281231534 94999999999999991238 8522 9 5099999999999999
 60 70 86104118123121117108 96 85 79 79 81 86 95103102 95 86 77 66 56 5324 419KK 5111231624103999999999999991137 782250 5299999999999999
 57 66 78 97115124122116107 93 77 68 68 72 80 93107113109100 90 78 64 5624 420KK 51912417 4113999999999999991130 672323 5599999999999999
 57 64 75 91110125126117106 91 73 58 54 60 70 85104119122114103 91 76 6224 421KK 5341271741123999999999999991148 542350 5899999999999999
 58 64 73 87106124130122108 91 71 51 41 45 56 72 95118130127117104 88 7124 422KK 5511301815131999999999999991211 41999999999999999999999
 61 64 74 86103123133128112 93 72 48 31 29 40 56 80109132138130117102 8324 423KK 6 9134185013899999999999999 015 611237 2899999999999999
 68 65 74 86101121136135119 98 76 51 28 17 23 39 61 92123140140129115 9724 424KK 628138192614299999999999999 041 6413 6 1799999999999999
 79 69 74 86100117134140128105 81 57 31 13 11 22 42 7010413214313812611124 425KK 65014020 414399999999999999 1 8 691337 1099999999999999
 93 79 77 86100114130140135115 90 65 40 18  6 11 26 49 8011313514013312224 426KK 713141204814099999999999999 139 761413  699999999999999
108 94 85 89100112125135137123100 75 52 30 13  7 15 33 57 8711513113312724 427KK 737138214013499999999999999 213 851452  799999999999999
119109 99 97102112122129133126109 86 64 44 26 15 13 23 40 63 8911112312624 428KK 755133225012699999999999999 250 961537 1399999999999999
123119114109109114120125127124113 96 76 58 43 30 22 22 31 46 65 8610411524 429KK 756127999999999999999999999 3341081630 2199999999999999
120122122121119118120122122119113103 89 73 60 48 38 31 31 37 49 64 81 9724 430KK 148122 72612399999999999999 4451181732 3099999999999999
110118124127128125122120117114109104 97 88 77 67 57 47 40 38 42 50 62 7724 5 1KK 3371289999999999999999999991849 38999999999999999999999
 94109120128131130124117111106102 99 98 97 93 86 77 67 57 48 44 45 51 6224 5 2KK 4141319999999999999999999992020 43999999999999999999999
 77 96114126132131126116104 94 90 89 92 97103105 99 89 78 67 55 47 47 5424 5 3KK 4261321444105999999999999991039 892130 4699999999999999
 66 82103123133132126116100 83 73 73 78 87100114119112101 89 75 60 51 5224 5 4KK 4271341554119999999999999991032 722221 5099999999999999
 61 74 93116134137128116 99 77 57 50 56 68 85107128133124112 99 82 63 5524 5 5KK 4421371649133999999999999991058 5023 4 5599999999999999
 60 72 86107131143136120101 77 50 31 30 42 60 86118141144134121106 85 6724 5 6KK 5 71431739145999999999999991132 282344 6399999999999999
 64 72 85101124144146130108 83 53 24  9 14 32 57 91128150151140127109 8824 5 7KK 5361481829153999999999999991211  9999999999999999999999
 74 75 86 99117139151143120 93 64 31  4 -5  6 28 59 9913615415214212811024 5 8KK 6 6152192015599999999999999 023 721253 -599999999999999
 91 83 89101114132148150133106 78 47 15 -7-10  5 30 6510613915214813912724 5 9KK 637152201215299999999999999 1 1 831336-1199999999999999
110 97 95103114127140148141120 93 64 35  7 -8 -6 10 37 7311013614514213424 510KK 7 514821 814599999999999999 138 941422 -999999999999999
124112105107116125134141140128106 81 55 30  9 -1  4 21 48 8011012913613424 511KK 728142221113699999999999999 21510515 9 -199999999999999
129122116114117124130134134127113 93 72 52 32 17 12 18 35 58 8410712212724 512KK 733134232712899999999999999 2511141557 1299999999999999
127125123121121123127128127122114101 85 69 54 40 29 27 33 48 66 8610311624 513KK 657128999999999999999999999 3331201647 2699999999999999
122124125125124124124123120115109102 93 82 71 60 50 43 41 47 58 72 8710224 514KK 2311259999999999999999999991739 41999999999999999999999
113120124126126124122118114108103 99 95 90 84 76 68 60 55 55 59 66 77 9024 515KK 3311279999999999999999999991840 54999999999999999999999
103114122126127125120114107101 96 93 92 92 92 89 83 77 71 67 65 67 74 8324 516KK 3461279999999999999999999991956 65999999999999999999999
 94107118125127124119111102 93 87 85 86 90 95 97 95 91 85 80 76 73 75 8124 517KK 35312715 7 97999999999999991112 8521 5 7399999999999999
 90101113123127124118109 98 86 78 75 77 83 92101105103 98 93 88 82 80 8324 518KK 4 412716 7105999999999999991058 752155 8099999999999999
 89 98109120127125118108 95 80 68 63 66 73 85 99110113111106100 92 86 8624 519KK 41812716551139999999999999911 7 632233 8599999999999999
 91 98107119128128120108 93 76 60 51 52 59 73 92110121122118112103 94 8924 520KK 4321291736123999999999999991125 5023 5 8999999999999999
 92 99107118129132124110 94 75 55 40 37 44 57 78103123131130124115103 9424 521KK 4481321814132999999999999991147 372335 9299999999999999
 93 99107118130137132117 98 78 55 34 24 27 40 60 8911813614013512711410024 522KK 5 91371850140999999999999991214 24999999999999999999999
 93 97106116129140141127106 84 59 35 17 13 22 41 6810213114514513812611124 523KK 534142192814699999999999999 0 7 931245 1299999999999999
 98 95103114126139146139119 94 69 42 19  6  8 22 46 7911414014914613712324 524KK 6 314620 914999999999999999 042 951320  599999999999999
108 98100111123135145146132108 81 55 30  9  1  9 27 55 8912214314814413424 525KK 634147205514899999999999999 119 9814 0  199999999999999
121108103108119130140145140122 97 71 46 23  7  4 14 35 63 9612414114414024 526KK 7 5145214814599999999999999 2 01031443  399999999999999
131121112110115125134139139131112 88 64 43 24 12 11 24 44 70 9812313613924 527KK 735140224913999999999999999 2461091531 1099999999999999
136131124117116121127132133130121104 83 63 46 30 21 22 34 52 74 9811913224 528KK 757133999999999999999999999 3421161622 2099999999999999
135134132127121119121123124123120113 99 83 67 53 41 33 35 45 60 78 9911724 529KK 010135 73912499999999999999 4591191718 3399999999999999
129133134133128121116114113112112112108 99 87 75 64 53 47 48 56 68 8310124 530KK 1581349999999999999999999991820 47999999999999999999999
118129134134131124114106101 98 99102106108103 95 86 77 68 62 62 67 77 9024 531KK 238134124710899999999999999 929 981931 6199999999999999
106122132134132125114100 89 82 82 85 93103111111105 98 90 82 75 74 79 8824 6 1KK 254134143011299999999999999 937 812041 7499999999999999
 99114128135134125114 99 81 67 62 65 74 88105118121116110104 95 87 86 9124 6 2KK 31613615471219999999999999910 2 622140 8599999999999999
 99109123135138130116100 80 59 44 43 51 65 85109127131127123116105 96 9624 6 3KK 3431391652131999999999999991037 422231 9599999999999999
102110120133142139124105 85 60 36 24 27 39 59 8811713614013713312411110324 6 4KK 4151431752140999999999999991117 23231810299999999999999
105112119130142147136116 93 68 40 17  8 16 33 60 9412614414814413812711324 6 5KK 4491471848148999999999999991159  8999999999999999999999
107111120128139149147131107 81 53 24  3 -1 11 33 6510313415015214713812524 6 6KK 525150193715299999999999999 0 21071243 -299999999999999
113111117126135145151144124 98 70 41 13 -3 -3 13 39 7411114015215114513524 6 7KK 6 2151202215399999999999999 0441101327 -599999999999999
122113114122132140147149137115 89 62 34  9 -2  3 22 50 8411814215014713924 6 8KK 63814921 615099999999999999 1251121411 -399999999999999
130119114118127135141145142128106 81 56 31 12  6 15 35 62 9412314114514024 6 9KK 712145215014599999999999999 2 51141454  699999999999999
133126118116121129134137138132118 97 75 54 34 20 19 30 50 7410112413713824 610KK 742138223813999999999999999 2471161536 1899999999999999
134129124119118123127129130128122108 90 73 56 41 33 35 47 64 8510712513324 611KK 756130233213499999999999999 3341181617 3299999999999999
133131127123119118120121120120118111100 87 75 62 52 48 52 63 77 9511212524 612KK 653121999999999999999999999 4361181657 4899999999999999
130131129126121117115113111109109108104 96 88 79 70 64 64 69 78 8910311624 613KK 0381319999999999999999999991735 63999999999999999999999
125129130128123117111106102 99 99100101100 96 91 86 80 78 79 83 9110011124 614KK 138130115910199999999999999 938 981812 7899999999999999
121127129128124117109101 94 89 87 89 94 98100100 98 95 92 91 92 9610211024 615KK 211129142510199999999999999 953 871855 9199999999999999
118125129128124117108 97 87 79 75 77 83 91 9910510710710510310210310611224 616KK 2281291615107999999999999991013 7520 210299999999999999
118124129129125118107 95 81 70 64 64 69 80 9310511311611711511211011111424 617KK 2391301739117999999999999991034 63211611099999999999999
119124130132129120108 95 79 64 54 50 54 65 8210011512312712612311811511624 618KK 2571321824127999999999999991057 50221411599999999999999
120125130135134126113 98 80 62 46 38 39 48 65 8811112713513713412711911624 619KK 3261351852137999999999999991124 3723 311699999999999999
118124130137140136123105 86 65 44 29 24 30 45 69 9812413914514413712611724 620KK 4 21401916145999999999999991156 24234711599999999999999
115120127136143145137119 97 74 50 28 15 14 26 47 7711013614915114613612324 621KK 4441451943152999999999999991232 13999999999999999999999
114114122132142149149136114 89 63 37 15  4  9 26 53 8712114615615414513224 622KK 529150201515699999999999999 0281131311  499999999999999
118111114125137147153150134109 81 53 27  7  0 10 32 61 9713015215715114124 623KK 616154205215799999999999999 1111111353  099999999999999
128115110117129141149154149130102 74 47 22  5  3 17 40 7110513615315414724 624KK 7 5154213315599999999999999 1541101436  299999999999999
137124113111119131140148151144124 97 71 46 24 10 13 29 52 8011313915114924 625KK 757151221815199999999999999 2411101520  999999999999999
142133122112112119128135141144136117 93 71 50 32 23 28 44 64 9011813914724 626KK 85314423 614799999999999999 33411116 6 2399999999999999
144138130119111109114119125131135128112 93 76 59 46 41 48 61 7810012313924 627KK 954135235614399999999999999 4371091653 4199999999999999
143140134126115106102104107112119124120109 97 85 73 64 62 68 79 9311012724 628KK11 5124999999999999999999999 6 31021742 6299999999999999
138140136129119107 96 90 89 91 98107115115110103 96 90 85 84 89 9710711924 629KK 042140123511699999999999999 747 891836 8399999999999999
131138137131122110 96 82 74 72 76 84 9710811411411211010710410310711311924 630KK 121138143011599999999999999 849 72194110399999999999999
127135138134124113 99 82 66 57 56 62 73 8910611712112312412312011812012424 7 1KK 15813818 912499999999999999 938 56205811899999999999999
128133138138131118103 87 67 50 41 42 50 66 8710812313013413613513012712824 7 2KK 23513919 7136999999999999991024 40221212799999999999999
131134137141139128112 95 75 53 35 27 30 43 63 8911513214014414414013312924 7 3KK 3161411937145999999999999991110 27231112999999999999999
131134137141144140127108 87 64 40 22 16 23 40 65 9612414214914914613913024 7 4KK 4 41441942149999999999999991154 16235712799999999999999
127130135140145147142125103 80 54 29 12 10 22 44 7310713515015315014313324 7 5KK 4571471947153999999999999991237  9999999999999999999999
123122129136142148151142123 98 73 46 21  7 10 27 52 8411914515515214513624 7 6KK 550151201015599999999999999 0361221318  699999999999999
124116119129137144151152140117 92 66 39 16  8 17 38 65 9813115115414713824 7 7KK 639153204115499999999999999 1141161357  899999999999999
127116112119130138145151150134110 85 60 35 18 17 30 52 8011213915114914024 7 8KK 723152211515299999999999999 1511121434 1599999999999999
131120111111120129136143148143125102 79 57 37 27 32 47 69 9512314314814224 7 9KK 8 4148215014899999999999999 22811015 9 2699999999999999
134124114109112120127132139141132114 95 76 58 44 41 50 66 8610913214314324 710KK 844141222514499999999999999 3 91091542 4199999999999999
136128120111108111116121126131130120105 91 76 63 57 60 70 8510212113614124 711KK 925132225814199999999999999 3561081611 5699999999999999
137131124115108106107109112117121119111100 91 81 74 73 79 8910111612913724 712KK1013121232713899999999999999 4591061637 7399999999999999
137132126119110103100 99 99102108112110106100 95 90 88 91 9810611612613424 713KK1117112235013799999999999999 717 9917 0 8899999999999999
136133127120112103 95 90 88 88 93 9910510610610510410310310711312012613324 714KK13 5106999999999999999999999 825 88172010399999999999999
136134129121113103 93 84 79 76 78 84 9310210711111411511611712012512913324 715KK 011136999999999999999999999 910 76999999999999999999999
136136132124115105 93 81 72 66 65 69 78 9110311212012512712712712913113424 716KK 033137999999999999999999999 949 65999999999999999999999
136138136129119109 96 82 69 59 54 54 61 75 9210812113113713713513313313424 717KK 1 41381841138999999999999991027 53214413399999999999999
136138139136128117103 88 71 56 45 40 44 56 75 9711813414314614413813313124 718KK 15213919 11469999999999999911 5 4023 313199999999999999
133136140142139130116 99 79 60 42 30 28 36 54 7810613014715315214513612824 719KK 2571421918153999999999999991143 28234512699999999999999
126131138144147145135117 95 71 48 28 16 18 32 56 8611814415715915214112924 720KK 4141471935159999999999999991222 15999999999999999999999
120121130140149154154141117 90 63 37 15  6 14 34 62 9613215716415914813424 721KK 526155195816499999999999999 02311913 1  699999999999999
118111117131143154162161143115 85 56 27  6  2 16 41 7211014616416415414124 722KK 625164202716699999999999999 1 21111340  199999999999999
124108105115131144158168164142111 81 51 22  5  8 27 53 8612515616615914724 723KK 71816921 016699999999999999 1431041420  499999999999999
132114100101114129143158168161136107 79 50 25 15 24 44 6910213716016215224 724KK 8 8168213516399999999999999 226 9815 0 1599999999999999
139123105 94 97110123137154161151128103 80 56 38 35 46 65 8811814515815424 725KK 858161221215899999999999999 314 931540 3499999999999999
143130114 97 89 93102113128143149139121103 86 69 59 61 72 8810713014815324 726KK 952149224815399999999999999 4 9 891619 5899999999999999
145134121106 91 84 85 91101115128133127117107 97 88 84 89 9811012313814724 727KK1054133232214799999999999999 519 831657 8499999999999999
145137126113 99 85 77 75 79 8710011311911911611411110910911412012713414124 728KK1225120235014399999999999999 646 75172610999999999999999
143138129118106 92 78 68 65 67 74 86 9911011612012412712913013313513814024 729KK9999999999999999999999999999 8 9 65999999999999999999999
140139133124113100 86 71 60 54 55 63 76 9110611812713514114314414314314224 730KK 0 1140193314499999999999999 919 54999999999999999999999
141139136130121109 96 80 64 51 44 46 55 70 8910912513714515015114814514324 731KK19391519999999999999999999991017 44999999999999999999999
142140138136131122108 92 75 56 41 35 39 51 69 9311713514615115315014413924 8 1KK195415399999999999999999999911 6 35233913899999999999999
138139139139140136124107 89 69 48 32 28 36 52 7410312914615215315014213324 8 2KK 3521401941153999999999999991147 28235612999999999999999
129132137139143147142126106 85 62 39 24 25 38 58 8511714315415314914112924 8 3KK 5 51471922155999999999999991225 23999999999999999999999
120121129136142150154146125102 79 53 30 21 28 45 6910013315415715014112924 8 4KK 556154194015799999999999999 02511913 1 2199999999999999
115109116127136146157159145121 97 72 45 26 24 37 58 8511814715915414313124 8 5KK 63916020 515999999999999999 0571091334 2299999999999999
116104104115127138151161158138113 89 64 40 29 35 52 7510413515615714713424 8 6KK 718162203315999999999999999 13010214 6 2999999999999999
120105 97103115127139153160150128105 82 59 42 41 53 71 9412314715715013824 8 7KK 75516021 015799999999999999 2 4 971435 3999999999999999
124110 97 95103115126139151151137117 97 78 60 53 59 74 9211413815215214124 8 8KK 831153212615499999999999999 240 9415 2 5399999999999999
128115101 93 94102112123136144139125109 94 79 69 70 81 9511113014615014324 8 9KK 9 9144214915199999999999999 319 921526 6899999999999999
131119106 95 90 93 99107118129133127116105 95 87 84 9010111412714114814424 810KK 95213422 914899999999999999 4 5 901548 8499999999999999
133122111 99 90 87 89 9310111112112311911210710310010211011912913814414424 811KK1046123222814599999999999999 5 2 8716 910099999999999999
136124114103 93 85 82 83 86 9310311211511511411511511511912613313814214324 812KK1212115224314399999999999999 612 8215 011499999999999999
138128116107 97 87 79 75 75 78 85 9610511211612112612813013313714014214224 813KK2243142999999999999999999999 727 75999999999999999999999
139132121111101 91 81 72 68 67 70 77 8910211212213113814014114114214214124 814KK2116142999999999999999999999 847 67999999999999999999999
140136128118109 99 87 75 65 59 57 60 70 8610211813214314814814614314113924 815KK1829149999999999999999999999 955 57999999999999999999999
139138135129121110 97 82 68 56 47 45 51 66 8510712814515415515214513913524 816KK18441559999999999999999999991046 45232413499999999999999
135138139139136128115 97 78 60 44 33 34 45 64 8911714215716115714813712724 817KK 2231401854161999999999999991127 32234212599999999999999
126131138143148148139119 96 73 50 29 20 26 43 68 9913315716616215313912224 818KK 43414919 51669999999999999912 5 20999999999999999999999
113117128140150161162148122 94 67 38 17 13 26 48 7711515116916815814312324 819KK 538164192417199999999999999 0121131242 1299999999999999
104 99110126142159174173152121 91 60 29 11 15 33 59 9413516617416414812924 820KK 628177194917599999999999999 047 991318 1099999999999999
104 87 88105124144167183177150119 88 55 26 16 27 49 7711415317417115413524 821KK 715184201917699999999999999 125 851355 1699999999999999
112 87 74 81100120144170183171144115 87 56 35 34 50 72 9913516517316114224 822KK 8 1183205017399999999999999 2 7 741432 3299999999999999
121 96 74 67 77 94114140165172158135113 89 67 55 61 77 9712114916716414724 823KK 849173212016899999999999999 252 6615 8 5599999999999999
128108 85 67 63 72 87107132152155144128114 98 85 83 9110512013815516015024 824KK 941156214916099999999999999 343 631542 8299999999999999
134116 98 78 65 62 68 80 9811913413713112511911310911111912813714715314924 825KK1044137221015399999999999999 444 6216 710999999999999999
137122107 92 76 65 61 64 73 8710311612212412512812913113514014414614714524 826KK2158147999999999999999999999 6 2 61999999999999999999999
138127115103 90 77 66 60 60 66 76 9010211312213013814414815015115014714324 827KK1950151999999999999999999999 731 59999999999999999999999
137130121112102 91 78 67 58 56 59 68 81 9611112613814815415715615214714224 828KK19 7157999999999999999999999 857 56999999999999999999999
137131126121114104 93 79 66 55 51 54 63 77 9611613414615415815615114414024 829KK191615899999999999999999999910 5 51999999999999999999999
136132129129127119107 94 79 63 50 46 51 63 8010312714415215515414813813224 830KK19231559999999999999999999991053 46999999999999999999999
131130130133137135124109 94 76 56 44 43 52 67 8911714015215315114513312224 831KK 419137184415399999999999999 1451301131 4223451209999999
120124128132141147142127109 91 69 48 39 44 57 7610313315315615014313111524 9 1KK 5 914718421569999999999999912 5 39999999999999999999999
107111120128138152157146126106 85 60 42 40 51 67 9112215015915414313111324 9 2KK 55015719 115999999999999999 0 81071236 3999999999999999
 98 97107119131147162161144122100 76 52 41 47 63 8311114216015914713211524 9 3KK 628164192416299999999999999 037 9613 5 4199999999999999
 96 86 92105120137156167158137115 92 68 50 49 62 8010313215616315213611824 9 4KK 7 3167194816399999999999999 1 7 861333 4799999999999999
 98 82 80 91106123143162164149128107 85 64 57 65 8010012414916215614012224 9 5KK 73816620 916299999999999999 139 791358 5799999999999999
103 84 74 78 91107126148160155138119100 82 70 72 8510112014215815814412624 9 6KK 813161203016199999999999999 212 731421 6999999999999999
108 89 74 70 78 91108128147153144128113 98 86 83 9110512013715315714813024 9 7KK 851153204915899999999999999 246 701445 8299999999999999
113 96 79 69 70 79 91108127141142133122112103 9710111112413614715414913424 9 8KK 93314321 715499999999999999 325 6815 8 9799999999999999
116101 86 74 68 71 79 9010612213213112612111711311311912813714414914813724 9 9KK1026133212015099999999999999 410 68153111299999999999999
121105 93 81 72 68 70 77 8810111412212412412512612612913414014414614513824 910KK2110146999999999999999999999 5 4 68999999999999999999999
125111 99 89 79 71 68 69 74 83 9410611512112713313814014114414614514213824 911KK2012146999999999999999999999 610 68999999999999999999999
129118106 97 88 79 71 66 66 69 75 86 9911112313414314915014914714514113624 912KK1748150999999999999999999999 737 66999999999999999999999
132125116108100 90 80 70 63 60 60 67 79 9511212914415315615414914313713424 913KK1758156999999999999999999999 920 59999999999999999999999
132129126122116106 93 80 67 56 50 51 60 76 9612014115516015815114013112624 914KK18 91609999999999999999999991020 49231912699999999999999
127129132135135128113 96 78 61 45 39 44 58 7810413315516316115314012411324 915KK 33513518121639999999999999911 3 39232611299999999999999
114121129139149152140119 98 75 51 34 31 42 61 8612015116716515514112110124 916KK 4431521821168999999999999991140 302353 9499999999999999
 94102116131150167168149123 98 70 42 26 31 48 71102141168173161144123 9624 917KK 5331701841174999999999999991216 26999999999999999999999
 76 77 93113135163182177153125 97 65 37 28 40 61 8812416117817015012810024 918KK 62018319 717999999999999999 027 741251 2899999999999999
 70 56 65 86110140173189178152124 95 63 42 42 59 8211014717517815913510824 919KK 7 5189193618099999999999999 1 5 561327 3999999999999999
 77 50 43 57 80108143176186171147123 96 69 58 66 8410513316317816814411824 920KK 75118620 417899999999999999 146 4314 2 5899999999999999
 90 59 38 38 54 76106142169173159140122101 84 82 9411012815016816915112724 921KK 840174203217199999999999999 230 361436 8199999999999999
102 76 50 36 39 53 7410313415315514613512411210611012113214415716215313324 922KK 934156205316299999999999999 319 3615 610699999999999999
112 91 69 50 41 44 55 73 9712113513813613313012812813414114615115314913624 923KK1050138205515399999999999999 416 41152112799999999999999
119102 86 70 56 49 49 57 71 8910711812513013513914314614915115114814313424 924KK1920151999999999999999999999 526 48999999999999999999999
123111 99 88 76 65 57 55 59 69 81 9510811913014014815315515515214613913124 925KK1816156999999999999999999999 650 55999999999999999999999
123116109102 93 83 73 64 59 60 66 76 8910412013514615415715615014313612824 926KK1812157999999999999999999999 823 59999999999999999999999
122118116114108100 89 78 67 60 59 64 74 8910812714215115415414813813012424 927KK1823155999999999999999999999 939 59999999999999999999999
120117119122122115105 94 81 67 59 59 66 77 9611813814815115014413312111524 928KK 326123181115199999999999999 1 71171029 5899999999999999
114114118126132130120108 95 79 64 57 61 70 8510813214815114714112911410424 929KK 418133174815199999999999999 0 911411 5 5723311029999999
103107113123136143136123109 93 74 60 58 66 79 98124146154149139127110 9424 930KK 4591431759154999999999999991137 572350 8999999999999999
 89 95104116133148150138123107 87 68 59 64 76 92115142156153141127109 892410 1KK 53715218181579999999999999912 5 59999999999999999999999
 77 80 91105123145158153137120101 80 65 64 75 90109135156158146129110 882410 2KK 613158183916099999999999999 017 761232 6399999999999999
 70 65 75 90109134156162150133115 94 75 68 75 90107129152161152133113 912410 3KK 647162185916199999999999999 045 651256 6899999999999999
 68 56 60 74 93117145162159145127108 88 76 78 91107126147161157139117 952410 4KK 722163191816299999999999999 114 551320 7599999999999999
 72 53 49 59 76 98126152161153137121103 88 84 941081241421581601451231002410 5KK 758161193716199999999999999 145 481345 8499999999999999
 78 57 45 48 61 80105133152154144131117103 95 991111251391521581491291062410 6KK 837155195615899999999999999 217 441411 9599999999999999
 85 65 49 44 51 65 851101341461451361271171091081151261371471531501341122410 7KK 921147201215499999999999999 253 44144010799999999999999
 92 75 59 48 47 55 69 881101291371361321281231201221301381441481461361192410 8KK1020137201714899999999999999 335 4715 812099999999999999
100 83 70 59 52 53 60 72 881061201281301311321331331361401431441421351232410 9KK1942144999999999999999999999 425 51999999999999999999999
107 93 81 71 62 57 57 63 72 85 99112121128135140143144144144142138132124241010KK1842144999999999999999999999 528 56999999999999999999999
114103 92 84 75 67 61 60 62 69 79 92106119131142149151149145140135129123241011KK1656151999999999999999999999 650 60999999999999999999999
118112106 99 91 81 72 64 59 59 63 73 87105123139149154152146137129122119241012KK1714154999999999999999999999 834 58999999999999999999999
117117118116110 99 88 75 64 55 53 59 71 88110133149155154147135121110108241013KK1718155999999999999999999999 944 53225610899999999999999
110115122130131123108 93 77 61 50 50 59 74 95122146157156147134115 97 89241014KK 3401321718158999999999999991030 4823 4 8999999999999999
 93103115132146148134116 98 77 56 46 51 64 83110140160161150134113 88 69241015KK 43514917331639999999999999911 9 462332 6799999999999999
 68 80 97119145163161143122101 75 53 48 59 76 98129158169158138116 87 58241016KK 5231651756169999999999999991146 48999999999999999999999
 44 51 70 94125159176169148127102 74 56 58 73 93118149172169148122 93 60241017KK 610176182417499999999999999 0 7 441223 5599999999999999
 32 25 39 63 93133168180169149128102 77 67 76 93112138165175160133104 71241018KK 657180185317599999999999999 046 241259 6799999999999999
 37 14 15 33 60 96138169176164147128105 86 85 97113132154171167145115 86241019KK 745176192217299999999999999 127 121335 8399999999999999
 53 23  8 14 33 61 99138162164155142127111102106118131146160165152127100241020KK 837166194716599999999999999 212  8141010299999999999999
 72 44 21 12 19 38 65 99131148150145138129121119126135144152156150134111241021KK 93915120 315699999999999999 3 0 12144111999999999999999
 88 66 44 28 22 29 45 69 97120133137137136134133135140144147147143133118241022KK1122138193314899999999999999 354 22145913399999999999999
100 83 67 51 40 36 41 54 72 92109121129133137140142144145145142136128118241023KK1821145999999999999999999999 455 36999999999999999999999
107 96 84 73 62 53 49 51 60 72 87102115125134141145147146142137130122115241024KK1659147999999999999999999999 6 5 49999999999999999999999
109103 97 90 82 73 64 59 59 64 73 85100114127137144146145139132123116109241025KK17 7146999999999999999999999 730 59999999999999999999999
106105105103 98 90 82 73 67 65 68 76 87103119133141144142136126116108103241026KK1710144999999999999999999999 853 65999999999999999999999
101103108112110104 97 88 79 71 68 72 81 94111128139142139133122109 98 94241027KK 317112165514299999999999999 0 4101 950 682331 939999999
 93 97105115120117110102 92 81 73 73 79 89103122138142139131119104 89 82241028KK 4 71201657142999999999999991030 722319 8199999999999999
 83 88 97112125129123114105 93 80 75 79 87 99117135144141131118101 82 70241029KK 44912917121449999999999999911 2 752335 6899999999999999
 69 75 86103123135135127117105 91 80 80 88 98113131145145133118100 79 61241030KK 5271371729147999999999999991130 792358 5499999999999999
 54 60 72 90114135144139129117102 87 82 88 98111128145149139121101 79 56241031KK 6 31441748150999999999999991156 82999999999999999999999
 43 44 56 74 99127146148140128113 97 86 88 98111126143152146127105 82 572411 1KK 63914918 715299999999999999 024 411221 8599999999999999
 37 31 39 56 80111139152149138125108 93 89 97110124140153152135112 87 622411 2KK 714153182715499999999999999 052 311248 8999999999999999
 38 24 26 39 61 91123147153146135120104 94 97109122136150154143120 95 702411 3KK 752153184915599999999999999 123 231317 9499999999999999
 46 26 19 27 44 69101131148149141130117104101108120133145152147129104 802411 4KK 834150191115299999999999999 156 19134910199999999999999
 57 36 22 21 32 52 78108132143142136127117110111120130140146146135114 902411 5KK 923144192914799999999999999 233 20142310999999999999999
 69 49 33 25 28 40 59 831081271361361321271221191221291361401401341201012411 6KK1028137193214199999999999999 316 2515 311999999999999999
 81 63 49 37 32 36 48 65 851051201291311321311301291301341361341301221092411 7KK13 213219 913699999999999999 4 5 3216 212999999999999999
 93 77 64 53 44 40 44 53 67 831001141241301351371371341321311291241181122411 8KK1519137999999999999999999999 5 4 40999999999999999999999
103 92 80 70 61 53 49 50 57 67 80 961121241331391411391331271211161111082411 9KK1557141999999999999999999999 613 48999999999999999999999
106103 97 88 79 70 61 56 55 59 68 80 97114129138142140133123112105100100241110KK1613142999999999999999999999 739 542249 9999999999999999
102106109107 99 90 80 70 61 58 62 71 84102122136142140133121105 90 84 84241111KK 2 7109161014299999999999999 856 582223 8399999999999999
 89 99111120120111101 89 77 65 62 67 78 93113133144142133119101 79 64 62241112KK 327121161914599999999999999 951 622241 6199999999999999
 69 81 99120134133123111 98 82 69 67 76 88105127145149138121101 75 50 38241113KK 4251351642150999999999999991036 662313 3799999999999999
 42 56 76103132147144133121104 85 73 76 87101119142155148128105 79 48 23241114KK 5181481710155999999999999991117 732350 1599999999999999
 16 26 46 74111143157152140127108 88 81 88100115135154158142116 88 56 23241115KK 6 81571742159999999999999991158 81999999999999999999999
  1  1 16 42 77119151161155143128109 92 90101114129148160154131102 71 37241116KK 659161181416199999999999999 031 -21237 8999999999999999
  5-11 -6 14 44 83125153159153142127110 99102113126140154158144118 88 57241117KK 752159184515899999999999999 115-111316 9999999999999999
 24 -2-12 -4 18 50 90127149153147137125112108114125135145152148130104 76241118KK 847153191315299999999999999 2 1-12135510899999999999999
 48 20  0 -5  5 28 59 94124141143139132124117117123132139143143134116 92241119KK 945144193114499999999999999 248 -6143311699999999999999
 68 45 24  9  8 19 40 66 95118131134132129125122124128133134133129119103241120KK1053134185913499999999999999 337  7151612299999999999999
 84 66 49 33 23 24 35 52 72 94113123127128128127126126128127124120114106241121KK1349128182412899999999999999 427 22162312699999999999999
 94 81 69 57 45 39 40 49 62 77 94109119124127129128126123121116110105102241122KK1513129999999999999999999999 519 39999999999999999999999
 97 91 83 75 66 58 54 55 61 70 82 96109119125128128126121114108101 96 94241123KK1539129999999999999999999999 617 54999999999999999999999
 93 93 91 87 82 76 70 67 67 71 78 88100112121126127125119110100 92 86 84241124KK1543127999999999999999999999 729 6723 3 8499999999999999
 86 90 94 96 94 90 85 81 77 76 80 86 95106117125127123117107 94 83 75 73241125KK 253 96154712799999999999999 843 762256 7399999999999999
 75 82 91 99102101 98 94 89 85 84 88 95103114123127123115104 90 75 64 60241126KK 4 3102155812799999999999999 937 8423 2 6099999999999999
 63 71 83 98107110108105100 94 90 91 96103112122128125116103 88 70 55 47241127KK 4571101613128999999999999991018 902320 4799999999999999
 49 57 71 90108117118116111103 96 94 97104112121129129120105 88 68 49 36241128KK 5421191629130999999999999991052 942342 3399999999999999
 34 41 56 78102119126126121113103 96 97103111121131134126110 91 70 47 29241129KK 6201271649134999999999999991122 96999999999999999999999
 21 25 38 60 89115130134131123111100 96101109120131138134119 98 75 51 27241130KK 654134171313899999999999999 0 8 211153 9699999999999999
 12 11 21 41 70102127138138132120106 97 97106117128139141130109 84 59 332412 1KK 728139174214199999999999999 037 101226 9699999999999999
 11  2  7 23 49 82114136142138129115102 96101112124136143139122 97 70 442412 2KK 8 3142181214399999999999999 1 9  213 1 9699999999999999
 19  2 -2  8 29 59 93122139141135124111100 99107119131139141132111 85 582412 3KK 842142184414299999999999999 145 -21339 9899999999999999
 33 12 -1  0 15 38 68100125138137130120110103104113124133137135122100 742412 4KK 927139191413899999999999999 225 -2142110299999999999999
 50 29 11  3  8 24 48 75103124133132126119112107110118126130130125112 902412 5KK1018134194013199999999999999 3 7  3151010799999999999999
 68 47 30 16 11 19 35 56 801041211281281251201151111121171211211201151022412 6KK1119129194112199999999999999 353 11161311199999999999999
 84 66 50 36 26 23 31 45 63 831031181251261251211161111091101101091081052412 7KK1244126999999999999999999999 443 23999999999999999999999
 96 83 69 57 46 38 37 44 55 69 87104118124125124119112104 99 96 95 95 972412 8KK14 01252349 9999999999999999 537 372123 9499999999999999
 99 95 86 77 68 60 53 52 57 66 77 92107119124124120113101 90 81 78 78 822412 9KK1423125999999999999999999999 641 522128 7799999999999999
 89 96 98 94 87 81 74 68 66 69 77 86 99113123125121112101 85 69 59 57 61241210KK 146 98144712599999999999999 755 662148 5799999999999999
 70 84 98105104100 95 89 82 78 81 87 96107119127125114101 85 64 46 36 38241211KK 320105151512799999999999999 9 5 782220 3699999999999999
 46 62 83103114115113109102 92 88 91 97105116127131122106 88 66 41 22 15241212KK 43711615481319999999999999910 4 882259 1599999999999999
 20 35 57 86111125127124120110 99 94 98105114125134133118 97 74 48 20  0241213KK 5451271625135999999999999991056 942341 -499999999999999
 -3  8 28 58 92121134136133125112101 98104112122133139133113 87 60 30  1241214KK 64013617 4139999999999999991143 98999999999999999999999
-15-14  1 27 63101130141141135125110100101109118129139141130106 78 48 16241215KK 725142174414299999999999999 025-171227 9999999999999999
-11-24-18  2 33 71110135143140132120106 99103113123133141140124 98 68 38241216KK 8 6144182614299999999999999 1 9-2413 8 9999999999999999
  8-16-24-13 10 43 81116137141135126114102 99106117126134139134115 88 60241217KK 84614119 713999999999999999 153-241349 9899999999999999
 32  5-14-16 -1 23 55 90120134134127118108100100108118125130132124104 79241218KK 926136194713299999999999999 236-171429 9999999999999999
 54 30  8 -4 -1 15 38 67 97120128126119112105100102109115119122121111 93241219KK10 9129202512299999999999999 317 -51512 9999999999999999
 72 52 33 17 11 18 33 54 78102118122119114109103100102106108109110108 98241220KK105412221 411099999999999999 356 1116 210099999999999999
 83 68 53 40 30 29 38 51 68 87105115116114111106101 98 98 98 97 97 97 95241221KK1144117999999999999999999999 433 28999999999999999999999
 87 77 68 58 50 46 48 56 67 80 95107112113111108103 97 93 89 86 84 84 86241222KK12371132316 8699999999999999 5 6 462119 8499999999999999
 85 81 76 71 66 63 63 66 73 81 91101108111111108103 97 89 82 76 72 71 73241223KK1322111999999999999999999999 533 622145 7199999999999999
 77 79 80 80 78 77 77 78 81 86 92 99105109110108104 96 87 77 68 61 58 59241224KK 2 3 80134711099999999999999 547 7622 9 5899999999999999
 65 73 79 84 87 88 89 89 91 93 96100105109110109104 96 86 74 62 52 46 45241225KK14 31109999999999999999999992233 45999999999999999999999
 51 61 74 84 92 97 99100 99 99100102106109112111106 98 87 74 59 45 35 32241226KK 645100142111299999999999999 843 9923 0 3299999999999999
 36 47 63 80 94103108109107105103103106109113114111103 91 77 60 42 28 20241227KK 65010914531149999999999999910151032327 1999999999999999
 21 30 47 69 90105115118116110105103104108113117117111 99 83 65 44 25 12241228KK 7 511815351189999999999999911 71032357  799999999999999
  7 13 28 52 79102118124124117108101100104110117122121111 95 74 52 29  9241229KK 7231251622122999999999999991145100999999999999999999999
 -3 -2 10 32 61 92116128130125114103 96 97104114122127124111 89 65 39 14241230KK 743131171112799999999999999 028 -41221 9599999999999999
 -5-13 -7 12 39 73105126134131121108 95 90 95107118127132126109 83 55 28241231KK 8 713418 213299999999999999 1 3-131258 9099999999999999
