266227172115 69 46 50 7912618123327128727524119615412611813216320223826224 1 1KT12 3287233726799999999999999 522 44175011899999999999999
265244202151105 73 63 7811316020925127527525321517414012112214217320723624 1 2KT1231278999999999999999999999 553 63182611999999999999999
252247223184143108 88 8810914418722825827026023319716013312112614517320324 1 3KT 01825313 427099999999999999 628 85191112099999999999999
22623723121018014812211011513516620223425526024722018615312911812213916424 1 4KT 110237134626199999999999999 714110201211899999999999999
19121322522421118916414413313615217720623325025324121518114812210911012524 1 5KT 226226144325499999999999999 818133212410899999999999999
149177202221228223207185164151148158178204228246252241215179141110 92 9024 1 6KT 4 5229155225299999999999999 9431472235 8999999999999999
105132165198226243243229205180159150155173199226248257247217175129 91 6824 1 7KT 53224517 02579999999999999911 91502337 6499999999999999
 66 83117158202239262265249220187159144147166196229256267255219168113 6824 1 8KT 63826718 0267999999999999991220143999999999999999999999
 42 41 64106157210256283286265228186151133138161197236268280263219157 9424 1 9KT 735288185728099999999999999 032 38131913299999999999999
 43 16 19 5010016022227530430227322817913912112916020224828329327021514424 110KT 827307195029499999999999999 124 14141112099999999999999
 74 20 -6  3 41 9916823829432131227422016412310812416221126129830527220724 111KT 915322204130799999999999999 215 -7145810899999999999999
128 53 -1-22 -6 41106182256312333314265203145106 9912316822327731231226824 112KT10 0333212931799999999999999 3 3-221543 9799999999999999
194110 35-15-28 -3 51123203278327336304246180123 91 9412617723629132131024 113KT1041338221532299999999999999 350-291625 8899999999999999
256177 93 22-19-21 14 74149230298334326282218153102 81 9413418924929932024 114KT111933623 032099999999999999 433-2517 6 8099999999999999
298237158 80 20 -9  1 44108182256311328305252187126 86 7710014420025729824 115KT1154329234430999999999999999 514-101746 7699999999999999
308277216143 77 30 16 37 85147215276312311275219158106 78 7910715220525524 116KT1229316999999999999999999999 553 161827 7499999999999999
286287254199138 86 55 53 80127183239283300286245191137 95 76 8311215520224 117KT 03129113 330099999999999999 633 501913 7699999999999999
243267264235192145108 89 94121162208250277282261222173127 93 78 8611214924 118KT 124269134128399999999999999 717 8820 8 7899999999999999
189224245246228197164138125131152183217247264264244209166125 94 79 8310424 119KT 232248142926699999999999999 8121252117 7999999999999999
135171205229238232214190168156155168189213236250252237207168128 95 76 7424 120KT 4 5238153625399999999999999 9311542237 7399999999999999
 89117153190222242246235215192173164168182202224242249240213174131 92 6724 121KT 54524716582499999999999999911141642352 5999999999999999
 60 72101141185226254265256233204177159156168191218242255249221178129 8324 122KT 7 22651813255999999999999991240156999999999999999999999
 53 43 57 9113718923727128227024020216714414115718622025026625922617611924 123KT 758282191326799999999999999 054 43133914099999999999999
 69 36 29 49 9014320225428829427323418814812612915218923026427926522416424 124KT 84329620 327999999999999999 145 29142412499999999999999
102 50 21 22 50 9915922227430229726421516512611112415720124628028826321024 125KT 921304204628999999999999999 229 1815 211199999999999999
143 79 31 11 24 6312018524829330728724218713710610412917122126629328924924 126KT 954307212329699999999999999 3 7 11153510199999999999999
186115 55 17 11 38 88151218274305301264210154111 9310614319224428429927724 127KT1022308215529999999999999999 340  916 4 9399999999999999
223154 86 35 13 25 65124190253296306280230172121 91 9111916421726529529224 128KT1046307222529899999999999999 4 9 131630 8799999999999999
253190121 62 27 24 53104168231282304291248191135 96 8310013918924027929324 129KT11 7305225429399999999999999 435 211656 8399999999999999
272221156 95 50 34 50 92150211265297296263209153107 83 8711616121125528124 130KT1128301232428499999999999999 5 0 341721 8199999999999999
278244189131 82 55 57 87136193246284295273228173123 90 82 9913618122525924 131KT1150295235727199999999999999 526 531748 8199999999999999
271255216166119 86 76 92129177226265285277243195145106 86 8911415119222824 2 1KT1213286999999999999999999999 553 761821 8499999999999999
251253233197157124105107128164205242267272253216171129100 89 9812315619124 2 2KT 035255124227399999999999999 62610319 2 8999999999999999
220237236219193164142132138158186217243257254233199161126101 9310012115024 2 3KT 127239132025899999999999999 7 913220 1 9399999999999999
180206222226218202183167159161174193214232242239224196163130104 92 9310824 2 4KT 249226142024299999999999999 8181592123 9099999999999999
133162190212226229222208192179172174185201218231235227205173136104 82 7524 2 5KT 44723015542369999999999999910171722254 7599999999999999
 85109141177211236250248233211187169162168184207229243242223186141 96 6324 2 6KT 62325117282459999999999999912 3162999999999999999999999
 49 56 83123170216254275274253220183154141147170202235259264243198140 8324 2 7KT 727277184326599999999999999 010 49131014199999999999999
 39 19 28 6111217022927730129526421716813111712916220524928228926220513324 2 8KT 818303194429199999999999999 112 1914 211799999999999999
 64 13 -8  6 48109179249303324307262202144104 9411615921326830631127420424 2 9KT 9 3324203731499999999999999 2 6 -81447 9399999999999999
121 44 -9-26 -4 48118199275327338306245175113 77 7711016322728932832427424 210KT 943340212633299999999999999 255-271530 7299999999999999
193104 26-23-30  3 64142228303344337287216141 81 55 6811217424430834032324 211KT1020347221134199999999999999 340-331610 5499999999999999
261175 87 15-22-16 28 96178262325346317254177104 55 43 6912219026231933824 212KT1054346225333899999999999999 421-251647 4299999999999999
307239154 75 17 -3 18 70141219291334329283212136 74 40 44 8113920727331824 213KT1125338233432599999999999999 458 -31723 3799999999999999
320280213138 73 35 33 66121188256307323297240170103 55 39 56 9915621927324 214KT1153323999999999999999999999 533 291759 3999999999999999
301292250191132 86 68 80118171227276303296258200137 85 53 50 7411616822024 215KT 015302121930599999999999999 6 6 671836 4899999999999999
260275261225181140113109128164206247275282263223172122 84 65 68 9112716924 216KT 1 0275124628399999999999999 6401081921 6399999999999999
209237246237214185161147149166192221245258255235202163126 97 83 8410112724 217KT 158246132025999999999999999 7221462023 8199999999999999
159189212225226217203189180178186199214227234232220199171141115 98 92 9824 218KT 335227141923499999999999999 8381782159 9299999999999999
115140168195217230233227215201190185186193203214221221211190161130103 8724 219KT 54823416312239999999999999911181842341 8499999999999999
 85 96121153189222246255249231207183167162169186207226236232209174133 9624 220KT 7 62551814237999999999999991253162999999999999999999999
 72 65 7910915019623826727526223219516214113815318021324225825122117512324 221KT 751276191525999999999999999 049 65133813799999999999999
 79 51 48 6910916021426128828726021717113311512214918823026527926322016124 222KT 827291195927999999999999999 138 46141311499999999999999
102 55 32 39 72122182241286301284242189138104 9811815820725528829226020324 223KT 858301203729499999999999999 216 311444 9699999999999999
136 74 33 22 43 89149214271304302266211152105 83 9212717723228030429124324 224KT 925308211030599999999999999 249 221512 8299999999999999
175105 49 20 26 63120186251298311286233170113 77 72 9914620426130130927624 225KT 950312214131199999999999999 319 181539 7099999999999999
214141 75 32 22 47 97161229286314301255191128 80 61 7611617223328531129824 226KT1011314221031299999999999999 346 2116 3 6199999999999999
248179109 55 30 41 82141208270309310273212145 90 58 60 9214320226030030624 227KT1032315223930899999999999999 412 291627 5599999999999999
273213146 86 50 46 75127189251298312287232165105 64 52 7311717223027830024 228KT105231323 830199999999999999 436 431650 5299999999999999
286241181122 79 63 78119175232281305294249187124 77 54 62 9614520024928224 229KT1112306233728999999999999999 5 1 631715 5399999999999999
286259210158113 89 91119164215261291292262208148 97 65 59 8012116921725524 3 1KT1133296999999999999999999999 526 861742 5899999999999999
273264232190150121112126158200240270281266227175124 86 68 7310013918222024 3 2KT 010273115728199999999999999 5541121816 6799999999999999
246254242215184157142142159187218246262260239202158119 91 80 8811114317824 3 3KT 053254122626399999999999999 62914019 4 8099999999999999
208228235229213195178169170181198218234242238222194161130105 92 9310713124 3 4KT 2 0235131224399999999999999 7251682025 9199999999999999
159186208223229226217205193186185190201213222226221205181150121 98 86 8924 3 5KT 4 9229145722699999999999999 9391852220 8599999999999999
104130162194222242250245229208187172167174190209227236231210174132 93 6724 3 6KT 6 725017132369999999999999911531672353 5999999999999999
 59 72102143189232265280272245208172145136147173207239262264240192134 7924 3 7KT 7 92801836267999999999999991256136999999999999999999999
 41 27 42 8113419425229430829024719414411010412416421326129429726420112824 3 8KT 756308193630099999999999999 058 27134410299999999999999
 60 14  1 24 73139211278322327293233166107 74 7611016322628632432227620024 3 9KT 837330202832999999999999999 151  11426 7199999999999999
115 41 -5-11 22 82157238308343331279205129 69 44 5910517024431134733427424 310KT 915345211534999999999999999 238-1315 7 4499999999999999
189100 28-10 -4 40107188271333350316247165 88 36 25 5411118526533135632824 311KT 949351215935699999999999999 321-131545 2399999999999999
259172 88 25  2 22 75146227302345337283204121 51 15 20 6212720528433934724 312KT1021348224035099999999999999 4 1  21622 1299999999999999
307235154 81 36 31 64122192265321337305238157 82 28 10 32 8215022629433124 313KT1050338231933499999999999999 437 281656 1099999999999999
323276209140 86 62 74115172235291321311262191118 57 22 23 5510917424029124 314KT1115323235830999999999999999 510 621729 1899999999999999
309290245189138104 99122164214263296301272217153 94 52 36 49 8513519024124 315KT1139303999999999999999999999 541 9718 3 3699999999999999
273278257221181148133139165201238268280268233185134 92 66 62 7911115119324 316KT 04027912 128099999999999999 6121321841 6199999999999999
227247248234211187170165174193217239252251235206171137109 93 9110212515324 317KT 133250122725499999999999999 6511651938 9099999999999999
18220622222822521620519519119320121122022422221419817915613512011111212324 318KT 310228131222599999999999999 8 9191212411199999999999999
14016218520622323223322621520319318818819219820521020920118316013611710624 319KT 5352341627211999999999999991130187232210699999999999999
10812214517420523325125424322219817516115916718420522323322720617313710624 320KT 6432541810233999999999999991243158999999999999999999999
 89 8910613717721925427226924721217514513013415518622024826024921617012224 321KT 72227319 226099999999999999 030 86131713099999999999999
 85 68 7410214519524327828827123418614211210512315820124527628225720915224 322KT 752289194128399999999999999 114 67134610599999999999999
 98 62 52 71112166223272298293258205150105 84 9212517322727430029225018924 323KT 819300201630199999999999999 149 521413 8499999999999999
125 72 45 50 84136197257299308281228166109 73 68 9314019825730131328623024 324KT 845309204931499999999999999 220 431440 6699999999999999
161 97 53 41 63110171236290315301253187122 72 52 6510616322728631931226824 325KT 9 9315212132199999999999999 250 4115 6 5199999999999999
202132 75 46 53 90146212273313315276212141 81 46 45 7612819325830832329724 326KT 932319215232499999999999999 319 441532 4199999999999999
240171108 65 55 79127189252303320295237165 98 50 34 53 9815822428431831324 327KT 955320222232199999999999999 347 541557 3499999999999999
271209145 94 69 78116170230285315306259190120 64 35 40 7512919125329931324 328KT1018317225231499999999999999 414 681621 3399999999999999
290240181128 94 88113158212264301307275214145 85 46 37 5910516222027129924 329KT1040309232230299999999999999 440 871646 3699999999999999
295261212162124108118152197244282298282235172111 65 44 52 8613518823827424 330KT11 2298235628699999999999999 5 71071714 4399999999999999
286271236194157134132151186225260281279250200144 96 64 56 7411015520023924 331KT1126284999999999999999999999 5361301748 5699999999999999
263266249221190166154158178206235257265254223181136 99 77 75 9112215819524 4 1KT 038268115726599999999999999 6141531837 7399999999999999
226244248239221201184176178190208226240243234212182149118 98 90 9811714524 4 2KT 145248124824499999999999999 7171761959 9099999999999999
176204226239242236222206192184184191203216225227220203176145116 96 90 9824 4 3KT 347242144722899999999999999 9331832158 9099999999999999
119150184217244259260246222195172160160173194217236244236210170127 91 7024 4 4KT 53226217 42449999999999999911281582330 6899999999999999
 70 91128173220260285286264225182145123124145180220256277273240188129 7824 4 5KT 6332891822279999999999999991228121999999999999999999999
 47 45 71118175234285312305268212154106 83 9112517623228231130526219512324 4 6KT 719313192031499999999999999 035 421315 8299999999999999
 62 29 30 65122189257311332311256185116 65 48 6811618024930934032527019224 4 7KT 8 0332201134099999999999999 127 251357 4899999999999999
114 51 21 32 76140213285333339299228147 75 29 24 5711719126933235633026524 4 8KT 837343205935699999999999999 214 201438 2199999999999999
184105 48 28 50101169244310345330271190106 38  5 14 6012820828934635732024 4 9KT 912346214335999999999999999 257 281516  399999999999999
251171100 55 50 81137205275327340303231147 68 13 -3 21 7514722930434734424 410KT 945341222535299999999999999 338 471554 -499999999999999
299231159101 73 82121177241298330317264188108 42  5  6 4110017224830933424 411KT101433123 633499999999999999 415 721629  099999999999999
318271210151110100120162215268307314282221149 82 33 15 30 7213019725930124 412KT1041316234531199999999999999 450 9917 2 1599999999999999
310287243194151128131158198242280297285243185124 73 43 40 6310515721225724 413KT11 7298999999999999999999999 5231261736 3799999999999999
282281258223187160151162188221252273273251211162117 82 67 72 9613217421424 414KT 026284113127699999999999999 5571511815 6699999999999999
244258255238214191176174184203226243251243223192159128106 9710212014617624 415KT 11825912 125199999999999999 64117319 8 9799999999999999
20522623823923221820419318919220121222122422020919217215113312312112914524 416KT 240240125422499999999999999 8 3189204112099999999999999
16719021122823823923121820319118418318819520321021320819517615513612412324 417KT 4332401557213999999999999991035183223412299999999999999
13415418020823325025324322419917616115616217719721723223322019416213311424 418KT 5462541737234999999999999991154156234510999999999999999
10912114718121824926826724821618014813012914517320623825825823619915611824 419KT 6282701830261999999999999991233127999999999999999999999
 96 9611615219523927228527223819214711310011114118222826628427524019013924 420KT 7 0285191028499999999999999 032 9313 310099999999999999
 99 81 90122169220266294294263213157109 80 7910514920325529330327923117224 421KT 729298194730499999999999999 1 9 811332 7699999999999999
118 82 75 97141195251293308288239177116 72 56 7111116722928431531027221324 422KT 756308202331899999999999999 144 7414 1 5699999999999999
150 99 74 81116168227281313308268204135 77 44 44 7512819225730832630625524 423KT 824316205832699999999999999 217 731430 4099999999999999
191131 89 77 98143200259305319293235163 95 46 29 46 9115222028432432629024 424KT 852320213333099999999999999 250 771459 2999999999999999
233170117 88 92124175232286318310264194121 61 28 29 6211618024830432831324 425KT 92032022 732899999999999999 323 861528 2499999999999999
268210153111 98116156208262304315286225152 86 39 24 42 8614521027231332024 426KT 947316224032299999999999999 355 981557 2499999999999999
292243189142115117145189238283308298252185117 62 32 33 6511517523528531024 427KT1015309231531199999999999999 4261121627 2899999999999999
302268221175140128142175217259290297271217153 94 53 38 52 9014219724928624 428KT1043298235329799999999999999 45812817 0 3899999999999999
297281247206170148146166198235267284277243191135 87 58 53 7311215920825024 429KT1115285999999999999999999999 5341441741 5299999999999999
276280264235203176161164182209238260268256224181135 96 74 72 9012316320524 430KT 041281115626899999999999999 6211601835 7099999999999999
240262267257236210187173173184203225243250243221188151117 94 87 9612115524 5 1KT 14926813 225099999999999999 7331711956 8799999999999999
192226252265262247223197177167169182202222237243234212179142111 93 9210824 5 2KT 321266145624399999999999999 9191662134 9099999999999999
139177217251273278263234199167145139151175205235256260244209165122 91 8024 5 3KT 44427816442619999999999999910491392258 8099999999999999
 93125169217261290297277237188142111103118153197242277291276235179125 8524 5 4KT 5452971759291999999999999991150102999999999999999999999
 69 82119171227278310312281226163107 72 67 9214019825630232030125118612424 5 5KT 633315185932099999999999999 0 3 691239 6599999999999999
 79 64 82126183244298326317271203130 69 37 40 7713620527332534031425718724 5 6KT 717328195234199999999999999 057 641324 3499999999999999
122 78 68 93142203265316334310249171 94 36 12 27 7414121729034134931625424 5 7KT 757334204235299999999999999 146 6714 7 1199999999999999
183121 84 82113165226286327331290219137 63 13  0 27 8215323330534734630624 5 8KT 835335212835299999999999999 232 781448  099999999999999
244177122 95103139191250302329315261185105 40  3  4 39 9917225031334433324 5 9KT 911330221334599999999999999 316 941528 -299999999999999
289229170126111128167218270310320289228152 81 29  7 20 6312419526431533124 510KT 945321225533199999999999999 35711116 7  699999999999999
311267213163132130153194241284308300258195127 68 31 24 47 9315221627330724 511KT1017309233631399999999999999 4351271643 2399999999999999
310285244198160143150177216256285293273227169112 68 46 51 7912417823127224 512KT1047294999999999999999999999 5121421720 4599999999999999
292287261225188163156169196229259275271245203155110 80 70 8111015119623724 513KT 016293111927699999999999999 5501561758 7099999999999999
264274266243213187171169182205230249256247224190153121101 9710813416820324 514KT 1 1274115725699999999999999 6351681846 9699999999999999
23425326025223421119017817618520221923223623021419116413912311912714717424 515KT 157260125623699999999999999 738176195211999999999999999
20222824625324923421419417917317618720121422322521920318215914113113414824 516KT 3 8253144922699999999999999 910173211813199999999999999
17219922524625725423921619116915715616618320322223423522320017314813313124 517KT 4192571635236999999999999991035155223613099999999999999
14416920023125626826324221017614713113114617220423325325724221317714512624 518KT 5132681742258999999999999991130129233512399999999999999
12414117221024627328126823519214911610210913517321625427727825521617213624 519KT 5542821831280999999999999991210102999999999999999999999
116120144182226266291291264217163115 84 77 9613418423627829929225921116224 520KT 630294191430099999999999999 0221151245 7699999999999999
125110121154200248287305291249190129 81 56 61 9314320225930131529725420124 521KT 7 5305195531699999999999999 1 41101319 5599999999999999
150117110130171221270305310280224156 94 51 38 5710015922328231932329424424 522KT 740312203632699999999999999 1441091354 3899999999999999
188140113116145191243290315305260193122 64 31 32 6311517924630233032128324 523KT 815316211633199999999999999 2241111429 2799999999999999
230175132116129164213264305317291232160 92 42 21 35 7713520126731633231224 524KT 850317215633299999999999999 3 311615 5 2199999999999999
268214163129124145186235282312309268203130 68 29 22 47 9615722428432232524 525KT 925316223532899999999999999 3421221542 2099999999999999
297250198154131136165207254294312294243174106 53 26 31 6611918124429532124 526KT10 1312231532299999999999999 4191301620 2499999999999999
313279233185150138151184226268298303274218152 91 48 33 48 8714120125729824 527KT1039305235831399999999999999 45813817 0 3399999999999999
313298262218177151147165198237273293288254200140 88 54 47 6710715921426324 528KT1120295999999999999999999999 5401451745 4699999999999999
295302284250209174154154172203238267282274242194141 96 69 65 8512317022024 529KT 046303121028299999999999999 6301511839 6499999999999999
262289293276244206174155153169196227254269264240200155115 89 83 9813117424 530KT 141294131827099999999999999 7341521946 8299999999999999
220259285290275244206171148142153178209239260265250218177137108 9710613424 531KT 245291144626599999999999999 85014221 2 9799999999999999
17421925928629427924620316213211912715318922725827426924320215912310611024 6 1KT 35129416172759999999999999910 6119221910499999999999999
135175220263293302285246194144106 90 9812917322126429129326822417613411124 6 2KT 45130217342959999999999999911 9 89232710899999999999999
112137178226271303310287238178119 76 59 7211016422227530931328724018714124 6 3KT 54531118383169999999999999912 4 59999999999999999999999
115116143186236283313315283224155 92 48 35 5510116222828732532829824819224 6 4KT 633318193633199999999999999 0281121253 3599999999999999
145119123153198248294320313271205131 68 27 21 4810116723729933533530124824 6 5KT 719322202934099999999999999 1221171341 1999999999999999
192146124132165211261303322305254183109 49 16 18 5210917724930933933329624 6 6KT 8 4322211934199999999999999 2131231427 1299999999999999
242187145129143178225273310319291233161 90 37 14 24 6512419326331633732324 6 7KT 84632022 533799999999999999 3 11291511 1399999999999999
282229178143136156194240284312309272210140 76 33 21 41 8514621427631932924 6 8KT 926315224732999999999999999 3451351552 2199999999999999
306263212167142144170210255292308294249187121 68 37 37 6511317323528731624 6 9KT10 4308232531899999999999999 4251401631 3399999999999999
313284239193158144156186227266293298273225165108 67 50 60 9514520125429224 610KT1039299999999999999999999999 5 214417 7 5099999999999999
306293259217178153151169202239271287281250202149103 75 70 8912717522526624 611KT 0 0306111428899999999999999 5371491742 6999999999999999
291292271236198168154159181212244267274261229186142108 91 9511915620024124 612KT 033294115227499999999999999 6151531819 9099999999999999
27128427625322018716515716518621423925625824421618114612211212014417821524 613KT 1 8284123925999999999999999 65915719 311299999999999999
24827027626524121018216315616418220622824324623721518716014013213916019024 614KT 150276134524799999999999999 75615620 113299999999999999
22325026827125923520617715714915417019321623424324022520217715614715116824 615KT 243272151624499999999999999 9 7149211314799999999999999
19522525226927225923320016814413213615418020923425125424221919216815415524 616KT 3422731642255999999999999991015132222715299999999999999
17019722825627527826223019015112211011613817220924426727326023320117115424 617KT 4392791749273999999999999991111109233215199999999999999
153170199234265285285262221173128 97 86 9812917121826028729227524220316924 618KT 5302881843293999999999999991158 86999999999999999999999
150151171205244278296290257206150101 71 66 8612617823227830630628324319924 619KT 616297193230999999999999999 0271471241 6499999999999999
163144149175214256291305290247187125 75 49 52 8213018824829632131528423924 620KT 7 1305201932299999999999999 1171431324 4699999999999999
191155140151183226270304312286232165100 52 32 44 8313820226531233231828024 621KT 74531321 533299999999999999 2 414014 7 3299999999999999
230181146138156193239284314314278215143 78 35 23 44 8915021828232633731524 622KT 830319214933899999999999999 2491371451 2299999999999999
271217168139138163205253298322312265196122 60 23 20 4910216723629933633724 623KT 914323223234199999999999999 3321351535 1799999999999999
306256201156134141173218268309325304249176103 47 19 26 6312018725731333924 624KT 958325231334099999999999999 4141331618 1799999999999999
329290237183144132147184232280315322291231158 90 42 24 40 8414421127632224 625KT1042324235333699999999999999 45613217 1 2499999999999999
336315270216167136132155194241286314312276215146 87 48 40 6411017023329024 626KT1127318999999999999999999999 5381301745 3999999999999999
324326297249197154130133159199244284306299261205145 94 65 65 9213819425124 627KT 033329121630799999999999999 6231281831 6199999999999999
297320312279231182144126132158197239275294286253205154112 90 9312016321324 628KT 115320131429499999999999999 7151251923 8899999999999999
26129731129926421817213611912514918622626228127925521617313811812014318024 629KT 2 1311142428399999999999999 815118202411799999999999999
22426529430429025621016312710811113316921024927428126623519816414414215824 630KT 255304154828199999999999999 922106213614099999999999999
190228264291300286252205155115 92 9211415119624027428928225722118616215424 7 1KT 3553001712290999999999999991030 89225415499999999999999
166193228263290300287251200146101 74 73 9513618623727930230027624020117124 7 2KT 4583001825304999999999999991134 70999999999999999999999
159167192227263292304289249193135 86 57 56 8212718224028831531529025020724 7 3KT 558304192931999999999999999 0 71591232 5399999999999999
173157164191228267298308291246185122 71 43 45 7512518524729932732429525124 7 4KT 655309202532999999999999999 1111571326 4099999999999999
204167152162192232273304313290239173108 58 34 41 7713119525931133532629124 7 5KT 747313211333599999999999999 2 61521416 3399999999999999
241192157146162197240283312314284226158 94 48 31 46 8714621227532133731824 7 6KT 835317215633799999999999999 25314615 1 3199999999999999
276224176146144167207253294318311271208139 79 42 35 6010816923529332933124 7 7KT 918319223333499999999999999 3351411542 3499999999999999
301253200158138147178222268305319299250184118 67 42 49 8413720026230932924 7 8KT 95731923 432999999999999999 4111381617 4199999999999999
315275223175143136156195240283311311279223158100 63 53 7411717423428731824 7 9KT1031315233132399999999999999 4441351648 5399999999999999
319290243194154135142171213257293308294253195136 91 69 7510715621226530324 710KT11 3308235531699999999999999 5131341717 6899999999999999
316299260212169141135153188229268293296271226173125 94 8710614419424528624 711KT1136298999999999999999999999 5431341746 8799999999999999
30730327423218715313614116520023826928427724920716312811011514017922426624 712KT 020309121228599999999999999 616135181810999999999999999
29330028425121017214513714817320523826227026023520116714313514517020524224 713KT 047301125827099999999999999 655137185813599999999999999
27329028826723419616414313814917220122925025825123320818316516016919021924 714KT 12329114 325899999999999999 747138195216099999999999999
24827128227625622519016014013414316319021724025325324322420418718018419824 715KT 211282153325599999999999999 853134211017999999999999999
22124526527527225322318815513212312914817620823725726626024422320318918724 716KT 31527617 62669999999999999910 6122224118699999999999999
19721624026227527425722418414611710411013216520324126928328026223620918824 717KT 4282771818284999999999999991112104235818199999999999999
181189210237264282283263225178131 97 82 8911715720525128630329827524120624 718KT 5342851916304999999999999991210 81999999999999999999999
180170180206239272294295270224167113 74 59 7110515521126530532231228123824 719KT 63329820 832299999999999999 05917013 3 5999999999999999
196166158173205246285310308276219152 92 50 38 5710015722128232533832027924 720KT 728313205533899999999999999 1501571353 3899999999999999
227180150146169209257300326319277209135 70 30 23 5010116623730234334932024 721KT 819328213935199999999999999 2371441442 2199999999999999
268210160133138170217270317340325272195116 51 15 17 5311118325932435835024 722KT 9 9341221936099999999999999 3211321528 1199999999999999
309248186139120135174228285332349323260178 99 39 12 24 6813320928534336324 723KT 955349225736399999999999999 4 31201611 1199999999999999
340287221160120112137183241299342349311241160 87 36 22 45 9716524131035424 724KT1039351233236099999999999999 4431101652 2199999999999999
355317257191135106110143194253308342337292222147 85 48 47 8013620327232724 725KT1123345999999999999999999999 5221031731 4399999999999999
351335287224163117100114152204260308331317271208144 96 74 8512217723729424 726KT 0 535112 833299999999999999 6 21001810 7499999999999999
33133630725519514210810012015920825929831229625520315412011012616321126024 727KT 038338125831299999999999999 645 99185211099999999999999
30132231428023017713210610412416020424828029228025021117615214816419423224 728KT 114322135929299999999999999 736102194214799999999999999
26829630529326121717113210910612215319223026127727425623020418517918820924 729KT 157305152127899999999999999 838105205217999999999999999
23626328329028025421617413711110311313917421224727127927225423121019719724 730KT 25729017 227999999999999999 956103223219699999999999999
208228250270281278258224182141110 95 9912115719924127429329227625022220024 731KT 4192821829295999999999999991117 94999999999999999999999
191196214239264282286270235188140102 81 8210614519424428631031129125722024 8 1KT 542287193231399999999999999 0 81911226 7899999999999999
190175180202233266291299282242188132 88 65 68 9714319925630232632229325024 8 2KT 650299202132899999999999999 1151751323 6399999999999999
206171158168198237276306312289240178118 72 52 62 9815121327432033732228324 8 3KT 74531321 233799999999999999 2 31581410 5199999999999999
232183151144164202248292321321287228160 98 57 45 6611117123629633533931024 8 4KT 831325213734299999999999999 2431431450 4599999999999999
260204157133139170216266310332319272205135 78 47 50 8313720126731934232824 8 5KT 91033222 734299999999999999 3181321525 4499999999999999
284227172134124144186236287325333305246175110 64 49 6811317323929833533724 8 6KT 944335223234199999999999999 3491241556 4999999999999999
303249190143119126159207260307332323278213145 90 61 65 9915421727832333824 8 7KT1015333225433899999999999999 4171181623 5899999999999999
316268209156121115137180232282319327300246181122 83 73 9514119925930933424 8 8KT1045328231433599999999999999 4421131648 7399999999999999
324284227172130112122156203253296318309270214158113 9310113618624229232424 8 9KT1114319233432999999999999999 5 71111713 9299999999999999
32629624619114411711513817722426829930628424219314912111713917822627330824 810KT1145306235632099999999999999 534112173911699999999999999
32030326321216413011612615519423527028928626122418615614315117621325328624 811KT1221291999999999999999999999 6 411618 914399999999999999
30530227523418915112812413916820223626227326724722019417617218320623426324 812KT 02130713 827399999999999999 641123184717299999999999999
28429128025321718115113413214616919822524725825724623021320219920522023924 813KT 055291142325999999999999999 735131194919999999999999999
25727027426524421518415713913314115818320923325025825825023722521621321824 814KT 147274162525999999999999999 855133215121399999999999999
22924325626426224922519416313812412413716119222425227127927425923921920624 815KT 32126418 5279999999999999991031122234420399999999999999
203212228248265272265242205164127103 9711114018022326329230429627324120924 816KT 5 327219 6304999999999999991148 97999999999999999999999
187182193218249277293288260212158109 76 68 8512417523028131732831227623024 817KT 618294195432899999999999999 0491811249 6799999999999999
188162159179215258296318312274213144 85 48 41 6711617924530534334731826724 818KT 719319203735099999999999999 1371571341 4099999999999999
210161135140171219272318343330280205126 61 24 25 6112019226833236535631124 819KT 812344211736699999999999999 2211331429 2099999999999999
246181131111127170227289341363340276191107 42 12 23 7013821729635737634924 820KT 9 0363215437699999999999999 3 21111513 1199999999999999
289215147102 94122175240308360373336262174 92 34 16 40 9516825032637337224 821KT 946374222937999999999999999 342 921555 1599999999999999
326255178114 81 86126186256324369368320242157 84 40 38 7313420828634937324 822KT102937523 037399999999999999 421 781634 3499999999999999
350289214141 89 70 90138201271333364349295221146 89 63 7612018125031535624 823KT1111365233036199999999999999 458 701710 6399999999999999
355314247175113 76 7310315421628033034532126920514710910112416922528232724 824KT1153346235834499999999999999 534 701745 9999999999999999
344324273209147 99 78 8712017022627831331829324920116214014417121225629624 825KT1239320999999999999999999999 612 77182113999999999999999
320318288240185136103 9210513617822426428829027224321118717718520723726724 826KT 026323133529299999999999999 656 9219 417799999999999999
29029928926122218014311811012014317521024226327026525023221721021222324024 827KT 05929915 327099999999999999 756110201520999999999999999
25727027426825022319116113712412513816119022024626427226925824322922021924 828KT 156274171127299999999999999 929123224321999999999999999
22423424625626125623921318115112811812214117020624227229029127925623121024 829KT 4 12611836293999999999999991113117999999999999999999999
19819921123125226927426223319415311910110212316020525229031131028825321524 830KT 549275192631399999999999999 0251971225 9999999999999999
185170175197228262289298282244193141100 80 8711616321727231332931728123424 831KT 65329820 332999999999999999 1151701316 8099999999999999
188155146162196239282312317291240178120 79 65 8212317924129733333630825924 9 1KT 740319203633999999999999999 1511461356 6599999999999999
203155129132162207259306332326284221152 95 61 61 9314520827232334532928424 9 2KT 81933421 434599999999999999 2231271430 5799999999999999
224166124112132174229285328343319263192123 74 56 7311817824530534334230624 9 3KT 853343213034899999999999999 25211215 0 5699999999999999
246183130103109144196255310344340298231159 99 64 6610015522028533334832324 9 4KT 925347215234899999999999999 3191011528 6099999999999999
268202142102 94118165223283330346323267197131 85 71 9113920026431934733524 9 5KT 955347221334799999999999999 344 921554 7099999999999999
288223158109 87 99138193252306339334294232167114 87 9413018424530233834024 9 6KT1024342223234499999999999999 4 8 871619 8699999999999999
304243177122 90 8911716522227731933231026120114811310713017522928332433724 9 7KT1052333225233799999999999999 432 85164310599999999999999
314262198140100 8810414319424729231831328023118214512913917221826530532624 9 8KT1121320231232699999999999999 456 8717 712899999999999999
316276220163119 9610012817021726129330328725321317815715617621024928530824 9 9KT1153303233431299999999999999 521 94173315499999999999999
30928424018914411410511915018922826128128226523821018918118720823626328524 910KT1232284999999999999999999999 55210518 418099999999999999
29328325521617514212312113616219322324826226325323822221120721222624325924 911KT 0 0293133426499999999999999 637120185420799999999999999
27027226124021118115513813314115718020522824525525725324523522722422523124 912KT 040272154825799999999999999 753133211322399999999999999
24024825425224322520117515113513013715518020923726027427827025423521720624 913KT 219254174827899999999999999 955130233520599999999999999
20621423024625926325222719215412310510612415719824027730130629126122619424 914KT 4472631844307999999999999991129103999999999999999999999
175175191220252280294285252202147101 74 73 9814319825530333133030125420224 915KT 610294192733499999999999999 0331731232 7099999999999999
160139146175219267308328315269202132 75 44 49 8514321027833335734229523124 916KT 7 832820 735799999999999999 1161381323 4299999999999999
168122106124168226287337358335274193113 52 26 40 8815623330736037233827324 917KT 8 0358204537399999999999999 15710614 9 2599999999999999
197128 85 80113170239310363377341268179 97 40 24 5010818226333637837031624 918KT 847378212138199999999999999 237 771452 2399999999999999
238156 89 56 66112178255330380382333253164 88 42 40 7814121829735938034924 919KT 932388215438099999999999999 316 551533 3699999999999999
279195115 59 41 66121193273345383370313233153 89 60 7311918425732536736324 920KT1015385222537199999999999999 354 411611 6099999999999999
312234152 82 42 42 79139213289349370345286215148103 9311816722829034035624 921KT1057370225335799999999999999 430 371647 9299999999999999
329267191118 65 44 5810116223029533834431326020315512913416521126330933524 922KT1138347231933799999999999999 5 5 43172112799999999999999
328287225159102 67 61 8412818224028931531128324220217216217520524328030724 923KT1222317234431499999999999999 541 60175516299999999999999
313292250197146106 86 8911214919323727028628226323821319719520722925427524 924KT1317287999999999999999999999 622 85183719499999999999999
28628126022718915412711511713315919022124626126525924623322321922323224324 925KT 013286145126599999999999999 720114195821999999999999999
25325725324222420117715614113514015417520022524726326826525424022721821524 926KT 1 425717 426899999999999999 9 413523 121599999999999999
21722423224024424022720518015513813113815618421725027528728426724221619524 927KT 4 524418162889999999999999911 1131999999999999999999999
18518720022124326126625422719015312511311914318022426629730729526522618924 928KT 549267185730799999999999999 01918412 911299999999999999
162154165191226262288293273233184137104 9410914419224529131931829124619524 929KT 643294192932299999999999999 0551541254 9499999999999999
152129131157198246289315311277223163112 83 8411216021727531833331426921124 930KT 723317195733399999999999999 1251271329 8099999999999999
156116105123164218273317334314264199136 89 72 881311892513063373332932332410 1KT 758334202234099999999999999 15210514 0 7299999999999999
168116 89 94130184245302339340302240170110 76 761081622262883323443152572410 2KT 831344204734599999999999999 219 871430 7199999999999999
188125 83 74 99148210275327349331278209142 94 76 951402012653193463322812410 3KT 9 3349211034799999999999999 245 731459 7699999999999999
212142 88 64 75116174240302343346309248180123 90 921261802423003393413032410 4KT 934350213334699999999999999 311 631527 8799999999999999
237164102 65 61 901422052703223453282802171581151021211652212793243413172410 5KT10 4345215634199999999999999 336 58155410199999999999999
260189123 75 58 741171742362933303323012481921461211261582062583043313232410 6KT1034336221833399999999999999 4 1 58162012099999999999999
279214147 94 65 68 991492052603043233092702221781471401591962412843143192410 7KT11 4323224032199999999999999 425 62164614099999999999999
291237174119 82 72 901291782292733023042822452071761611671922282642933062410 8KT113630623 330699999999999999 452 71171316199999999999999
293255202149108 87 891141541972392712872822602322051871821942172442692852410 9KT1215287233028799999999999999 523 85174718299999999999999
285265228184144115102110133165200233257268265252234217206203211226243258241010KT1316268999999999999999999999 6 7102184320399999999999999
265262245219187157133121123137159187214238254260259250237224215212215223241011KT 013266151626199999999999999 723120205921299999999999999
234243246242230209182156134123124138162192224251271279274257234211194187241012KT 2 224617 627999999999999999 92512223 418799999999999999
192206226245257257242212174137110100110137176220262293306296268228189160241013KT 43225918 43069999999999999911 1100999999999999999999999
148158184220256284294277236183129 89 73 84121172230283321331310263206153241014KT 553294184933299999999999999 0 214812 5 7399999999999999
117109129171224277317329305251182116 69 52 72119182250310348347307242171241015KT 651330192935299999999999999 0471081257 5299999999999999
109 74 76111168236301348357322254175103 55 46 75132202275336365346288208241016KT 74335920 736599999999999999 128 701344 4499999999999999
129 67 40 55105174251324370371324248165 95 54 56 95157230303356367329254241017KT 831377204336999999999999999 2 8 401428 5099999999999999
167 87 33 20 49109186269342381369314236157 95 66 80126190261326363353296241018KT 917383211836699999999999999 248 191510 6699999999999999
213126 54 13 16 57123203285351377354295222152103 90114163225289340355324241019KT10 1377215035699999999999999 327  91550 8999999999999999
255172 93 34 11 28 76144222297349359329272208152120121152201256307338331241020KT1044361222134199999999999999 4 4 11162811699999999999999
285214138 73 32 25 52104168238299334332299250199159143154188231276311321241021KT1127337224932199999999999999 441 2417 514399999999999999
298247182119 71 47 53 84132189246290309301273234198173169185214249280297241022KT1211310231829899999999999999 518 46174216899999999999999
292263216165118 86 75 86115156201242272283276255229205191191205226249266241023KT13 5283235127199999999999999 559 75182918999999999999999
271261236202165133113107115137167200230252262261250234218207204209220232241024KT1424263999999999999999999999 654107194920499999999999999
241243238225205181159141132133145165189215237254261257245229214202197199241025KT 04924316 826199999999999999 824131221119799999999999999
206215224230231223206184162145136140155178207236260272270255231206184171241026KT 3352321721273999999999999991013136233416999999999999999
170180198219240251248230201169142126127144174211248277289280255219182153241027KT 51825218 6289999999999999991126125999999999999999999999
139143164195231261277271244204161127111117143183228270298302280239191146241028KT 614278183930399999999999999 015138121411099999999999999
117110127163208254289301284244192143109 99116154203254296315303264209152241029KT 65530119 831599999999999999 0461101252 9999999999999999
107 85 93125175231282314315284232173123 95 97127176232284318321290234168241030KT 732319193532499999999999999 115 841326 9299999999999999
110 72 65 89137197259309331317272211151107 91108149205263311330313262193241031KT 8 733220 333099999999999999 143 641359 9199999999999999
125 72 48 59 99157224287330337307252188133100 991281782372923283282892232411 1KT 841339203033399999999999999 211 481431 9599999999999999
150 86 46 40 671191842523103393302882281681221031171562102673143323102532411 2KT 915341205833299999999999999 240 3815 410399999999999999
180110 56 33 46 871462132783243373122632051531201171431882412913233212792411 3KT 949337212632799999999999999 3 9 33153611499999999999999
212140 78 41 36 641141762402963273232882381861451281391722182673053192962411 4KT1022329215431999999999999999 338 3416 712799999999999999
241172107 59 39 51 901442042613043183012622161741471431642012442833063012411 5KT1056318222130899999999999999 4 7 39163714199999999999999
264205141 87 54 50 741181712252723003012782412021711561631892232592862952411 6KT1132304225129599999999999999 438 48171115699999999999999
276233177123 82 62 69 981411892352712882832602291981771701812042332602762411 7KT1215289232827899999999999999 515 61175217099999999999999
275253213166122 91 78 881151531942332612752712532292041871811882052272462411 8KT1315275999999999999999999999 6 4 78185518199999999999999
258257239209172136109 961011201511872222502672702592392151941821801902062411 9KT 024259144127099999999999999 715 96203718099999999999999
224239246241223194160130109104114139173210245269280273252222191167156159241110KT 2 624616 728099999999999999 851103221615599999999999999
176201227248258250225187147115 98101123161205248282298291261219174137119241111KT 4 52581712299999999999999991021 96232111799999999999999
122146183224262284283256210158113 87 87113157210262302318303260202143 98241112KT 52728718 2318999999999999991130 84999999999999999999999
 77 87122174231282314313280224161109 79 80112164223280322332304245173105241113KT 630318184633399999999999999 011 771227 7599999999999999
 57 41 61109174243304339335294229161105 77 84122179242300337335292219138241114KT 724343192834299999999999999 056 411318 7599999999999999
 67 22 15 47106180257322356345296228159105 83 97141200263317343326268187241115KT 81535720 834499999999999999 140 1314 6 8399999999999999
103 35 -1  4 46112191271335361343290222156109 96118164222282327339307238241116KT 9 4361204734099999999999999 223 -41452 9699999999999999
154 74 15 -9  8 57126206284339355330276212153117114141188244296329324279241117KT 952356212433299999999999999 3 5 -9153511199999999999999
206125 54  8 -3 23 77146222292335340309257199151127134165212261303320301241118KT103734322 032099999999999999 346 -4161712699999999999999
248177104 46 14 16 49103169238294323317284237188152140154188230271299301241119KT1120325223530499999999999999 426 11165714099999999999999
272218154 94 50 33 44 80132191247289304292260219181157155173204240270285241120KT12 330423 928599999999999999 5 6 33173615399999999999999
276244194141 95 66 60 76112158207250277283269240207179165167185212239258241121KT1247284234926499999999999999 546 59182116499999999999999
263251221181140107 89 89106137176214245264266253229203182171174187207226241122KT1338267999999999999999999999 631 86191917199999999999999
239241232210181151127114114128153183214239254257246227204184172170177191241123KT 044242144125899999999999999 730112204216999999999999999
206219226225213193170148133130138158184211236253257248229204180162154157241124KT 221227155025899999999999999 849129221115499999999999999
170188207223231227212188163143134139156183213241260265254229196164139128241125KT 4122321649266999999999999991011134231312899999999999999
133150177207233249248230202170143130134155186222254274275255220177137109241126KT 5272511734277999999999999991116129235610099999999999999
100111139178219253272268243205166135122131158196237272288280248200147103241127KT 62027318122899999999999999912 7122999999999999999999999
 77 76 99140190240277293281246200156125117133168213257290298276229170112241128KT 7 3293184729999999999999999 032 74125011699999999999999
 69 52 63 98150209264300307284241189144117117142184233278304299262202135241129KT 744308192230699999999999999 1 7 51133111399999999999999
 77 42 36 60108168232286315312279229175133114123156203254295310290238169241130KT 823318195731099999999999999 140 34141011399999999999999
101 48 24 32 691241902553043233072662131611251161351752252743063072712082412 1KT 9 2323203231199999999999999 215 23144811599999999999999
136 71 28 16 38 841462132753153222962491951481221241521962452893102952462412 2KT 94132321 731099999999999999 250 16152511999999999999999
176105 48 17 20 531061702362913193122782291781391241371712172632983052762412 3KT1018320214230799999999999999 325 1416 112499999999999999
217146 80 33 16 32 731301942553003152972582091641351321531912352752992922412 4KT1056315221830099999999999999 4 1 16163813099999999999999
252189121 64 29 24 50 971552162693023042792381921551361421682072472792912412 5KT1135307225729199999999999999 438 22171613599999999999999
274228167106 58 35 40 711201762312752972912622221811511401511782142482732412 6KT1217298234127999999999999999 519 3318 014099999999999999
278256212156103 65 49 59 921391902392752892792502121751501421521782092402412 7KT13 5289999999999999999999999 6 6 49185514199999999999999
260263244206159114 81 68 781081501972402712832732452091731461361431641942412 8KT 03926514 228399999999999999 7 3 6820 413699999999999999
223246254243214174134102 87 931171551982392692822732462071681361191221412412 9KT 15625415 628299999999999999 814 87212311899999999999999
171205235253253233199159124103102121155197239271286278249204157117 93 92241210KT 330256161128699999999999999 9331002234 9099999999999999
112147190231261272259225183142114107122155198242277294285249196138 90 62241211KT 45727217102949999999999999910501062334 5799999999999999
 60 84128181234275294283249201154121109123157203249287303288244181115 61241212KT 6 929418 3303999999999999991157109999999999999999999999
 31 33 64116179241290313303265213161123111126162210258296309287233162 91241213KT 711314185330999999999999999 027 28125711199999999999999
 35  7 15 53112182251304327314272216162124113131170219268304311280218142241214KT 8 7327194131299999999999999 118  6135211399999999999999
 69 15 -7  7 52116189261314334315270213158123116138180230278309307267200241215KT 9 0334202731399999999999999 2 6 -7144211599999999999999
122 51  3-11 10 60127202272321332308259201150120121148192242287310298250241216KT 948333211131199999999999999 253-12152911799999999999999
179103 39 -1 -5 24 77145219283322323292240185140119128161207255292305282241217KT1032327215330599999999999999 338 -8161111999999999999999
228157 86 32  4 11 47103170238292316306268216166131122139176222264292292241218KT1111317223129699999999999999 419  3164912199999999999999
260202135 74 32 19 36 78136198256294303281239191149126128153192234268284241219KT114630423 728499999999999999 456 19172512499999999999999
272233177118 70 43 43 69114169223267289283254212170139127138167204239263241220KT1218290234326999999999999999 530 3918 012799999999999999
268248208158110 76 62 73104149197241270277262229190156135132147175207234241221KT1249278999999999999999999999 6 3 62183813199999999999999
250248226190150114 92 88104136176216248265263243211177149134135150174201241222KT 023251132326799999999999999 640 87192713399999999999999
222234231213185154128114114131159192224248258251231201171146132131143164241223KT 11823414 725899999999999999 727112203113099999999999999
187208221222212193169148136135147170198225244252246226197166139123119129241224KT 23922315 425299999999999999 833134214611999999999999999
148173197216226224210189167152147154173198223243253247226194158126106100241225KT 41822716 825399999999999999 9551472252 9999999999999999
109132163195223240242229206180159149153170196224248258251226187144107 83241226KT 53824317 82599999999999999911141482346 7799999999999999
 77 91121160202237259261245217184157144147167197230257267255222174124 82241227KT 6372631759267999999999999991217143999999999999999999999
 58 57 79117166215256278277255219180149136143168203241269276256212156100241228KT 726281184627799999999999999 032 55131013599999999999999
 56 36 43 73121177233275295287256213170138128141172214255282282252198134241229KT 812295193228699999999999999 115 35135612899999999999999
 74 33 19 35 75130193252293306289250201155126122143182228270293285243179241230KT 855306201629499999999999999 157 19143812199999999999999
109 49 12  8 34 83145213272308311283236182137115120151196245286302282229241231KT 935314205830299999999999999 238  6151811399999999999999
