 50 36 34 47 72102132153163161149133117107104110124140153159154140119 9424 1 1KZ 81816419 515999999999999999 137 33134810499999999999999
 72 55 47 52 68 9312014415916215514112411010210211012213514414714212911124 1 2KZ 847162195114799999999999999 2 8 47143010199999999999999
 92 76 65 63 72 8911113415116015914913411810610010010611512513213513112124 1 3KZ 920161205413599999999999999 240 631525 9999999999999999
109 96 85 79 81 90105124142155159154143128113101 95 94 9710311212012512424 1 4KZ 957159222512599999999999999 316 791646 9499999999999999
120113105 98 95 98105117132147156157150138123108 95 86 82 83 8910011111924 1 5KZ1038158999999999999999999999 4 4 951820 8299999999999999
124124122117113110110115124137149155155147134118101 85 73 66 67 76 9010524 1 6KZ 041124112515699999999999999 5261101924 6599999999999999
119129134134131126120118120128140150156155146131112 90 70 54 47 51 64 8324 1 7KZ 238135122015699999999999999 7 61182011 4799999999999999
104124138147148143135126120122130142153159157147128104 76 51 34 28 36 5524 1 8KZ 342148131915999999999999999 8171202054 2899999999999999
 81108133151160159151138126120122132146158165162148124 93 60 32 14 12 2624 1 9KZ 427161141616599999999999999 9131192137 1199999999999999
 50 82115144164171167153136122117122135151166173168149118 81 43 14 -1  124 110KZ 5 617115 81739999999999999910 21172222 -399999999999999
 20 51 88126157175178168150130116113121138159175181172148111 69 29  1-1124 111KZ 544178155718199999999999999104611323 7-1199999999999999
 -4 20 57 99138168181179164142121109109122144167184187173143103 59 20 -524 112KZ 62118216431889999999999999911291072352-1399999999999999
-13  0 29 70113151176183175155131111101106124149173188188170137 95 52 1724 113KZ 6571831729190999999999999991211101999999999999999999999
 -3 -5 13 47 88129162180180166143118100 94104125152174186182162128 89 5124 114KZ 731182181618799999999999999 035 -71252 9499999999999999
 22  8 12 35 70109145170180173154129105 90 89102125150170178172151121 8624 115KZ 8 418019 517899999999999999 115  71335 8799999999999999
 56 34 27 38 63 96130158174175163140115 93 82 84 9912114315916515814011524 116KZ 834177195916599999999999999 153 271420 8199999999999999
 88 66 53 53 68 92121147166174168151128104 85 77 80 9411213114414914413124 117KZ 9 417421 114999999999999999 228 511511 7699999999999999
113 95 82 77 82 97117139158170170160141118 97 80 73 75 8510011512813413324 118KZ 933171222213599999999999999 3 1 771616 7299999999999999
126117107101101107119135151163168164152134113 93 77 68 66 73 8510011312324 119KZ10 6168999999999999999999999 3331001741 6699999999999999
127127125122121121125133144154162164159148132112 92 74 61 55 59 71 8610224 120KZ 034128104916499999999999999 41512119 5 5599999999999999
116127134137138137135134138144152158160157148133113 90 68 51 43 46 59 7724 121KZ 345138115716099999999999999 6391342011 4399999999999999
 97117134145150150146139135135140147154158158151135112 85 59 39 31 36 5124 122KZ 429151133015999999999999999 82613421 6 3099999999999999
 74 99124144157160156147136129128134143153162163155135108 76 47 26 21 3024 123KZ 457160144116499999999999999 9331282153 2199999999999999
 50 78108136156166164155140127120121130144158168168156131 98 63 34 17 1524 124KZ 52116615321709999999999999910191192234 1499999999999999
 30 56 89123150166170161146129115111117131150166175171152121 85 49 23 1124 125KZ 54517016121759999999999999910551112311 1199999999999999
 16 38 70107140163172167152133115104105117137159175179168142107 70 37 1624 126KZ 6 617216471809999999999999911261032345 1199999999999999
 12 25 54 91128156171171158138117102 96104123147168180178159129 92 57 3024 127KZ 6271731720181999999999999991155 96999999999999999999999
 16 21 43 77115148168173164144121102 91 93107131156174179170146113 78 4824 128KZ 648174175218099999999999999 015 161223 9099999999999999
 29 25 38 67103138164174169152128106 90 85 93113138161173172157131 99 6924 129KZ 7 9174182617599999999999999 044 241252 8599999999999999
 46 36 41 62 94128157173173160137113 93 82 84 97119142160167161143117 9024 130KZ 73217519 316799999999999999 110 351322 8199999999999999
 66 52 51 64 88119148168174166146122 99 84 79 8510112114015315514712910724 131KZ 755174194415699999999999999 136 491356 7999999999999999
 86 71 65 71 88112138160171169154132109 90 79 78 8710211913314314313412024 2 1KZ 821172203214499999999999999 2 1 651434 7799999999999999
104 90 83 83 93110131150164167159141120 99 84 77 78 85 9711112313113112624 2 2KZ 848168213513299999999999999 225 821522 7699999999999999
117107101 99103113126142155162160148131111 94 81 74 74 79 8810011112012324 2 3KZ 918163231812499999999999999 250 991634 7399999999999999
123120117116116120126135146154157152141125107 91 78 69 65 66 74 8610011224 2 4KZ 954157999999999999999999999 3181151814 6599999999999999
120126130132131131131133138145151152148139125108 90 73 59 50 50 58 72 9024 2 5KZ 323132104815299999999999999 5361311933 4999999999999999
108124136144147145140134132135141147151150143130111 88 65 44 32 32 42 6124 2 6KZ 4 0147122015199999999999999 7581322034 3099999999999999
 85110133151160160152141131126128136146155158153138114 84 53 28 14 15 2924 2 7KZ 430161135815899999999999999 9 81262127 1399999999999999
 54 86119147166172166152135121116121134150164171165146114 77 40 12 -1  324 2 8KZ 45917215 517199999999999999 9581162216 -299999999999999
 23 56 95134164179179165144122107105115134157176184175149112 69 29  1 -924 2 9KZ 529181155918499999999999999104110423 1 -999999999999999
  1 28 67112151178187178156128104 91 94111138167188193179149106 61 22 -224 210KZ 5581871648194999999999999991120 902343 -899999999999999
 -7 10 44 88133169187186168139108 85 77 86111144175194195177143100 57 2224 211KZ 6271891734197999999999999991158 77999999999999999999999
  4  8 31 70115155182190178152118 87 68 66 83114148177193190169134 94 5724 212KZ 653190182119499999999999999 021  31236 6499999999999999
 30 21 33 62101141172188184163132 97 69 56 61 84116149174184177156124 9124 213KZ 71918919 718499999999999999 056 211314 5599999999999999
 63 46 47 66 97132162182186172145112 80 58 51 61 8611614416316916114211724 214KZ 742186195616999999999999999 127 441354 5199999999999999
 93 75 69 78 99127154175183176156128 97 70 54 52 65 8711113314815114413024 215KZ 8 4183205015199999999999999 155 691437 5199999999999999
114100 93 95108127149167177176163142115 89 69 57 57 67 8410311913013413124 216KZ 82617822 013499999999999999 217 931532 5699999999999999
125118113113119130144158168170164151131110 90 74 64 61 66 77 9110411412124 217KZ 849170999999999999999999999 2291131650 6199999999999999
124126127129132136143150156160159153142129113 97 81 69 61 60 67 78 9010324 218KZ 9171609999999999999999999991835 60999999999999999999999
115125134140143144144144145147148148146141133121104 86 68 56 51 55 66 8224 219KZ101614899999999999999999999920 0 51999999999999999999999
 99117134146152152148141136134135138142146147141128109 85 62 46 40 45 6024 220KZ 435153134214799999999999999 9 513421 0 4099999999999999
 80104128147158160154143131123120124133143153156150132107 78 51 35 31 4024 221KZ 445160145315699999999999999 9491202146 3199999999999999
 60 87117143160166160147130116108110120135152164165153129 98 65 39 25 2724 222KZ 5 016615371669999999999999910191082223 2499999999999999
 43 70104135159170167153133113 99 96105122145164174170151120 85 52 29 2124 223KZ 5161701613175999999999999991045 962256 2199999999999999
 31 55 90126155171172159138114 94 85 90107132158176180168141106 70 40 2424 224KZ 5331741646181999999999999991111 852326 2299999999999999
 25 44 77115149171177166144118 93 78 77 90115145170183179160128 91 58 3524 225KZ 5501771718184999999999999991136 752354 2799999999999999
 27 39 66104141168179173153125 96 75 67 74 96127157177183172146113 79 5124 226KZ 6 818017501839999999999999912 2 67999999999999999999999
 37 40 61 94131163180179162134103 77 62 63 79106138164178177159132100 7124 227KZ 627182182418099999999999999 020 361228 6099999999999999
 52 48 61 88122155176181169144112 83 63 56 65 87116145165173165145118 9124 228KZ 648182185917399999999999999 045 481256 5699999999999999
 71 62 67 86115146169180174153123 92 68 55 57 72 9612314616016215113110924 229KZ 7 8180193616399999999999999 1 8 611324 5499999999999999
 89 78 78 90112138161174174159133104 78 60 55 62 7910212414215114913812224 3 1KZ 730176201915199999999999999 131 761355 5599999999999999
106 95 92 98113132152166170162142116 90 70 58 58 67 8310111913213813612824 3 2KZ 751171211313999999999999999 151 911434 5799999999999999
119111107109117130145157164161148128104 84 69 61 61 68 79 9410812012612724 3 3KZ 815164224712799999999999999 2101071530 6099999999999999
125123122123126132140149155156150138120102 85 72 64 60 62 69 80 9410611724 3 4KZ 844156999999999999999999999 21112217 8 6099999999999999
125130134137138138139141144147147143134122108 93 78 64 54 50 54 64 79 9724 3 5KZ 93214899999999999999999999919 3 50999999999999999999999
114130142150151148142137134135138141142140133120102 81 60 43 35 37 49 6924 3 6KZ 349151115614299999999999999 8161342019 3499999999999999
 93119142158164161150137125120122129139149153149134111 82 53 30 19 23 4024 3 7KZ 4 816414 415399999999999999 9131202115 1999999999999999
 67100133159173173162142121106102109125144162171166146115 79 44 19  9 1724 3 8KZ 431175151017199999999999999 95210222 3  999999999999999
 40 76116152176183174152124 99 84 85100126154177187178152115 74 37 13  724 3 9KZ 45518316 2187999999999999991027 832245  799999999999999
 22 54 95138172188185164133 99 73 63 71 97131166190197183153112 69 34 1624 310KZ 52018916491979999999999999911 2 632324 1499999999999999
 18 40 78122162187192177146107 72 49 46 65 99139175197199181147107 67 3924 311KZ 5441931735201999999999999991138 452359 2899999999999999
 28 39 69109150181194186160121 81 48 32 39 65105146179195192171138102 7024 312KZ 6 81941820196999999999999991213 32999999999999999999999
 51 51 70102140172191191172137 96 58 32 25 40 7111114817518517915812910024 313KZ 63019419 618699999999999999 032 481250 2599999999999999
 79 70 79102134164185191179152115 77 45 27 28 48 7911514516417016214412224 314KZ 651191195217099999999999999 1 1 701327 2599999999999999
104 93 94107131156176186181162132 98 66 43 33 39 58 8511313614915214513324 315KZ 711186204415299999999999999 126 9114 9 3399999999999999
121112110116131150166176176165144117 90 67 51 45 51 66 8710712313313613324 316KZ 730178215713699999999999999 1471101458 4599999999999999
129125124127134145156164167161149131111 92 75 63 58 61 70 83 9711011912524 317KZ 748167999999999999999999999 1521241611 5899999999999999
129132134137140143148152153151145136126114101 88 76 67 64 67 75 86 9811024 318KZ 8 015399999999999999999999918 2 64999999999999999999999
122132140145146145143140139137136134132129123113 99 84 70 61 60 66 78 9324 319KZ 4 31469999999999999999999991938 60999999999999999999999
111128142151153150142133126122122126131137139135123105 84 65 54 52 60 7624 320KZ 353153135513999999999999999 9271222039 5199999999999999
 96119140154159155145130116108107113123137148152145128104 78 56 45 47 6024 321KZ 4 3159145215299999999999999 9391072123 4499999999999999
 82109135155164162150131112 97 92 97111130149161162149125 96 68 47 40 4724 322KZ 41616515321639999999999999910 1 922159 4099999999999999
 68 97128154168169156135111 90 79 80 94117142163173167147117 85 57 41 4124 323KZ 43217016 7173999999999999991024 782231 3999999999999999
 57 85119149170175164142114 88 69 65 76 99129158176179165139106 74 50 4224 324KZ 4481751640180999999999999991048 6523 1 4299999999999999
 50 75108143169179172151121 89 65 53 58 79111144171183179158128 94 66 5024 325KZ 5 61791713184999999999999991112 532328 4899999999999999
 50 68 99134164181179160130 95 65 47 45 60 90125158179184172147115 85 6424 326KZ 5241821746184999999999999991137 432355 5699999999999999
 57 67 92125157179183169140105 71 46 37 45 69103139167181178161134105 8124 327KZ 54418318201829999999999999912 2 37999999999999999999999
 68 71 89117149173183175151116 80 51 35 35 53 82117148169176167147122 9924 328KZ 6 4183185517699999999999999 020 671228 3399999999999999
 83 80 90113140165179177159128 93 61 40 33 42 64 9512615116516615413511524 329KZ 624180193316799999999999999 045 791256 3399999999999999
 99 92 97112134156172175163139106 74 50 37 37 51 7510212814715515314212724 330KZ 644175201615699999999999999 1 8 921327 3599999999999999
114106106115131149163170164147120 91 65 48 41 45 60 8110312313714314113424 331KZ 7 5170211414399999999999999 13110514 5 4199999999999999
126120118122131143154161161151132108 84 65 53 48 52 63 79 9611212513213424 4 1KZ 727162231013499999999999999 15411815 1 4899999999999999
134132131132134140146151153149139124106 88 73 62 56 55 60 71 8510011412624 4 2KZ 753153999999999999999999999 2221311634 5599999999999999
135140143143142140139139140141139134125114100 86 72 60 53 52 59 72 9010924 4 3KZ 230144 84714199999999999999 6161391835 5199999999999999
128143152155152144135128124125128133136136129117 99 79 60 46 42 48 64 8724 4 4KZ 256155122513699999999999999 8191241955 4299999999999999
113138156165164153137120108104109120134146152148133110 83 57 39 34 43 6424 4 5KZ 32016614 715299999999999999 8561042052 3499999999999999
 93126154171175164144118 95 82 82 95117141162171165146117 84 54 36 33 4724 4 6KZ 34417515 817199999999999999 929 812139 3299999999999999
 74110145171183176155124 91 67 57 65 88120153177186177153119 83 53 38 4124 4 7KZ 4 818315591869999999999999910 3 572221 3799999999999999
 61 95133166186186168136 97 61 39 36 54 87128165189195182154118 83 57 4824 4 8KZ 4321881647195999999999999991038 342259 4899999999999999
 58 85121157184192181151111 68 34 18 24 52 93137174194196179150116 85 6624 4 9KZ 4561921733197999999999999991113 172334 6399999999999999
 65 82112147177193190166128 84 43 15  7 23 58102144177192189170143113 9024 410KZ 5201941819193999999999999991149  7999999999999999999999
 80 87109139169189193178146105 62 27  7  8 31 6811014817318317615813511324 411KZ 54319319 518399999999999999 0 7 801226  599999999999999
 99 97110133159180189183160125 86 49 22 11 19 44 8011614516416916214713024 412KZ 6 6190195216999999999999999 038 9613 5 1199999999999999
117110115130150170181181167141108 75 46 28 24 35 59 8811713915115414813924 413KZ 628182204515499999999999999 1 71101346 2399999999999999
129123122130143158169172165149125 99 73 53 41 41 51 70 9211312913814113924 414KZ 65017222 114199999999999999 1341221435 3999999999999999
136132131133139148155159157148134116 98 80 66 57 56 63 75 9110712012913424 415KZ 7 9159999999999999999999999 2 21311540 5699999999999999
137138138138138140143144144140134125115104 92 80 71 67 68 76 8810111412524 416KZ 7211459999999999999999999991714 66999999999999999999999
135141144144141137133130129128127126125122115104 92 79 71 68 73 84 9911424 417KZ 2191449999999999999999999991849 68999999999999999999999
129142149150146138128119113112115120127132133127114 98 82 70 66 71 8410224 418KZ 241150133613399999999999999 8461121955 6699999999999999
122140152156152142127111100 95 98108121135144145136119 98 79 66 63 72 9024 419KZ 259156143414699999999999999 9 4 952043 6399999999999999
112135153162160148129108 90 80 80 91109130148157154140119 95 74 63 64 7924 420KZ 318162151715799999999999999 928 782122 6299999999999999
102128151166167156135110 85 68 63 71 91117143162168160140114 89 70 63 7124 421KZ 337168155516899999999999999 952 622157 6399999999999999
 92119147167173165144115 85 61 49 52 70 99131158173174160136108 83 69 6924 422KZ 3571731631176999999999999991017 482229 6799999999999999
 84110139164177173154124 90 59 40 36 50 77112146171181174155128100 80 7224 423KZ 41717717 6181999999999999991043 3523 0 7299999999999999
 80102130158176178164135 99 64 37 26 32 56 90128160179182170147119 95 8124 424KZ 43818017411829999999999999911 9 262329 8099999999999999
 82 96122150172180172147111 73 41 22 21 37 67105141168180177161137112 9424 425KZ 5 01801817181999999999999991135 192358 8899999999999999
 88 96115141165179176157125 87 51 26 16 24 47 8111815017017616815012810924 426KZ 52218018541769999999999999912 4 16999999999999999999999
 98 99112134157173177165138103 67 37 20 19 33 60 9312615216616715714112324 427KZ 545177193516899999999999999 026 971235 1799999999999999
111106113128148165173168149120 85 54 32 22 27 44 7110112814815815714813624 428KZ 6 9173202415999999999999999 0551061312 2299999999999999
124117117126141156166167156134105 76 51 35 30 37 54 7710212414114914914324 429KZ 635168212915099999999999999 1271161356 3099999999999999
136129125127135146155159156143123 99 76 57 44 40 46 59 78 9811713314214524 430KZ 7 515923 914699999999999999 2101251455 4099999999999999
144140136132133136142146148144134120102 85 69 56 51 52 61 75 9311212914124 5 1KZ 750148999999999999999999999 3261321617 5099999999999999
148150147140134130128129132134135132125113 99 83 69 59 56 60 72 9011013024 5 2KZ 049150 94413599999999999999 6 51281757 5599999999999999
146155157151140127116110110115123131137137129115 98 79 65 57 59 72 9211624 5 3KZ 139157122913799999999999999 7351091917 5799999999999999
139156164162149131111 94 86 88 99116134147152146131110 88 69 60 62 7710124 5 4KZ 214165135715299999999999999 819 852017 5999999999999999
128153169172161140113 86 66 60 68 88115141161168161143119 94 73 65 70 8924 5 5KZ 24317215 016899999999999999 856 6021 6 6599999999999999
116145168179173153123 88 57 39 38 54 84119151173180171151124 98 79 73 8324 5 6KZ 311179155518099999999999999 933 362150 7399999999999999
106135162181183168139101 61 30 16 23 48 86127161182187175153126101 86 8524 5 7KZ 3391841645187999999999999991011 162231 8399999999999999
100126154177188181157119 76 37 10  3 18 51 93135168186187174151125104 9524 5 8KZ 4 71881733189999999999999991049  22310 9499999999999999
100118144170186188172140 98 55 19 -1  0 22 5910214217118418216714612410924 5 9KZ 4361901820185999999999999991127 -3234710499999999999999
105115135160179188181158122 80 41 11 -1  7 33 7111114616917717215814012324 510KZ 5 518819 61789999999999999912 7 -1999999999999999999999
114115128149169181182168141105 68 35 13  8 21 48 8411814616316716114913524 511KZ 533183195216899999999999999 0221131248  899999999999999
123119124139156170176170153125 93 62 37 23 23 38 64 9412214315515715114124 512KZ 6 2176204115799999999999999 0581191331 2199999999999999
132125124131144157165165156138114 88 64 46 37 40 54 7610112313914814814424 513KZ 631166213714999999999999999 1351241417 3699999999999999
138131127128134143151154151141126108 89 72 58 52 55 67 8510512313614314424 514KZ 7 3154224914499999999999999 2211271510 5299999999999999
142137132128128131135139140137131121109 95 82 71 66 68 77 9110812313514224 515KZ 747140999999999999999999999 3331281614 6599999999999999
144143138131126123121122124126127125122115104 93 82 76 76 83 9511112613824 516KZ 0 2144 94912799999999999999 6 11211732 7599999999999999
146148145137128119111106106110116122127128124115103 91 83 81 87 9911613224 517KZ 054148124412899999999999999 7301061846 8099999999999999
145152152145133119105 94 88 91100112124134138134124110 96 86 84 9110512324 518KZ 13215314 013899999999999999 811 881946 8399999999999999
141153158154142124104 86 74 71 79 95114132145149144131114 98 87 87 9611424 519KZ 2 3158145414999999999999999 843 712035 8699999999999999
134151162162151132107 83 64 54 58 74 97122144157159150134114 97 89 9110524 520KZ 231163153916099999999999999 913 542117 8899999999999999
125146162168161142115 86 59 42 40 52 76105135157168166153133112 96 91 9924 521KZ 258168162016899999999999999 941 392155 9199999999999999
116138158170169153127 94 62 37 26 32 52 83118148168175168151129109 96 9624 522KZ 3241711658175999999999999991010 262230 9599999999999999
109129152169174164140107 70 39 20 17 31 59 95131159175177165146123106 9924 523KZ 3511741736178999999999999991040 1623 4 9999999999999999
105121143163175172154123 85 49 22  9 15 36 6910714216717817415913911910624 524KZ 4191761815178999999999999991112  9233810399999999999999
104115134156172176165140104 66 32 11  7 19 46 8111814916917516815213311624 525KZ 4491771856175999999999999991147  6999999999999999999999
109112126146165175173155125 88 52 24  9 10 27 56 9112515216717016114512924 526KZ 520176194017099999999999999 0121081226  899999999999999
117113120136154168173165143111 77 45 23 13 19 38 66 9812815116316315414124 527KZ 553173203016499999999999999 05011313 9 1399999999999999
127119118127142156166166155132103 73 47 29 23 30 49 7510413014915815815024 528KZ 631167212615999999999999999 1331171358 2399999999999999
139127120121129141152158156145126101 76 54 40 36 43 60 8310713014815615524 529KZ 719158222615799999999999999 2261201452 3599999999999999
148137126119119124133141146146139124105 85 67 54 50 56 70 8911213314915624 530KZ 829147232315799999999999999 3351181554 5099999999999999
155148135123113109111118126134139137129115 98 82 70 65 68 79 9711813815324 531KZ1014139999999999999999999999 5 810917 7 6599999999999999
159157146130114100 93 92 99111124135140137127113 98 85 78 79 8910612714624 6 1KZ 01216012 914099999999999999 634 911823 7899999999999999
159164157142122100 82 71 70 80 98118136146148141128113 99 90 9010011713724 6 2KZ 054164134014999999999999999 732 691931 8899999999999999
156167167156135109 81 59 47 49 65 90116140155159154141124109 99 9911012824 6 3KZ 133168145315999999999999999 820 462028 9899999999999999
148165173169152125 92 60 36 26 34 56 8611914616416916314913111510610812024 6 4KZ 211173155616999999999999999 9 4 26212010599999999999999
139159173177167144111 74 40 17 11 25 53 8812415417117616815313411811011524 6 5KZ 249178165017699999999999999 946 1122 711099999999999999
129149167179178163134 96 57 23  4  5 24 56 9513216017617816815113311811424 6 6KZ 3271801738179999999999999991029  2225211499999999999999
121138157174181175154121 81 43 13  0  6 29 6410413916417617516314612911824 6 7KZ 4 51821822177999999999999991112 -1233411699999999999999
117127145164177180168143108 69 34 10  3 14 41 7711414616617316815513812424 6 8KZ 44218119 3173999999999999991154  3999999999999999999999
117120133151168177174158130 96 60 31 13 12 27 56 9012415016516715914513024 6 9KZ 519178194016799999999999999 0131161236 1099999999999999
119116123137155168172165146118 86 57 33 22 25 44 7310413315316115914913624 610KZ 554172201616299999999999999 0511161317 2199999999999999
124116116125140154164164153134108 81 57 40 34 42 62 8911714015315715214124 611KZ 631165205215799999999999999 1291151357 3499999999999999
129118114116126139150155152142124103 81 62 51 49 60 7910412714415315314624 612KZ 712155212915499999999999999 2101131437 4999999999999999
135123115111114123132141144141132118102 85 71 64 66 77 9411513514815315124 613KZ 8 414422 815399999999999999 3 01111519 6399999999999999
142131119111107109114122129133132127117105 93 83 78 81 9110612414015115324 614KZ 922133225215399999999999999 4 910716 9 7899999999999999
149139127115105100 99102109117124127126121113103 95 91 9310111513114515324 615KZ1117128233715499999999999999 544 991713 9199999999999999
154148136122108 96 87 84 88 9710912012813112912311410610110110812113614924 616KZ13 8131999999999999999999999 659 84182910199999999999999
155154146132115 97 82 71 68 75 8810512113313913913312411410810711412714124 617KZ 023156142714099999999999999 748 68193710699999999999999
153157154143125104 82 64 53 54 65 8510712714215014914213011811011011813224 618KZ 1 7158152615199999999999999 827 52203210999999999999999
147157160153138115 88 63 44 37 43 61 8611213615316015714713211911111312324 619KZ 150160161316099999999999999 9 3 37211911099999999999999
138153162162151129101 70 43 26 24 37 60 9112114716316816214713011711111624 620KZ 231163165416899999999999999 939 2322 211199999999999999
129145160168163146118 84 51 25 13 16 35 64 9813115717117216214412611411124 621KZ 3111681734173999999999999991016 12224311199999999999999
120135154168172163139106 68 34 11  4 13 37 7110814116517617215813912111124 622KZ 3501721814176999999999999991056  4232411199999999999999
113125143162174174159130 93 55 23  4  1 15 44 8011815017017616915213211624 623KZ 4311761854176999999999999991139  0999999999999999999999
110115130150169178173153121 83 46 17  2  4 23 54 9112815717317416314512524 624KZ 512178193517599999999999999 0 51101223  199999999999999
112108117135155171177169146113 77 43 18  8 14 36 6810413716117216915513624 625KZ 556177201517299999999999999 04710813 8  899999999999999
118107106118136155169172162139108 75 46 26 20 30 53 8411714516417016314724 626KZ 644172205517099999999999999 1311051353 2099999999999999
128110101103116133150162163153133106 78 54 40 38 50 7310112915216516615624 627KZ 740164213316799999999999999 2191001437 3799999999999999
138118102 95 97109125140151153146130108 86 68 58 60 72 9311714015816616224 628KZ 847154221016699999999999999 313 941522 5799999999999999
149130110 94 86 88 97112127139144141130114 98 85 79 82 9311013114916216524 629KZ10 7144224816599999999999999 418 861611 7999999999999999
158142122101 84 75 74 82 96113128137139134124113104 9910111012414115616424 630KZ1143139232916599999999999999 534 731714 9999999999999999
164154137115 93 74 61 58 66 8110112013414114113612812111511512113314715924 7 1KZ1330142999999999999999999999 647 58183411499999999999999
165163152133109 84 61 46 42 51 69 9311513414615014814113312512312713815024 7 2KZ 01716515 615099999999999999 748 42195312399999999999999
161166163151130103 74 48 31 28 40 62 8811513815316015815013912912512913924 7 3KZ 113166161516099999999999999 842 2821 012599999999999999
151162168165151127 96 64 36 19 19 33 59 8912014516216716315213912712312824 7 4KZ 21216817 316799999999999999 932 17215712399999999999999
139153165171166150122 87 53 25 11 14 32 61 9512815416917116314913312211924 7 5KZ 3 81711742171999999999999991019 10224611999999999999999
126140156169174166145114 77 43 18  8 15 38 7110713916217216915714012411524 7 6KZ 35617418161729999999999999911 4  8232711499999999999999
115126143161173175163137103 67 35 14 10 23 50 8512115016817116314712911424 7 7KZ 4381761845171999999999999991146  9999999999999999999999
108113128148166176172155127 92 58 31 16 18 37 6810313615916916615213411724 7 8KZ 517176191217099999999999999 0 41081224 1599999999999999
105104114133153169174166145115 82 52 31 23 32 56 8912315016516715714012124 7 9KZ 554174193816899999999999999 0371031259 2399999999999999
106 99103117137156167168155133104 75 51 37 37 52 7911114016016716114612724 710KZ 63116920 316799999999999999 110 991331 3599999999999999
110 98 95103120139154161158144122 97 73 56 49 55 7410113015216516415313524 711KZ 711161202916699999999999999 144 9514 2 4999999999999999
116100 92 93104119136148152147133114 94 76 66 65 76 9612014416016515914424 712KZ 757152205716599999999999999 222 911433 6499999999999999
125107 94 88 91101115128138141137126111 97 85 80 84 9611413415216216215224 713KZ 854141212816399999999999999 3 8 8815 5 8099999999999999
135117100 89 85 87 95106118128132130123114104 98 9610111212614215516015624 714KZ10 813222 316099999999999999 4 7 851544 9699999999999999
144128110 95 84 79 79 85 9610912012612812612111611211111412213314615515724 715KZ1154128224315799999999999999 526 78164411199999999999999
150138122105 89 77 69 68 74 8610111412513113313212812412112212713614615324 716KZ14 5133233315499999999999999 642 67182412199999999999999
153147135118 99 81 65 55 54 62 77 9511312813814314313913212612412813714624 717KZ1526144999999999999999999999 740 53195012499999999999999
152153147134115 92 70 51 40 40 51 70 9311613514915515314513412612312713624 718KZ 036153161415599999999999999 829 38205412399999999999999
147154156150134111 83 56 34 24 27 43 67 9512314616116515914613212211912524 719KZ 145156165216599999999999999 916 24214611999999999999999
137150160163154134105 72 41 19 10 17 38 6710113415817117116014212511511524 720KZ 24616317281739999999999999910 2 10223211499999999999999
124140157169171159133 98 61 28  6  1 13 38 7411214617017817215513411610724 721KZ 33917218 3178999999999999991048  1231510799999999999999
110124145165178177161130 91 51 18  0 -2 15 46 8612615917818016714612210424 722KZ 4281801837181999999999999991134 -32356 9899999999999999
 98106126150173184180159125 84 45 15  0  4 27 6210414217018217615813210824 723KZ 5151851910182999999999999991217 -1999999999999999999999
 92 91104128155176185178154119 79 44 18 10 20 47 8412315717718016814411724 724KZ 6 3185194118199999999999999 036 891258 1099999999999999
 93 81 85103129156175181171146113 78 48 30 28 44 7310914316817917415512824 725KZ 653181201017999999999999999 117 801336 2699999999999999
101 80 73 81101127151168171161138110 81 59 49 53 7310113215817417616414024 726KZ 746172203817799999999999999 159 731411 4899999999999999
113 87 70 67 77 97121142156159150132110 89 75 72 8210112514916717516915224 727KZ 84415921 517599999999999999 245 661445 7299999999999999
127101 78 65 63 73 90111129142146140128114102 96 9710812414215917017016024 728KZ 952146213417199999999999999 338 621518 9599999999999999
142118 94 74 62 59 66 80 9811612913513413012311811611912613815116216716424 729KZ112513522 916799999999999999 447 59155611699999999999999
153136115 93 74 60 54 57 68 8510311812813413613513413213313614315115816124 730KZ141013623 116199999999999999 610 54172613299999999999999
158149135116 94 73 56 46 46 57 74 9311112713914614814614213713614014615224 731KZ1559148999999999999999999999 728 45194413699999999999999
155156150138119 96 71 49 37 36 47 66 8811213314815615715214313413013213824 8 1KZ 034156163615899999999999999 832 3521 813099999999999999
146154158155143122 94 65 41 27 28 41 63 9111914315916516115013612512012424 8 2KZ 21015817 416599999999999999 927 2622 312099999999999999
133145157164161146120 88 56 31 20 24 41 6810113215516716715714112411311124 8 3KZ 3131651729169999999999999991015 19224311099999999999999
118132150165171164144113 78 46 23 16 25 49 8211714716617116414712711010124 8 4KZ 4 01711752171999999999999991056 16231710199999999999999
104117138158173175163136102 67 37 19 19 35 65102136162172169153132111 9624 8 5KZ 4401761813173999999999999991132 172347 9299999999999999
 93102122146167178174155125 90 56 32 22 29 54 88125155172172160138114 9524 8 6KZ 51517918331749999999999999912 5 22999999999999999999999
 85 88105130155173178168144112 78 50 33 32 48 78114147169175166146121 9724 8 7KZ 550178185417599999999999999 016 841234 3099999999999999
 82 78 89111138161173172157131100 71 50 42 49 7210513816417517115412910324 8 8KZ 625175191517699999999999999 045 7813 2 4299999999999999
 83 73 77 93117142161168162144119 92 70 57 57 72 9912915617317416213911224 8 9KZ 7 2168193717599999999999999 115 731328 5599999999999999
 89 74 70 79 98121142156158149132110 90 75 71 78 9712214716617316714812324 810KZ 74415920 117399999999999999 147 701353 7199999999999999
 98 79 69 71 82100120137147147138123107 94 87 8810011813915716816715513324 811KZ 831148202616999999999999999 222 681418 8699999999999999
110 89 74 69 72 83 9811512913613612912011010310210711813314816016415714224 812KZ 928137205416499999999999999 3 5 69144410299999999999999
121101 84 72 68 71 80 9210611912612812612211811611712213014015015715614724 813KZ1052128212715899999999999999 4 3 68151211699999999999999
132115 97 82 71 66 66 71 82 9610911912512913013113013013113514114715114924 814KZ1433131221215199999999999999 530 65163713099999999999999
141129114 97 81 68 58 55 59 70 8510111612813814314314113713313313714214624 815KZ1541144233014799999999999999 658 55193013399999999999999
146142132118 99 79 60 46 40 44 57 76 9811913815015615414613612912713113824 816KZ1611156999999999999999999999 8 6 40204912799999999999999
145149149141124101 74 49 31 24 30 47 7210112915116416615814412911911712424 817KZ 125150164016799999999999999 9 2 24214111799999999999999
135149159161151130100 67 37 17 11 20 43 7511114316717617115513411510510724 818KZ 24216117 817699999999999999 952 11222310499999999999999
118137157172174161133 97 59 26  6  4 18 48 87127160179181168144118 98 9024 819KZ 3391751736183999999999999991038  223 2 9099999999999999
 97116143168184184166133 92 51 19  3  6 27 63106147176187179156126 97 7924 820KZ 43018618 4187999999999999991121  12339 7599999999999999
 76 90118150178192188165129 87 48 19  9 19 47 88130166186186168138104 7624 821KZ 51719318311889999999999999912 1  9999999999999999999999
 61 66 88121156182193185160123 84 49 28 26 43 76116154180188178151117 8224 822KZ 6 5193185618899999999999999 017 611237 2499999999999999
 57 49 61 89124158180187176151117 84 58 45 51 74108143171186183163131 9624 823KZ 653187192018799999999999999 054 491311 4599999999999999
 64 46 44 62 91125154172175163140113 89 72 69 8210613616318018417114611324 824KZ 742176194418499999999999999 133 431341 6999999999999999
 80 54 42 46 65 92121144158159149132113 98 92 9611113315517218017515713024 825KZ 83616020 718099999999999999 216 4114 8 9199999999999999
100 73 53 45 50 67 8911213114214313812811911211212013314916317217216214424 826KZ 942144203117399999999999999 3 5 45143211299999999999999
120 96 74 59 52 55 66 8210011612613113213012812813013614415316016316015024 827KZ1139132205916399999999999999 412 52144012899999999999999
136118100 82 67 58 55 61 73 8810211512513313814014114214214414715015114924 828KZ2148151999999999999999999999 546 55999999999999999999999
144136124108 91 73 59 52 53 63 77 9411112714014815114914413913513513814024 829KZ16 5151999999999999999999999 719 51202913599999999999999
143145142133117 96 74 55 44 44 54 71 9311613615115815714913812712212212724 830KZ 058145162015999999999999999 829 43212712199999999999999
135145152152141122 96 69 47 36 38 51 7310012815016216415614112411210711124 831KZ 229153163816499999999999999 921 3522 110799999999999999
122138153162160145120 89 60 38 29 36 55 84116145163169162146125107 96 9624 9 1KZ 32116316561699999999999999910 3 292230 9499999999999999
106125147165172164143113 79 49 31 28 42 69103136161172169153130106 88 8224 9 2KZ 4 01721713173999999999999991039 272257 8299999999999999
 90109134159175177162135101 67 41 30 35 58 91127157174174160136109 86 7324 9 3KZ 4361781731176999999999999991110 292324 7299999999999999
 74 91117147171181175154123 88 58 39 36 51 81117151173179168144115 87 6824 9 4KZ 5 91811750179999999999999991140 352350 6299999999999999
 63 73 98129158177181168142110 78 54 44 51 74108143169181174153123 92 6824 9 5KZ 54318218 81819999999999999912 7 44999999999999999999999
 56 59 79108140165178174157129 99 73 58 57 73101134163179179162134101 7324 9 6KZ 617178182818199999999999999 017 551233 5699999999999999
 55 51 63 88119147167172163143118 93 75 69 77 98126155174179168144112 8224 9 7KZ 653172184918099999999999999 044 511257 6999999999999999
 60 49 54 71 97126149162162150131110 92 83 85 99121146166176171152124 9424 9 8KZ 731163191017699999999999999 113 491321 8299999999999999
 69 54 51 60 80104127145152150138122108 98 9610411913915716916915713410724 9 9KZ 813153193217099999999999999 143 501342 9699999999999999
 81 63 54 56 67 8510512313614113812912011210911212113514916016415814211924 910KZ 9 5141195616499999999999999 220 5314 210999999999999999
 96 76 63 58 60 70 83 9911412513013012712412312312713414215015515414613024 911KZ1027130202315699999999999999 310 58141712299999999999999
112 94 78 67 61 61 66 76 8910211412312813213413613613713914214514714513824 912KZ21 4147999999999999999999999 432 60999999999999999999999
127113 99 84 71 61 56 56 63 76 9110712213414314814714413913513413513813924 913KZ1524148225813999999999999999 626 55195113499999999999999
137132123109 92 73 56 45 42 49 64 8410712914715816015414313112312112413124 914KZ1544160999999999999999999999 748 42205212199999999999999
139145145137120 97 71 48 32 28 37 57 8511514316317016615213311510510511424 915KZ 13214616 717099999999999999 847 28213010499999999999999
130146159162152130 99 67 38 21 19 33 60 95131161177177163140114 93 84 9024 916KZ 245163163117999999999999999 936 1822 5 8499999999999999
108133158176178164135 99 61 31 16 19 40 74114152178186175151119 88 68 6524 917KZ 3391791655186999999999999991020 152240 6499999999999999
 79107141172189189169136 96 58 30 20 30 58 97139172189186164130 92 61 4524 918KZ 42819217201909999999999999911 0 202316 4599999999999999
 50 74111151182197192169133 93 58 37 34 52 85125163187192176144104 65 3724 919KZ 5151981744193999999999999991137 332352 2999999999999999
 29 43 76117157186197188162128 92 64 51 57 81116152181193185159121 79 4324 920KZ 6 219718 8193999999999999991212 51999999999999999999999
 22 23 45 81123159182188177153123 95 76 72 85112144172189189171138 99 6024 921KZ 649189183119199999999999999 029 201244 7199999999999999
 31 18 26 52 88125155172174163142120101 92 96113138163181187177153119 8324 922KZ 738175185318799999999999999 1 8 181313 9299999999999999
 51 30 24 36 61 9212214515715714813512111211011913515517117917616113610724 923KZ 832159191517999999999999999 150 24133911099999999999999
 77 53 39 37 47 67 9111413114114213813212712412713514815916716816114612524 924KZ 943142193716999999999999999 239 3614 112499999999999999
103 81 64 52 50 56 70 8710411712713213513513613613914314915315515314613524 925KZ1958155999999999999999999999 346 50999999999999999999999
122108 92 77 66 60 60 67 79 9310711913013814314514414214114014013913813624 926KZ1511145999999999999999999999 524 59999999999999999999999
133127118105 89 74 63 58 62 72 8610312013614715215114513712912412312512924 927KZ1521152999999999999999999999 7 3 58205312399999999999999
134138138130115 96 76 60 53 56 68 8610812914715715815113812411210710811624 928KZ 125139153615899999999999999 811 53211610799999999999999
128140149149139120 95 71 54 48 54 71 94120144160164157142123105 93 91 9924 929KZ 231150155216499999999999999 859 482140 9199999999999999
115134152161158142118 89 64 48 46 58 81110139160169165149126102 84 76 8124 930KZ 31516216 916999999999999999 938 4522 5 7699999999999999
 98122147165171162140111 80 57 46 51 70 99131158172172157132104 79 65 642410 1KZ 3531711627174999999999999991011 452231 6399999999999999
 79105135161176175159132101 72 53 50 63 89122153173177165141109 79 58 512410 2KZ 4271781645178999999999999991042 492256 5199999999999999
 60 84117149173182174152122 91 67 56 61 82113146171181173150118 84 57 422410 3KZ 5 118217 4181999999999999991112 552322 4199999999999999
 45 64 96131162179181167141112 85 67 65 79105138165181179160129 93 61 402410 4KZ 5351821723182999999999999991139 642348 3499999999999999
 35 47 74109144169180174156130103 83 74 80100129158177181167140105 70 442410 5KZ 61018017441829999999999999912 6 74999999999999999999999
 32 36 56 88122152170174163143120 99 86 86 99123149170179172150117 82 532410 6KZ 64517418 417999999999999999 014 311231 8599999999999999
 35 32 44 69100130154165163151132114100 96103119141161173172156129 97 662410 7KZ 722166182517599999999999999 042 311255 9699999999999999
 45 35 39 55 80108132149156151140126114107109119136153165169160139111 822410 8KZ 8 4156184716999999999999999 112 35131810799999999999999
 59 44 41 48 65 871091281401441411331251201181231331461561621581451241002410 9KZ 85814419 916299999999999999 149 40134311899999999999999
 77 60 50 48 55 69 86103119130135135133131130130134140147152152146134116241010KZ1034136193515399999999999999 239 48141612999999999999999
 98 81 67 58 55 58 66 79 94109122131137140141140138138139140141141137129241011KZ1348141202014199999999999999 359 55165513899999999999999
118105 91 77 65 57 55 59 69 84102120135146151151146139132127126128131133241012KZ1427152232713399999999999999 554 55195312699999999999999
133129119105 88 70 56 48 50 60 79102125145158162157144129116108108114125241013KZ1453162999999999999999999999 721 48203210799999999999999
137145145136119 96 72 52 41 43 57 81110138160171168154132109 92 84 89105241014KZ 134146151717199999999999999 822 4121 5 8499999999999999
126147161163152130101 72 49 38 43 63 93126156175178166141110 82 63 61 75241015KZ 241164154117999999999999999 910 382139 6099999999999999
101132160177179164136103 71 49 42 52 78112147174185178154119 82 51 37 43241016KZ 33418016 618599999999999999 954 422213 3699999999999999
 67102141173190188169139104 73 54 53 70100136169188188168134 92 52 25 17241017KZ 4241911630190999999999999991033 512249 1799999999999999
 32 66109151182196190169137104 78 65 71 94126160185193182152110 65 28  6241018KZ 5121961656193999999999999991111 652327  499999999999999
  8 31 71116157185194185163134105 86 81 94120151178192190168131 87 44 13241019KZ 5591941721194999999999999991146 81999999999999999999999
  0  9 38 80123158180185175154130109 97100117142168186191178150111 70 34241020KZ 647185174719199999999999999 0 5  01220 9699999999999999
 10  5 19 50 88125154170172162145128114110118136157176184180162132 97 62241021KZ 737173181218599999999999999 046  4125211099999999999999
 34 18 18 34 62 94124145157157150139128122123132147163173174165145119 90241022KZ 832158183717599999999999999 130 16132412199999999999999
 63 43 32 35 49 72 96119135144145142137132130132140150159162159148132112241023KZ 94514619 216299999999999999 219 3214 113099999999999999
 91 72 57 49 51 61 77 95112126135139140139137136137140144146146143135125241024KZ1156140192814799999999999999 322 49151113699999999999999
113100 85 72 64 62 67 78 93108121132140144144141137134131130130130130129241025KZ1332144999999999999999999999 446 62999999999999999999999
126120111 98 85 73 68 69 78 91107122136146150148141132123116113114118124241026KZ14 8150999999999999999999999 618 67201611399999999999999
130133131122108 92 77 69 69 78 93112130146154155148135120106 97 95101112241027KZ 1 9134143215699999999999999 728 682042 9599999999999999
126138144142130113 93 77 68 70 82101123143157162155141121101 85 78 82 95241028KZ 214145145316299999999999999 819 6721 8 7899999999999999
114134150156150135113 91 74 68 74 91114138158167164149126101 78 64 63 75241029KZ 3 1156151416799999999999999 9 1 682134 6299999999999999
 97123147162165155135110 87 72 71 82105131155170171158134105 76 55 47 55241030KZ 341166153517299999999999999 937 7022 1 4799999999999999
 76106136161172170154130105 83 74 78 96123149169176167145113 80 52 36 37241031KZ 4191731556176999999999999991011 732227 3499999999999999
 55 84119151172178169149123 99 82 79 91114141165178174155124 88 55 32 252411 1KZ 4541781618179999999999999991043 792254 2599999999999999
 36 62 98134163178178164141116 95 85 89107133158176179165137100 63 35 202411 2KZ 5291801640180999999999999991113 852321 1999999999999999
 23 43 75112146170178172155132110 95 93103125150171179172149114 77 44 222411 3KZ 6 517817 3179999999999999991141 922349 1799999999999999
 17 28 55 89125154171173163144124107 99104119141163176175158129 93 58 312411 4KZ 64117417271779999999999999912 9 99999999999999999999999
 19 21 39 68102133156166164152136119109108117134154169174164142110 76 472411 5KZ 720167175217499999999999999 020 18123710799999999999999
 28 22 30 51 79109135152159155144131120115118130145160168165151126 96 672411 6KZ 8 5159181716899999999999999 054 2213 811599999999999999
 44 31 30 41 61 86111132146151148140131125123128138150158160154138115 892411 7KZ 9 3151184716199999999999999 135 29134812399999999999999
 66 49 40 40 50 67 881091271401451451411361311301331391451501491421291112411 8KZ1026146192615099999999999999 228 39145113099999999999999
 92 74 59 50 49 56 69 861051231371451481461411351311291311331361371351272411 9KZ12 4148205113799999999999999 338 49165812999999999999999
116101 86 72 61 57 59 69 84103123139150154152143133123116114116121128133241110KZ13 4154233313399999999999999 5 8 5719 211499999999999999
133127116101 85 71 62 61 69 85107129148159161154140122106 94 91 96109124241111KZ1342162999999999999999999999 637 601952 9199999999999999
137145143133116 96 78 66 64 73 92116140160169165150128103 80 67 67 79101241112KZ 121145141316999999999999999 743 632031 6599999999999999
125147159159148129106 85 71 70 81104130156172175164140108 76 51 40 46 67241113KZ 231161144317699999999999999 836 6821 9 3999999999999999
 98131158173173160138112 90 77 79 95120148171182177156123 84 48 23 17 32241114KZ 330175151218299999999999999 922 762147 1799999999999999
 62101139169183181166142116 95 86 92112138165183187173142102 59 23  3  4241115KZ 42318415421889999999999999910 5 862226  099999999999999
 27 64107147176188183166142117100 96107129156179190185162125 81 38  6 -8241116KZ 5131881613191999999999999991046 9623 6 -899999999999999
  1 30 71115153178187180162139118106107122145169186190177148108 64 25 -1241117KZ 6 218716451919999999999999911251052348 -899999999999999
 -8  7 39 81122155175180171154135119112118135157177187183165132 93 53 21241118KZ 64918017171879999999999999912 3112999999999999999999999
  2  2 20 53 91127154169170161146131121119128144163177181171150118 83 50241119KZ 736171174918199999999999999 031 -1124111899999999999999
 25 13 17 37 67100129150160159151140129123124134149163170169157135108 79241120KZ 825161182117199999999999999 115 12132012299999999999999
 54 36 29 35 54 80107130145152151144136128125128136147156158154142124103241121KZ 918152185515899999999999999 2 1 2914 512599999999999999
 82 63 50 46 53 69 90112130142147146141134128125127132139143144140131119241122KZ1018147193914499999999999999 251 4615 812599999999999999
104 89 74 64 62 68 81 98116131141145145141134127123121122125128129129126241123KZ1124146211513099999999999999 348 6217 112199999999999999
119110 98 87 78 75 79 89104120134143148147141132123115109107109114119124241124KZ1219148999999999999999999999 457 7519 110799999999999999
127125119109 98 89 84 86 95110126139149153149140128114101 92 90 94103114241125KZ 01412713 115399999999999999 614 841952 8999999999999999
125133135129119107 96 90 91101116133147156157149135117 98 82 73 73 83 98241126KZ 144135133615899999999999999 720 892028 7199999999999999
117133143145139127112 99 93 95107125142156162159145125101 78 61 54 61 78241127KZ 24414614 816399999999999999 814 922059 5499999999999999
101124144155155146131114100 95101116135153165166156135108 79 55 41 41 56241128KZ 332156143816799999999999999 859 952129 3999999999999999
 80109136156165162149130112100 98108126146163170165147119 86 56 34 26 35241129KZ 41316515 617099999999999999 939 972158 2699999999999999
 57 88121149166171163147126109100103117138158171172159133 99 63 34 18 19241130KZ 45117115351739999999999999910151002228 1799999999999999
 36 65100134160173173160141121106102111129150168176169147114 77 42 18 102412 1KZ 52717516 31769999999999999910481022259 1099999999999999
 19 42 76113146167175170154133115106108121141162175176161132 95 57 26  92412 2KZ 6 317516331779999999999999911211052333  699999999999999
  8 24 53 89125154170173163146127113108115132152170177171149115 77 43 182412 3KZ 64117417 3178999999999999991154108999999999999999999999
  7 13 34 65101134158169167155138123113113124142160173174161135100 65 352412 4KZ 721170173617699999999999999 0 9  7122911299999999999999
 16 11 22 45 77110139158165161149134121115119131148163171167150123 90 592412 5KZ 8 5165181117199999999999999 049 1113 811599999999999999
 35 21 20 34 58 87117141157161156144131121118123135148159163156139114 872412 6KZ 854161185316399999999999999 132 19135511899999999999999
 61 41 31 33 47 70 961221431551581521421301201171221311411491511461321122412 7KZ 947158194915299999999999999 219 31145411799999999999999
 90 69 53 46 49 61 811041261451551571511401271171121141201281361401381302412 8KZ1040157211614099999999999999 313 45161411299999999999999
116 99 82 68 62 64 75 91112132149158158150137122108100 981021101211311352412 9KZ1130159231113599999999999999 415 621751 9899999999999999
133125112 98 86 79 79 87101120140155162159148131112 94 81 76 80 93109125241210KZ1216162999999999999999999999 530 7819 2 7699999999999999
137141137127115102 94 91 97111130148162167161145123 98 74 57 52 59 77101241211KZ 1 0141125816799999999999999 648 911955 5299999999999999
124142151150142130116105101107121140157169171161140111 80 52 33 30 43 67241212KZ 227152134017299999999999999 7551012041 2999999999999999
 97127149162163155141125112108115130149166176174159132 97 61 30 12 14 32241213KZ 336164142317799999999999999 8521082126 1199999999999999
 63 99132158171172163146129116113122139158174182176155122 82 42 12 -2  5241214KZ 43417315 518299999999999999 9431132210 -299999999999999
 29 64104139165177176164146128117117128146166181185173147109 67 28  1 -7241215KZ 52317815471859999999999999910301152255 -799999999999999
  4 33 71112147170179175160141125116119133153172184184167137 97 55 20 -2241216KZ 6 717916271869999999999999911141162339 -699999999999999
 -5 11 43 83122153172176168152134120115122139159176184178157124 85 47 17241217KZ 64817717 6184999999999999991155115999999999999999999999
  2  4 25 59 97132158171169158142126116115126144163176179168144112 76 44241218KZ 724172174317999999999999999 021  0123311499999999999999
 20 12 20 44 77112141160166161148132119112116129147163171169155131101 71241219KZ 759166181917299999999999999 1 1 12131111299999999999999
 45 29 27 40 65 96126148160160152138124114111117130146157161156141120 95241220KZ 831162185716199999999999999 139 26135011099999999999999
 71 52 43 46 62 86113137153158154144130118110109116128139147149143130112241221KZ 9 3158194214999999999999999 216 42143510999999999999999
 93 76 63 59 66 82104127145155156149138125113107106112120128134135131122241222KZ 937157204513699999999999999 252 59153310699999999999999
110 97 85 78 77 85 99118136149156154146133120109102100102107114121125125241223KZ1015156222912599999999999999 332 7717 210099999999999999
121114106 98 93 94100112127142152155152143130116104 94 88 88 92101111119241224KZ1059155999999999999999999999 425 931838 8799999999999999
124125123117112107106110119132145153155151141126110 94 81 73 72 79 91105241225KZ 051125114815699999999999999 5471061938 7199999999999999
118128134134130124117114115124136148155156150138120100 80 64 56 57 68 86241226KZ 231134124115699999999999999 7131132021 5599999999999999
105124137145145140131122116118126139151158158150133111 86 63 46 40 46 63241227KZ 333146133215999999999999999 8181162058 4099999999999999
 86111133149156154145133121116119129143155162160147126 97 68 43 28 27 40241228KZ 417156141816299999999999999 9 91162134 2699999999999999
 63 92121145160164158145130118114120133149162167161143114 81 49 25 14 19241229KZ 45416515 016799999999999999 9521142210 1499999999999999
 39 68101133157169169158141124114114124140157170172160135100 63 30 10  5241230KZ 52817115391739999999999999910311132247  599999999999999
 17 42 77113145167174168152133117110114128148167177174156124 85 47 17  1241231KZ 6 117416191789999999999999911 81102326 -199999999999999
