 71 45 30 28 40 63 92121144155154142124107 94 89 9410612213614614613511624 1 1L7 923156203214799999999999999 239 2715 0 8999999999999999
 91 66 47 38 42 58 81107131147152146132115 99 89 87 9310411813013613512424 1 2L7 956152211913799999999999999 313 381546 8799999999999999
106 86 67 55 51 59 75 96118136146146138124108 94 85 84 89 9911112112612524 1 3L71031148221912799999999999999 349 511642 8499999999999999
117103 88 75 67 67 75 90108125138144141131117102 88 80 78 82 9010111111824 1 4L71110144234312099999999999999 431 661750 7899999999999999
119115106 96 86 81 81 88100115129139142138127112 96 81 71 67 70 79 9110324 1 5L71156142999999999999999999999 526 8019 2 6799999999999999
114119120115108 99 93 93 97107119131140142137125108 89 71 59 54 57 67 8224 1 6L7 134120124814299999999999999 639 9220 9 5499999999999999
 99114125129127120111103100102110122134142144138124103 80 59 44 38 42 5524 1 7L7 311129134514499999999999999 8 510021 6 3899999999999999
 76 98119135142140131119108102103111124138147149141123 97 69 44 27 21 2824 1 8L7 417142144214999999999999999 9201012157 2199999999999999
 47 73102129147154150137121107100102112128144154155144120 89 55 27  9  624 1 9L7 5 71541535156999999999999991019 992244  599999999999999
 17 42 76110140159164155138118102 95 99114133152163162146116 79 41 10 -724 110L7 55016416251649999999999999911 7 952329 -999999999999999
 -6 12 43 83121152169169155133110 94 89 98117140161171166144109 66 26 -424 111L7 6311711713171999999999999991150 89999999999999999999999
-18-12 12 50 93133162174168149123 99 84 84 97121147168176166139 99 54 1424 112L7 7 9175175917699999999999999 012-181232 8299999999999999
-14-22-10 20 62107145169174162137109 86 76 80 98125152171175161130 88 4324 113L7 746175184517699999999999999 055-221313 7599999999999999
  6-16-18  0 35 78121154171168150123 95 75 68 77 99126152169169152119 7824 114L7 823172193217199999999999999 136-201356 6899999999999999
 37  6 -9 -4 18 54 95132158167158136108 82 66 63 75 9712414716015813910824 115L7 859167202216199999999999999 217-101441 6299999999999999
 72 38 15  7 17 41 75111140158159146122 95 72 59 59 72 9311713714714412724 116L7 935161211614799999999999999 257  71531 5799999999999999
101 72 47 31 30 42 65 94123144153149133110 85 65 54 55 66 8510512313213024 117L71011154222013299999999999999 338 281627 5399999999999999
118 99 79 62 53 55 67 86109129143147140123102 79 61 50 49 58 73 9110711724 118L71050147234512099999999999999 421 521734 4999999999999999
119114103 91 81 76 78 87101117132140141133118 97 76 58 46 42 48 60 77 9424 119L71134142999999999999999999999 512 761851 4299999999999999
107115116113106100 96 96101110121131137137130116 96 74 54 40 34 37 48 6624 120L7 147117123113899999999999999 626 952010 3499999999999999
 85103116124125121115109106107113121130136138131117 96 72 50 33 24 27 3924 121L7 340125134013899999999999999 8141062117 2499999999999999
 59 83106124134136132123114108107111120131139141135120 96 69 43 24 15 1924 122L7 447137145014299999999999999 9421072211 1599999999999999
 35 59 87114134145145136124111104103109121134145148140121 93 62 34 14  824 123L7 52914615481489999999999999910381022257  899999999999999
 16 37 66 98127146152147134117103 96 98108124141152154142118 86 52 23  624 124L7 6 21521637155999999999999991118 952337  399999999999999
  4 18 45 79114141155156144125106 92 88 94110131149160157140110 74 39 1324 125L7 6311571720161999999999999991153 87999999999999999999999
  1  6 28 60 97131153160153134111 92 81 82 95116139157164156132 98 60 2724 126L7 657160175916499999999999999 012  01225 8099999999999999
  5  1 15 43 80117146161160144120 96 78 73 80 99124147162163148119 82 4524 127L7 723163183516599999999999999 044  01256 7399999999999999
 17  4  9 31 64102136158163152130104 81 68 69 83106131152162157135103 6624 128L7 748163191016299999999999999 114  31327 6799999999999999
 34 13  9 24 52 88123150162158139113 87 69 63 70 89113137153157145119 8624 129L7 813162194415799999999999999 142  91358 6399999999999999
 54 29 18 23 44 76110139157159146123 96 74 62 62 74 9511813814914613010424 130L7 838160201914999999999999999 210 171430 6099999999999999
 74 48 32 30 43 68 98127148156149130106 82 65 58 63 78 9911913514013311624 131L7 9 2156205814099999999999999 237 2915 4 5899999999999999
 93 69 51 44 49 66 90116137149148136115 92 72 59 57 65 80 9911612712912224 2 1L7 926150214412999999999999999 3 6 441543 5799999999999999
107 89 72 62 61 70 87107127140144138123102 82 66 56 56 64 78 9310711611824 2 2L7 953145224811999999999999999 337 601631 5599999999999999
114104 92 82 77 79 88102117130138137129113 95 77 62 54 53 59 70 83 9610624 2 3L71027139999999999999999999999 415 771737 5399999999999999
111112108102 97 94 95101110120129133132123110 93 76 60 50 46 49 57 70 8524 2 4L7 033112111513399999999999999 514 9419 5 4699999999999999
 99110116118116112107105106111118125130130124112 96 76 57 42 34 34 42 5624 2 5L7 259118123113199999999999999 7101052032 3399999999999999
 76 96114126132130124115107104106113122130134131119100 76 51 30 18 16 2624 2 6L7 41513214 513499999999999999 9 71042139 1599999999999999
 46 72100124140146141129114102 96 98108122135143141128104 73 41 15  0 -124 2 7L7 5 11461520144999999999999991013 962233 -299999999999999
 14 41 75109138154156145126105 90 84 90105126144155152135104 66 28 -1-1624 2 8L7 53915716201569999999999999911 0 842319-1799999999999999
-13  9 43 84123152165161142116 91 74 72 83106133155167161137 99 55 14-1524 2 9L7 6131661711167999999999999991141 71999999999999999999999
-26-16 13 55100140165171157130 99 72 58 61 80110141165174164134 91 44  324 210L7 647171175917499999999999999 0 2-261220 5799999999999999
-23-27 -9 27 73119155172168146113 79 54 45 55 80114147171176160125 80 3424 211L7 719173184517699999999999999 042-281259 4599999999999999
 -2-20-16  9 49 95137165172158128 92 59 38 36 52 82118150169170150114 7124 212L7 750172193117299999999999999 120-221338 3599999999999999
 30  2 -7  5 34 75117150167164142108 72 43 28 32 52 8411814716115813610324 213L7 820168201816299999999999999 156 -71419 2799999999999999
 66 34 16 15 33 63100133156161149123 89 57 33 25 32 54 8411413714714212224 214L7 84916221 814899999999999999 232 1315 2 2599999999999999
 95 67 46 37 43 63 90118141153150133106 75 48 31 26 35 55 8110512313112624 215L7 91815422 613199999999999999 3 6 371549 2699999999999999
112 93 76 65 63 72 89109128142145136118 94 68 47 33 31 38 54 73 9310811524 216L7 947145232311599999999999999 339 621646 3099999999999999
114107 98 90 85 87 95106119130136134125109 89 69 51 39 35 39 49 63 79 9324 217L71019136999999999999999999999 415 8518 2 3599999999999999
103108110108106104105108114120125127125119107 92 75 58 45 37 36 41 53 6824 218L7 15111011 712799999999999999 5111041940 3599999999999999
 84 99110117120119117114112112114117121122120112 99 82 63 46 34 29 33 4424 219L7 413120125512299999999999999 83311121 6 2999999999999999
 62 82102118128131128120112106103105111119125126121107 87 64 43 27 21 2624 220L7 45513114461269999999999999910 410322 5 2199999999999999
 41 63 89112130139137128115103 94 93 98110123133136130112 87 59 34 18 1424 221L7 5211391552136999999999999991043 922249 1499999999999999
 23 44 73102127143145137121103 88 81 84 96114131144146135111 80 49 23  924 222L7 5431461639147999999999999991113 812324  899999999999999
 11 28 56 90121143152146129107 86 72 70 80 99122143154151133103 67 35 1224 223L7 6 51521719155999999999999991141 692354  599999999999999
  5 15 41 75111140156155139114 88 67 58 64 82107134154160150124 89 52 2224 224L7 62615817541609999999999999912 8 58999999999999999999999
  6  8 28 61 99134156162150125 95 68 52 50 64 89119145161160142110 72 3724 225L7 648162182716399999999999999 022  41236 4999999999999999
 13  7 20 49 87124152165158136105 74 51 42 49 71101131154162153128 92 5624 226L7 71016519 016299999999999999 049  713 3 4299999999999999
 27 13 18 40 75112144162163146116 83 55 39 39 54 81113140156157141111 7624 227L7 731165193215999999999999999 115 131331 3799999999999999
 45 26 23 37 66101133156162151126 94 63 41 34 42 64 93122144153146125 9624 228L7 75216320 515399999999999999 140 221358 3499999999999999
 66 44 34 41 62 92123147158153133104 73 48 34 35 49 7310112614114413311124 229L7 812158204114499999999999999 2 5 341427 3299999999999999
 86 64 51 51 64 86113136150151138113 84 58 39 33 39 57 8010412313213112024 3 1L7 833152212313399999999999999 231 4915 0 3399999999999999
102 84 70 65 71 86106126141146139121 97 71 50 38 36 44 60 80 9911412111924 3 2L7 856146222112199999999999999 259 651541 3599999999999999
111100 89 83 83 90103117130137136126109 88 67 50 41 39 46 58 73 8810110924 3 3L7 923138999999999999999999999 331 821640 3999999999999999
112110106101 98 99103111119126129127118104 87 70 55 44 39 41 48 60 74 8924 3 4L7 0 211210 512999999999999999 422 981814 3999999999999999
101110115117115112109108110113118121121117108 95 78 61 45 34 30 33 44 6024 3 5L7 254117113712299999999999999 65110820 4 3099999999999999
 80100116127131127120110103100102108116122124119107 87 64 41 24 15 17 3024 3 6L7 4 1131134912499999999999999 9 91002121 1499999999999999
 52 79106128141143134119102 90 85 89100115129137134119 94 63 33 10 -1  324 3 7L7 43814415161379999999999999910 4 852215 -299999999999999
 21 51 86120144155150133109 86 71 67 77 97120141152148129 96 58 22 -4-1324 3 8L7 5111551616153999999999999991045 6723 1-1399999999999999
 -4 22 60102137159163149122 91 64 50 52 69 98129154166158133 93 50 11-1324 3 9L7 54216417 8166999999999999991123 482342-1899999999999999
-17  0 34 78122155170164139103 67 41 31 40 67103139166175162130 86 41  524 310L7 61217017551759999999999999912 1 31999999999999999999999
-13-10 15 55101142168172155120 79 43 20 17 35 69110148172176158122 78 3624 311L7 642174184117799999999999999 020-151238 1699999999999999
  6 -4  8 39 82125158173166138 97 55 22  6 11 36 75117152172170148112 7124 312L7 710173192617499999999999999 057 -41316  599999999999999
 36 16 15 35 68108143166168150116 74 35  9  1 13 42 8112015016415813510224 313L7 738170201216499999999999999 132 131354  099999999999999
 69 45 34 42 64 96129153164155130 94 56 24  5  4 20 50 8511814115014212224 314L7 8 416421 015099999999999999 2 5 341433  299999999999999
 97 74 59 58 70 92117140153153138111 78 46 22 10 14 31 57 8611112813312624 315L7 829155215413399999999999999 237 571516 1099999999999999
113 97 84 78 82 94111128141145138121 97 70 46 29 22 26 40 59 8110011311724 316L7 85414523 911799999999999999 3 6 7816 7 2299999999999999
115109102 97 97101110120129133132124109 91 72 54 41 35 37 45 57 73 87 9924 317L7 919134999999999999999999999 336 961718 3599999999999999
107111112112111111113115118121122120114106 94 80 66 54 45 42 44 51 63 7824 318L7 2 4112 95412299999999999999 42411119 7 4299999999999999
 92104114120122120117113110109109111112113110103 92 78 62 49 41 39 45 5724 319L7 4 1122123811399999999999999 9211082046 3999999999999999
 74 93110123130129123114105 98 95 97104112118120115103 84 64 47 35 32 4024 320L7 42613014491209999999999999910 1 952144 3299999999999999
 57 79102122135137131118102 89 82 82 90104118129132125108 84 59 39 27 2924 321L7 4461381549132999999999999991027 812225 2699999999999999
 42 65 93119137145140125104 85 71 67 74 90111130142142129105 76 49 29 2224 322L7 5 51451632144999999999999991052 672257 2299999999999999
 31 52 81112138151150135111 85 64 54 57 72 96122143153147127 97 64 37 2224 323L7 52415217 8153999999999999991117 532326 2199999999999999
 23 41 70104134154158146121 91 63 45 42 54 78108136155159145118 83 51 2824 324L7 5451591742159999999999999991143 412353 2199999999999999
 21 32 59 93128154164157133101 68 43 31 37 59 90123150163158137104 69 4124 325L7 6 516418151639999999999999912 9 31999999999999999999999
 26 29 50 82118148165164145113 77 45 27 25 41 70105137159164151124 90 5824 326L7 626167184816499999999999999 019 251235 2499999999999999
 37 32 45 73107140162167154125 88 53 28 18 27 51 84119147162159140110 7824 327L7 647168192016399999999999999 046 3213 2 1899999999999999
 53 42 47 67 98130154165158135101 64 34 18 18 35 64 98130151158148126 9824 328L7 7 8165195515899999999999999 112 411329 1699999999999999
 72 56 54 67 91120145159159142112 77 45 23 16 24 46 7710813314814813611424 329L7 728161203215099999999999999 138 531358 1699999999999999
 91 74 66 71 88111135151155145123 92 60 34 20 20 33 57 8411013013913612424 330L7 749155211613999999999999999 2 6 661431 1899999999999999
107 92 82 81 90106125140148145130106 78 51 33 24 27 41 62 8510512012712524 331L7 813148221712799999999999999 235 801513 2499999999999999
117107 98 94 96104116129137139132117 96 73 52 38 31 34 44 60 78 9510811724 4 1L7 843139999999999999999999999 312 941613 3199999999999999
119117113109106107111117123128128122111 95 77 60 46 38 36 41 51 66 83 9924 4 2L7 0 0119 93212899999999999999 4211061746 3699999999999999
112120124123119114109107108111116119118113103 89 72 55 41 33 32 39 54 7424 4 3L7 220124112611999999999999999 7111071934 3199999999999999
 95114128135134126114103 95 92 96104114121123117103 83 60 39 25 21 28 4624 4 4L7 321135134412399999999999999 853 922052 2199999999999999
 71 99124141147140125105 86 75 73 81 97115130137133116 90 61 34 16 12 2224 4 5L7 35814715 913799999999999999 941 722148 1299999999999999
 46 78112139155155140115 87 64 51 54 70 95122143153147126 94 58 28 10  924 4 6L7 43015716 9153999999999999991021 512234  799999999999999
 25 56 94130156166156131 96 63 38 29 39 64 98132157167157130 93 55 24 1024 4 7L7 5 116617 0167999999999999991059 292316  999999999999999
 14 38 74114149169169149113 72 36 15 12 30 64105143168175160129 89 52 2524 4 8L7 5301721749175999999999999991137 112355 1799999999999999
 17 29 58 97136165175164133 91 47 13 -3  3 30 70114152175176157124 85 5224 4 9L7 6 01751835178999999999999991214 -3999999999999999999999
 32 32 50 83121154173172151112 67 25 -3-11  3 36 79123157174171149117 8324 410L7 628175192017599999999999999 032 301252-1199999999999999
 57 46 53 75108140164172161131 90 47 11 -9 -9 11 47 8812715616716013811024 411L7 65617320 616799999999999999 1 7 461330-1199999999999999
 84 67 64 76100127152165163144111 72 35  7 -4  2 25 58 9512714815414612724 412L7 723167205315499999999999999 141 6314 9 -599999999999999
106 89 81 84 98118139154158148126 95 61 32 13  8 17 39 67 9712113614013324 413L7 750158214614099999999999999 213 801451  899999999999999
120107 98 95101113128140147145132111 85 60 39 26 24 33 50 72 9411212412724 414L7 817147225712799999999999999 246 951540 2499999999999999
124118111107108112120128133135130119103 84 66 51 42 40 45 57 72 8810311424 415L7 846135999999999999999999999 3261071645 4099999999999999
120121120118116115115117119121122119113103 91 78 65 56 51 52 58 69 83 9724 416L7 1 4121 93712299999999999999 5 51151822 5099999999999999
110119125126124119114109107106108111113113109102 90 77 64 55 52 56 66 8124 417L7 249126122711499999999999999 8381061958 5299999999999999
 98114126132132126116105 96 91 92 98106115120120113 99 82 66 54 50 54 6824 418L7 326133142812199999999999999 921 9121 0 5099999999999999
 86107125137140134121104 89 78 76 81 93109123131131121103 82 63 50 48 5724 419L7 350140152813299999999999999 950 752143 4799999999999999
 75 98122139148144130109 87 69 61 63 76 96117135143139124101 77 57 47 4924 420L7 4121481612143999999999999991017 602218 4699999999999999
 65 89116139153154141118 91 66 50 47 57 78105130148153143122 95 69 51 4724 421L7 4331561651153999999999999991044 462249 4799999999999999
 57 79108136156162153130 99 68 45 34 39 58 87118144159158142115 86 62 5024 422L7 4551621727160999999999999991111 342319 4999999999999999
 53 70 98128154166163143112 76 46 27 25 39 67101133157166158136106 78 5924 423L7 51816718 2166999999999999991139 242349 5499999999999999
 54 65 89119147166169155125 89 53 27 16 23 46 80116147165167153127 98 7324 424L7 54117018371699999999999999912 7 16999999999999999999999
 61 64 82109138161170163139103 65 33 14 12 28 58 95130156168163144117 9124 425L7 6 4171191316899999999999999 018 601235 1199999999999999
 73 69 79101128153167167149118 80 45 19  9 16 38 7210713915916415513410924 426L7 628169195016599999999999999 048 6813 5  999999999999999
 89 78 81 96119143160166156131 97 61 31 13 10 24 50 8311514115615614412524 427L7 652166203215899999999999999 119 781339  999999999999999
105 91 87 95111132150160157141114 81 49 25 14 17 34 60 8911713814814613524 428L7 719161212114899999999999999 151 871417 1399999999999999
120106 98 98107122138150153146127101 72 46 27 20 26 42 65 9011313013813824 429L7 751153222413999999999999999 229 9715 4 2099999999999999
130120110105106113124135142143134118 95 71 50 35 29 33 46 64 8610612213224 430L7 833143235013499999999999999 32110516 6 2999999999999999
134131124116111109112118125131131126114 97 78 59 45 37 37 46 61 8010011824 5 1L7 941132999999999999999999999 4501091727 3699999999999999
131136135129120110104102104111118123124118106 90 71 54 42 38 43 56 76 9924 5 2L7 121137113612499999999999999 6551021857 3899999999999999
120135143142133118102 90 84 86 94107119127128120104 83 62 45 38 41 55 7724 5 3L7 222144133412999999999999999 816 842013 3899999999999999
103128145152147131109 86 69 62 66 81101121136141134117 92 67 47 38 42 5924 5 4L7 3 5152145614199999999999999 9 8 622112 3899999999999999
 85115141157160148123 93 64 45 40 49 71100128148155147127 98 70 49 41 4824 5 5L7 340161155915599999999999999 952 4022 2 4199999999999999
 69 99130156168163141108 71 40 22 21 38 68104138160167157132101 72 53 4824 5 6L7 4141681653167999999999999991032 192247 4899999999999999
 60 85117147168173159128 88 48 17  4 10 34 72113148170175161134102 75 5924 5 7L7 4461741743175999999999999991112  32329 5799999999999999
 59 75103135162176172149111 67 27  1 -7  7 38 80122157176176159131101 7824 5 8L7 5181771830179999999999999991151 -7999999999999999999999
 68 74 94122151172178165134 92 48 12 -8 -8 12 47 9013116217617215312610124 5 9L7 549178191617799999999999999 0 8 681231-1199999999999999
 83 80 90112138162175172152117 75 35  6 -7 -1 24 6010113716217116314412124 510L7 62117620 117199999999999999 046 791310 -799999999999999
101 91 92106127149165171161136101 63 30  8  2 13 39 7310913915716115213624 511L7 653171204716199999999999999 123 901351  299999999999999
118104 99104118136152162161147122 90 58 32 17 16 29 54 8311313614915014224 512L7 725163213615199999999999999 159 991433 1599999999999999
129116108107113125138149153148134111 85 60 40 31 33 45 66 9011313114014124 513L7 8 1153223314199999999999999 2391061520 3099999999999999
135126117112112117125134140141136123105 85 67 52 46 48 58 74 9411212613424 514L7 844142234413699999999999999 3311121616 4599999999999999
136132126119114113114119124128130126118106 91 76 65 58 59 67 79 9611212524 515L7 952130999999999999999999999 4591131724 5899999999999999
133136133127120112107106107111117121122119111100 87 75 67 66 72 83 9811524 516L7 1 0136114512299999999999999 7 11061841 6699999999999999
128137140136127116105 96 92 94100109118124124119108 95 82 73 70 75 8810424 517L7 156140133712599999999999999 814 921949 7099999999999999
122136144145137123107 91 81 77 81 92107121131133128116100 85 75 73 80 9524 518L7 234145145113399999999999999 858 772043 7399999999999999
114132146152148134114 92 74 64 63 73 90110129141143136120101 85 76 76 8724 519L7 3 5152154514499999999999999 933 622127 7599999999999999
105127145157157146125 99 74 55 48 54 70 94119140152152141121101 84 77 8224 520L7 33315916301549999999999999910 5 4822 7 7799999999999999
 97118141158164158138110 79 54 38 37 50 74103132153163158142120 98 84 8124 521L7 4 11641711163999999999999991036 362245 8099999999999999
 90109133155167167152125 91 59 35 25 31 52 82115145164170160140116 96 8524 522L7 42916917501709999999999999911 8 252321 8499999999999999
 87101124148166172164141107 71 40 21 18 31 58 93129157172172158135112 9424 523L7 4581721830174999999999999991141 172357 8999999999999999
 89 96114138160173172155125 88 52 24 11 16 36 6810614016517517015212910824 524L7 52717419 9175999999999999991215 11999999999999999999999
 95 94106127150168174166143109 70 37 14  8 19 45 7911614816817316414512324 525L7 559174195017399999999999999 033 931252  899999999999999
106 98102117138158171171157129 93 56 27 11 10 26 54 8912315116616715613724 526L7 632173203416899999999999999 110 981331  899999999999999
119105102109125144161168164146116 81 48 24 13 17 35 63 9612715016116014824 527L7 710169212216299999999999999 1491021415 1299999999999999
132116106106114129145158162154135107 75 47 27 20 26 44 7110012714715515324 528L7 753162221615699999999999999 23510515 3 1999999999999999
143128115107106114126139149152144127102 76 52 35 29 36 52 7610312714415124 529L7 847152231615299999999999999 3341061559 2999999999999999
149140127114105102107117128138142137124104 82 61 47 41 46 60 8110512714324 530L7 959142999999999999999999999 45010217 3 4199999999999999
151149140125110 98 92 94102114126133134126112 93 74 59 52 55 67 8610913024 531L7 018151113413599999999999999 616 921814 5299999999999999
146153151139122102 86 76 76 85 99116129136134123107 88 72 63 64 74 9211524 6 1L7 114154131613699999999999999 731 751926 6299999999999999
137152158153137114 89 69 57 57 68 87110129142144136120100 83 72 72 8210124 6 2L7 2 2158144314599999999999999 831 552032 7199999999999999
124146160163153132102 73 49 37 39 55 80109134151156149131110 91 80 80 9224 6 3L7 245164155315699999999999999 921 362131 7999999999999999
112135156168167151123 88 55 30 20 26 48 79113143162167158139116 97 87 8924 6 4L7 32516916511679999999999999910 7 202222 8699999999999999
102124147166174167145111 72 38 15  8 20 47 83121152171174163142119101 9324 6 5L7 4 41741742175999999999999991051  823 9 9399999999999999
 97113136158174177164135 97 57 24  5  4 21 53 9213016117717716214111810324 6 6L7 4421781829179999999999999991134  22352 9899999999999999
 98106124147167179176157124 84 45 16  2  6 28 6310314016717917415813611624 6 7L7 5201791912179999999999999991216  1999999999999999999999
104103114134155172179171147112 73 37 13  5 15 40 7611514816917616715012924 6 8L7 559179195417699999999999999 0331021257  599999999999999
112105108122141161174175162136101 65 34 16 14 28 55 9012515316816915814024 6 9L7 637176203417099999999999999 1121041338 1399999999999999
123110106113128146162170167151125 92 60 36 24 27 44 7110313315416416114824 610L7 717171211416499999999999999 1511061419 2399999999999999
132117108108116130146158163157140115 86 60 42 36 43 61 8611413815415815224 611L7 759163215415899999999999999 2321071459 3699999999999999
140126114108109117129142151153146130108 85 65 52 50 59 76 9912214115215324 612L7 845153223615499999999999999 3191071542 4999999999999999
146134121111106107114124134142143137123106 88 72 64 64 73 9011012914315124 613L7 941143232215199999999999999 4171061628 6399999999999999
149142130118108102102107116125133135131122108 94 82 76 77 8610011813414624 614L71054135999999999999999999999 5281011720 7599999999999999
151148140127113102 95 93 98106117126131131125115103 92 87 88 9610912513924 615L7 0 9151122613299999999999999 643 931820 8699999999999999
149152148138123106 92 84 82 87 97111123132135132123112102 96 9610311613124 616L7 056152135913599999999999999 746 821926 9599999999999999
145154155148134116 96 80 70 69 77 9110912613814414213312010910210210912324 617L7 141155151314499999999999999 837 69202910199999999999999
138151159158147129105 83 65 56 58 70 8911213314815515214112611310610611524 618L7 223159161015599999999999999 921 55212610599999999999999
129146159164159144120 92 67 49 43 49 66 9111814315916515914512811410710924 619L7 3 416416591659999999999999910 2 43221710799999999999999
120137154166168159138109 77 51 34 31 43 66 9712815417017316414612711310724 620L7 3441691743174999999999999991042 3123 210799999999999999
112126145163173171156129 95 62 35 22 24 41 7010513916517917716414312311024 621L7 4241741825180999999999999991123 20234410799999999999999
107116133154171178172151119 81 47 22 12 20 43 7711514917418317715913711824 622L7 5 417819 51839999999999999912 4 12999999999999999999999
107108120141162177181170143107 68 34 13  8 21 49 8712515817918317215212924 623L7 546182194618399999999999999 0251061246  799999999999999
111104109125147168181180164134 95 56 25  9  9 28 59 9813516418017816414224 624L7 629182202618199999999999999 1 61041328  799999999999999
120105101110128151170180175156123 85 49 23 11 17 39 7210914316717717115424 625L7 71318021 617799999999999999 1481011410 1199999999999999
132112100 99110129150167174167146115 80 48 27 20 30 53 8612014916817216324 626L7 8 2174214817299999999999999 234 981454 2099999999999999
144123104 94 95106125144159165157138110 80 54 38 35 47 70 9912915316616624 627L7 857165223016899999999999999 326 931541 3499999999999999
155136115 97 88 89 99116134148154148133110 86 65 54 53 65 8611113615516324 628L710 2154231616499999999999999 425 871631 5299999999999999
161148129108 90 80 79 88103121136144142132116 97 81 72 73 8210012114115624 629L71122144999999999999999999999 533 781728 7199999999999999
162157144124101 82 70 67 74 89107125137141137126112 99 91 90 9711112814524 630L7 0 4162125914199999999999999 645 671836 8999999999999999
158162156141119 94 72 58 53 60 76 9711813514514613912711510610310711913424 7 1L7 055162143714699999999999999 754 53195310399999999999999
149160163156139114 87 62 45 40 47 65 9011613815215615114012611611111412424 7 2L7 149163155715699999999999999 855 4021 811199999999999999
139154164166157137109 78 51 34 29 39 60 8911914516116716114813212011411724 7 3L7 242167165716799999999999999 949 29221111499999999999999
128144159170170158134103 69 41 24 22 35 60 9312715417117416615013211911424 7 4L7 3331711745175999999999999991039 2123 211499999999999999
119132149166175173158130 95 60 32 18 19 37 6710313716417817716514612711524 7 5L7 4221761826179999999999999991125 16234611299999999999999
112120136155172180175155123 86 51 26 15 22 44 7811614917318117515813811924 7 6L7 5 818019 31819999999999999912 7 15999999999999999999999
109110122141162178183173149114 77 44 22 17 30 57 9313016117818016814812724 7 7L7 552183193718199999999999999 0251081247 1799999999999999
110104110126147168181181167139103 67 39 23 25 44 7511114516917917415713524 7 8L7 63318320 818099999999999999 1 11041324 2299999999999999
115103101112130152171180176157127 92 60 38 30 39 62 9412815717417616514524 7 9L7 713180203817799999999999999 1371001358 3099999999999999
123106 98101114134155170175166144115 83 57 42 42 57 8311414316517416915324 710L7 75217521 717499999999999999 213 971431 4099999999999999
132112 99 95102117136154165166154132105 79 60 53 59 7710313115416816915924 711L7 833167213717099999999999999 251 9515 4 5399999999999999
141121104 94 94103118135150157155143123101 81 69 68 78 9712014316016716224 712L7 91715822 716799999999999999 332 931537 6799999999999999
149131113 99 91 93102116131143148145135119102 89 82 85 9611413315016116324 713L71011148224016399999999999999 419 911614 8299999999999999
155141123107 94 88 90 98111124135140139132121110101 9710111112614115315924 714L71120141231916099999999999999 515 8817 0 9799999999999999
158149135118102 89 83 84 9110311612813613813612912111411111412213314415424 715L71257138999999999999999999999 621 8318 211199999999999999
158155146131114 96 83 75 75 82 9410912413614314414013312612212212713514524 716L7 0 7158144314499999999999999 731 74192912199999999999999
154158155145129110 90 74 65 64 71 8610512414115215615214413412712412713624 717L7 1 6158155915699999999999999 837 63205612499999999999999
146156161158147129105 82 62 51 50 60 7910412915016416716215013612612212524 718L7 211161165216799999999999999 934 4922 212299999999999999
136149161167164150127 98 70 48 36 38 52 7710713716217517716715013312111724 719L7 3121671736178999999999999991025 35225211799999999999999
123137154168175170152123 89 57 33 22 27 48 7911514917418518116614412511224 720L7 4 61751814185999999999999991111 22233611099999999999999
111122140161178184175151116 78 43 19 12 22 49 8612716218419018015913411324 721L7 4561841851191999999999999991155 12999999999999999999999
102106122145169186190176147107 65 30  9  7 24 58 9914117419119017314611924 722L7 543190192619399999999999999 0161021236  699999999999999
100 93102124151176192192173139 96 54 22  7 11 35 7211615518319218316013124 723L7 62919420 019299999999999999 055 931317  699999999999999
104 88 86100126155180192188165129 87 48 22 13 24 53 9213316718618817214524 724L7 716193203418999999999999999 136 851356 1399999999999999
115 90 78 81 99126155178187179155119 81 49 30 28 45 7511214817418517815724 725L7 8 418721 718599999999999999 218 771435 2799999999999999
129100 79 71 78 97124151170176167144113 82 58 47 51 69 9813015817517816624 726L7 855176214117999999999999999 3 3 711514 4699999999999999
143115 90 72 67 75 93118141158163155137113 91 74 69 76 9411814316217216924 727L7 954163221617399999999999999 353 671556 6999999999999999
154132106 83 68 64 71 87108129144150147135119105 95 9310011413214916216624 728L711 6150225616699999999999999 452 631643 9299999999999999
161146125102 81 66 61 65 78 9611613114114313913112111511311812713915015924 729L71247143234716199999999999999 6 2 61174611399999999999999
161155142123101 80 64 57 58 68 8510412313714514714413713112712713213914824 730L71450147999999999999999999999 721 56192812799999999999999
156158154143125103 81 62 51 50 58 75 9711913915215815614914013312913113724 731L7 057158161415899999999999999 838 49211412999999999999999
146155160158148129105 79 57 44 41 51 70 9612314616216816415414113012512624 8 1L7 21716017 516899999999999999 942 41221912499999999999999
134146158166165154132104 75 50 36 35 48 7210213215717217516615113512211724 8 2L7 3261671742175999999999999991035 3423 411799999999999999
121133149165174172157131 99 67 42 30 33 51 8011414617018017616214212311124 8 3L7 4221751813180999999999999991119 29233910899999999999999
109118136156174182177157126 90 57 34 27 36 61 9513116218018317215112710924 8 4L7 5 81821840184999999999999991157 27999999999999999999999
100104119142165182187176150115 78 47 30 29 47 7811515017618618016113511124 8 5L7 55018719 618699999999999999 012 991231 2799999999999999
 95 92103124150174188187170139101 66 40 31 40 6510013716818518617114511824 8 6L7 627190193118899999999999999 043 9113 1 3199999999999999
 96 85 89106132159180188181158124 88 57 40 40 57 8812415718018817815612724 8 7L7 7 3188195518899999999999999 114 851330 3799999999999999
101 84 81 91113140165181183170143109 77 55 47 56 8011214617218518216413824 8 8L7 738184201918699999999999999 145 801358 4799999999999999
110 88 78 81 97121146167177173155128 99 74 61 62 7810413516217918217014824 8 9L7 814178204218299999999999999 216 771425 5999999999999999
121 96 80 76 85104127149164169161142118 95 79 74 8210112615117017717215524 810L7 85216921 517799999999999999 249 761453 7499999999999999
131107 87 77 78 90108129147157158149133115 99 90 9210312114216017017015924 811L7 935159213017199999999999999 324 761523 9099999999999999
141118 98 83 77 81 9310912614014814814213011911010611012113615016116516124 812L71033149215916599999999999999 4 7 77155810699999999999999
148130111 95 83 78 81 9110411813113914214013512912412212513314215115715824 813L712 4142224115999999999999999 5 5 78165012299999999999999
153142127110 95 83 77 77 83 9410712113314114514514213813413413614114715224 814L71429145235215499999999999999 627 76184013499999999999999
154151142129113 96 81 71 67 71 81 9611413214615515715414714013413313614224 815L71556157999999999999999999999 8 1 67205113399999999999999
149154155149136117 96 76 60 53 56 68 8811213615616816916315013712712412824 816L7 135155164217099999999999999 915 53215812499999999999999
138150160164159144120 92 65 46 37 41 58 8611714717018017816414512711511324 817L7 2591641718181999999999999991011 36224211299999999999999
121137156171177170150119 84 52 29 22 31 56 9012816218318917915813311110024 818L7 4 01771751190999999999999991057 222321 9999999999999999
102117140165183189178151113 73 38 16 13 29 62103145178194192173144114 9224 819L7 4521891823196999999999999991139 122358 8499999999999999
 84 93116146175195198181148104 61 26  9 13 38 77122163191199187159125 9324 820L7 5401991854199999999999999991219  8999999999999999999999
 74 72 88118153184202200178140 94 52 22 12 24 56 9814317919819617414010324 821L7 626204192420099999999999999 036 711257 1299999999999999
 73 59 64 87122159189202196169129 86 49 27 26 46 8112316218919718515611824 822L7 711203195319799999999999999 114 591334 2499999999999999
 83 58 50 62 89125161187196185158120 83 55 43 49 7310714417519118916813624 823L7 758196202319299999999999999 154 5014 9 4299999999999999
 99 68 49 48 63 92126157178183171146116 88 69 65 7710113115917918517415024 824L7 847183205118599999999999999 235 461445 6599999999999999
118 86 61 48 50 67 93122148165168158139117 99 90 9110412414716517517315924 825L7 943168212117699999999999999 321 471521 8999999999999999
135107 81 61 52 55 70 9111513514915314813712511511211512513915316316616124 826L71054153215416699999999999999 414 5216 111299999999999999
147127105 83 67 59 60 70 8510412113414214414113713213113213714415115515624 827L71250144224115799999999999999 523 5817 213199999999999999
152142127109 91 76 65 62 66 77 9210912513814615014914614213913814014314724 828L71521150999999999999999999999 657 62195813899999999999999
149149144133118100 82 68 60 59 68 8310312314115416015915314513713113013424 829L7 022150162116099999999999999 831 58214213099999999999999
141148153152143128106 84 65 54 52 61 8010412915116516916315213812611912024 830L7 223153165416999999999999999 939 51222411899999999999999
128140153162163153133107 80 58 46 47 61 8511414216417417216014212411010624 831L7 3351641720175999999999999991027 45225510699999999999999
112127146163174172158132101 71 49 40 47 68 98131159177180170149126106 9524 9 1L7 42517517431819999999999999911 5 402323 9499999999999999
 96110132156175184177156125 90 60 42 40 55 83118152176186179159132106 8824 9 2L7 5 618418 5186999999999999991137 382351 8299999999999999
 83 92114141168186189176147111 76 50 39 47 71105142172189188170142111 8624 9 3L7 54219018271909999999999999912 6 39999999999999999999999
 73 77 95123154179192188167133 96 64 46 45 62 93130165187193181154121 9024 9 4L7 616193184819399999999999999 019 731233 4399999999999999
 70 66 78103135166187193180153117 83 58 49 59 85119155182194188165132 9924 9 5L7 649193191019499999999999999 046 651259 4999999999999999
 73 61 66 86116148175189186167137103 75 60 62 8011014417319019017314411024 9 6L7 721190193019299999999999999 114 601324 5999999999999999
 80 62 59 72 97128157178184175152123 95 76 71 8110513416318218817715312224 9 7L7 755184195118899999999999999 141 581350 7199999999999999
 91 68 59 64 82109137161174174161139115 95 85 8810412815317218217715913224 9 8L7 830176201118299999999999999 2 9 581416 8599999999999999
103 79 64 61 72 9211714115816616214913111410210010812514416217317316214224 9 9L7 910166203217599999999999999 240 61144310099999999999999
116 92 74 65 68 80 9811913714915415114113012011511712613915316316616114824 910L710 4154205716699999999999999 318 65151411599999999999999
129108 89 76 70 73 83 9711312713814314414113613213013213714515215715715124 911L71135144213215799999999999999 411 7016 113099999999999999
140125109 93 82 75 74 79 8810111412713714414714714414113913914114414714824 912L71427147225614899999999999999 538 73183013999999999999999
146140130116101 87 75 68 68 74 8610312113815115815915414613813213013313824 913L71538159999999999999999999999 733 68205513099999999999999
145149148141128109 88 70 57 53 59 75 9712214616317116815714212711711512124 914L7 122149161517199999999999999 855 53214511599999999999999
133147158162155139113 85 60 43 38 47 69 99132160178181172152128109 9810024 915L7 254162164618299999999999999 951 382223 9799999999999999
113133156172178169146113 77 47 29 27 43 73111148177190186166137108 86 7824 916L7 3541781716191999999999999991036 262259 7899999999999999
 86109138167187192178148108 68 36 21 25 49 87129167192197182152115 83 6324 917L7 4451921745198999999999999991117 202335 5999999999999999
 61 78109147180200201181144100 59 31 21 34 65108151185201195169130 90 5824 918L7 5322031814202999999999999991155 21999999999999999999999
 43 50 76114156189207202177137 93 55 33 33 53 89132171197202184149106 6524 919L7 618208184320399999999999999 012 431232 3099999999999999
 38 31 46 78121163194206197168128 89 58 45 53 79116155186200193166126 8324 920L7 7 4206191120099999999999999 050 3113 8 4599999999999999
 47 27 28 49 85127165191198185157122 90 69 65 7910714017119119317714510524 921L7 750198193819499999999999999 128 251343 6599999999999999
 66 37 25 32 57 92130162182184171147120 98 87 9010613115717718617915812624 922L7 83918520 618699999999999999 2 8 251417 8699999999999999
 90 59 38 33 43 66 9612815316716815714012311010711312814616317417416314124 923L7 934169203317599999999999999 251 32145110799999999999999
114 85 62 48 45 54 73 9712013915115314813913112612613114115116016315914824 924L7104615321 216399999999999999 342 45153012599999999999999
131110 90 73 62 59 64 76 9211012613714314514414113913914014314614915014724 925L713 1145214515099999999999999 451 59164613999999999999999
140130116101 87 75 69 68 74 85 9911513014114915215114714313813513513613924 926L71516152999999999999999999999 635 67205013599999999999999
141140136127115 99 84 72 67 68 78 9311213114615716015614813712712112112524 927L7 022141155616099999999999999 818 66213812099999999999999
133142147148140125106 86 70 62 63 75 9411714015716616415413912311010510924 928L7 232148162116799999999999999 922 6122 710599999999999999
120135150159160150130106 82 64 56 62 79104131155170172163144122103 92 9124 929L7 33416116421739999999999999910 5 562232 9099999999999999
102121143162172169153127 98 73 57 55 67 92122151172179172153127101 83 7624 930L7 41817217 1179999999999999991039 542258 7699999999999999
 84103129156175181172149118 87 64 54 60 81111144171185182164136105 79 652410 1L7 45518117221869999999999999911 8 542324 6499999999999999
 67 84111143170186185168139106 76 58 57 73101135166187190176148113 82 602410 2L7 5291881742191999999999999991135 562350 5499999999999999
 54 65 91125158182192183159126 93 69 60 68 92125159184194186161126 89 612410 3L7 6 219218 31949999999999999912 1 60999999999999999999999
 47 51 72104140171190191175146112 84 68 69 86116149177193191172139101 682410 4L7 634193182419599999999999999 017 471227 6699999999999999
 47 43 57 85120155180191184162132102 82 75 85108139168187192179150114 792410 5L7 7 7191184519299999999999999 043 421254 7599999999999999
 53 41 47 69100135164182185172148121 98 87 89105130157179188181159127 922410 6L7 74018619 618899999999999999 110 411320 8699999999999999
 63 46 43 57 82114144167178174159137116101 981071251481681801791641381072410 7L7 816178192618199999999999999 138 421347 9899999999999999
 77 55 46 51 68 941221461621681621481311171101131241411581701731661471212410 8L7 858168194917499999999999999 2 9 46141611099999999999999
 94 71 56 53 60 77 991221401521561511421321241221271361481591641621521342410 9L7 954156201516499999999999999 248 52145012299999999999999
112 90 73 62 60 67 80 97115130141146146143138134133135140147152153150142241010L71128147205615399999999999999 342 60155313399999999999999
128112 95 80 70 66 68 76 89104119133142148149147143138135135136139142142241011L71351149224314299999999999999 5 9 66184613599999999999999
139132120106 91 77 67 64 67 77 93112131146156159155146135126120120125132241012L71455159999999999999999999999 7 1 64203311999999999999999
140144142134119 99 79 63 55 56 67 87112137157168168158141122107100101112241013L7 115144153216999999999999999 823 542118 9999999999999999
128144156158149130104 78 56 45 47 63 89121150171179173153127101 83 77 85241014L7 24315816 317999999999999999 921 442156 7799999999999999
104130154171174162138105 73 49 39 45 67100136167185186169139105 75 57 56241015L7 34417516331889999999999999910 7 392233 5499999999999999
 72102136167186187171140103 68 45 39 52 81119156184195185157118 78 48 34241016L7 43618917 2195999999999999991049 392310 3499999999999999
 41 67105145179197195174139 99 66 47 48 67101140175196196176138 93 52 25241017L7 5251991732199999999999999991129 452348 1899999999999999
 18 34 68112155189203197171134 96 68 56 63 89124161189200189159115 69 31241018L7 61120418 12009999999999999912 7 56999999999999999999999
 11 12 35 75121163192202191164129 96 75 71 85112146176195195175138 93 50241019L7 657202183119899999999999999 026  81244 7099999999999999
 19  6 15 44 84128166189194180154125100 87 90107134162183192183156118 77241020L7 74419519 019299999999999999 1 5  61320 8699999999999999
 40 17 12 26 56 94132163180181167146124108102110127149169181181166138103241021L7 833182192918399999999999999 146 12135610299999999999999
 69 41 26 26 41 68100131154166166156141127118118126140155167171166149125241022L7 927168195917199999999999999 229 24143311799999999999999
 97 70 50 40 42 56 77101125143152153148140132128129135143151157157151137241023L71036154203315899999999999999 319 40151912899999999999999
119 98 79 65 57 58 67 81 99117132142146146143139136135136138141143143139241024L71227146213214399999999999999 425 5617 313599999999999999
132120107 93 80 72 69 72 81 95110125137145149148143137131127125126129133241025L71416149999999999999999999999 558 69201212599999999999999
135134128119106 92 81 74 73 80 92109126141151154151142131120112109112119241026L7 01213515 115499999999999999 735 7321 210999999999999999
129137141139130116 99 84 74 72 80 95115135151159159150135117102 93 93101241027L7 213142152816099999999999999 841 722133 9299999999999999
116132145152150138119 99 81 72 73 84104127149163167159142119 98 82 76 82241028L7 316153155016799999999999999 926 7122 0 7699999999999999
 98119141157163157140117 94 77 71 77 95119145165174170152127 99 76 63 64241029L7 4 116316111749999999999999910 1 712227 6299999999999999
 78102129154169172160137111 88 74 74 87111139163178179165138106 76 56 49241030L7 4391721633181999999999999991032 722254 4999999999999999
 59 81112143168179175157130103 82 75 82102130158179186176151117 83 55 40241031L7 51418016561869999999999999911 2 752321 3999999999999999
 43 62 92127158179184173149121 96 81 81 95121150175188184164132 94 60 382411 1L7 5491851719188999999999999991131 792349 3299999999999999
 33 45 71107143171186184166140112 92 84 92112140167185188175146109 71 432411 2L7 62318717431899999999999999912 1 84999999999999999999999
 29 33 53 86122156179186178157130106 93 93106130156177187180158124 86 532411 3L7 65718618 718799999999999999 017 281230 9199999999999999
 32 27 39 66100135164180181168146122105 98105123146168181181166138103 682411 4L7 734183183118399999999999999 047 2713 0 9899999999999999
 42 29 32 50 79112143166175172157137119108108118137157172178170150120 862411 5L7 813176185717899999999999999 119 28133210799999999999999
 57 38 32 40 61 891191441611671611481321201151181301451601691681571341062411 6L7 858167192717099999999999999 154 3214 711499999999999999
 77 54 40 39 49 69 941191401531571531431321241221261351461561601571441242411 7L7 95515720 416099999999999999 238 38145312299999999999999
100 76 58 48 47 56 73 941151331451501491431351291261271321391461481451362411 8L7111215121 214899999999999999 333 46161112699999999999999
120101 82 66 56 54 60 72 901091271411491501461391301231201211251311361382411 9L71243151224913899999999999999 447 54181612099999999999999
134124110 93 77 64 58 60 69 86106126143153156151140126113105103107116127241110L71350156999999999999999999999 617 58194710299999999999999
136139135123106 87 70 60 58 67 84107131151162163153135113 94 82 80 88104241111L7 056139143516499999999999999 738 582042 8099999999999999
123140149149137118 95 74 60 58 68 88115142162172167150123 94 70 57 58 73241112L7 227150151117299999999999999 841 572126 5699999999999999
 97125149163163150127100 76 61 60 74 98128156175179167140105 70 44 34 40241113L7 333165154518099999999999999 934 5922 7 3399999999999999
 63 96131160176176160133103 78 65 67 85113145171185181160124 82 45 21 15241114L7 4291781619186999999999999991021 642247 1599999999999999
 29 60100140171187183164134104 81 71 78100130161183190177147104 60 24  4241115L7 52018816521909999999999999911 4 712327  299999999999999
  5 27 64108150180192185163133104 85 81 92117147174190188167130 85 41  9241116L7 6 81921725192999999999999991146 80999999999999999999999
 -4  4 31 72117157184192181158129105 91 92108133160182190180153113 68 29241117L7 655192175919099999999999999 0 8 -41226 9099999999999999
  3 -3 11 42 83126161182185173150126107 99105122146168183184168137 98 58241118L7 741186183418599999999999999 049 -313 4 9999999999999999
 25  7  6 24 55 94131160175175162142123110108116133153169177172153123 88241119L7 82817719 917799999999999999 131  4134310799999999999999
 54 29 17 21 40 69102133155165163151136122115116124138153163166158139113241120L7 917165194616699999999999999 215 17142511499999999999999
 84 58 39 32 38 55 80107131148155152143133123119120127137146153153144129241121L71012155203115399999999999999 3 2 32151611999999999999999
108 86 66 53 49 54 68 88109128141147146140132125120120123129135139140134241122L71117147213514099999999999999 356 49163611999999999999999
123109 93 78 67 63 67 78 93111127138144144139132124117113113116121127130241123L71230145232113099999999999999 5 0 63183311399999999999999
129124114102 89 79 74 76 84 97113128140146146140130118108101 98101109118241124L71329147999999999999999999999 615 741955 9899999999999999
126130129123112 99 88 82 82 89103119134146151149139124107 93 84 83 89101241125L7 121130141115199999999999999 727 812043 8299999999999999
115128136138132119105 92 85 86 95110128144155157149133113 92 76 67 69 81241126L7 241138144315799999999999999 825 852119 6799999999999999
 98118136146147139124107 94 88 91103121140156163160145122 96 73 57 53 60241127L7 337148151316399999999999999 912 872152 5399999999999999
 79103127147157155143125107 94 90 96112133153166168158136107 77 54 41 43241128L7 422158154216999999999999999 952 902224 4099999999999999
 58 83112140159166160144123104 93 93105124146165173169150121 87 57 36 30241129L7 5 21661611174999999999999991030 922255 3099999999999999
 39 62 93125153170172161141119101 94 99115137159174176163137103 67 39 23241130L7 54017316401779999999999999911 6 942327 2299999999999999
 24 41 70105139165177174158135114100 97107127150169178173153120 83 49 252412 1L7 6181771710178999999999999991142 96999999999999999999999
 16 24 48 82118151172179170151128109100102117138160175178165138102 65 342412 2L7 655179174117899999999999999 0 1 161217 9999999999999999
 16 14 29 58 94130158175176163143121106102110127148167176172154122 85 502412 3L7 734177181417799999999999999 036 12125210299999999999999
 24 12 17 37 69104137161172169154134116106106117135155169173163140107 712412 4L7 814173184917399999999999999 112 12132910499999999999999
 40 20 14 24 47 79112141160166160145127113106110122139155165165152127 952412 5L7 857166192816699999999999999 152 14141010699999999999999
 63 37 22 21 34 58 871171421571601521381231111071111221371501571541401172412 6L7 945160201615799999999999999 235 2015 110799999999999999
 89 62 41 30 31 44 67 931201411531541461331201091041071161281391451431322412 7L71037155211814599999999999999 324 2916 710499999999999999
113 90 67 50 41 42 54 74 98121140150151144131116104 97 971031131251331352412 8L71135152224413599999999999999 421 401730 9699999999999999
128115 97 78 62 53 54 64 81102124141151151143128111 94 83 80 85 961101232412 9L71232152999999999999999999999 527 521853 8099999999999999
130130122109 92 76 66 65 72 87107128145154154143124101 80 65 60 65 79 98241210L7 029131132515599999999999999 641 6420 0 6099999999999999
117132138134123106 89 77 74 79 94114135152160157141117 88 62 44 39 47 66241211L7 2 9138141316099999999999999 754 732055 3999999999999999
 91117137148148137119100 86 81 86101122144160166158137106 72 43 24 20 32241212L7 327149145716699999999999999 9 0 812144 2099999999999999
 57 89121146160160147128107 92 86 93110132154168170157130 93 55 24  7  7241213L7 429162153917199999999999999 957 862230  599999999999999
 24 55 93129156170168153132110 95 91100119142163175172153120 79 39  9 -5241214L7 5221711620176999999999999991048 912315 -599999999999999
  0 23 59100138165177172154131109 96 95107128152171179171146108 66 27  0241215L7 61017717 1179999999999999991134 942358-1099999999999999
-10  1 29 68110147171178169149126106 97100115137159175178165136 96 54 18241216L7 6551781742179999999999999991216 96999999999999999999999
 -4 -7  9 40 80121154173175162141119103 97104121144164176174156124 85 46241217L7 737176182317799999999999999 041 -81256 9799999999999999
 15 -1  2 22 55 94130157170167151131112100 99109127147164171165144112 75241218L7 81617019 317199999999999999 122 -21335 9899999999999999
 41 17  8 16 39 71106137157163156140121106 98100112129147160163153131101241219L7 855163194516399999999999999 2 3  81416 9899999999999999
 69 42 25 22 34 57 87117141154155145130113101 97101113128142151151140119241220L7 933156202915299999999999999 242 2215 0 9799999999999999
 94 68 48 37 39 53 75101125143150147136122108 98 95100110122133139138128241221L71011150212014099999999999999 321 371552 9599999999999999
111 91 72 58 52 57 71 90112131143146141130116103 95 92 95103113122128127241222L71051146222612899999999999999 4 2 521657 9299999999999999
120108 93 80 70 68 73 86102120134142143137125112 99 89 85 87 93102112119241223L71135144235612199999999999999 448 681814 8599999999999999
121118111100 90 83 82 87 97111125137143142135122107 92 81 75 75 81 92104241224L71222143999999999999999999999 544 811927 7499999999999999
114120122118110101 95 93 96105117130140145143133119101 83 70 62 63 71 85241225L7 144122131214599999999999999 653 922025 6299999999999999
100115126130128120111103 99102110122134144148144132113 91 71 56 49 52 63241226L7 31013014 014899999999999999 8 7 992113 4999999999999999
 82103122135141138129117107102104113126140149152145128105 79 56 41 36 43241227L7 410141144615299999999999999 9131022155 3699999999999999
 60 84109132147151146134119107102106117132146156155144122 94 64 40 26 25241228L7 45615215301579999999999999910 71022235 2499999999999999
 37 60 90120144158160150134117104101107121139154162158141113 80 48 24 13241229L7 53816116111629999999999999910521012314 1399999999999999
 17 36 65100132156167164149129111100 99110127147162167157134101 64 31 10241230L7 6161671652167999999999999991133 982353  399999999999999
  3 14 39 74112144165171162143121103 95 99114135156169169154125 87 48 17241231L7 6521711732171999999999999991211 94999999999999999999999
