248270269243194134 82 49 41 6010617123728831631628924218914511711213117024 1 1LG 127273143232099999999999999 749 41204411199999999999999
214249264257226177125 83 61 63 9114220325929731230026421516613011011213624 1 2LG 21126515 331299999999999999 826 59212510899999999999999
175215244255245214171127 96 82 9012217122526929529927924019315011910511124 1 3LG 3 2255154030199999999999999 9 9 81221210499999999999999
137174210236246238213178143118108118147189232266284282259221177138110 9824 1 4LG 4 524616232869999999999999910 210823 7 9899999999999999
106131166201229244242224197168145134139161194228256270265243207166127 9924 1 5LG 5232451717270999999999999991112134999999999999999999999
 88 9511915619522825025624622319516915315016318921924525825523419815511424 1 6LG 651256182025999999999999999 0 8 87124015099999999999999
 85 72 7910614719423526527827124821618516115015718021023825425223019114224 1 7LG 810278192425599999999999999 110 7114 815099999999999999
 98 66 52 61 9414419924928530129426722818915814214817320924025825522918224 1 8LG 912302202225999999999999999 2 7 52151614299999999999999
127 78 44 32 45 8614621026630632231027622918414913214117321525026726022724 1 9LG10 5322211426899999999999999 3 0 32161113299999999999999
172109 57 23 14 34 8415422528432433631727422117313712313918122926527826524 110LG105433622 227899999999999999 350 14165912399999999999999
223158 90 36  5  1 29 8916724230133834431526320615812511814419424628028824 111LG1141346224928999999999999999 440 -1174411699999999999999
268216142 71 19 -8 -7 3010118526131734834430524518714111411515321126329224 112LG1225351233629799999999999999 529-12182811099999999999999
295266205126 55  7-15 -7 4112120828133135333728622316612410311616522727624 113LG13 6354999999999999999999999 616-17191010399999999999999
301297260191110 44  2-14  4 64150235301343352321261197144107 9512017723924 114LG 024303134535399999999999999 7 2-141952 9599999999999999
284304294250177100 41  6 -2 28 96183261317347341297232170121 91 9012518524 115LG 113304142134999999999999999 745 -32034 8699999999999999
245285301286238167 99 49 22 24 63134215281325340319267203145102 79 8712924 116LG 2 3301145734099999999999999 828 192116 7899999999999999
188243279292275229167110 69 50 60103170238291320322291237177124 87 72 8624 117LG 258292153332599999999999999 912 5022 3 7299999999999999
129184234268281267228178133100 88100139193247286304296263212158110 78 6824 118LG 35928116133059999999999999910 3 882255 6799999999999999
 83122172220255271265238201165138126134162202241270281271241196147104 7424 119LG 51327217 32819999999999999911 61262357 6499999999999999
 64 7711115720524426827225823120017315715516919622625026025322818914310124 120LG 64427318 7260999999999999991236154999999999999999999999
 71 58 66 9614219323927228728226022919817316016318220823324724522518914324 121LG 816288192424899999999999999 1 7 58141915999999999999999
 98 65 49 54 8313218824128230430428224620717415315016719722724524622819024 122LG 929307203524899999999999999 217 48153814999999999999999
140 92 57 39 44 7613019325129632031728924620016213913816119823225225323124 123LG1025322213325599999999999999 318 38163213599999999999999
188132 82 46 30 39 7713820626631032931928123118214512613316721124726426024 124LG1110330222026699999999999999 411 29171512599999999999999
231178118 67 35 24 41 8915822728332033030725920515912711813918423226527624 125LG1148331225927699999999999999 456 24174911899999999999999
263221159 97 51 25 23 5311418725330132732128322717513511311915620925628124 126LG1220329233428699999999999999 534 21182011299999999999999
283256202134 75 36 20 33 7914922228031732630125019214511410612918023627624 127LG1247327999999999999999999999 6 7 20184710599999999999999
292281240175107 55 27 25 55116192260306326315271212157117 9810714720625824 128LG 0 7292131032799999999999999 636 221914 9899999999999999
289294269215145 83 43 27 41 90163236292323324292235174125 96 9111717022924 129LG 041295133232899999999999999 7 4 271941 8999999999999999
273294286248187120 69 41 41 72135209274314327307258196139100 83 9313319124 130LG 115295135432799999999999999 732 372010 8299999999999999
245279289271225163107 69 54 68113180247297320314277220159112 84 7910315124 131LG 152290141832199999999999999 8 3 542041 7799999999999999
207252278279254206152108 82 80104154216269301308287241183130 93 76 8211524 2 1LG 233282144530999999999999999 837 782115 7599999999999999
164214252270267241199156124108113140186235272289283254208156112 84 75 8824 2 2LG 321272151529099999999999999 9181072155 7599999999999999
123169213245261258238206174150139144167201235259267256227185141104 81 7624 2 3LG 42226215552679999999999999910121392247 7599999999999999
 90122163204236255259247225201179167165177198222239244235212177137103 8024 2 4LG 54425916542449999999999999911361642355 7399999999999999
 73 8311115019122825526926725222920418317217218320222023122921218114210424 2 5LG 7222701822232999999999999991330170999999999999999999999
 76 62 68 9213217922626328629127825121818616415616418621223223822519314924 2 6LG 845292194923899999999999999 114 62145915699999999999999
103 66 45 46 7011517223027730731429826221817714813714818021824625624420824 2 7LG 949315205825699999999999999 228 4316 013799999999999999
154 96 50 25 23 5010317324029432733230726020616012812014118623526927926324 2 8LG1041334215527999999999999999 333 21164811999999999999999
218151 83 32  5  4 3710318325731234434230424418513810910814320225829230024 2 9LG1127347224730199999999999999 432  1173210499999999999999
277219141 68 16-10 -7 37116204278331355339287219160115 9110315522428031224 210LG12 8355233631799999999999999 525-131813 9099999999999999
315282211126 54  6-17 -4 55144233302346357323258188131 91 7810617224529824 211LG1246358999999999999999999999 612-181852 7799999999999999
325321275196111 45  4-11 17 90183265323354346294221153102 70 7011619126124 212LG 023328131935699999999999999 654-111930 6599999999999999
309330316261179101 45 13 11 55136224294337349320255181119 75 54 7213020624 213LG 1 9330134935099999999999999 733  720 6 5499999999999999
271312326303243167101 57 35 49103183258311337329283213144 90 56 49 8014424 214LG 155326141833899999999999999 811 352042 4799999999999999
215272307313285229165113 80 71 95151219277311319296243176116 72 48 54 9224 215LG 243315144632099999999999999 849 702121 4699999999999999
153215264294296270225176137114113139186236275294289258208152103 68 53 6524 216LG 336299151829599999999999999 93311022 5 5399999999999999
102154207250276280264233198169152152170200232255264255227187143104 76 6624 217LG 44228116 026499999999999999103115023 2 6699999999999999
 76105146191231259271267251227203185177181194211226233228211184150117 9024 218LG 61427217 8233999999999999991210177999999999999999999999
 77 80 9913117221424927228027425522920418417317318319921321821219416613224 219LG 8 328019 121899999999999999 020 76143017299999999999999
102 82 76 8611415720524828129829527324020417315314816118621022522721318224 220LG 922299203822899999999999999 153 76154514899999999999999
141103 76 64 7210215120725829531430727623218815113013015519122424524822924 221LG1014314214024999999999999999 310 64162912799999999999999
189139 94 64 50 6110016022227431132330426020916212711212616621324926826524 222LG1054323222327099999999999999 4 6 5017 211299999999999999
234181123 77 48 40 6111418224529432332028523117713310610613919224327728824 223LG1127326225828999999999999999 449 39173110299999999999999
272225161101 58 34 38 77144215274313326304253193143107 9311316522527329924 224LG1153327232930299999999999999 524 321757 9399999999999999
298264202132 77 41 30 52110185253302326318274212154111 87 9213319725729724 225LG1216327999999999999999999999 553 301822 8499999999999999
312294243171104 57 33 39 83156231289323327294234169117 84 7610316223028324 226LG 0 0312123732999999999999999 621 321846 7599999999999999
312312277212140 83 48 39 66129207274316330310256188128 86 67 7812519425724 227LG 031316125633099999999999999 647 381911 6699999999999999
299315300250181117 73 52 61107180253304327319276209142 93 64 62 9315422324 228LG 1 3315131632899999999999999 714 511936 5999999999999999
277306309279222157106 75 70 97155227284316319289231162104 67 54 6911718324 229LG 135312133532199999999999999 742 6820 1 5499999999999999
245287305295256200146109 92100138198257296308292248185123 78 55 56 8614124 3 1LG 210305135630899999999999999 813 912027 5299999999999999
204256288296279239191150125118135174225266287284256208150 99 66 55 6710424 3 2LG 250296142228999999999999999 84911821 0 5599999999999999
158213256280284267234197167150148164195230256264253224180133 93 69 63 7924 3 3LG 341285145626499999999999999 9371472146 6399999999999999
114160207244267274264242216193177172179197217233237229206173136102 80 7324 3 4LG 45427415522379999999999999910551722256 7399999999999999
 83109147189226255271273262242219198183177181193207218220209187155121 9324 3 5LG 63827417412209999999999999913 3177999999999999999999999
 76 75 9112216420924927829128726823920617816015616718921422923021418214024 3 6LG 817291193323299999999999999 033 73144515699999999999999
 99 69 57 65 9314119825229231331128624419916013513014918622625426224720824 3 7LG 927315205226299999999999999 2 7 56154412999999999999999
152 95 54 34 37 6912920026431033432729023417913510910914319825128529527524 3 8LG1019335215229599999999999999 322 32162910599999999999999
223152 85 38 13 18 60133215283330348330276209151107 85 9915122128031432124 3 9LG11 2349224432399999999999999 423 111710 8499999999999999
292225143 72 25  1 13 70156240305346352315247175119 79 67 9916924730533724 310LG1140355233134299999999999999 514  01749 6699999999999999
337294215130 63 19  2 28100192271326354341284207138 86 55 5811019327032424 311LG1214355999999999999999999999 558  21826 5199999999999999
350339283199119 60 24 19 62144232299340349314242163100 57 38 6112921528724 312LG 016351124435099999999999999 638 1619 1 3899999999999999
334352329265183114 66 40 51109193268319341328273195121 68 35 33 7415223424 313LG 059352131034299999999999999 715 391934 2999999999999999
297336343310245174117 80 68 95158233291323326293228152 89 46 27 42 9517224 314LG 142345133632899999999999999 751 6820 7 2799999999999999
245299328326289231174130104105140198256294309295251187122 71 41 35 6211824 315LG 22733214 230999999999999999 8291012042 3499999999999999
186247291312306272227183150135143175218256278279256213159109 71 52 56 8524 316LG 316314143228199999999999999 9111342121 5099999999999999
134189239275292287264233201177166172192217238248243222189151115 88 75 8024 317LG 41629315122489999999999999910101662213 7499999999999999
104140182222255273277267247224202188184188197207214214204185161136113 9924 318LG 54327716272159999999999999911591842334 9799999999999999
 9911113416620323726327627726624421819517816816817719020120520018516213624 319LG 7352791857205999999999999991430167999999999999999999999
11510410511914818822926328629328125421918515714114215918621022522721218324 320LG 853293203822899999999999999 127103152813999999999999999
147116 96 9010213618423427430030528624720216113011612816120223525425523224 321LG 943306213225799999999999999 253 9016 311699999999999999
190143104 80 73 9313819625029231430827522417313010410313318223226828427424 322LG1020315221028499999999999999 347 731632 9999999999999999
236180126 85 62 64 98157221275310320297247189138101 8610515421526729930524 323LG1050321224330699999999999999 427 591659 8699999999999999
279223158103 66 51 69121190254300323314270208149104 77 8112218725129832124 324LG1115324231532299999999999999 5 1 511724 7599999999999999
311266199133 83 54 54 92159231287320323291230164111 75 65 9115222328332024 325LG1137326234733099999999999999 531 501750 6499999999999999
329302241170111 70 54 74131206270312327307253183122 79 56 6611518725630624 326LG1158327999999999999999999999 6 0 541815 5599999999999999
331324279211145 96 68 69110179250300324316273205136 85 55 50 8214822328324 327LG 018333121832599999999999999 629 641840 4899999999999999
320331306250183128 92 78 98155226283314318288227154 95 57 43 5811018425324 328LG 050332123732099999999999999 658 7819 3 4399999999999999
301326321282222163121 97100136199260300311294246177110 64 42 44 7914421724 329LG 122328125631299999999999999 727 941925 3999999999999999
275311323304259202155124113129174231277298292259202135 80 48 39 5810617324 330LG 155323131829999999999999999 7581131951 3999999999999999
238286311312287242195158137135158200245274280263223167110 67 47 49 7712824 331LG 233315134628199999999999999 8351332024 4599999999999999
190245284303300275238200172156158178209239256255235198151106 73 59 64 9224 4 1LG 322304142625899999999999999 9261552114 5899999999999999
137189236271290290273246217192176172182200219231232219193158122 93 77 7724 4 2LG 43129215342339999999999999910451722229 7599999999999999
 96130172216253278288283264238210187172169177192209221222209184152119 9324 4 3LG 6 82881735223999999999999991245169999999999999999999999
 81 8610914619123727429630028625722018415814514816819822624224122118614124 4 4LG 743300192624499999999999999 011 81141814499999999999999
100 75 68 8211917323128031031930326421416713211512215520324727427925921224 4 5LG 852319204328099999999999999 150 68151411499999999999999
153 99 63 48 60103169239294327334308254192139101 8710515722227630931428624 4 6LG 944335214231699999999999999 3 6 481559 8799999999999999
226154 92 52 34 50105183257311341338296227159106 71 6510117224730533833924 4 7LG1026344223334399999999999999 4 5 341640 6399999999999999
299227148 87 46 32 58126210281327346326266189121 73 45 5511019427332935724 4 8LG11 2346232036099999999999999 454 311718 4499999999999999
350297217141 85 49 44 85162243303337339299225146 85 44 29 5713021929434424 4 9LG1134343999999999999999999999 538 411755 2999999999999999
366346284205137 88 60 69124204274319337319260179106 54 23 24 7215424130824 410LG 0 436612 333799999999999999 619 581829 1999999999999999
351363332266194136 96 81105167240295323323286216137 74 33 15 34 9517925824 411LG 048364123032799999999999999 657 8019 3 1599999999999999
317350350311249187140110107143204263301313296246175107 55 26 23 5712320124 412LG 130355125731399999999999999 7341041936 2099999999999999
269317341331291236186147128137175226269291290262209146 90 51 34 45 8614924 413LG 213342132729499999999999999 8131272010 3499999999999999
215272310324310274230189160149162193230257268259228182132 90 63 57 7411424 414LG 3 032414 326899999999999999 8581492048 5699999999999999
166220266296305292265231198175168176196218234239229204171136106 87 8510124 415LG 354305145023999999999999999 9571682137 8499999999999999
13317321525327828828226423721018817717618319520621321019817815513211511024 416LG 5 62881613213999999999999991136175225211099999999999999
11913916820323826527928126924721919317316216116918520020921020018215813724 417LG 6372821833211999999999999991338160999999999999999999999
12412213215619022826028128727725221818415613913615117820622723623020817724 418LG 75528720 823699999999999999 040121143913599999999999999
14512311311914418422926629129728224720316112911311814718922925726825722524 419LG 84929721 226899999999999999 210113151711299999999999999
181140111 99107141191242282304303275227175130100 9311416021526129029627324 420LG 928306214329799999999999999 3 8 981548 9299999999999999
226172126 96 86105152211264300313298253195139 98 76 8312418624829431831224 421LG 959313222032099999999999999 352 861617 7599999999999999
274215156110 83 84118178240288315313278218155103 69 61 8914922028132233524 422LG1027318225533599999999999999 430 791645 6099999999999999
314261196139 98 80 96147213270308319297243176115 72 50 6110918125330733924 423LG1053319233034399999999999999 5 4 801713 4999999999999999
338300239176125 93 88122184248294316309266199132 81 49 43 7514021628132624 424LG1117318999999999999999999999 538 861741 4299999999999999
345328278215159117 97109158223276307312284224153 94 54 37 5010117624830324 425LG 0 4345114031399999999999999 611 9618 8 3799999999999999
336340308252194147116109138195254293307293247179111 64 38 37 7013521027424 426LG 03834312 230799999999999999 6431081833 3499999999999999
318339328286229178141121129170226273297295265207138 80 45 33 48 9616723924 427LG 111339122629999999999999999 71612019 0 3399999999999999
293326334312265213170142132151195245278289274233172109 62 38 38 6612319324 428LG 147335125528999999999999999 7521321931 3599999999999999
256302326325297252206170148147170210248271272251207151 97 60 44 51 8514124 429LG 227329133327499999999999999 8341442012 4399999999999999
205261301320315287247207176158158178209238255254233196148104 72 59 67 9924 430LG 318321142725799999999999999 92915521 7 5999999999999999
148204254292310308286252216185165161173195219237241229202165125 94 77 8024 5 1LG 42331215472419999999999999910451602223 7699999999999999
102142191240279303307292263226191164151154172198224240241225195157120 9424 5 2LG 54330817342429999999999999912181512357 8599999999999999
 85 9612717222427130231330327323018615113012814718222125226625923218814124 5 3LG 7 13131911266999999999999991336126999999999999999999999
104 84 8511015821627030732231227622316912610110012717623227529829626521324 5 4LG 8 6322202630099999999999999 126 821434 9799999999999999
155108 80 76101154221279317330313266201141 96 71 7611718325130232932628924 5 5LG 858330212633299999999999999 241 741522 6999999999999999
226160110 78 73103165236293326332302241168107 64 46 6312120027432635334524 5 6LG 941333221835599999999999999 341 7116 5 4699999999999999
298228162112 81 80120188258306330323278205131 74 38 30 6313522129434536724 5 7LG101933223 736799999999999999 432 761645 2999999999999999
350295224161115 90 98147218279316327304245166 96 47 21 26 7415624231035524 5 8LG1053327235337099999999999999 518 881723 1899999999999999
370343284217161120103123179244294318315276207130 69 30 14 34 9618026032124 5 9LG1124320999999999999999999999 6 110318 0 1499999999999999
359363328269208159126120150207264300311294244172103 52 23 20 5412220327524 510LG 037366115631299999999999999 6421181836 1799999999999999
328355349309253199157133138175227272297296268212145 86 45 27 38 8215022424 511LG 120357123030099999999999999 7211311911 2799999999999999
286329346330289238191156142155192237270284275240187128 80 50 43 6411217624 512LG 2 234613 728499999999999999 8 21421946 4399999999999999
240292324331311271225185158152168200235259266251217171123 86 65 68 9313924 513LG 244332134926699999999999999 8471512025 6399999999999999
195250292315315293257217183162159173198224242246232204167130101 88 9411924 514LG 330318144224699999999999999 9401582112 8899999999999999
15920625228630330028124921318316416016918720822523122320417614712311211624 515LG 4233041556231999999999999991048160221311299999999999999
13616920824727729229127424521218216115215617119321422722821719617014513124 516LG 5252941737229999999999999991210152233512899999999999999
12914316920424127128828827324420717314813513815518421423724724122219216224 517LG 63129019 9247999999999999991320134999999999999999999999
14013214016319923927229029127223819515512611312014618622825927426924520724 518LG 731293201627599999999999999 1 2132141111399999999999999
169140127133159200245280297293267222172128 99 9110814820225228830329325924 519LG 82029821 730399999999999999 2131271451 9199999999999999
212167134119128162211258291303290251196141 98 74 7510716322628031632630624 520LG 9 0303215132699999999999999 3 91191527 7199999999999999
261207159126115132176230275302304277224162107 70 55 7111918725430633733824 521LG 935306223234299999999999999 35511416 1 5599999999999999
306253197150120117146198252291307295252189126 77 49 47 7914221528032734924 522LG10 7307231134999999999999999 4371141635 4499999999999999
337295238184142120128169225272300303275219151 93 54 37 50 9917124330134024 523LG1037305234935299999999999999 51611917 7 3799999999999999
351327277221173137125146196249287302291248183117 67 39 34 6312520026831824 524LG11 6302999999999999999999999 5541251740 3299999999999999
347345310257205163136135168221267294297271217149 89 49 31 40 8315322728824 525LG 027350113729999999999999999 6311311813 3099999999999999
331348334292239191155137149189239278294286249189122 69 38 31 5310617925024 526LG 1 5348121129599999999999999 7 91371848 3099999999999999
304338345322275224180150141161204250281289272229167105 60 36 38 6912820024 527LG 144346125028999999999999999 7501411928 3499999999999999
266315341339309262213173148146170211252276280259215157101 61 43 50 8614624 528LG 227344133928199999999999999 8361442014 4299999999999999
214275318339332299252206169147148171209245268271252212160109 73 58 6610124 529LG 316339143927299999999999999 9301442111 5799999999999999
157220277316333324292247202165144142163198233258267254221176130 94 77 8224 530LG 41033315552679999999999999910331402218 7699999999999999
111161219272310327319288244197158133129147181220252270267243203158120 9724 531LG 51132717222719999999999999911421282334 9499999999999999
 9611716021426630532231628623918814411610812516221025428128827223518814424 6 1LG 6143231847289999999999999991249108999999999999999999999
115106120157210263302320313281229171123 92 8410314920826229931430226421324 6 2LG 71432120 431499999999999999 0551061349 8399999999999999
164129113121157211265303319309270210147 97 66 61 8714421427632033932728624 6 3LG 8 831921 933999999999999999 2111121442 5999999999999999
230177138118125162219272306317300252185120 71 44 45 8114922629233835734224 6 4LG 85531722 535799999999999999 3171171529 4099999999999999
296237183144123133175232281309312286229157 94 50 29 38 8616224130635136624 6 5LG 938314225736699999999999999 4141221614 2899999999999999
346295236184146129145191247289309303266202131 73 36 23 4310017925731835724 6 6LG1018310234536799999999999999 5 41291657 2399999999999999
366339286229180146137160210261295306290244177109 59 30 26 5712120027232724 6 7LG1057306999999999999999999999 5491361738 2499999999999999
359358324270216173145145176226271297299274222154 94 51 31 38 7814622228724 6 8LG 029363113530199999999999999 6311411817 3099999999999999
334355344304251201163145154191239277295289256200136 83 50 39 5710617424424 6 9LG 111356121529699999999999999 7111441854 3999999999999999
301338347326281229184154145164204248279289275236181123 79 55 55 8313720324 610LG 149348125628999999999999999 7501451930 5299999999999999
266313337335305257208169147148172212251275279259219167117 81 67 7711216724 611LG 224340133928099999999999999 82914520 7 6799999999999999
230283319332318283235191158144151178215249268267246207161119 92 8610214124 612LG 259332142927099999999999999 9111432047 8599999999999999
19424929331932130126221817815114115217921324225925823820416513111010912824 613LG 336323152726199999999999999 958141213610799999999999999
16521225929531230828424620516814413714817420623425325524121318015113213124 614LG 4193131638256999999999999991052137223612999999999999999
14718022026029030329627123519415813412813916419723025326225423220217315324 615LG 5 930318 0262999999999999991152128235014799999999999999
14715918522025628329528726222418214512011312515419323326327927625622519224 616LG 6 62951920280999999999999991252113999999999999999999999
167156161183217253280290281254212166126101 9511214819624428130130027824224 617LG 7 3290202630399999999999999 1111551345 9599999999999999
204173156158180216253280289277243195144103 80 7910415020826230332432029224 618LG 756289212032599999999999999 2241551433 7699999999999999
250206171152155181221260285290270227172119 80 61 6810416122528332434133124 619LG 84329122 834299999999999999 3231501516 6099999999999999
295248201165147155188232270291288259207147 94 60 48 6511217824630234035124 620LG 924293225235299999999999999 4121461557 4899999999999999
332289238192157144161202248282296284244184121 73 44 41 6812619826631935124 621LG10 4296233635799999999999999 4571441638 3999999999999999
354325277225180150145172219264293298276226160 98 55 34 39 7814421928533324 622LG1043299999999999999999999999 5401441720 3299999999999999
357350313260209168145150186236279300298266208138 80 42 28 43 9216524130324 623LG 018359112430299999999999999 62114318 2 2899999999999999
345360343297242193157141156200252290305294254190120 66 35 28 5211118926324 624LG 05936012 730599999999999999 7 31411846 2799999999999999
320354360331279223177146139163212263296306289243175108 60 34 34 6813421324 625LG 140362125430699999999999999 7461381930 3099999999999999
283334360354315259204162136136168220268298304283233167105 62 42 49 9015924 626LG 220361134530599999999999999 8301322016 4099999999999999
236300342359342297239186147127134170222268295300278230168113 75 59 7211624 627LG 3 1359144230299999999999999 91612521 6 5999999999999999
183253309343350326277220170133117128166216261290297278235181132 98 85 9924 628LG 34435115472989999999999999910 711722 1 8599999999999999
14120126231033633630825920415512010611915620625228529728525020416012811524 629LG 43034017 02979999999999999911 210623 511499999999999999
125160210262303324320291244190141106 9310614219224328330229927423419215924 630LG 52132618213049999999999999912 1 93999999999999999999999
142145170211257293311306278232177127 92 78 8912618123828531331930026422124 7 1LG 618312194431999999999999999 02114013 4 7899999999999999
185161156172207249283301296269221164112 77 63 7511417423829132733932428724 7 2LG 719302205733999999999999999 14615514 4 6399999999999999
242201171159170203244279295291262211151 99 63 50 6410917424330134035433924 7 3LG 818296215935499999999999999 3 315915 1 5099999999999999
299250205172157168203246279295288255200138 86 53 42 6111118225331235136224 7 4LG 912295225336399999999999999 4 61561554 4299999999999999
343298246200166153169208253285297285246186124 75 46 40 6612219626632235724 7 5LG10 2297234036499999999999999 4591531642 3999999999999999
362335285233188158151175220265293299280234171110 66 43 45 7914221628333224 7 6LG1046300999999999999999999999 5441501727 4099999999999999
359354317264212173150153187236278300299272218153 97 60 45 5610016924230124 7 7LG 021361112830399999999999999 62314718 7 4499999999999999
341356337291237189156144160204254290305295258198134 85 57 52 7613120327024 7 8LG 05735612 730599999999999999 6581441842 5099999999999999
320348347314261208166143143172221269299305286239177118 77 59 6610516823924 7 9LG 128351124530699999999999999 7301391914 5899999999999999
298336349330285229180146133147186238280302300271219158107 76 70 9114120824 710LG 155349132530499999999999999 8 21331946 6999999999999999
273321344340306254199156131130155200249284299289254201147106 86 9012317924 711LG 22134614 729999999999999999 8341272020 8499999999999999
24329833234132127822417413912313116421025328329227724119314811710611915724 712LG 249341145429299999999999999 910122205910699999999999999
21226730932932529624919915512711913417021325227728426923719816213913315024 713LG 321331154928499999999999999 951119214613399999999999999
18623327630531630327122618014312011713517021024727228027024521418516616124 714LG 3583161657280999999999999991038115224616099999999999999
17420323927129229728225020916713311411313116420424227028428126423821119024 715LG 4442971819285999999999999991133111999999999999999999999
18118720623325927728026723719815812510510412215619924127529630028626223224 716LG 543281194230099999999999999 0 8181123410299999999999999
206190187199222247266272260232192149114 92 9111014819624628731432130727924 717LG 651272205032199999999999999 1401861336 8999999999999999
244211187179189213242265273262231186138 99 76 75 9814319925630333233932224 718LG 756273214633999999999999999 2561791433 7399999999999999
286244204176167181212247273282267230178124 82 59 61 9014220827032034835124 719LG 853282223635499999999999999 3541671526 5799999999999999
327283234191163158179219261288293273228166107 64 44 50 8614822128733636124 720LG 944294232236399999999999999 4421571618 4399999999999999
357322270218176151153185234279304304277221152 90 49 32 43 8916123930535024 721LG1031308999999999999999999999 52714817 9 3199999999999999
370355309251199160140153197253297318313276210135 74 37 24 4410118226232424 722LG 0 5370111831999999999999999 6 91401757 2499999999999999
364373345289228178143132157212272313329316269195120 63 31 24 5512521128824 723LG 04637412 632999999999999999 6511321842 2399999999999999
343373369326262202156127127165228287323334314258181109 59 33 36 8015824424 724LG 123376125333499999999999999 7311221925 3099999999999999
313359375354299232175133112125175240296328333306246171107 65 47 6211619624 725LG 158375134233599999999999999 81111220 7 4799999999999999
274332365366329266201148113102126182247298326328297237171117 83 74 9815624 726LG 232370143433199999999999999 8511012049 7399999999999999
230296340358344298234173126 97 9612918624629332032029023818313911211013724 727LG 3 5358153032399999999999999 933 93213610799999999999999
190252303334339316268208153111 89 9412918223828331031329025020717014914724 728LG 3423401637315999999999999991020 88223414599999999999999
170211257295315314289244191142104 86 9312417222427030131130027223820618424 729LG 4263171758311999999999999991115 85235217799999999999999
177189215248276292290269232185139104 85 8911415820925929631631629926923624 730LG 5252931931319999999999999991222 84999999999999999999999
209193191205230255273276261230188142105 83 8110214319725229832733532229224 731LG 641276205333699999999999999 1361901335 7999999999999999
254219193182189212241264273264236193144103 78 72 9013319225330533935133724 8 1LG 8 2273215735199999999999999 3 71811445 7199999999999999
301256214182166175203240268281273244195142 97 70 64 8413219726231635136024 8 2LG 910281224836099999999999999 4101661546 6399999999999999
338294243198165153169208251281293282246190132 88 62 59 8614221327832935824 8 3LG10 4293233036299999999999999 4571531638 5799999999999999
358325273220177149147177225270298305286238175117 77 56 61 9916523829934224 8 4LG1047305999999999999999999999 5351441721 5499999999999999
360345299242192156138151195250292314311279220153100 67 55 7412720026932124 8 5LG 0 4360112531699999999999999 6 71381756 5599999999999999
352353320264208164137135165220275311323308262195130 85 61 6410016624130224 8 6LG 033357115932399999999999999 6361321826 5999999999999999
342356336286225174139124140187247297323324295236167111 76 65 8513921328224 8 7LG 057356123232799999999999999 7 31241854 6599999999999999
331354347307247187144119120153211270311327316273209145100 77 8211918525824 8 8LG 11835613 732799999999999999 7291161922 7599999999999999
316349353325270206154119108125173234286317323300249187135101 9211216223124 8 9LG 139355134332499999999999999 7561081952 9299999999999999
29333535033529122917012710410713919325029331531228123117813811611915020424 810LG 2 1350142331799999999999999 826102202511499999999999999
265312336334304251192143111 9911415520925829330729826722318315414215318624 811LG 22633815 930799999999999999 857 9921 414299999999999999
23428031131930526821616512610410312516721625828729828926323020017917318424 812LG 25332016 429899999999999999 934100215517399999999999999
21124727729429327423819315112010510813217021325127829128827224822520719824 813LG 3282961719292999999999999991020104231119899999999999999
20321924126027026825222218514912210710912916220224127229229829027225022824 814LG 4202711854298999999999999991124106999999999999999999999
21220621122423925125424522319015512510510211614718823127130131531329526824 815LG 549255202031699999999999999 1 3206124210199999999999999
238211194192203223244257255236203162123 96 86 9612717422827831633633431224 816LG 724258212533899999999999999 2391911359 8699999999999999
274233197175172189220252273275256216165115 79 65 7511016623229233535534924 817LG 836277221735699999999999999 34017115 7 6599999999999999
316267217177154156185230273298299274224159100 60 45 5610017024631035337024 818LG 93430223 237099999999999999 42715216 6 4499999999999999
354308248195155136148192251298323320286222146 83 44 29 4810518726833036924 819LG1025325234337999999999999999 5 91361659 2999999999999999
377346286222169133122149209275322343334287210130 69 33 24 5412521529435024 820LG1114344999999999999999999999 5501221747 2399999999999999
380373325255191143113114159231298340356337278194117 62 32 32 7816125132124 821LG 02038212 135699999999999999 6291081831 2799999999999999
366382355291218158116 96114174251314351360331263179110 65 43 5711720528624 822LG 054382124636199999999999999 7 6 951911 4299999999999999
343374369323250179126 92 85120191267323354355317247172114 78 68 9616424624 823LG 124377133235999999999999999 742 831949 6799999999999999
313355367343283209145 99 75 8313220527532435034330123717412910310414220824 824LG 153367142035299999999999999 818 732028 9999999999999999
276326350345306242174119 83 70 9014421227431833832929023818915413714518324 825LG 221351151233999999999999999 856 70211213699999999999999
237287319328311269210152107 79 7610215221126530432231628825021418617418124 826LG 253328161532399999999999999 938 7422 817399999999999999
209245277296297278240193147110 89 8811115120124828630831129627124321920424 827LG 3332991739312999999999999991032 85233620199999999999999
203214233252265266254228194157124103 9911314318422927030031431229627124324 828LG 4372671923315999999999999991145 98999999999999999999999
22020520120822223824824723320817514111510210612816621326130032533131728824 829LG 626249204933199999999999999 151201131710299999999999999
252217190177181200226247256251229193152118 97 9411215320826330933934632724 830LG 811257214734799999999999999 3171761441 9399999999999999
288242199167153163194232262277273246200151111 86 8110315221627632335135124 831LG 919278223035599999999999999 4 61531543 8099999999999999
321271218174143137162208254287301290251193138 96 73 7410716823729633935824 9 1LG10 630123 535899999999999999 4421361630 7099999999999999
343298240187147125136178235283312318293239174118 81 65 7812719826732035124 9 2LG1043319233435799999999999999 51312517 7 6499999999999999
353319261202155124118149207268311331324282215148 99 70 67 9916423930034124 9 3LG1116332235735699999999999999 5401161738 6499999999999999
356335283218164126109124175241298332340315257185124 85 68 8313621128133024 9 4LG1146341999999999999999999999 6 510818 5 6899999999999999
354346303238175130104104141206273320343336293226158108 81 8011618425931724 9 5LG 017355121734499999999999999 6301001831 7799999999999999
349352321260191137103 91113168238297333343320265197139103 8910816123429924 9 6LG 036355124934399999999999999 654 911859 8999999999999999
340352333281212149106 85 9213319926531333733329623717713310911114620927524 9 7LG 055352132333999999999999999 718 84192710799999999999999
323344336297233166115 86 8110616022728432033231627321717013912814418824724 9 8LG 114345135833299999999999999 743 80195812899999999999999
298327329303252188131 94 79 8912818724729331832029825621117615615517822124 9 9LG 135331143632299999999999999 8 8 79203315399999999999999
268301312299264211155112 87 8410514920425529130930728525121719318018320524 910LG 158312152431199999999999999 839 83212017999999999999999
237268285285266231185141108 93 9611916020725028129729828326023521620420324 911LG 228287163230099999999999999 921 92223320299999999999999
21523425126025724221518014511910510612415619523426628929829427925923821924 912LG 3172601811298999999999999991027103999999999999999999999
20820721422523524023622019516513611510611413817221325428730831330328125124 913LG 5 6240195031499999999999999 03820612 210699999999999999
221197185187200221240249244223189150116 95 9311114719625029632633632529324 914LG 7 8250205933699999999999999 2241841337 9299999999999999
250207174158161186224258278277254210156107 76 68 8412719125831234735633624 915LG 828280215035799999999999999 3201561452 6899999999999999
290233182146131145187242288312310278219150 92 57 46 6612220027633336536724 916LG 927314223337199999999999999 4 41311553 4699999999999999
331269204152118110141202270319342335291216138 78 42 34 6613722530035237724 917LG1018344231137799999999999999 4441091645 3399999999999999
363309235169121 93 99149226298345364347288204125 70 38 39 8516925832636724 918LG11 5364234537899999999999999 522 901730 3399999999999999
376343272194133 91 74 98167252320362375346275189118 70 46 6012221129234624 919LG1151375999999999999999999999 559 741812 4599999999999999
372361307227152 99 66 64108189273335371374333258179119 80 67 9716925331824 920LG 016373123537799999999999999 635 601851 6799999999999999
356363331262181115 71 50 65125210288342370363315243176127 9910014221428524 921LG 043364132037299999999999999 7 9 501929 9599999999999999
332351339291216142 87 54 47 7814622629434036034529723518214412613818424624 922LG 1 935114 636099999999999999 744 4620 912599999999999999
298327331304248179117 74 52 58 9816423429233034332628523719516715717421324 923LG 137333145634499999999999999 820 50205415799999999999999
258292306298266214158110 77 65 7811917523328131332431228224721619318619724 924LG 2 9306155732499999999999999 9 1 65215318699999999999999
222249268274263236197156120 96 8810113217522226329430830528926423821620424 925LG 252274171930999999999999999 953 88233420299999999999999
20321122423524123722219917114312111111613416520424427830030930228325622824 926LG 4 724119 3309999999999999991112111999999999999999999999
20619118619220521922822921819817114412511912614918623027230331931729626224 927LG 632230202432199999999999999 15618613 111999999999999999
22419116615716618921724025124722519115512611011113417722927731433232629624 928LG 815251211733399999999999999 3 1157142710899999999999999
251204164137133154194235266281274242196150115 95 9812818224229332934132424 929LG 913281215634199999999999999 3401311525 9399999999999999
280224173133113123163217265298308289243185134 98 81 9413920426631534234024 930LG 953308222734599999999999999 41211216 7 8199999999999999
305247187138106100131189251299326324289228164114 83 771061672372963343462410 1LG1028329225334799999999999999 440 981642 7599999999999999
324270204147106 87103155224286328343325272202141 98 77 881362082753233462410 2LG11 0343231534799999999999999 5 6 871712 7699999999999999
336291224159110 81 82120189260315346346309244176123 90 841151792523083402410 3LG1131351233534599999999999999 530 771741 8299999999999999
342309246175118 82 69 91150225291335352335283215155113 931051552262903302410 4LG12 3352235534299999999999999 555 691810 9299999999999999
342322268196131 86 64 701141862583133443463132531901421131081392012673152410 5LG1234349999999999999999999999 619 62183910699999999999999
335327285218148 95 65 60 871472212843263433302862271751391231341792412942410 6LG 01433613 634399999999999999 643 5819 912299999999999999
322323295239169109 71 57 691141822513023303353092612091691451411652142672410 7LG 033326133933699999999999999 7 5 57194014099999999999999
302312297255193130 84 61 61 891442112703093273212902452031731591641932362410 8LG 054313141632899999999999999 730 58201615899999999999999
274293290264217159108 76 64 761121682272753063173072782412081861771842092410 9LG 12029515 131799999999999999 8 1 6421 517699999999999999
240264272262235192146106 83 78 93128177227268295306299277249223202192194241010LG 15727216 630699999999999999 846 77222019199999999999999
208227242247240220189154122101 94103130169212251281298300288267241216197241011LG 257247173830299999999999999 956 94999999999999999999999
189191202216228232226207180149122105103118147188232272300312307286254219241012LG 458232191231399999999999999 016188113710199999999999999
188168163173195222243250241215178137106 91 96121165220273311330326299255241013LG 657250202133299999999999999 1511631316 9099999999999999
206164138131149188233269286280249199143 98 74 73 99154222284328348338298241014LG 816287211234999999999999999 2471311433 7099999999999999
238179132105104138196258303323315273207139 88 59 58 92160238304345359336241015LG 915324215435999999999999999 3311001533 5499999999999999
279206142 97 75 87141217287334354338283205132 80 52 57104183264324357357241016LG10 6354223136299999999999999 411 741624 4999999999999999
316243165104 65 53 84156243314359373346278196127 80 57 72133217292340359241017LG105337323 435999999999999999 450 521710 5799999999999999
341281198122 69 39 42 92179267333373378340266188127 87 73102172253314346241018LG1139381233435299999999999999 527 361752 7399999999999999
348311236152 85 43 24 45111202285344376372324251183132100 99140212281325241019LG1224380999999999999999999999 6 3 241833 9599999999999999
341325271191114 59 27 22 60135223297348371356305239182140119130178242295241020LG 0 334113 937199999999999999 638 20191311899999999999999
323324293230154 89 45 24 34 83159238302344358337288232185152140159205257241021LG 032327135435899999999999999 713 23195514099999999999999
294308296257195130 78 46 37 58110179246300333339317276230192166161181218241022LG 1 4308144334199999999999999 750 36204216099999999999999
254277281264225174123 83 61 61 86133191247291317320302270233202181177190241023LG 142282153932299999999999999 831 58214317699999999999999
214237251251236206169132102 87 89111148193239276300306294271241212191182241024LG 232253165030699999999999999 923 86231718299999999999999
185196210222226220204181154130115113126151187226262287299295276249218192241025LG 3562261815299999999999999991037112999999999999999999999
174166170183201215222219205182156136126128145175215253284300300283251213241026LG 612222193030399999999999999 110166122012599999999999999
179153140144165195222241245234207174144125120134166211256290309307282241241027LG 748246202531199999999999999 215139134812099999999999999
195154124114128163207245270276258222178140115109126167220269304318307270241028LG 84627721 631899999999999999 257114144810899999999999999
217164121 96 96126178234278302301271222169127102101129182241289318322295241029LG 928305213832499999999999999 330 921533 9899999999999999
242180126 88 74 92142207267310328314269209153112 93104147209268310327313241030LG10 532822 532799999999999999 359 741611 9299999999999999
267202138 90 62 64103170241300336341311254190137102 94121178242294323323241031LG1040343223032799999999999999 427 591646 9399999999999999
289227157 99 60 47 701282042743243493392942311711251011081512142743123242411 1LG1114350225432499999999999999 454 471719 9999999999999999
304251180114 67 42 48 911622383003393503242702081561201091331872492963182411 2LG1148351231831999999999999999 521 40175210999999999999999
311271205134 79 46 37 621221992673183443393002431891471221261642232753062411 3LG1222347234031299999999999999 548 36182412099999999999999
310285229159 96 54 36 45 881582322903283413212752211751431311491962502882411 4LG1255341999999999999999999999 613 35185713199999999999999
303291250187119 69 41 37 631201922583053313303012522051681451451732202642411 5LG 0 4303132933499999999999999 639 36193214299999999999999
288289264215151 93 54 39 49 871492182753123283172832381961671521601912312411 6LG 03229214 732899999999999999 7 9 39201115299999999999999
264277269237187129 81 53 47 651091702312803113203062722321961711611701972411 7LG 1 7277145332099999999999999 746 4621 316199999999999999
229252260249219174126 86 64 62 821231782322763043123002712352021781661712411 8LG 154260155331299999999999999 836 60221316699999999999999
189214234242236214180140105 83 78 921261722222662963083012772442091791612411 9LG 3 724217 830899999999999999 946 77234315799999999999999
158169191214232237227203168132104 90 94118158207255291310308287251209171241110LG 4522381825312999999999999991116 89999999999999999999999
144133142167202234253255237203160120 95 89105142195250294318318294250197241111LG 635256193232199999999999999 1 41331247 8899999999999999
149115102113150201248280290274235181131 95 81 93133193255303327325292235241112LG 755290202533099999999999999 2 410214 5 8199999999999999
171117 81 70 91144211271311324306257193135 95 77 89135203269315334323276241113LG 857324211033599999999999999 252 7015 9 7699999999999999
206135 80 48 45 81151231296339351326267197137 96 78 96151224286324334309241114LG 952351214933599999999999999 336 4216 3 7899999999999999
247168 96 47 22 31 84167252318358366332266195138100 88115177248302328325241115LG1042368222433199999999999999 417 211651 8799999999999999
284210128 63 21  7 30 97187271333368368325258192140108104141206269310324241116LG1129373225832499999999999999 457  6173710199999999999999
306251171 94 38  6  4 42118208285341369359311246187143117124168230283311241117LG1216370233231599999999999999 536  0182011599999999999999
311280217138 70 25  3 13 63142226295343361343293234182144128144191246286241118LG13 1361999999999999999999999 614  219 212899999999999999
302292251186115 57 22 12 33 90166242302339348323275222177147139162205251241119LG 0 8303134534999999999999999 652 11194513999999999999999
280287268224163102 56 31 31 61118188254303331331303258211172150149173210241120LG 047287143033599999999999999 731 27203114699999999999999
245266266244203150100 65 49 57 90144205260300319313285244203171153155175241121LG 131269151632099999999999999 811 49212415299999999999999
205232247245225191148109 83 74 85117163215261293306298271235198170154154241122LG 22424816 730699999999999999 858 74223015299999999999999
169191214228229216191159128107100109135174218257284294287263230195166149241123LG 33523017 529499999999999999 956100234814499999999999999
144154174197215224220204179152130120125144176215251277288282259226189156241124LG 51222418 8288999999999999991112120999999999999999999999
134127135157187214233237227204175149132130144173211249276288281256217174241125LG 64923719 828899999999999999 059127123812999999999999999
137112104117148188227253263254227191157135128139170212253281291279246199241126LG 8 1263195829199999999999999 153104135412799999999999999
149109 85 83106150203250281291277242197157129121136174221263289293272227241127LG 855291204029599999999999999 236 81145212199999999999999
171118 78 60 69107165227278309314290244193149122117141186237277296290255241128LG 940316211629799999999999999 312 60154011699999999999999
198136 84 51 43 67121190255305330325289236183140116120155207256289297276241129LG1020332214829899999999999999 346 42162211499999999999999
227162100 55 31 38 79145218281325341323277221170131116133177231274295290241130LG1059341221929799999999999999 419 3017 011699999999999999
253192124 69 33 23 451011752463023363393092582031571261231522032532852942412 1LG1136342224929499999999999999 451 22173712099999999999999
273222154 91 45 21 25 631302052703173393292892361861471261351752272692892412 2LG1212340231929199999999999999 523 18181312599999999999999
284249188120 64 28 17 36 881612322893263363132672151711391301511972452772412 3LG1249336235128699999999999999 555 17185013099999999999999
286268222157 92 45 20 21 541161902563043313282962471981591361371672132562412 4LG1326333999999999999999999999 628 17192813399999999999999
278277250197132 73 35 20 32 751422142743143313182802301841511351441782222412 5LG 02728114 533199999999999999 7 5 20201113599999999999999
258273265233179117 65 35 28 48 961642322863193273072662171751461351471812412 6LG 111274144832799999999999999 747 2721 013599999999999999
221252264254222171115 70 45 42 651141792422903183202982562091681411311442412 7LG 2 4264153732299999999999999 837 40215713199999999999999
175212241255248221177128 87 63 60 821271862432883123132902492031611321212412 8LG 312255163231699999999999999 937 5923 312199999999999999
131160197230250251232196152113 87 80 951331852392823063072852441951501172412 9LG 4352531733310999999999999991049 79999999999999999999999
102110138180221252264255226184142110 97104134181233277302303281237183132241210LG 6 5264183430699999999999999 0111021210 9699999999999999
 95 77 84117167220262285284259216169130109108132178231275300301275225164241211LG 728287193230499999999999999 114 77133210699999999999999
108 68 50 59100162226278309313289241188144117110132179234278300297265207241212LG 840315202430299999999999999 211 49144510999999999999999
139 80 40 25 41 92165238296331336309256199152120112136186242283301291250241213LG 940338211130199999999999999 3 2 25154711299999999999999
184112 54 17  8 33 94175252311347349316260202154122117146199252288299281241214LG1035353215529999999999999999 349  7164011599999999999999
231159 87 33  2  0 35105189266323354351312254197151123124159214263291294241215LG1125358223729699999999999999 435 -3172911999999999999999
267209135 67 20 -4  3 48123206278330355343299240186145123133175229272292241216LG1212355231829399999999999999 519 -5181312399999999999999
286250187114 53 14 -1 15 68146225290334348327278221172137125144190240276241217LG1255348235928899999999999999 6 1 -1185512599999999999999
288274231166 98 45 15 10 36 96173246301334337306254200156130127155202248241218LG1335340999999999999999999999 641  8193512599999999999999
276280258211147 86 43 22 28 65128202266310330320281228179142125132165211241219LG 040281141033199999999999999 718 21201412499999999999999
250271268241191132 80 48 38 54 98162229282314321299255204160131122137172241220LG 124272144432299999999999999 754 38205412299999999999999
214247261253224177125 84 61 60 85132192249291311306276231184146124121140241221LG 210261151831299999999999999 832 58213812099999999999999
174211238249240212171129 97 82 88116161214260291300287255212169136118119241222LG 3 4249155630099999999999999 915 82222811699999999999999
138169202228239233211178145119108115141180223260283286270238198158127111241223LG 41023916412879999999999999910 8108232610999999999999999
112130159192220236236222197168145133137156187222253271273256226186147116241224LG 5322381735274999999999999991117132999999999999999999999
 99 99117148185219242250243222194168151148159184215244262264248216175133241225LG 7 0250183626599999999999999 028 97124314799999999999999
100 82 83104140185227258272268246215183159148155178209240258260242206160241226LG 815273193526299999999999999 127 8014 714899999999999999
114 80 62 67 95140194243280296290263225186156142149174210242261259235192241227LG 913297202726399999999999999 218 61151214299999999999999
140 92 57 44 56 93149210264301315303268224180147134146178218251266258225241228LG10 1315211226799999999999999 3 3 4416 213499999999999999
173116 68 37 30 52101165230285319326304262212167136129149189232262272254241229LG1044327215227299999999999999 346 29164612899999999999999
211151 91 46 21 23 56116186252303330328296247195153127129160207249274274241230LG1125333223127799999999999999 426 18172612499999999999999
247193126 66 26  9 22 67137211274318336321279225174137120134176227267284241231LG12 3336231028499999999999999 5 6  918 412099999999999999
