 34 36 40 44 49 52 53 53 53 52 52 54 57 62 66 70 72 72 69 63 56 48 42 3724 1 1MC 633 531620 7299999999999999 920 52999999999999999999999
 35 36 39 44 48 52 54 55 54 53 52 52 54 57 60 64 66 67 66 62 57 51 45 4124 1 2MC 658 551649 6799999999999999 010 351025 5299999999999999
 38 38 40 44 49 53 56 57 57 56 55 53 53 54 56 59 61 62 61 60 56 52 48 4424 1 3MC 726 571717 6299999999999999 032 381144 5399999999999999
 42 41 42 46 50 54 58 60 61 60 58 56 54 53 53 54 56 57 57 56 55 52 50 4824 1 4MC 756 611746 5799999999999999 050 411327 5399999999999999
 46 45 46 48 52 56 60 63 64 64 63 60 57 55 53 52 51 52 52 52 52 51 51 5024 1 5MC 826 64999999999999999999999 1 1 45999999999999999999999
 50 50 50 52 55 58 62 65 68 68 68 65 62 58 54 51 49 48 47 47 48 49 50 5124 1 6MC 859 68999999999999999999999 035 501811 4799999999999999
 53 54 55 56 58 61 64 67 70 72 72 71 67 63 58 52 48 45 43 43 44 45 48 5124 1 7MC 937 739999999999999999999991851 43999999999999999999999
 54 56 58 59 61 63 65 69 72 75 77 76 74 69 63 57 50 45 41 39 39 41 44 4824 1 8MC1022 779999999999999999999991927 39999999999999999999999
 52 56 59 61 62 64 66 69 73 76 79 81 80 77 71 63 55 47 41 37 35 36 39 4424 1 9MC1113 8199999999999999999999920 6 35999999999999999999999
 49 53 57 60 62 63 65 67 71 75 80 83 85 83 79 72 63 53 44 37 33 33 35 3824 110MC12 7 859999999999999999999992047 33999999999999999999999
 44 49 54 58 60 61 62 64 67 71 77 82 86 87 86 80 71 61 50 41 34 31 31 3424 111MC13 0 879999999999999999999992128 31999999999999999999999
 39 44 50 54 57 58 59 60 62 66 71 77 83 87 89 86 79 70 58 47 38 32 30 3124 112MC1352 8999999999999999999999922 7 30999999999999999999999
 35 40 46 51 54 56 56 57 57 59 64 70 77 83 87 88 84 77 66 55 44 36 32 3124 113MC1440 889999999999999999999992242 31999999999999999999999
 33 38 43 48 52 54 55 55 54 55 57 62 68 75 81 85 84 80 72 61 51 42 36 3324 114MC 556 551526 8599999999999999 8 9 542312 3399999999999999
 34 38 42 48 52 55 56 55 54 52 53 55 59 66 72 77 80 78 73 65 56 47 40 3724 115MC 558 561610 8099999999999999 926 522335 3699999999999999
 36 39 44 49 54 57 59 58 56 54 52 51 53 57 63 68 72 73 71 66 59 51 45 4124 116MC 611 591651 73999999999999991041 512351 4099999999999999
 40 42 46 51 57 61 63 63 61 58 54 52 51 52 55 59 63 66 66 63 59 53 48 4524 117MC 631 631732 669999999999999912 0 51999999999999999999999
 44 45 49 54 60 64 67 68 67 64 60 56 53 51 51 53 55 58 59 59 57 54 51 4824 118MC 656 681816 5999999999999999 0 0 441326 512359 479999999
 47 48 51 56 62 67 71 73 73 71 67 63 58 54 51 50 50 52 53 54 54 53 52 5124 119MC 729 731919 549999999999999915 8 502342 5099999999999999
 50 51 54 58 63 68 73 76 78 77 74 70 65 60 55 51 49 48 48 49 50 50 51 5224 120MC 810 7899999999999999999999917 4 48999999999999999999999
 53 54 56 59 63 68 73 77 79 80 80 77 73 67 61 55 50 47 45 45 46 48 50 5224 121MC 9 3 809999999999999999999991836 45999999999999999999999
 54 56 58 61 64 67 71 75 79 81 82 82 79 75 69 62 55 49 45 43 43 45 47 5124 122MC1012 829999999999999999999991931 43999999999999999999999
 54 57 60 62 64 66 69 72 76 79 82 84 83 81 76 69 62 54 47 43 41 42 44 4824 123MC1125 849999999999999999999992013 41999999999999999999999
 52 56 60 62 63 64 66 68 71 75 79 83 85 85 82 76 69 60 51 45 40 39 41 4524 124MC1229 859999999999999999999992051 39999999999999999999999
 49 54 58 61 62 63 63 64 66 70 75 79 83 86 85 81 75 66 56 48 41 38 39 4224 125MC1322 869999999999999999999992125 38999999999999999999999
 46 51 56 59 61 61 61 61 62 64 69 74 80 84 85 84 79 71 61 52 44 38 37 3924 126MC14 5 859999999999999999999992155 37999999999999999999999
 43 48 53 57 59 60 59 58 58 59 63 68 74 79 83 84 81 74 65 55 46 40 36 3724 127MC 440 601443 8499999999999999 737 582222 3699999999999999
 40 45 51 55 58 59 58 56 55 55 57 61 67 73 78 81 80 75 68 58 49 42 37 3624 128MC 449 591516 8199999999999999 828 552245 3699999999999999
 39 44 49 54 58 59 58 56 54 53 53 56 61 67 72 76 76 74 68 60 52 44 39 3724 129MC 5 4 591547 7799999999999999 916 5323 4 3799999999999999
 38 43 48 54 58 60 60 58 55 52 51 52 55 60 65 69 72 71 67 61 54 47 41 3924 130MC 521 601616 729999999999999910 5 512321 3999999999999999
 39 43 48 54 59 62 62 60 57 54 51 50 52 55 59 63 66 67 65 60 55 49 45 4224 131MC 541 621644 67999999999999991055 502334 4199999999999999
 42 44 49 55 60 63 65 64 61 57 53 51 50 52 54 58 60 62 61 59 55 51 48 4624 2 1MC 6 2 651713 62999999999999991149 502339 4599999999999999
 45 47 51 56 61 65 67 67 65 61 57 53 51 50 51 53 55 57 57 56 54 52 50 4924 2 2MC 624 681744 57999999999999991250 502325 4999999999999999
 49 51 54 58 63 67 70 70 69 66 61 57 53 51 50 50 51 52 53 53 52 52 51 5224 2 3MC 647 711825 53999999999999991411 5022 7 5199999999999999
 53 54 57 61 65 69 72 73 73 70 67 62 58 54 51 49 48 48 49 49 49 50 51 5324 2 4MC 716 739999999999999999999991628 48999999999999999999999
 55 57 60 63 66 70 73 75 76 75 73 69 64 59 54 50 47 45 45 44 45 46 48 5124 2 5MC 759 769999999999999999999991854 44999999999999999999999
 54 58 61 64 66 69 72 75 77 78 77 75 72 67 61 55 49 45 42 40 40 41 44 4824 2 6MC 912 789999999999999999999991938 40999999999999999999999
 52 56 60 63 65 67 70 73 76 78 80 80 79 75 69 62 54 47 41 38 36 36 39 4324 2 7MC1044 809999999999999999999992016 36999999999999999999999
 48 53 57 60 63 64 66 68 71 75 79 82 83 82 78 71 62 53 44 38 34 33 34 3824 2 8MC12 1 839999999999999999999992051 33999999999999999999999
 43 49 54 57 59 60 61 62 65 69 74 79 83 85 84 78 70 60 50 41 34 31 32 3524 2 9MC13 4 859999999999999999999992123 31999999999999999999999
 40 45 51 55 57 57 57 57 58 61 66 73 79 84 85 83 77 67 56 46 37 32 31 3324 210MC1358 859999999999999999999992150 31999999999999999999999
 38 43 49 53 56 56 54 53 52 53 57 63 70 77 82 83 79 72 62 51 42 35 32 3324 211MC 431 561446 8399999999999999 8 5 522212 3299999999999999
 38 43 49 54 57 57 55 52 49 47 48 53 60 67 74 77 77 73 65 56 46 39 35 3524 212MC 433 571531 7899999999999999 9 8 472230 3599999999999999
 39 45 51 56 60 61 58 54 50 46 44 45 50 56 63 69 71 70 65 58 50 43 39 3824 213MC 444 611612 729999999999999910 7 442242 3899999999999999
 41 46 53 59 64 65 64 60 54 48 44 42 43 48 54 59 63 64 62 57 51 46 42 4124 214MC 5 2 651652 659999999999999911 5 422251 4199999999999999
 43 48 55 62 67 70 70 66 60 54 48 43 41 42 46 51 55 58 58 55 51 47 44 4324 215MC 524 701731 589999999999999912 5 412253 4399999999999999
 45 49 56 63 69 73 74 72 67 61 54 48 44 42 43 45 49 51 52 52 50 48 46 4524 216MC 551 741811 52999999999999991312 422246 4599999999999999
 47 50 56 62 69 74 76 76 73 68 62 56 50 46 44 44 45 46 48 48 48 47 47 4724 217MC 624 7619 2 48999999999999991437 4322 8 4799999999999999
 49 52 56 61 67 72 75 77 76 73 69 63 58 52 48 45 44 44 44 45 45 46 47 4824 218MC 7 4 779999999999999999999991643 44999999999999999999999
 50 53 56 60 64 69 72 75 75 75 73 70 65 60 55 50 46 44 42 42 43 44 46 4824 219MC 8 1 759999999999999999999991848 42999999999999999999999
 51 54 56 59 62 65 68 71 73 74 74 73 71 67 62 56 51 46 42 40 40 41 44 4724 220MC 950 749999999999999999999991936 40999999999999999999999
 51 54 56 58 60 61 63 65 68 70 73 74 74 73 69 63 56 49 43 39 38 38 41 4524 221MC1136 759999999999999999999992010 38999999999999999999999
 49 53 56 57 58 58 59 60 62 65 69 72 75 75 73 68 61 53 45 39 36 36 38 4224 222MC1242 759999999999999999999992038 35999999999999999999999
 47 51 54 56 56 56 55 55 56 59 63 68 73 75 75 72 65 57 48 41 35 33 35 3924 223MC 341 561330 7699999999999999 638 5521 3 3399999999999999
 44 49 53 55 55 54 52 51 51 53 57 62 68 72 74 73 68 60 51 42 36 32 32 3624 224MC 333 5614 8 7499999999999999 736 512125 3299999999999999
 41 47 52 55 55 54 51 48 47 47 50 55 62 67 71 72 69 62 53 44 37 32 31 3424 225MC 340 551442 7299999999999999 820 462144 3199999999999999
 39 45 51 55 56 54 51 47 44 43 44 48 54 61 66 68 67 62 55 46 39 33 31 3324 226MC 352 561514 6899999999999999 9 0 4322 2 3199999999999999
 38 44 51 55 57 56 52 48 43 40 40 42 47 54 59 63 64 61 55 48 41 35 32 3324 227MC 4 7 571545 6499999999999999 940 402217 3299999999999999
 37 44 50 56 59 58 55 50 44 40 37 38 42 47 53 57 59 58 55 49 43 38 35 3524 228MC 424 591616 59999999999999991018 372230 3499999999999999
 38 44 50 56 60 61 58 53 47 41 37 36 38 42 47 51 54 55 53 49 44 40 38 3724 229MC 442 611647 55999999999999991056 362239 3799999999999999
 40 45 51 57 61 63 61 56 50 44 39 36 36 38 42 46 49 51 50 48 45 42 41 4124 3 1MC 5 0 631720 51999999999999991137 352235 4099999999999999
 42 47 52 58 62 65 64 60 55 48 42 38 36 36 38 41 44 46 47 46 44 43 43 4324 3 2MC 518 651755 47999999999999991223 3622 1 4399999999999999
 45 49 53 58 63 66 66 64 59 53 47 42 38 36 37 38 40 41 42 42 42 42 43 4524 3 3MC 539 669999999999999999999991325 36999999999999999999999
 47 50 54 59 63 66 67 67 64 59 54 48 43 40 37 37 37 37 38 38 38 40 42 4424 3 4MC 6 7 679999999999999999999991520 37999999999999999999999
 47 50 54 58 62 65 67 67 66 64 60 55 50 46 41 38 35 34 33 33 34 35 38 4224 3 5MC 650 689999999999999999999991848 33999999999999999999999
 45 49 53 56 59 62 64 66 67 66 65 62 58 53 48 42 37 33 30 29 29 31 34 3824 3 6MC 816 679999999999999999999991930 29999999999999999999999
 43 47 50 53 55 57 59 61 64 66 67 67 65 61 56 49 42 35 30 26 25 26 29 3424 3 7MC1035 6799999999999999999999920 1 25999999999999999999999
 39 44 48 50 51 52 53 54 57 61 64 67 69 67 63 56 48 40 32 26 24 24 27 3124 3 8MC12 3 699999999999999999999992027 23999999999999999999999
 37 42 46 48 48 48 47 47 48 52 57 63 67 69 68 63 55 45 36 29 24 23 25 3024 3 9MC 342 4813 7 6999999999999999 631 472048 2399999999999999
 36 41 46 48 48 45 42 40 40 42 47 54 60 65 67 65 59 51 41 33 27 24 26 3024 310MC 318 4814 1 6799999999999999 741 4021 5 2499999999999999
 36 43 48 50 49 46 41 37 34 33 36 43 50 57 62 63 60 54 45 37 30 27 27 3224 311MC 318 501448 6399999999999999 837 332120 2799999999999999
 38 45 51 54 54 50 44 37 31 28 28 32 39 47 53 57 58 54 47 40 33 30 29 3324 312MC 328 541533 5899999999999999 928 272133 2999999999999999
 40 47 54 58 59 56 50 41 33 27 24 25 29 36 43 49 52 51 47 41 35 32 31 3424 313MC 345 591615 52999999999999991017 232142 3199999999999999
 40 48 56 61 64 62 56 48 39 31 24 22 23 28 35 41 45 46 44 41 36 33 33 3524 314MC 4 8 641655 469999999999999911 5 222149 3399999999999999
 40 48 56 62 66 66 63 55 46 37 29 24 22 24 29 34 38 41 41 39 37 34 34 3524 315MC 434 671736 41999999999999991156 222150 3499999999999999
 40 46 54 61 66 68 66 61 54 45 37 30 26 25 26 29 33 36 37 37 36 35 35 3624 316MC 5 3 681820 37999999999999991253 252138 3599999999999999
 39 44 51 57 63 66 66 64 58 52 45 38 32 29 28 28 30 32 33 34 34 35 35 3724 317MC 536 6699999999999999999999914 9 28999999999999999999999
 39 43 48 53 58 62 63 63 60 56 51 46 40 36 32 30 30 30 31 31 32 33 35 3724 318MC 615 6399999999999999999999916 7 30999999999999999999999
 39 42 46 49 53 56 58 59 59 57 55 52 47 43 38 34 31 29 29 29 30 32 34 3724 319MC 7 9 599999999999999999999991813 29999999999999999999999
 39 42 44 46 48 50 52 54 55 55 56 55 52 49 44 39 34 30 27 27 27 29 32 3624 320MC 937 5699999999999999999999919 3 27999999999999999999999
 39 42 43 44 45 45 46 48 49 51 53 55 55 53 49 44 38 32 27 25 25 27 30 3424 321MC1134 559999999999999999999991933 24999999999999999999999
 39 42 43 43 43 42 41 41 43 45 49 52 55 55 53 48 41 34 28 24 23 24 28 3324 322MC 241 431237 5599999999999999 620 411956 2399999999999999
 38 41 43 43 42 39 37 36 36 39 43 48 52 54 54 50 44 37 29 24 21 22 26 3124 323MC 225 441323 5499999999999999 717 362017 2199999999999999
 37 41 44 44 42 38 34 31 30 32 36 41 47 51 53 51 46 39 31 25 21 21 24 2924 324MC 230 4414 3 5399999999999999 758 302036 2099999999999999
 36 41 45 46 43 39 33 29 26 26 28 34 40 46 49 50 47 41 33 27 22 20 23 2824 325MC 242 461439 5099999999999999 835 252054 2099999999999999
 35 41 46 48 46 41 34 28 23 21 22 27 33 39 44 47 46 41 35 29 24 21 23 2724 326MC 256 481514 4799999999999999 9 9 212110 2199999999999999
 34 41 47 49 48 43 36 29 23 18 18 21 26 32 38 42 43 41 36 31 26 23 24 2724 327MC 313 491548 4399999999999999 942 172125 2399999999999999
 34 41 47 51 51 47 40 31 24 18 15 16 20 26 32 37 39 39 36 32 28 26 25 2824 328MC 330 511623 40999999999999991014 152137 2599999999999999
 34 41 47 51 53 50 43 35 27 19 15 14 16 21 27 32 35 36 35 33 30 28 28 3024 329MC 349 531659 36999999999999991047 142141 2899999999999999
 34 41 47 52 54 52 47 39 31 23 17 14 14 17 22 26 30 32 33 32 30 29 29 3124 330MC 4 8 541740 33999999999999991123 142123 2999999999999999
 35 40 46 51 54 54 51 44 36 28 21 16 14 15 18 22 25 28 29 29 29 29 30 3224 331MC 429 5599999999999999999999912 7 14999999999999999999999
 35 40 45 50 54 55 53 48 42 34 27 21 17 16 17 19 21 23 24 25 26 27 29 3224 4 1MC 455 5599999999999999999999913 8 16999999999999999999999
 35 39 43 48 51 54 53 51 46 41 34 28 23 19 18 17 18 18 19 20 22 24 27 3024 4 2MC 527 549999999999999999999991455 17999999999999999999999
 33 37 41 44 48 50 51 51 49 45 41 36 30 25 21 18 16 16 15 16 18 20 24 2824 4 3MC 612 519999999999999999999991738 15999999999999999999999
 32 35 38 40 43 45 47 48 48 47 45 42 38 33 27 22 18 15 13 13 14 17 21 2624 4 4MC 738 489999999999999999999991838 13999999999999999999999
 30 33 35 37 38 38 40 41 43 45 46 45 44 40 34 28 22 17 13 12 13 15 20 2524 4 5MC1027 4699999999999999999999919 8 12999999999999999999999
 29 33 34 34 34 32 32 33 35 38 41 44 45 44 40 34 27 21 16 13 13 16 20 2524 4 6MC 234 3512 0 4599999999999999 559 321929 1399999999999999
 30 34 36 35 32 28 25 24 25 28 33 38 42 44 43 39 32 25 19 15 14 17 21 2724 4 7MC 2 3 3613 8 4499999999999999 7 8 241947 1499999999999999
 33 37 39 37 33 28 22 17 16 18 22 29 35 40 42 40 35 29 23 19 17 18 23 3024 4 8MC 2 2 3914 3 4299999999999999 759 1620 2 1799999999999999
 36 41 44 43 38 30 22 15 10  9 12 18 25 32 37 38 36 31 26 21 19 20 24 3124 4 9MC 212 441453 3899999999999999 845  92015 1999999999999999
 39 45 49 49 45 37 27 17  9  4  4  8 15 23 29 33 34 31 27 23 21 21 25 3224 410MC 231 491540 3499999999999999 929  32027 2099999999999999
 40 47 52 54 51 44 34 23 12  4  1  2  7 14 21 27 30 30 27 24 22 22 24 3024 411MC 255 541624 30999999999999991013  12037 2199999999999999
 38 46 53 56 56 51 41 30 19  9  3  1  3  8 14 20 25 26 26 24 22 22 24 2824 412MC 322 5717 9 26999999999999991057  12044 2299999999999999
 35 43 50 55 57 54 48 38 27 17  9  4  3  5 10 15 20 23 23 23 22 22 23 2624 413MC 353 571758 23999999999999991143  32044 2299999999999999
 32 39 46 52 55 54 50 43 35 25 16 10  6  6  8 12 16 19 20 21 21 21 22 2524 414MC 426 559999999999999999999991236  6999999999999999999999
 29 34 40 46 50 51 50 46 39 32 24 17 13 10 10 11 13 16 18 19 20 21 22 2424 415MC 5 0 519999999999999999999991342  9999999999999999999999
 27 31 35 40 44 46 46 44 41 36 30 25 19 15 13 12 12 14 15 17 18 20 22 2424 416MC 537 469999999999999999999991512 12999999999999999999999
 26 29 31 34 37 39 40 40 39 37 34 30 25 21 17 14 13 12 13 15 17 19 22 2424 417MC 622 419999999999999999999991645 12999999999999999999999
 26 28 29 30 32 33 34 35 35 35 34 32 30 26 22 18 14 12 12 13 15 18 22 2524 418MC 818 359999999999999999999991746 12999999999999999999999
 27 28 28 28 28 27 27 28 29 30 32 32 32 29 26 21 16 13 11 11 14 17 22 2624 419MC 157 2811 2 3299999999999999 529 271823 1199999999999999
 28 30 29 28 25 23 22 21 22 25 27 30 31 31 28 24 19 15 11 11 12 16 21 2624 420MC 114 301218 3199999999999999 648 211850 1099999999999999
 30 32 31 29 25 21 17 15 15 18 21 25 29 31 30 27 22 17 13 11 12 15 21 2724 421MC 116 321314 3199999999999999 729 151913 1199999999999999
 32 34 34 31 26 20 15 11  9 11 14 19 24 28 30 28 24 20 15 12 12 15 20 2724 422MC 127 3514 0 3099999999999999 8 3  91934 1199999999999999
 33 36 37 34 29 22 14  8  5  5  8 13 19 24 28 28 26 22 18 14 13 15 20 2724 423MC 143 371443 2899999999999999 834  41954 1399999999999999
 33 38 40 38 32 24 16  8  2  0  2  7 13 19 24 27 26 24 20 16 15 16 20 2624 424MC 2 0 401523 2799999999999999 9 3  02013 1599999999999999
 33 39 42 41 36 28 19  9  2 -2 -2  1  7 13 19 23 25 24 21 19 17 17 20 2624 425MC 220 4216 3 2599999999999999 933 -32028 1699999999999999
 33 39 43 44 40 33 23 13  4 -2 -5 -3  2  8 14 19 22 23 21 20 18 18 20 2524 426MC 241 441644 239999999999999910 3 -52036 1899999999999999
 32 38 43 45 43 37 28 18  8  0 -5 -5 -2  3  9 14 18 20 20 19 19 19 20 2424 427MC 3 4 451732 20999999999999991037 -52028 1899999999999999
 30 36 42 45 45 41 33 23 13  4 -2 -5 -4 -1  4  9 13 16 17 17 18 18 20 2324 428MC 330 469999999999999999999991115 -5999999999999999999999
 28 34 40 44 45 43 38 29 20 11  3 -2 -4 -2  1  4  8 11 13 15 16 17 19 2224 429MC 358 4599999999999999999999912 2 -4999999999999999999999
 26 31 36 41 43 43 40 34 26 18 10  4  0 -2 -1  1  4  7  9 11 13 15 17 2024 430MC 430 4499999999999999999999913 3 -2999999999999999999999
 23 27 32 36 39 41 40 36 31 24 17 11  5  2  0  0  2  4  6  8 10 13 16 1924 5 1MC 5 7 419999999999999999999991426  0999999999999999999999
 22 24 27 31 33 36 36 35 32 28 23 18 12  8  4  2  2  2  4  6  9 12 16 1824 5 2MC 552 369999999999999999999991554  2999999999999999999999
 21 23 24 25 27 28 30 30 30 29 26 23 18 14 10  6  4  3  4  6  9 12 16 2024 5 3MC 7 7 309999999999999999999991657  3999999999999999999999
 22 23 23 22 21 21 21 22 24 25 25 25 23 19 15 11  8  6  5  7 10 14 19 2324 5 4MC 125 2310 4 2599999999999999 451 211735  599999999999999
 25 25 24 21 18 15 13 13 15 18 20 23 24 22 20 16 12  9  8  9 13 17 22 2724 5 5MC 040 251156 2499999999999999 626 1318 1  899999999999999
 30 30 28 23 18 12  7  5  5  8 13 17 21 23 22 19 16 13 11 12 15 20 26 3124 5 6MC 039 301316 2399999999999999 719  51821 1199999999999999
 35 36 34 29 21 13  5 -1 -3 -1  3  9 15 19 21 21 19 16 14 14 16 21 28 3424 5 7MC 053 361419 2299999999999999 8 3 -31838 1499999999999999
 40 42 41 36 28 17  7 -2 -7 -8 -5  1  7 14 18 20 20 18 16 15 17 21 28 3524 5 8MC 115 421513 2099999999999999 844 -81853 1599999999999999
 42 46 47 43 36 25 13  2 -7-11-11 -7  0  7 13 17 19 18 17 16 17 20 26 3424 5 9MC 142 4716 4 1999999999999999 925-1219 7 1699999999999999
 41 47 50 49 43 33 21  9 -2-10-13-11 -6  1  7 13 16 17 16 16 16 18 23 3024 510MC 214 501655 179999999999999910 6-131920 1699999999999999
 38 45 49 50 47 40 29 17  5 -4-10-11 -9 -4  2  8 13 15 15 15 15 16 20 2524 511MC 248 509999999999999999999991048-12999999999999999999999
 32 40 45 49 48 44 35 25 14  3 -4 -9 -9 -6 -1  4  9 12 13 14 14 15 17 2124 512MC 323 499999999999999999999991132 -9999999999999999999999
 27 33 39 44 45 44 38 30 21 11  3 -3 -6 -5 -3  1  6  9 11 13 13 14 15 1824 513MC 359 459999999999999999999991219 -6999999999999999999999
 22 27 33 37 40 40 38 32 25 17  9  3 -1 -3 -2  0  4  7  9 11 13 14 15 1624 514MC 434 419999999999999999999991311 -3999999999999999999999
 19 23 27 31 34 35 34 31 27 21 15  9  4  1  0  0  2  5  8 11 13 14 15 1724 515MC 5 8 3599999999999999999999914 7  0999999999999999999999
 18 20 22 25 27 28 29 27 25 22 17 13  8  5  2  2  2  4  7 10 13 15 17 1824 516MC 541 2999999999999999999999915 3  2999999999999999999999
 19 19 20 20 21 22 22 22 21 20 18 15 12  9  6  4  3  4  7 10 13 17 19 2124 517MC 614 222346 21999999999999991554  3999999999999999999999
 21 20 19 18 17 16 16 16 16 16 16 16 14 12  9  7  5  5  7 10 14 18 22 2424 518MC 941 162349 2499999999999999 632 161637  599999999999999
 24 23 21 18 15 12 10  9 10 11 13 14 15 14 13 10  8  7  8 10 14 19 24 2724 519MC12 2 15999999999999999999999 7 5  91713  799999999999999
 28 27 24 19 14 10  6  4  4  5  8 11 14 16 15 14 12 10  9 11 15 20 25 2924 520MC 0 3 281323 1699999999999999 733  41746  999999999999999
 32 31 28 23 16  9  4  0 -2  0  3  7 12 15 17 16 15 13 12 12 15 20 26 3124 521MC 021 321422 1799999999999999 759 -21815 1299999999999999
 35 35 33 27 19 11  3 -3 -6 -5 -3  2  8 13 16 18 17 16 14 14 16 20 26 3224 522MC 043 351513 1899999999999999 826 -61840 1499999999999999
 37 39 37 32 24 14  5 -3 -8 -9 -7 -3  3  9 14 17 18 17 16 16 17 20 25 3224 523MC 1 7 3916 0 1899999999999999 853 -919 1 1699999999999999
 37 41 41 37 29 19  9 -1 -8-12-11 -8 -2  4 10 15 17 17 17 16 17 19 24 3024 524MC 133 411651 1799999999999999 923-121913 1699999999999999
 36 41 43 41 35 26 14  4 -6-12-13-11 -7 -1  5 11 14 16 16 16 16 18 22 2824 525MC 2 3 43999999999999999999999 956-13999999999999999999999
 34 40 44 44 40 32 21 10 -1 -9-13-13-10 -6  0  6 10 13 14 15 15 16 19 2424 526MC 235 449999999999999999999991034-14999999999999999999999
 30 37 42 44 43 37 28 17  6 -4-10-13-12 -9 -4  1  5  9 11 12 13 15 17 2124 527MC 3 9 449999999999999999999991115-13999999999999999999999
 26 32 38 42 42 39 33 24 13  3 -5-10-11-10 -7 -3  2  5  8 10 12 13 15 1824 528MC 345 4399999999999999999999912 1-11999999999999999999999
 22 27 32 37 39 39 35 28 20 10  2 -4 -8 -9 -7 -4 -1  3  6  9 11 12 14 1624 529MC 422 399999999999999999999991250 -9999999999999999999999
 18 22 26 30 33 35 33 29 23 16  8  2 -3 -5 -6 -4 -1  2  6  9 11 13 15 1624 530MC 5 0 359999999999999999999991337 -6999999999999999999999
 17 18 20 23 26 28 28 27 23 19 13  8  3  0 -2 -1  1  4  7 10 13 16 17 1824 531MC 542 282317 18999999999999991419 -2999999999999999999999
 18 18 17 18 18 20 21 21 20 18 15 12  8  5  3  3  4  6 10 13 17 20 22 2224 6 1MC 638 212250 2299999999999999 2 7 171452  399999999999999
 22 20 17 15 13 12 12 13 14 14 14 13 11 10  8  7  7  9 13 17 21 25 27 2924 6 2MC 926 1423 1 2999999999999999 512 121516  799999999999999
 28 25 20 15 11  7  5  5  6  8 10 12 13 12 12 11 11 12 15 19 24 29 33 3524 6 3MC1219 132324 3599999999999999 634  51530 1199999999999999
 35 32 26 19 12  5  1 -2 -1  1  4  8 11 13 14 14 14 15 17 21 26 32 37 4024 6 4MC2355 41999999999999999999999 722 -2999999999999999999999
 41 39 34 26 17  8  0 -5 -7 -6 -2  3  8 12 15 16 16 17 18 21 25 32 38 4324 6 5MC9999999999999999999999999999 8 2 -7999999999999999999999
 46 46 42 35 25 14  4 -5-10-10 -8 -3  3  9 13 16 17 18 18 20 24 29 36 4224 6 6MC 030 46999999999999999999999 842-11999999999999999999999
 47 49 48 42 33 22 10  0 -8-12-12 -8 -2  4 10 14 17 17 18 19 21 26 32 3924 6 7MC 1 9 49999999999999999999999 922-12999999999999999999999
 45 49 50 47 41 30 19  7 -3-10-12-11 -6  0  6 11 15 16 17 17 19 22 27 3324 6 8MC 150 5099999999999999999999910 1-12999999999999999999999
 40 46 49 49 45 37 26 15  3 -5-10-11 -9 -4  2  8 12 15 16 16 17 18 22 2724 6 9MC 230 509999999999999999999991041-11999999999999999999999
 34 40 45 47 46 41 32 21 10  1 -6-10 -9 -6 -1  5  9 13 14 15 15 16 18 2224 610MC 3 9 479999999999999999999991121-10999999999999999999999
 27 33 39 43 43 41 35 26 16  7 -1 -6 -8 -6 -2  3  7 11 13 14 14 15 16 1824 611MC 345 449999999999999999999991158 -8999999999999999999999
 22 27 32 36 38 38 34 28 20 12  4 -2 -5 -5 -3  1  6 10 13 15 15 15 15 1624 612MC 418 399999999999999999999991232 -5999999999999999999999
 18 22 26 29 32 33 31 27 21 15  8  2 -1 -3 -2  1  6 10 13 16 17 17 17 1724 613MC 447 3399999999999999999999913 1 -3999999999999999999999
 17 19 21 23 26 27 26 24 20 16 10  6  2  0  0  2  6 10 14 17 19 20 20 1924 614MC 511 272114 20999999999999991327  0999999999999999999999
 18 18 18 19 20 20 20 19 17 15 12  9  6  4  4  5  7 11 15 19 22 24 24 2324 615MC 521 202142 2499999999999999 111 181349  499999999999999
 22 20 18 16 16 15 14 14 13 12 11 10  9  8  8  8 10 13 17 21 24 27 28 2824 616MC2211 2899999999999999999999914 6  8999999999999999999999
 26 23 19 16 13 11  9  9  9  9 10 11 11 12 12 12 13 15 18 22 26 30 32 3224 617MC2240 33999999999999999999999 737  9999999999999999999999
 31 27 23 18 13  9  6  4  4  5  7 10 12 14 15 16 16 18 20 23 28 32 35 3724 618MC2312 37999999999999999999999 737  4999999999999999999999
 36 33 28 21 15  8  3  1  0  1  4  7 11 15 17 19 19 20 22 24 28 33 37 4024 619MC2346 41999999999999999999999 755  0999999999999999999999
 40 38 33 26 18 10  3 -2 -4 -3 -1  4  9 13 17 20 21 22 23 24 28 32 37 4124 620MC9999999999999999999999999999 819 -4999999999999999999999
 44 43 40 33 24 14  5 -2 -6 -7 -5 -1  4 10 15 19 21 22 23 24 26 31 36 4124 621MC 022 44999999999999999999999 848 -7999999999999999999999
 45 47 45 40 31 21 10  1 -6 -9 -9 -6  0  6 12 16 19 21 22 22 24 28 33 3924 622MC 1 2 47999999999999999999999 922 -9999999999999999999999
 44 48 49 46 38 28 17  6 -3 -9-11 -9 -5  1  7 12 16 18 19 20 21 24 28 3424 623MC 143 49999999999999999999999 958-11999999999999999999999
 41 46 49 49 44 36 24 12  2 -6-11-11 -8 -4  2  8 12 15 17 18 18 20 23 2824 624MC 224 509999999999999999999991036-11999999999999999999999
 35 42 47 49 47 41 31 20  8 -1 -8-11-10 -6 -1  5  9 13 15 16 17 17 19 2324 625MC 3 5 499999999999999999999991113-11999999999999999999999
 28 35 41 45 46 43 36 26 15  5 -3 -7 -8 -6 -2  3  8 12 15 16 16 16 17 1924 626MC 344 469999999999999999999991147 -8999999999999999999999
 22 27 33 38 41 40 36 29 20 11  3 -3 -5 -4 -1  4  9 13 16 18 18 18 17 1724 627MC 422 411948 18999999999999991215 -52227 1799999999999999
 18 21 25 30 33 35 33 29 23 15  8  3  0 -1  2  6 11 16 19 21 22 22 20 1924 628MC 5 0 3520 2 22999999999999991236 -1999999999999999999999
 18 18 20 22 25 27 27 25 22 17 12  7  5  4  6  9 14 19 23 26 27 27 26 2324 629MC 537 272023 2899999999999999 020 181247  499999999999999
 20 18 17 17 18 19 20 20 18 16 13 11  9  9 10 13 17 22 27 31 33 34 33 3024 630MC 618 202054 3499999999999999 236 171244  899999999999999
 26 22 18 15 13 13 13 13 13 13 13 12 12 12 14 16 20 24 30 34 38 39 39 3824 7 1MC 8 2 132133 4099999999999999 5 5 1312 8 1299999999999999
 34 29 23 17 13  9  8  7  8  9 11 12 14 15 17 19 22 26 31 35 40 43 45 4424 7 2MC2220 45999999999999999999999 644  7999999999999999999999
 42 37 30 23 16 10  5  3  3  5  7 10 14 17 19 21 24 26 30 35 40 44 47 4924 7 3MC2313 49999999999999999999999 729  3999999999999999999999
 48 45 39 31 22 13  6  2  0  1  3  7 12 16 20 22 24 26 29 32 37 42 47 5024 7 4MC9999999999999999999999999999 8 8  0999999999999999999999
 52 51 46 39 30 20 11  3 -1 -2  0  4  9 14 19 22 24 26 27 30 33 38 43 4824 7 5MC 0 8 52999999999999999999999 846 -2999999999999999999999
 52 53 52 46 38 28 17  7  0 -3 -3  0  6 11 17 21 23 25 25 27 29 33 38 4424 7 6MC 1 0 53999999999999999999999 923 -3999999999999999999999
 49 53 54 51 45 35 24 13  4 -2 -4 -2  2  8 14 19 22 23 24 24 25 27 32 3824 7 7MC 147 54999999999999999999999 958 -4999999999999999999999
 44 49 52 52 48 41 30 19  9  1 -3 -3  0  5 11 16 20 22 22 22 22 23 26 3124 7 8MC 229 539999999999999999999991031 -4999999999999999999999
 37 44 48 50 49 43 35 24 14  5 -1 -3 -1  3  9 14 19 21 22 21 20 20 22 2524 7 9MC 3 6 501753 229999999999999911 0 -32034 2099999999999999
 31 37 42 46 46 43 37 28 18  9  2 -2 -1  2  7 13 18 21 23 22 21 20 20 2124 710MC 339 4618 8 23999999999999991125 -22130 1999999999999999
 25 30 35 40 41 40 36 29 20 12  5  1  0  3  7 13 18 22 24 24 23 21 20 2024 711MC 4 8 411827 24999999999999991146  02228 1999999999999999
 21 25 29 33 35 35 33 28 21 15  9  4  3  4  8 13 19 24 26 27 26 24 22 2024 712MC 433 361850 279999999999999912 1  32335 2099999999999999
 20 22 24 27 29 30 29 26 21 16 11  8  6  7 10 15 20 25 29 30 30 28 25 2324 713MC 454 301917 30999999999999991211  6999999999999999999999
 21 21 21 23 24 25 24 22 20 17 14 11 10 11 13 17 22 27 31 33 34 33 30 2724 714MC 5 7 251947 3499999999999999 059 2112 9 1099999999999999
 24 22 20 20 20 20 19 19 17 16 15 14 14 15 17 20 24 29 33 36 37 37 35 3224 715MC2022 379999999999999999999991123 14999999999999999999999
 29 25 22 19 18 16 15 15 14 14 15 16 17 19 21 24 27 30 34 38 40 41 40 3824 716MC21 4 41999999999999999999999 831 14999999999999999999999
 34 30 25 21 17 14 12 11 11 12 13 16 19 21 24 26 29 32 35 38 41 43 44 4324 717MC2158 44999999999999999999999 744 11999999999999999999999
 40 36 30 24 19 14 10  8  7  8 10 14 18 22 25 28 30 32 35 38 41 44 47 4824 718MC2258 48999999999999999999999 756  7999999999999999999999
 46 43 37 30 23 15  9  5  4  4  6 10 15 20 25 28 30 32 34 36 39 43 47 5024 719MC2356 51999999999999999999999 821  3999999999999999999999
 51 49 45 38 29 20 11  5  1  0  2  6 11 17 22 26 29 30 31 33 36 40 45 5024 720MC9999999999999999999999999999 851  0999999999999999999999
 53 54 52 46 37 27 16  7  1 -2 -2  1  6 12 18 23 26 28 28 29 31 35 40 4624 721MC 050 54999999999999999999999 923 -3999999999999999999999
 51 55 56 52 45 34 23 12  3 -2 -4 -2  2  8 14 20 23 25 26 26 26 29 33 3924 722MC 139 56999999999999999999999 955 -4999999999999999999999
 46 52 56 55 50 41 30 18  8  0 -4 -3  0  6 12 17 22 24 24 23 23 23 26 3124 723MC 225 561739 24999999999999991024 -420 7 2399999999999999
 38 45 51 53 52 46 36 25 14  5 -1 -2  0  5 11 17 22 24 25 23 22 20 21 2424 724MC 3 8 541738 25999999999999991050 -22114 2099999999999999
 30 37 43 48 49 46 39 29 19 10  4  1  2  6 12 18 23 27 27 26 23 21 19 1924 725MC 348 491747 27999999999999991110  12220 1999999999999999
 22 28 34 39 42 42 38 31 22 14  8  5  5  9 15 21 27 31 32 31 28 24 21 1824 726MC 426 4318 2 32999999999999991124  52328 1899999999999999
 19 21 25 30 34 35 34 30 24 17 12  9  9 12 18 24 30 35 37 37 34 30 25 2124 727MC 5 2 351823 37999999999999991131  9999999999999999999999
 19 18 20 23 26 28 28 26 23 19 15 13 13 16 21 27 33 39 42 43 41 38 33 2824 728MC 536 281850 4399999999999999 044 181127 1399999999999999
 23 20 19 19 20 22 22 22 21 19 17 16 16 19 23 28 35 40 45 47 47 44 41 3624 729MC 6 9 221926 4799999999999999 220 181110 1699999999999999
 30 25 21 19 17 17 17 18 17 17 17 18 19 22 25 30 35 40 45 48 50 49 47 4324 730MC2016 50999999999999999999999 7 2 17999999999999999999999
 39 33 27 22 18 16 14 14 14 15 16 19 21 24 27 30 34 39 43 47 50 51 51 5024 731MC2131 51999999999999999999999 7 9 14999999999999999999999
 46 41 35 29 23 17 13 12 11 12 15 18 21 25 28 31 34 37 40 44 47 50 52 5324 8 1MC23 2 53999999999999999999999 742 11999999999999999999999
 52 49 44 37 29 21 15 11  9 10 12 16 20 25 28 31 33 35 37 39 43 46 50 5324 8 2MC9999999999999999999999999999 814  9999999999999999999999
 55 54 51 44 36 27 19 12  8  7  9 13 18 23 28 30 32 33 34 35 37 41 46 5024 8 3MC 016 55999999999999999999999 845  7999999999999999999999
 54 56 55 50 43 33 24 15  8  6  7 10 15 21 26 30 31 31 31 31 32 35 40 4524 8 4MC 111 56999999999999999999999 914  6999999999999999999999
 51 55 56 54 48 39 29 18 10  6  5  8 13 19 24 28 30 30 29 28 28 29 33 3924 8 5MC 155 561627 3199999999999999 941  51941 2899999999999999
 45 51 54 54 50 43 33 22 13  7  4  6 11 17 23 28 30 30 29 26 25 25 27 3224 8 6MC 232 551632 309999999999999910 4  42031 2599999999999999
 38 45 50 52 50 44 36 26 16  9  5  5  9 15 22 27 31 31 30 27 24 22 23 2624 8 7MC 3 5 521644 31999999999999991025  52116 2299999999999999
 32 38 43 47 47 44 37 28 19 11  7  6  9 15 21 28 32 33 32 29 25 22 21 2224 8 8MC 335 4717 0 33999999999999991042  622 2 2199999999999999
 26 31 37 41 42 41 36 29 21 14 10  8 10 15 22 28 33 36 35 32 28 24 21 2024 8 9MC 4 3 421717 36999999999999991055  82247 2099999999999999
 22 26 30 34 37 37 34 29 23 17 13 11 12 17 23 29 35 38 38 36 31 27 23 2024 810MC 428 371737 389999999999999911 5 112335 2099999999999999
 20 22 26 29 31 32 31 28 23 19 16 15 16 19 25 31 36 40 41 40 36 31 27 2324 811MC 452 321757 419999999999999911 6 15999999999999999999999
 21 21 23 25 27 28 27 26 23 21 19 18 20 22 27 32 37 42 44 43 40 36 31 2724 812MC 513 281819 4499999999999999 030 211048 1899999999999999
 24 22 22 22 23 24 24 23 22 21 21 21 23 26 30 34 39 43 45 46 44 41 37 3224 813MC 521 241846 4699999999999999 143 21 948 2199999999999999
 28 25 23 21 21 21 20 20 20 20 21 23 25 28 32 36 40 43 46 47 47 45 43 3924 814MC1924 47999999999999999999999 8 7 20999999999999999999999
 34 30 26 23 20 18 17 16 16 17 19 22 26 30 33 36 40 43 45 47 48 49 48 4524 815MC2036 49999999999999999999999 734 16999999999999999999999
 41 37 32 26 21 17 14 13 12 13 16 20 24 29 33 36 39 41 43 46 48 50 51 5124 816MC2226 51999999999999999999999 749 12999999999999999999999
 49 45 39 33 25 19 13 10  8  9 12 16 21 27 31 34 36 38 40 42 44 48 51 5324 817MC2348 54999999999999999999999 814  8999999999999999999999
 54 52 47 40 32 23 15  9  6  5  7 12 18 23 28 32 34 35 35 36 39 42 47 5224 818MC9999999999999999999999999999 840  5999999999999999999999
 55 56 54 48 39 29 19 11  5  3  4  8 14 20 26 30 32 32 31 31 32 35 40 4724 819MC 050 571632 3299999999999999 9 6  31851 3199999999999999
 52 56 57 54 46 36 25 15  7  3  3  7 12 19 25 29 31 30 29 27 26 27 31 3824 820MC 141 571613 3199999999999999 929  31958 2699999999999999
 45 52 55 55 50 42 31 20 11  6  4  7 12 19 25 30 32 32 29 25 22 21 23 2824 821MC 228 561613 3299999999999999 949  42055 2199999999999999
 36 43 49 52 50 44 35 25 16 10  7  9 14 21 28 33 36 35 32 27 22 18 17 2024 822MC 311 521622 369999999999999910 5  72149 1799999999999999
 26 33 40 45 46 43 37 28 20 14 11 12 17 23 31 37 40 41 38 32 26 20 16 1524 823MC 351 461637 41999999999999991017 112242 1599999999999999
 18 24 30 36 39 39 35 29 23 17 15 15 19 26 33 40 45 46 44 39 32 25 19 1524 824MC 430 401656 46999999999999991024 142337 1499999999999999
 15 18 22 27 31 33 32 28 24 20 17 18 21 27 35 42 48 51 50 46 40 33 25 2024 825MC 5 7 331721 51999999999999991025 17999999999999999999999
 16 16 18 21 25 27 27 26 24 21 20 20 23 28 35 42 48 52 53 51 47 41 34 2724 826MC 542 281751 5399999999999999 039 161017 2099999999999999
 22 19 18 19 21 22 23 23 22 21 21 22 25 29 34 41 47 51 54 54 51 47 42 3624 827MC 618 231827 5499999999999999 157 18 945 2199999999999999
 30 26 22 20 20 20 20 20 20 21 22 24 26 30 34 39 44 48 51 53 52 51 48 4424 828MC1918 53999999999999999999999 411 20999999999999999999999
 39 34 29 25 21 19 18 18 18 20 22 24 27 30 34 37 41 44 47 49 51 51 51 4924 829MC21 4 51999999999999999999999 654 18999999999999999999999
 46 42 37 31 25 21 18 16 16 18 20 24 28 31 34 36 38 40 42 44 46 48 50 5124 830MC2317 51999999999999999999999 728 16999999999999999999999
 51 48 44 38 31 24 19 15 14 15 18 23 27 31 34 36 36 37 37 38 41 44 47 5124 831MC9999999999999999999999999999 755 14999999999999999999999
 53 52 50 44 36 28 21 15 13 13 16 21 26 31 34 35 35 34 33 33 35 38 42 4724 9 1MC 028 531523 3699999999999999 820 121840 3399999999999999
 51 53 53 48 41 32 24 16 12 11 14 19 25 30 34 36 35 33 31 29 29 31 36 4224 9 2MC 117 541512 3699999999999999 842 111934 2999999999999999
 47 51 53 51 45 36 27 18 12 10 12 17 23 29 34 36 36 33 30 26 25 25 29 3524 9 3MC 156 531518 3699999999999999 9 2 102016 2599999999999999
 41 47 50 50 46 39 30 21 14 10 11 15 22 29 34 38 38 35 30 26 22 21 23 2824 9 4MC 230 511530 3899999999999999 921 102055 2199999999999999
 34 41 45 47 46 40 32 24 16 12 11 15 21 29 35 39 40 37 32 26 21 18 18 2224 9 5MC 3 2 471544 4099999999999999 937 112132 1899999999999999
 27 34 39 43 43 39 33 26 19 14 13 15 21 29 35 40 42 40 36 29 23 18 16 1724 9 6MC 333 4316 0 4299999999999999 952 1322 8 1699999999999999
 22 27 33 37 39 37 33 27 21 17 15 17 22 29 36 42 44 44 39 33 26 20 16 1524 9 7MC 4 3 391618 459999999999999910 3 152245 1599999999999999
 18 22 27 32 34 35 32 28 24 20 19 20 24 30 37 42 46 46 43 37 30 23 18 1624 9 8MC 433 351636 479999999999999910 9 182322 1599999999999999
 16 19 23 27 30 31 30 28 25 23 22 23 26 31 37 43 47 48 46 41 35 28 22 1824 9 9MC 5 3 311654 489999999999999910 2 22999999999999999999999
 17 18 20 23 26 27 28 26 25 24 24 25 28 33 38 43 47 49 49 45 40 33 27 2224 910MC 533 281714 5099999999999999 0 4 17 927 2499999999999999
 19 18 19 21 23 24 24 24 24 24 25 27 30 34 39 43 47 50 50 48 44 39 33 2824 911MC1739 50999999999999999999999 059 18999999999999999999999
 24 21 20 20 20 20 20 20 21 22 25 27 31 35 39 43 46 49 50 50 47 44 40 3524 912MC1814 50999999999999999999999 250 20999999999999999999999
 31 27 23 20 19 17 17 16 17 19 22 26 30 34 38 41 44 46 48 49 49 48 46 4324 913MC1923 49999999999999999999999 644 16999999999999999999999
 39 34 29 24 19 16 14 13 13 15 19 24 29 33 36 39 41 42 44 45 47 48 49 4824 914MC22 9 49999999999999999999999 714 13999999999999999999999
 46 42 36 30 23 17 13 10 10 12 16 21 26 31 35 37 37 38 38 40 42 45 48 5024 915MC2344 51999999999999999999999 740 10999999999999999999999
 51 49 44 37 29 21 14 10  8  9 13 19 25 30 33 35 35 33 32 32 34 38 43 4824 916MC1519 35999999999999999999999 8 3  81831 3299999999999999
 51 52 50 44 36 26 18 12  8  9 12 18 24 30 34 35 34 31 28 26 26 29 34 4024 917MC 048 521457 3599999999999999 823  81931 2599999999999999
 47 51 51 48 41 32 23 16 11 10 13 19 26 32 36 38 36 32 26 22 19 19 24 3024 918MC 141 521455 3899999999999999 840 102021 1999999999999999
 38 44 48 48 44 36 28 20 15 13 16 21 28 35 40 42 41 36 28 21 16 13 15 2024 919MC 229 4915 4 4299999999999999 854 1321 9 1399999999999999
 28 35 41 44 43 38 31 24 19 16 18 24 31 39 45 48 47 42 34 25 17 11  9 1224 920MC 314 441519 4899999999999999 9 6 162155  999999999999999
 18 25 32 37 39 37 32 26 22 19 20 25 33 41 48 52 53 49 42 32 22 14  9  824 921MC 356 391540 5399999999999999 914 192242  899999999999999
 11 17 24 30 33 34 31 27 23 21 22 26 33 41 49 55 57 55 49 41 31 21 14  924 922MC 437 3416 6 5799999999999999 919 212331  999999999999999
  9 13 18 23 27 29 29 27 24 23 23 26 32 40 48 54 58 58 55 48 39 30 22 1524 923MC 518 291635 5999999999999999 918 23999999999999999999999
 12 12 15 19 22 25 26 25 24 24 24 27 31 37 44 51 56 58 57 52 46 38 31 2424 924MC 6 2 2617 8 5899999999999999 026 12 9 4 2499999999999999
 19 16 16 17 20 22 23 23 24 24 25 27 31 35 41 47 51 54 55 53 49 45 39 3324 925MC1746 55999999999999999999999 138 16999999999999999999999
 27 23 20 19 19 20 21 21 22 24 26 28 31 34 38 42 46 49 51 51 49 47 44 4024 926MC1835 51999999999999999999999 333 19999999999999999999999
 35 31 26 23 20 19 19 20 21 23 26 29 32 34 37 39 41 43 45 46 47 47 46 4524 927MC2053 47999999999999999999999 540 19999999999999999999999
 42 38 33 28 23 20 18 18 19 22 26 29 32 35 36 37 37 38 39 40 41 43 45 4624 928MC2314 46999999999999999999999 635 18999999999999999999999
 46 43 39 33 27 22 18 17 18 21 25 29 33 36 37 36 35 34 33 34 35 38 42 4524 929MC1412 37999999999999999999999 7 5 171816 3399999999999999
 47 46 43 38 31 24 19 16 16 19 24 29 34 37 38 37 35 32 29 28 29 32 36 4124 930MC 021 471358 3899999999999999 729 1619 9 2899999999999999
 45 47 46 41 35 28 21 17 15 18 23 29 34 39 40 39 36 31 27 24 23 25 29 352410 1MC 1 9 4714 4 4099999999999999 750 151948 2399999999999999
 41 44 46 43 38 31 24 18 16 17 22 28 35 40 43 42 38 32 26 21 19 19 23 282410 2MC 150 461416 4399999999999999 8 9 162024 1899999999999999
 35 40 43 43 39 33 26 21 17 17 21 28 35 41 45 45 41 35 28 21 16 15 17 222410 3MC 227 441431 4599999999999999 827 172057 1599999999999999
 28 35 39 41 39 35 29 23 19 19 22 28 35 42 47 48 45 39 31 23 16 12 12 162410 4MC 3 2 411448 4899999999999999 843 182129 1299999999999999
 22 29 34 38 38 35 31 26 22 21 23 28 35 42 48 50 49 43 35 26 18 12 10 122410 5MC 337 3815 6 5099999999999999 857 2122 0 1099999999999999
 17 23 29 33 35 35 32 28 25 23 24 29 35 42 48 52 51 47 39 30 21 14 11 102410 6MC 411 361525 5299999999999999 9 8 232231 1099999999999999
 14 19 24 29 32 33 31 29 27 26 26 30 35 42 48 52 53 50 43 35 26 18 13 112410 7MC 446 331545 5399999999999999 9 9 2623 5 1199999999999999
 12 16 20 25 28 30 30 29 28 27 28 31 36 42 47 52 54 52 47 40 31 23 17 132410 8MC 525 3016 6 5499999999999999 847 272346 1299999999999999
 12 14 18 21 24 26 27 27 27 28 29 32 36 41 46 51 53 53 50 45 37 30 23 182410 9MC1630 549999999999999999999999999999999999999999999999999
 15 15 16 18 20 22 23 24 25 27 29 32 36 40 44 49 52 53 52 48 43 36 30 24241010MC17 0 53999999999999999999999 041 15999999999999999999999
 20 17 16 17 17 18 19 21 22 25 28 31 35 39 42 46 49 50 51 49 46 42 37 32241011MC1738 51999999999999999999999 220 16999999999999999999999
 27 23 19 17 16 16 16 17 19 22 26 30 34 37 40 42 44 46 47 47 47 45 43 39241012MC1844 47999999999999999999999 458 16999999999999999999999
 35 30 25 20 17 15 14 14 17 20 25 29 33 36 38 39 40 40 41 42 44 45 45 44241013MC2152 45999999999999999999999 6 5 14999999999999999999999
 41 37 32 26 20 16 14 14 15 19 24 29 33 36 37 37 36 34 34 35 37 40 43 45241014MC1412 372335 4599999999999999 637 141751 3499999999999999
 45 43 38 32 26 20 16 15 16 20 25 31 35 38 39 37 34 30 27 27 28 32 36 41241015MC1341 39999999999999999999999 7 0 151852 2799999999999999
 44 45 43 38 32 25 20 18 18 22 28 34 39 42 43 40 35 29 23 20 19 22 27 33241016MC 045 451337 4399999999999999 718 181940 1999999999999999
 39 43 44 41 36 30 25 22 21 25 31 37 44 48 49 46 39 31 23 16 12 13 17 24241017MC 143 441346 4999999999999999 733 212024 1299999999999999
 31 37 41 41 38 34 29 25 24 27 33 41 48 53 55 53 47 37 27 17 10  7  9 15241018MC 234 4214 3 5599999999999999 745 2421 7  799999999999999
 22 29 35 38 38 35 31 28 27 29 34 42 50 57 60 60 55 46 34 23 13  7  5  8241019MC 322 391426 6199999999999999 756 272150  599999999999999
 14 22 28 33 35 34 32 29 28 29 34 41 49 57 62 64 61 54 43 32 20 11  6  6241020MC 4 7 351455 6499999999999999 8 4 282234  599999999999999
  9 15 22 28 31 32 31 29 29 29 32 39 47 55 61 65 65 60 52 41 29 19 12  8241021MC 453 321527 6599999999999999 8 8 292321  899999999999999
  9 12 18 23 27 29 30 29 29 29 31 36 43 50 57 62 64 62 57 48 38 29 20 15241022MC 544 3016 1 6499999999999999 8 6 29999999999999999999999
 12 13 16 20 24 26 28 28 29 29 31 34 39 45 51 57 60 60 58 52 45 37 29 23241023MC1638 61999999999999999999999 013 12999999999999999999999
 18 17 17 19 21 24 26 27 28 29 31 33 37 41 46 50 54 56 55 52 48 43 37 31241024MC1718 56999999999999999999999 119 16999999999999999999999
 26 22 20 20 21 22 24 26 28 30 32 34 36 38 41 44 47 49 50 49 48 45 42 37241025MC18 5 50999999999999999999999 246 20999999999999999999999
 32 28 25 22 21 22 23 25 28 30 33 35 37 38 39 40 41 43 44 44 45 44 43 41241026MC1958 45999999999999999999999 411 21999999999999999999999
 38 34 30 26 23 22 22 24 27 31 34 37 38 39 39 38 37 37 37 38 39 41 42 42241027MC13 7 392242 4299999999999999 511 2217 8 3799999999999999
 41 38 34 30 26 23 22 24 27 31 35 39 41 41 40 38 35 33 32 32 33 36 39 41241028MC1240 42999999999999999999999 550 221829 3199999999999999
 42 41 38 34 29 25 23 24 27 31 37 41 44 45 43 40 35 31 27 26 27 29 33 37241029MC 0 2 421246 4599999999999999 619 231911 2699999999999999
 41 42 41 37 32 28 25 24 27 31 37 43 47 49 47 43 37 31 25 22 21 23 27 33241030MC 1 0 421259 4999999999999999 643 241946 2199999999999999
 37 41 41 40 36 31 28 26 27 32 38 44 50 52 51 47 40 32 25 20 17 18 21 27241031MC 148 421316 5299999999999999 7 6 262017 1799999999999999
 33 38 41 41 38 34 31 28 29 32 38 45 51 55 55 51 45 36 27 20 15 14 16 212411 1MC 231 411335 5599999999999999 726 282047 1499999999999999
 28 34 38 40 39 37 34 31 30 33 38 45 52 56 58 56 49 40 31 22 15 12 13 172411 2MC 312 401356 5899999999999999 744 302116 1299999999999999
 23 29 35 38 39 38 36 33 32 34 38 44 51 57 60 59 54 45 35 25 17 12 11 142411 3MC 351 391418 6099999999999999 8 0 322146 1199999999999999
 19 25 31 35 38 38 36 35 34 35 38 43 50 56 60 61 58 50 41 30 21 14 11 122411 4MC 431 381443 6199999999999999 8 8 342218 1199999999999999
 16 21 26 31 35 36 36 35 35 35 38 42 48 55 59 62 60 55 46 36 27 19 14 122411 5MC 518 3615 9 6299999999999999 757 352255 1299999999999999
 14 18 22 27 31 33 34 34 34 35 37 41 46 52 57 61 61 58 51 43 33 25 18 142411 6MC1537 619999999999999999999992340 14999999999999999999999
 14 16 19 23 26 29 31 32 33 35 37 40 44 49 54 58 60 59 55 48 40 32 24 192411 7MC16 9 609999999999999999999999999999999999999999999999999
 16 16 17 20 23 25 27 29 31 34 36 39 42 46 51 54 57 58 56 51 46 39 32 262411 8MC1645 58999999999999999999999 038 16999999999999999999999
 21 19 18 19 20 22 25 27 30 33 35 38 41 44 47 50 52 54 54 52 49 44 38 332411 9MC1728 54999999999999999999999 156 18999999999999999999999
 28 24 21 20 20 21 23 26 29 32 35 38 40 42 43 45 46 48 49 49 48 46 43 39241110MC1834 49999999999999999999999 321 20999999999999999999999
 34 30 26 23 22 22 24 26 29 33 37 40 41 42 42 41 40 41 41 43 44 44 44 43241111MC13 7 422126 4499999999999999 422 221616 4099999999999999
 40 36 32 29 26 25 26 28 32 36 40 43 45 44 42 39 36 34 34 34 36 39 41 43241112MC1215 452326 4399999999999999 5 2 251756 3499999999999999
 43 41 38 34 31 29 29 31 35 40 45 48 50 49 46 41 35 30 27 26 28 31 35 39241113MC1211 50999999999999999999999 528 291851 2699999999999999
 42 43 42 39 36 34 33 35 39 44 50 54 57 56 53 46 38 30 24 20 19 22 27 33241114MC 051 431223 5799999999999999 549 331936 1999999999999999
 38 42 43 42 40 37 36 37 41 47 53 59 63 64 61 54 45 34 25 18 14 15 19 25241115MC 158 431244 6499999999999999 6 4 362018 1499999999999999
 32 38 41 42 41 40 39 39 42 47 55 62 67 70 68 63 54 42 31 21 14 11 13 19241116MC 255 421313 7099999999999999 617 3921 0 1199999999999999
 25 32 38 41 41 41 40 40 42 46 53 61 68 72 73 70 62 52 39 27 18 12 11 14241117MC 347 411346 7399999999999999 629 392142 1199999999999999
 20 27 33 37 40 40 40 39 41 44 50 57 65 71 74 74 69 60 49 37 25 17 13 13241118MC 439 401424 7599999999999999 641 392226 1299999999999999
 17 22 28 34 37 39 39 39 39 41 46 52 60 67 72 74 72 66 57 46 35 25 18 15241119MC15 3 749999999999999999999992313 15999999999999999999999
 16 20 25 30 34 37 38 38 38 40 42 47 53 60 66 70 71 68 61 53 43 33 26 21241120MC1543 719999999999999999999999999999999999999999999999999
 19 20 23 28 32 35 37 37 38 39 40 43 48 54 59 64 66 66 62 56 49 41 33 27241121MC1622 66999999999999999999999 0 2 19999999999999999999999
 23 22 24 26 30 33 36 37 38 39 40 42 45 48 52 56 59 61 60 56 52 46 39 33241122MC17 2 61999999999999999999999 055 22999999999999999999999
 29 26 25 27 29 32 35 37 39 41 41 42 43 45 47 50 53 54 55 53 51 47 43 38241123MC1743 55999999999999999999999 149 25999999999999999999999
 34 30 28 28 30 32 35 38 41 43 44 44 44 44 45 45 46 48 48 48 48 47 45 42241124MC1843 48999999999999999999999 241 28999999999999999999999
 38 35 32 31 31 33 35 39 42 45 47 48 47 46 44 43 42 42 42 43 43 44 44 43241125MC1055 482138 4499999999999999 327 3117 2 4299999999999999
 41 39 36 34 33 34 36 40 44 48 51 52 51 49 46 43 40 38 36 36 38 39 41 43241126MC1110 522347 4399999999999999 4 7 331825 3699999999999999
 43 42 40 38 36 36 38 41 45 50 54 56 56 54 50 45 40 35 32 31 32 34 38 41241127MC1130 56999999999999999999999 443 3619 4 3199999999999999
 43 44 44 42 40 39 40 42 46 52 56 60 61 59 55 49 42 35 30 28 27 29 33 38241128MC 1 9 441152 6199999999999999 515 391936 2799999999999999
 42 45 46 45 44 42 42 43 47 52 58 62 64 64 60 53 45 37 31 26 24 25 29 34241129MC 210 461217 6599999999999999 546 4220 5 2499999999999999
 39 43 46 47 47 45 44 45 48 52 58 63 67 68 65 59 50 41 33 26 22 22 25 30241130MC 3 0 471243 6899999999999999 613 442034 2299999999999999
 35 41 45 47 48 47 46 46 48 52 57 63 68 70 69 64 56 46 37 28 22 20 22 262412 1MC 346 481312 7099999999999999 637 4621 4 2099999999999999
 31 37 42 46 48 48 47 47 48 51 56 62 67 71 72 69 62 52 42 32 25 20 20 232412 2MC 433 481343 7299999999999999 653 472137 2099999999999999
 27 33 39 43 46 47 47 47 47 49 53 59 65 70 73 72 67 59 48 38 29 22 20 202412 3MC1417 739999999999999999999992214 19999999999999999999999
 24 29 34 39 42 44 45 45 46 48 51 56 62 68 72 73 71 64 55 45 35 27 22 202412 4MC1452 739999999999999999999992256 20999999999999999999999
 22 25 30 35 39 41 43 44 45 46 48 52 58 64 69 72 72 68 61 51 42 33 26 222412 5MC1529 729999999999999999999992341 21999999999999999999999
 21 23 27 31 35 38 41 42 43 45 46 49 53 59 64 68 70 68 64 57 48 39 32 262412 6MC16 7 709999999999999999999999999999999999999999999999999
 24 24 26 29 33 36 39 41 43 44 45 47 50 54 58 62 65 66 64 59 53 45 38 322412 7MC1647 66999999999999999999999 029 23999999999999999999999
 28 26 27 29 32 36 39 41 44 45 46 47 48 50 52 55 58 60 60 58 55 50 44 382412 8MC1731 60999999999999999999999 115 26999999999999999999999
 34 31 30 31 34 37 40 43 46 48 49 49 49 48 49 49 51 53 54 54 53 51 47 432412 9MC1833 54999999999999999999999 156 30999999999999999999999
 40 37 35 35 37 40 44 47 50 52 53 53 52 49 47 46 45 45 46 47 48 48 48 46241210MC1012 532050 4899999999999999 228 3516 6 4599999999999999
 44 42 41 40 41 44 47 51 55 58 60 59 57 54 49 45 41 39 39 40 42 44 45 47241211MC1024 602337 4799999999999999 250 401743 3999999999999999
 47 46 45 45 46 47 51 55 60 64 66 67 65 61 55 48 42 37 34 33 35 37 41 44241212MC1047 67999999999999999999999 259 451843 3399999999999999
 47 48 48 49 49 50 53 57 62 67 71 73 73 69 63 55 46 38 32 29 29 31 35 40241213MC1118 739999999999999999999991930 28999999999999999999999
 44 48 50 51 51 52 54 58 63 69 74 78 79 77 72 64 54 44 35 28 25 26 30 35241214MC1157 799999999999999999999992014 25999999999999999999999
 40 46 49 51 52 53 54 56 61 67 73 78 82 82 79 73 63 52 41 32 26 24 26 30241215MC1241 839999999999999999999992057 24999999999999999999999
 36 42 47 50 52 52 53 55 58 63 69 76 81 84 84 80 72 61 50 39 30 25 24 27241216MC1327 849999999999999999999992141 24999999999999999999999
 32 38 43 48 50 51 52 52 54 58 63 70 77 82 84 83 78 69 58 47 37 29 26 26241217MC1413 849999999999999999999992223 25999999999999999999999
 29 35 40 45 48 50 50 51 51 53 57 63 70 76 81 82 80 74 65 55 44 35 29 27241218MC1457 8299999999999999999999923 5 27999999999999999999999
 29 32 37 42 46 49 49 49 50 50 53 57 63 69 75 78 78 75 69 60 51 42 34 30241219MC1538 799999999999999999999992344 29999999999999999999999
 30 32 36 40 45 48 49 50 49 49 50 53 57 62 67 72 74 73 69 63 55 47 39 34241220MC1616 749999999999999999999999999999999999999999999999999
 32 32 35 40 44 47 50 51 51 50 50 50 53 56 60 64 67 68 67 63 57 50 44 39241221MC 717 511652 6899999999999999 018 32 952 5099999999999999
 35 35 36 40 44 48 51 53 53 52 51 51 51 52 55 58 60 62 62 60 56 52 47 42241222MC 748 531726 6299999999999999 048 351116 5199999999999999
 39 38 38 41 45 49 53 55 56 56 55 53 52 51 52 53 54 55 56 55 54 52 49 46241223MC 820 5618 2 5699999999999999 113 381312 5199999999999999
 43 42 42 43 46 50 54 58 60 60 60 58 55 53 51 50 50 50 50 50 50 50 49 48241224MC 853 601911 5099999999999999 134 411556 5099999999999999
 47 46 45 46 48 52 56 60 63 64 64 63 60 56 53 50 47 46 45 46 46 47 48 49241225MC 928 65999999999999999999999 148 451815 4599999999999999
 49 49 49 50 51 54 57 61 65 68 69 68 65 61 56 51 47 44 42 41 42 44 46 48241226MC10 3 699999999999999999999991856 41999999999999999999999
 51 52 53 54 54 56 58 62 66 70 72 72 70 67 61 55 49 44 40 38 38 40 43 47241227MC1041 729999999999999999999991927 38999999999999999999999
 50 53 55 56 57 58 60 62 66 70 74 76 75 72 67 60 53 46 40 37 36 37 40 44241228MC1120 769999999999999999999991957 36999999999999999999999
 49 53 56 58 59 59 60 62 65 70 74 77 79 77 73 66 58 49 42 36 34 34 36 40241229MC12 2 799999999999999999999992029 33999999999999999999999
 45 50 54 57 59 59 60 61 64 68 72 77 80 81 78 73 64 55 46 38 33 31 33 36241230MC1245 8199999999999999999999921 4 31999999999999999999999
 41 46 51 55 57 58 58 59 61 64 69 75 79 82 82 79 71 62 52 42 35 31 30 32241231MC1329 839999999999999999999992141 30999999999999999999999
