 35 16  4  2 10 28 50 72 88 96 95 88 76 64 56 52 55 63 74 84 89 88 79 6524 1 1MI 925 972018 8999999999999999 244  115 2 5299999999999999
 48 30 16 10 12 24 42 62 80 91 94 90 81 70 59 52 50 54 61 70 78 81 79 7124 1 2MI 957 9421 6 8199999999999999 315  91551 5099999999999999
 59 44 31 22 19 25 38 55 71 85 92 92 86 76 65 56 49 47 50 56 64 70 73 7124 1 3MI1031 932211 7399999999999999 348 191653 4799999999999999
 65 56 46 37 32 32 39 51 65 78 87 91 89 83 73 62 52 45 42 44 48 55 61 6624 1 4MI1110 912350 6799999999999999 426 311810 4299999999999999
 67 65 59 53 47 44 45 51 61 72 82 89 91 88 81 70 58 47 39 34 34 39 46 5524 1 5MI1154 91999999999999999999999 513 441929 3499999999999999
 62 67 69 67 63 58 55 56 60 67 76 85 90 92 88 80 68 54 40 30 24 23 29 3924 1 6MI 155 691247 9299999999999999 624 552033 2399999999999999
 51 63 72 77 77 74 69 65 63 65 71 79 87 93 94 89 79 64 47 31 19 12 12 2124 1 7MI 330 781343 9499999999999999 759 632126 1199999999999999
 35 52 69 81 88 88 83 76 70 66 67 72 81 90 97 97 91 78 59 39 20  6  0  324 1 8MI 431 881436 9899999999999999 921 662213 -199999999999999
 15 35 57 77 91 97 96 89 79 70 65 66 73 84 95101101 92 75 53 30  9 -6-1124 1 9MI 517 981525102999999999999991023 652258-1199999999999999
 -4 13 38 64 86100105100 90 78 68 63 65 74 88100107104 92 71 46 20 -2-1624 110MI 5581051613107999999999999991113 632342-1999999999999999
-19 -8 15 45 73 95107108100 87 73 63 59 64 77 93106111105 90 66 38 10-1124 111MI 63710917 0111999999999999991158 59999999999999999999999
-23-22 -6 21 53 82102111108 96 81 66 57 55 63 79 97110113105 86 60 30  324 112MI 715111174611399999999999999 025-251240 5599999999999999
-17-26-20  1 31 63 90106110104 89 73 58 51 52 64 82100111111101 81 53 2424 113MI 752111183411399999999999999 1 7-261322 5099999999999999
 -2-19-23-12 12 44 73 96107107 97 80 63 51 45 50 64 83 99108107 95 74 4724 114MI 829109192310999999999999999 148-2314 5 4599999999999999
 20 -1-14-13  2 27 57 83100106102 88 71 55 44 41 47 62 80 95102 99 87 6724 115MI 9 4106201510299999999999999 228-151451 4099999999999999
 43 21  4 -3  2 20 44 70 90102103 95 80 63 48 38 37 44 58 74 86 92 89 7824 116MI 9371042111 9299999999999999 3 6 -31541 3699999999999999
 62 43 26 15 13 22 39 60 80 95101 98 88 72 56 42 34 33 39 51 65 75 81 7924 117MI10111012219 8199999999999999 342 131639 3299999999999999
 72 60 47 36 31 32 41 56 73 87 96 99 93 82 67 52 39 30 28 32 42 53 63 7024 118MI1047 992351 7299999999999999 418 311749 2899999999999999
 72 69 63 56 50 48 51 58 69 81 90 96 95 90 79 65 50 36 26 22 24 31 42 5324 119MI1129 96999999999999999999999 458 481910 2299999999999999
 62 68 71 70 67 65 64 65 69 76 83 90 94 93 88 78 64 48 33 21 15 15 21 3224 120MI 210 711225 9499999999999999 558 642030 1499999999999999
 46 59 70 77 79 79 77 74 73 74 77 82 88 92 93 88 78 63 46 29 15  7  6 1324 121MI 418 791336 9399999999999999 8 8 732136  699999999999999
 27 45 62 76 85 89 88 84 78 74 73 75 80 87 93 94 90 79 62 43 24  8 -1  024 122MI 514 891446 9499999999999999 958 732228 -299999999999999
 10 27 49 69 85 93 95 92 84 76 70 68 71 79 88 95 97 91 78 59 37 16  1 -724 123MI 548 961544 97999999999999991057 682312 -799999999999999
 -3 11 33 58 79 93 99 98 90 79 70 64 63 69 80 91 99 99 91 75 53 29  8 -624 124MI 6151001632100999999999999991136 622350-1099999999999999
-10 -2 18 44 69 88100101 95 83 70 61 56 59 70 84 96102 99 88 68 44 19  024 125MI 64010217131029999999999999912 7 56999999999999999999999
-11 -9  5 29 57 81 96102 98 87 73 60 52 52 59 74 89100103 97 81 58 33 1024 126MI 7 4102175010499999999999999 023-121235 5199999999999999
 -6-12 -3 17 44 71 91101101 91 76 61 50 46 50 62 79 94103102 91 72 47 2224 127MI 728102182510399999999999999 054-1213 2 4699999999999999
  2 -9 -7  8 33 60 83 98101 95 81 65 51 42 42 51 67 84 97101 96 82 60 3524 128MI 751101185910199999999999999 122 -91330 4199999999999999
 13 -1 -5  4 24 50 75 92100 98 86 70 54 42 38 42 55 72 87 96 97 88 71 4824 129MI 8141011933 9899999999999999 149 -514 0 3899999999999999
 27 10  1  5 19 42 67 86 98 99 91 76 59 45 36 36 44 58 74 86 92 89 77 6024 130MI 83710020 9 9299999999999999 214  11433 3599999999999999
 40 23 12 10 19 37 60 80 94 98 94 82 66 50 38 33 36 46 60 73 82 84 79 6824 131MI 9 0 982049 8499999999999999 239 101510 3399999999999999
 52 37 25 20 24 37 55 74 89 96 95 87 73 57 43 34 32 36 46 58 68 75 76 7124 2 1MI 923 972138 7699999999999999 3 4 201553 3299999999999999
 61 50 39 33 34 41 53 69 83 92 95 90 79 65 51 39 32 30 34 42 52 61 66 6824 2 2MI 948 952251 6899999999999999 330 331648 3099999999999999
 65 60 53 48 46 48 56 66 78 87 92 91 84 74 61 48 37 30 27 29 35 43 52 5924 2 3MI1019 92999999999999999999999 358 4618 2 2799999999999999
 63 65 64 62 60 60 62 67 74 81 87 89 87 81 71 59 46 35 26 21 21 25 34 4424 2 4MI 1 7 6511 4 8999999999999999 441 601933 2099999999999999
 54 63 70 73 74 73 71 71 72 75 80 84 86 86 81 72 60 46 32 20 12 10 14 2424 2 5MI 341 741221 8799999999999999 651 712053 1099999999999999
 38 54 68 79 85 85 82 78 74 71 72 76 81 86 88 85 76 63 46 28 12  2 -2  424 2 6MI 440 861355 8899999999999999 917 712154 -299999999999999
 17 37 58 77 90 95 94 87 79 71 66 66 72 81 90 94 91 81 65 44 22  3-10-1224 2 7MI 517 9615 9 94999999999999991026 652246-1399999999999999
 -4 15 41 67 87100103 97 86 73 63 58 60 70 84 96102 98 86 65 40 14 -7-1924 2 8MI 55010316 9102999999999999991112 582332-2199999999999999
-20 -6 19 49 77 98107106 95 79 64 53 49 56 71 89103109104 88 63 34  7-1424 2 9MI 62210817 2109999999999999991152 49999999999999999999999
-25-21 -1 29 61 88106111103 88 69 52 42 42 54 74 95110114106 87 59 28  124 210MI 654111175111499999999999999 015-251230 4099999999999999
-18-24-14 11 43 75 98110109 96 76 56 40 32 37 54 77 99113115104 82 53 2424 211MI 724111184011599999999999999 055-2413 9 3299999999999999
 -1-15-16  0 28 60 88106111103 85 63 43 29 25 34 55 79100111110 98 75 4724 212MI 753111192711299999999999999 132-181348 2599999999999999
 22  2 -6  0 20 48 77 98109107 93 73 50 32 21 21 34 56 79 96104102 88 6724 213MI 821110201510599999999999999 2 7 -61428 2099999999999999
 44 24 12 10 21 42 68 90104107 99 82 61 40 24 17 20 34 54 74 88 94 90 7824 214MI 84710821 6 9499999999999999 238  91512 1799999999999999
 61 44 32 26 30 44 63 83 98105102 90 72 52 34 21 17 21 34 50 66 77 81 7824 215MI 91310522 6 8199999999999999 3 6 2616 1 1799999999999999
 70 59 50 44 44 51 63 78 91 99100 94 81 65 48 32 22 18 22 31 43 55 64 6924 216MI 9381012335 7099999999999999 329 4317 2 1899999999999999
 70 67 63 59 59 62 68 76 85 92 95 93 86 75 61 47 34 25 20 20 26 34 44 5424 217MI10 6 95999999999999999999999 343 591824 1999999999999999
 61 66 69 70 71 73 75 78 81 85 87 88 86 81 73 62 50 38 27 20 17 19 26 3624 218MI1046 8899999999999999999999920 5 17999999999999999999999
 47 59 68 76 80 82 82 81 79 79 79 80 81 82 80 75 66 54 40 27 17 11 11 1924 219MI 531 821250 8299999999999999 925 782125 1099999999999999
 31 47 62 76 85 89 89 85 79 74 70 70 73 78 82 83 79 70 56 40 24 11  4  624 220MI 526 891444 83999999999999991037 702220  499999999999999
 16 33 53 71 85 93 94 89 81 72 64 61 63 70 79 86 88 84 72 55 36 17  4 -124 221MI 539 941550 889999999999999911 7 6123 1 -199999999999999
  4 19 41 63 82 94 98 93 83 71 60 53 53 60 72 85 93 94 86 71 50 28  9 -224 222MI 557 981638 94999999999999991132 522336 -499999999999999
 -3  8 28 53 76 92100 97 87 72 58 48 44 49 62 79 92 99 97 85 65 41 19  224 223MI 6151001716 99999999999999991156 44999999999999999999999
 -5  0 18 43 68 89100101 91 76 59 45 38 40 51 69 87 99103 96 79 56 31 1024 224MI 634102175010399999999999999 0 6 -51219 3799999999999999
 -2 -3 10 33 60 83 98103 96 81 62 45 34 32 40 58 78 95104102 90 70 45 2224 225MI 653103182310499999999999999 033 -41243 3199999999999999
  5 -1  6 26 52 77 95103100 86 67 48 33 27 31 45 66 86100104 97 81 58 3424 226MI 712103185410499999999999999 058 -113 8 2799999999999999
 15  5  7 21 45 71 91102102 92 73 53 35 25 24 34 52 74 91100100 89 70 4824 227MI 730104192610199999999999999 122  41335 2399999999999999
 28 15 12 21 40 65 86100103 96 80 59 40 26 20 25 39 59 79 92 97 92 78 5924 228MI 7481041959 9799999999999999 145 1114 4 2099999999999999
 41 26 20 24 39 60 81 97103 99 86 67 46 30 20 19 28 44 63 79 89 90 82 6824 229MI 8 71032036 9099999999999999 2 7 201435 1899999999999999
 53 39 31 32 41 57 76 92101100 90 74 54 37 24 18 21 32 47 63 76 82 81 7324 3 1MI 8251012121 8299999999999999 229 301511 1899999999999999
 62 51 44 42 46 57 72 87 96 98 93 80 63 46 31 22 19 23 33 46 59 69 73 7324 3 2MI 846 992224 7499999999999999 250 411555 1999999999999999
 68 62 56 53 55 61 70 81 90 94 92 84 72 57 42 30 22 20 23 30 40 51 60 6524 3 3MI 911 94999999999999999999999 312 531657 2099999999999999
 68 68 67 66 66 68 72 77 83 87 88 85 78 68 56 43 32 24 20 19 23 31 41 5124 3 4MI 034 68 944 8899999999999999 333 661832 1999999999999999
 61 68 74 76 77 77 77 76 77 79 81 81 80 77 70 60 48 36 25 17 12 13 20 3124 3 5MI 4 9 7711 3 8199999999999999 639 762019 1299999999999999
 46 61 74 83 87 87 84 79 74 71 70 73 77 80 81 77 68 55 39 24 11  3  3 1124 3 6MI 429 881339 8199999999999999 938 702134  299999999999999
 26 46 67 83 94 97 93 84 74 65 60 60 67 77 86 90 87 77 61 41 20  4 -6 -624 3 7MI 456 9715 9 90999999999999991025 592229 -799999999999999
  6 27 53 77 94103102 92 78 63 52 47 52 64 81 94101 98 85 65 40 15 -3-1224 3 8MI 52310416121019999999999999911 1 472315-1399999999999999
 -9  8 35 65 89105109101 85 66 48 37 36 47 66 88104111106 90 65 37 11 -724 3 9MI 55010917 5111999999999999991136 352356-1399999999999999
-13 -4 19 50 79101111109 94 72 50 32 24 28 46 71 96112117109 89 62 33  924 310MI 6171121754117999999999999991212 23999999999999999999999
 -6 -7  8 36 67 94110113103 82 57 34 18 14 24 48 76101116118107 85 57 3124 311MI 644114184011999999999999999 034 -81248 1499999999999999
 11  2  7 28 56 85105114110 92 67 41 20  8  9 25 52 80102114113100 78 5324 312MI 710114192611699999999999999 1 9  21325  699999999999999
 32 18 16 27 50 76 99112113101 79 53 28 10  3  9 28 55 80 99107104 90 7124 313MI 734114201310899999999999999 141 1514 4  399999999999999
 52 37 30 34 49 71 92107112106 89 66 41 20  7  4 13 32 56 77 91 97 92 8124 314MI 75711221 1 9799999999999999 2 9 301444  399999999999999
 66 54 46 46 54 69 86100107106 95 77 55 34 17  8  8 18 35 54 70 81 84 8124 315MI 8191082159 8499999999999999 233 451529  799999999999999
 74 66 60 58 62 70 82 93100102 96 84 67 49 33 20 14 15 23 35 49 61 70 7324 316MI 8391022330 7499999999999999 250 581622 1399999999999999
 73 71 69 69 70 75 81 87 92 94 91 85 75 62 48 36 26 21 20 24 32 42 52 6124 317MI 856 94999999999999999999999 249 691737 2099999999999999
 67 71 74 76 78 80 82 83 84 84 83 81 77 70 62 52 42 33 26 22 23 27 35 4524 318MI 845 849999999999999999999991923 22999999999999999999999
 56 66 75 81 84 85 84 81 78 75 73 73 73 73 71 66 59 49 38 28 21 18 22 3124 319MI 453 859999999999999999999992055 18999999999999999999999
 43 58 71 82 88 90 87 81 74 67 63 63 66 71 76 77 73 65 53 38 25 16 14 1824 320MI 450 901447 77999999999999991034 622153 1499999999999999
 30 47 65 80 91 94 91 83 72 61 54 52 56 65 75 82 84 80 69 53 35 21 12 1124 321MI 5 1 941550 84999999999999991050 522235 1099999999999999
 20 37 57 76 91 97 95 86 73 58 47 42 45 55 70 83 91 92 84 68 49 30 15  824 322MI 517 981634 92999999999999991110 4223 9  899999999999999
 12 27 48 71 89 99100 91 76 59 44 35 34 44 61 79 93 99 96 83 64 42 23 1124 323MI 5341001711 99999999999999991131 332338  999999999999999
 10 20 40 64 85 99103 96 81 61 43 30 26 33 49 70 89101104 95 78 56 34 1824 324MI 5521031744104999999999999991154 26999999999999999999999
 12 17 34 57 81 98105101 87 67 46 29 20 23 37 58 81 98106104 90 70 48 2924 325MI 6 9105181610799999999999999 0 5 121218 2099999999999999
 18 18 30 52 76 95105105 93 73 51 31 18 15 25 45 69 90104107 99 82 61 4124 326MI 626106184710799999999999999 030 161243 1599999999999999
 27 22 29 48 71 92105107 98 80 57 35 19 11 15 31 55 78 96105103 91 73 5324 327MI 643108191910699999999999999 054 221310 1199999999999999
 37 29 32 45 66 87102108102 87 65 42 23 11  9 19 39 63 84 98102 96 82 6424 328MI 7 0108195310299999999999999 117 291338  899999999999999
 49 39 37 46 62 82 98107105 93 73 50 29 14  7 11 26 47 69 86 95 95 87 7424 329MI 7191072031 9699999999999999 140 3714 9  799999999999999
 60 49 45 49 61 77 93103104 96 80 60 38 21 10  8 16 31 51 69 83 89 87 8024 330MI 7381052117 8999999999999999 2 3 451443  899999999999999
 69 60 55 55 62 73 87 97101 97 86 69 50 32 18 11 12 20 34 51 65 76 81 8024 331MI 8 11012221 8199999999999999 227 541526 1099999999999999
 76 70 65 64 66 72 81 89 95 94 88 76 61 45 31 20 15 15 22 33 46 58 68 7424 4 1MI 827 95999999999999999999999 255 641624 1499999999999999
 77 77 75 74 73 75 78 82 85 87 85 80 71 60 47 35 25 19 17 20 27 38 50 6124 4 2MI 025 77 9 3 8799999999999999 343 731754 1799999999999999
 71 78 82 83 82 80 78 76 76 76 77 78 77 72 65 55 44 32 22 16 15 20 30 4424 4 3MI 259 831051 7899999999999999 752 761941 1599999999999999
 59 74 84 90 91 88 81 74 67 64 65 69 74 79 79 75 66 53 38 24 14 10 14 2524 4 4MI 341 921340 8099999999999999 922 6421 2 1099999999999999
 43 63 81 94 99 97 88 75 63 53 50 53 63 76 86 91 88 77 61 42 24 11  6 1124 4 5MI 411 9915 8 919999999999999910 1 5022 1  699999999999999
 26 49 73 92103105 96 81 63 47 37 36 45 63 82 96103100 86 66 43 23  9  524 4 6MI 4391051610103999999999999991036 352248  599999999999999
 14 35 61 86103110105 90 68 46 29 21 25 42 66 90107113108 91 68 43 23 1124 4 7MI 5 611017 3113999999999999991112 212330  999999999999999
 11 25 49 77100112113100 78 52 29 13  9 20 43 72 98115119111 92 67 43 2624 4 8MI 5321141751119999999999999991148  9999999999999999999999
 18 23 41 68 93111117110 90 63 36 13  1  2 19 47 78103118120109 88 65 4524 4 9MI 558117183812199999999999999 0 8 171225  099999999999999
 31 29 39 61 86106117116101 77 48 22  2 -6  2 23 53 83105116115102 83 6324 410MI 623118192311799999999999999 043 2813 3 -699999999999999
 48 40 43 58 79100114117109 89 63 35 12 -3 -6  6 29 58 84102110106 94 7824 411MI 64811720 911099999999999999 115 401341 -699999999999999
 63 54 52 59 74 93107114111 98 76 51 26  7 -2 -1 13 36 61 82 96100 96 8624 412MI 712114205810099999999999999 144 521421 -399999999999999
 75 66 62 64 73 86 99108109101 86 65 43 23  9  3  8 21 41 61 77 87 90 8724 413MI 7361092155 9099999999999999 2 9 6115 4  399999999999999
 81 74 70 70 74 82 91 99102 98 89 74 57 39 24 14 11 16 28 43 58 71 79 8224 414MI 7591022317 8299999999999999 233 691552 1199999999999999
 81 79 77 76 77 80 85 89 92 91 87 78 67 54 41 29 22 19 23 31 42 54 65 7324 415MI 820 92999999999999999999999 257 761655 1999999999999999
 78 80 81 81 81 80 81 81 81 81 79 76 72 65 56 46 36 29 26 26 31 40 50 6124 416MI 213 81 813 8199999999999999 5 1 801821 2599999999999999
 71 78 83 85 85 82 79 75 71 69 69 70 71 70 67 61 53 43 35 29 27 30 38 4924 417MI 317 851213 7199999999999999 941 691952 2799999999999999
 62 74 83 89 90 86 79 71 64 59 57 60 65 71 74 74 69 59 48 37 29 26 29 3924 418MI 341 901423 7499999999999999 950 5721 0 2699999999999999
 52 68 81 91 94 91 83 71 60 50 46 48 56 66 76 82 82 75 64 50 37 28 25 3124 419MI 4 1 941530 83999999999999991011 462149 2599999999999999
 44 61 78 91 97 96 88 74 59 45 37 36 44 58 73 85 91 89 80 65 49 35 27 2724 420MI 421 981617 91999999999999991034 362227 2699999999999999
 37 54 73 89100101 94 79 61 43 31 26 32 46 65 83 95 99 94 80 63 46 33 2824 421MI 4411021656 99999999999999991058 2623 0 2899999999999999
 33 48 67 87100105100 86 66 45 28 19 20 33 53 75 93104104 94 78 59 43 3324 422MI 5 01051731105999999999999991124 182330 3299999999999999
 33 44 62 83 99107105 93 73 50 30 16 12 20 39 63 86102109104 91 73 55 4224 423MI 51910818 5109999999999999991150 122358 3799999999999999
 37 43 58 78 97108109100 81 58 35 16  7 10 25 49 74 96108110101 85 67 5224 424MI 5381101839110999999999999991218  7999999999999999999999
 43 44 55 73 93107111105 90 67 42 21  7  3 13 33 59 84101109107 95 78 6224 425MI 557111191411099999999999999 026 421247  399999999999999
 51 47 54 69 87103111109 97 76 52 28 11  1  4 19 42 68 89103107100 88 7324 426MI 618112195110799999999999999 053 471318  199999999999999
 60 54 55 65 81 97108110102 85 62 39 18  5  0  8 26 49 73 91101101 94 8224 427MI 641110203310299999999999999 121 531352  099999999999999
 70 62 59 64 76 90102107104 92 73 51 30 13  3  3 13 32 53 74 88 95 95 8824 428MI 7 71072123 9699999999999999 151 591431  299999999999999
 79 71 66 66 72 83 94101102 95 82 64 44 26 12  6  7 18 35 54 71 84 90 9024 429MI 7381022229 9099999999999999 226 651517  599999999999999
 85 79 74 71 72 77 84 91 95 94 87 75 59 42 27 16 11 12 21 35 52 67 79 8524 430MI 817 95999999999999999999999 316 711616 1099999999999999
 88 86 83 79 76 75 76 80 84 86 85 81 72 60 47 33 23 17 16 22 34 48 63 7624 5 1MI 0 3 88 919 8699999999999999 453 751732 1699999999999999
 85 90 90 87 82 76 72 69 70 73 77 79 79 75 67 55 43 31 23 20 23 32 46 6224 5 2MI 135 911128 8099999999999999 718 6919 0 2099999999999999
 78 89 95 95 90 81 71 62 57 56 61 69 77 82 83 77 67 53 39 28 22 24 33 4824 5 3MI 232 961334 8399999999999999 835 562018 2299999999999999
 67 84 96102 99 90 75 60 48 41 42 51 65 79 90 94 89 78 62 46 32 25 27 3724 5 4MI 3111021458 9499999999999999 923 402122 2599999999999999
 55 76 94105107100 84 64 45 31 25 30 45 65 85 99105100 87 69 51 37 30 3324 5 5MI 34310716 31059999999999999910 4 252214 3099999999999999
 46 66 88105112109 95 74 50 29 15 12 22 43 69 92108113107 92 73 55 42 3724 5 6MI 4131131657113999999999999991044 112259 3799999999999999
 42 59 80101114116107 87 61 34 13  2  3 19 45 75 99115118110 94 75 58 4724 5 7MI 4431171747118999999999999991124  12340 4599999999999999
 45 55 73 94112119116100 75 47 21  2 -6  0 21 51 81104117118109 92 75 6124 5 8MI 51112018351199999999999999912 4 -6999999999999999999999
 54 56 68 87106118120110 90 63 35 11 -5 -8  3 27 57 86106116114104 89 7424 5 9MI 541120192111799999999999999 018 531244 -999999999999999
 64 61 66 80 98112119115101 79 52 25  5 -7 -5 10 35 63 88105111108 97 8424 510MI 61011920 711199999999999999 053 611324 -899999999999999
 73 67 68 76 89104113115107 91 68 43 20  3 -3  2 19 43 68 88101104100 9124 511MI 641115205310499999999999999 126 6614 4 -399999999999999
 81 73 71 74 82 94104109107 97 80 59 37 18  6  3 11 28 49 70 86 95 97 9324 512MI 7121092144 9799999999999999 159 711446  399999999999999
 86 79 74 74 78 85 93100101 97 86 70 52 34 20 12 12 20 35 54 71 84 90 9124 513MI 7461012243 9299999999999999 237 741530 1099999999999999
 88 83 78 76 76 78 83 88 91 91 86 77 64 50 36 25 19 20 28 41 56 71 81 8724 514MI 825 922354 8999999999999999 330 751620 1899999999999999
 89 87 83 79 76 74 75 77 80 82 81 78 72 63 51 40 31 27 28 34 45 58 71 8024 515MI 927 82999999999999999999999 514 741719 2699999999999999
 86 89 87 84 79 74 70 67 68 69 72 74 74 71 65 56 46 38 33 34 39 48 60 7224 516MI 1 6 891132 7499999999999999 729 671829 3399999999999999
 82 89 91 89 84 76 68 61 57 57 60 65 71 75 75 71 63 53 45 39 38 43 52 6424 517MI 2 1 911332 7599999999999999 835 561940 3899999999999999
 77 88 94 95 90 81 70 58 49 45 47 53 63 73 80 82 78 70 59 50 43 42 47 5724 518MI 239 951452 8299999999999999 915 452041 4299999999999999
 71 84 95 99 97 88 74 59 46 37 34 40 51 66 79 88 90 86 76 64 53 46 46 5324 519MI 310 991549 9099999999999999 948 342132 4599999999999999
 65 80 94102103 96 82 64 46 32 25 27 37 54 73 88 97 98 91 79 65 55 49 5124 520MI 3371031636 98999999999999991019 242215 4999999999999999
 61 76 91103107103 90 71 51 32 19 16 23 40 61 82 98105103 93 79 66 56 5324 521MI 4 11071716105999999999999991050 162253 5399999999999999
 58 71 87102110109 99 81 59 36 19 10 11 25 46 71 92106110105 92 78 65 5724 522MI 4261101755110999999999999991122  92328 5699999999999999
 57 67 82 98110113107 91 69 45 23  8  3 11 30 55 81100111112103 89 75 6424 523MI 4511131832113999999999999991155  3999999999999999999999
 59 63 76 92107114112100 80 56 32 12  1  1 14 37 64 89106113110 99 85 7224 524MI 518115191111399999999999999 0 2 591229 -199999999999999
 64 63 71 85101112115108 92 69 44 21  4 -3  2 20 45 72 94107111106 94 8124 525MI 547115195211199999999999999 037 6213 6 -399999999999999
 70 65 67 78 92106113112101 82 58 34 13  0 -3  6 26 52 77 96106107101 8924 526MI 620114203710899999999999999 113 651346 -399999999999999
 78 70 67 72 83 96107111106 93 73 50 28 10  0  0 12 32 57 79 95103103 9624 527MI 657111212710499999999999999 153 671429 -299999999999999
 86 77 71 70 75 85 96104105 99 85 66 45 25 10  3  5 18 38 60 80 9410010024 528MI 741105222310199999999999999 240 691516  399999999999999
 93 85 77 71 70 74 83 91 97 98 92 80 64 45 28 15 10 13 25 43 63 80 93 9924 529MI 836 982324 9999999999999999 341 7016 9  999999999999999
 98 92 84 76 70 67 70 76 83 89 91 88 79 65 50 35 23 18 21 32 48 66 82 9324 530MI 953 91999999999999999999999 5 1 6717 9 1899999999999999
 99 98 93 84 74 65 60 60 65 73 81 86 86 81 71 58 44 34 29 30 39 53 70 8524 531MI 0241001135 8799999999999999 628 601817 2899999999999999
 97102100 93 81 68 57 49 48 53 62 74 83 88 87 80 68 56 45 39 39 47 60 7624 6 1MI 1171021318 8899999999999999 743 481927 3899999999999999
 91102106102 92 76 60 45 36 34 41 54 70 84 93 95 90 79 67 55 48 48 55 6724 6 2MI 2 21061446 9599999999999999 842 342035 4799999999999999
 84 99108110103 88 69 48 32 22 21 31 49 69 88100104 99 89 76 64 57 56 6324 6 3MI 243110155610499999999999999 933 202136 5599999999999999
 76 93107114113101 82 59 36 19 10 12 25 48 72 94107111106 95 81 70 63 6324 6 4MI 3201151655111999999999999991020  92230 6299999999999999
 71 86102114118113 97 74 49 25  8  1  7 25 50 77 99113116109 97 84 73 6724 6 5MI 35711817481169999999999999911 5  12318 6799999999999999
 69 79 94109119119110 91 66 39 16  1 -3  6 28 56 83104116116109 96 84 7424 6 6MI 4341201835117999999999999991148 -3999999999999999999999
 70 74 86101114120117104 83 57 31  9 -3 -3 11 35 63 89107116114105 93 8124 6 7MI 511121191911699999999999999 0 1 701231 -599999999999999
 74 73 79 91106116119112 97 74 48 24  6 -3  1 18 43 71 94108113109 99 8724 6 8MI 54811920 011399999999999999 040 721312 -399999999999999
 78 73 74 82 95108115114105 88 65 41 19  5  1  9 28 53 78 97107109103 9224 6 9MI 626116204010999999999999999 118 721351  099999999999999
 82 74 72 75 85 96106111107 96 79 57 35 17  7  7 18 38 62 83 98105103 9624 610MI 7 5111211910599999999999999 155 721430  599999999999999
 86 77 71 71 76 85 95102104 99 88 70 50 32 18 12 16 29 48 69 87 98102 9824 611MI 747104215910299999999999999 236 7015 7 1299999999999999
 90 81 73 69 70 75 83 91 96 96 91 80 64 47 32 22 19 26 40 58 76 90 98 9924 612MI 833 972241 9999999999999999 324 691546 1999999999999999
 94 86 78 71 67 67 71 78 85 89 89 84 74 61 47 35 29 29 37 50 66 81 92 9724 613MI 930 892326 9899999999999999 425 671628 2899999999999999
 97 92 84 75 68 63 63 66 71 77 81 82 79 72 62 51 42 38 40 47 59 73 85 9424 614MI1048 82999999999999999999999 540 621715 3899999999999999
 98 96 90 82 72 63 57 56 58 63 70 76 79 79 75 67 59 51 48 50 56 67 79 8924 615MI 013 981227 8099999999999999 658 561812 4899999999999999
 97 99 97 89 79 67 57 49 46 49 55 64 73 80 83 81 75 67 61 57 58 64 73 8424 616MI 1 0 9914 4 8399999999999999 8 3 461918 5799999999999999
 94100101 97 87 74 60 47 39 36 40 50 63 75 85 90 89 83 75 68 64 64 70 7924 617MI 1441021519 9099999999999999 854 362026 6399999999999999
 90 99104104 96 83 67 51 37 28 27 34 48 65 81 93 98 97 90 81 73 68 69 7524 618MI 2231051617 9899999999999999 937 272127 6899999999999999
 85 96105108105 94 77 58 40 25 18 20 32 50 71 89101106103 94 84 75 70 7224 619MI 3 010817 4106999999999999991017 182219 7099999999999999
 79 91103111111104 89 69 48 28 15 10 16 33 55 78 98109112106 96 84 75 7124 620MI 3371121747112999999999999991056 1023 4 7199999999999999
 74 84 97109115113101 83 60 37 18  6  5 15 36 62 87105114114106 94 82 7324 621MI 4141151827115999999999999991136  42347 7199999999999999
 71 77 89103114118112 97 75 50 27  9 -1  2 18 42 70 94111117114103 90 7824 622MI 45211819 8117999999999999991217 -1999999999999999999999
 71 71 80 94109118118109 91 67 41 18  2 -4  3 22 50 77100113117111 99 8524 623MI 532119194911799999999999999 029 701259 -499999999999999
 74 69 72 83 98112119116104 85 60 34 12 -1 -4  7 29 58 84104114114106 9324 624MI 616119203111699999999999999 111 691342 -499999999999999
 80 71 67 72 84100112117113 99 78 54 29 10 -1  1 15 39 66 9010611311110124 625MI 7 2117211311499999999999999 155 671425 -299999999999999
 88 75 67 65 71 84 99109113107 94 73 50 28 12  5  9 25 49 74 9510811210724 626MI 754113215511299999999999999 243 6515 8  599999999999999
 96 82 70 63 62 69 81 94104107102 89 71 50 31 19 15 22 38 60 82 9910810924 627MI 853107223711099999999999999 337 611553 1599999999999999
103 91 77 65 58 57 63 75 87 96100 96 86 71 54 39 30 29 36 52 71 8910210924 628MI10 2100232010999999999999999 437 561639 2899999999999999
108 99 87 72 60 52 50 55 65 77 88 93 93 86 75 62 51 44 44 51 64 80 9510524 629MI1125 94999999999999999999999 545 501731 4399999999999999
110107 97 83 68 54 44 41 45 55 68 80 89 92 89 82 73 64 59 59 64 75 8710024 630MI 0 511013 3 9299999999999999 656 411832 5899999999999999
108111106 96 80 63 47 36 31 35 45 59 75 87 94 96 91 84 77 72 70 74 82 9324 7 1MI 0531111441 9699999999999999 8 5 311947 7099999999999999
103111112107 94 77 58 40 27 22 25 37 54 73 89 99103100 94 86 80 78 80 8624 7 2MI 14311216 310399999999999999 9 7 2221 7 7899999999999999
 96107113114107 93 73 52 33 19 14 18 32 53 75 93106110107100 92 84 81 8224 7 3MI 23511517 61109999999999999910 3 142216 8099999999999999
 89 99110116115107 90 69 46 26 12  8 15 32 56 80100111115111102 92 84 8024 7 4MI 3251171754115999999999999991054  82311 8099999999999999
 82 90102113118116105 87 63 40 20  7  5 16 36 63 87106115116110 99 88 8024 7 5MI 4131191835117999999999999991140  52356 7899999999999999
 78 82 92105116120115102 81 57 33 14  4  6 21 44 71 95111117114105 93 8224 7 6MI 4591201911117999999999999991222  4999999999999999999999
 75 75 82 94108117119112 96 74 49 27 11  4 11 29 55 81102114116109 97 8524 7 7MI 542120194311699999999999999 034 7413 0  499999999999999
 75 71 73 83 97110118117107 89 66 42 21  9  8 19 41 67 91107114112102 8924 7 8MI 623118201311499999999999999 1 9 701336  799999999999999
 77 69 67 73 85100111115112 99 80 57 35 18 11 15 31 55 79 99110112106 9424 7 9MI 7 3115204311399999999999999 143 6714 9 1199999999999999
 80 69 64 65 74 87100109111105 90 71 49 31 19 17 27 45 68 90104111108 9924 710MI 743111211211199999999999999 218 641440 1799999999999999
 85 73 64 61 65 75 87 99105104 96 82 63 45 31 25 28 41 60 81 9810810910324 711MI 825106214111099999999999999 257 611510 2499999999999999
 92 78 67 60 59 64 74 85 95 99 97 89 75 59 45 36 35 42 56 74 9110310810624 712MI 912 99221210899999999999999 340 581542 3499999999999999
 97 85 73 62 57 57 62 71 81 89 92 90 83 72 61 51 46 48 56 69 84 9710510724 713MI1010 92224410799999999999999 431 561616 4699999999999999
102 93 80 68 59 53 53 58 66 75 82 86 86 81 74 66 60 58 61 69 80 9210110624 714MI1127 86232210699999999999999 532 521656 5899999999999999
105 99 89 77 65 55 49 48 51 59 68 77 83 85 84 80 75 71 70 72 78 87 9610324 715MI1313 86999999999999999999999 642 471752 7099999999999999
106104 97 86 74 60 49 42 40 44 52 63 74 83 89 91 89 85 81 79 80 84 90 9824 716MI 0 71061455 9199999999999999 752 401916 7999999999999999
104106104 97 85 70 56 43 34 32 36 46 60 75 88 96100 98 93 88 84 83 85 9224 717MI 1 310616 810099999999999999 854 322048 8399999999999999
 99106108106 97 83 66 49 35 25 23 29 42 60 79 95105108105 99 91 85 82 8524 718MI 2 3108165910899999999999999 948 222159 8299999999999999
 92101109112108 98 81 62 42 26 16 15 24 41 64 86103113115109100 89 82 7924 719MI 2591121741115999999999999991037 142254 7999999999999999
 83 93104114116111 98 78 56 34 16  7  8 22 44 70 94111119118109 97 85 7724 720MI 3521161819120999999999999991123  62340 7599999999999999
 76 82 95109119121113 97 74 49 26  8  1  6 24 50 79103118122117105 90 7824 721MI 44112118571229999999999999912 7  1999999999999999999999
 71 72 82 98114124124114 94 69 42 19  3 -2  8 30 60 89110122122113 98 8224 722MI 530125193312399999999999999 022 701250 -299999999999999
 70 65 70 83102118126124112 90 64 36 14  1  1 15 41 71 98116123119106 8924 723MI 61912720 812399999999999999 1 4 651331 -199999999999999
 73 62 60 68 84104119126122108 85 58 33 14  5 10 28 55 84107120122113 9824 724MI 7 9126204112399999999999999 146 591411  599999999999999
 80 64 55 55 66 84104117122117102 80 56 34 19 15 24 45 71 9611312111810624 725MI 8 1122211412199999999999999 229 541449 1599999999999999
 89 71 56 49 52 64 82100112116110 96 77 56 39 30 31 42 63 8610511712011324 726MI 856116214612099999999999999 316 491526 2999999999999999
 98 80 63 50 45 48 60 77 93104107103 91 76 61 50 45 49 62 79 9711111811624 727MI 957107221911899999999999999 4 7 4516 3 4599999999999999
107 92 74 58 46 41 45 55 69 83 94 98 97 90 80 70 64 62 67 78 9110411311624 728MI1113 98225711699999999999999 5 6 411643 6299999999999999
112102 87 71 55 44 38 40 48 60 73 84 91 94 92 87 82 78 78 82 89 9810611224 729MI1258 94234411399999999999999 617 381734 7899999999999999
113109 99 86 70 54 42 35 34 40 51 64 78 88 95 97 96 93 90 89 90 93 9910524 730MI15 7 97999999999999999999999 736 3319 8 8999999999999999
110111108 99 86 70 54 40 30 28 32 43 59 75 90100104105102 98 94 92 93 9624 731MI 050111163410599999999999999 852 282114 9299999999999999
102108111109101 88 71 52 36 25 22 27 40 58 78 95106112111106 99 92 88 8824 8 1MI 2 8111172111299999999999999 956 222231 8899999999999999
 93101109113112103 89 69 49 32 20 17 24 41 63 85102113116112104 94 86 8224 8 2MI 3161131755116999999999999991049 172317 8199999999999999
 83 90101111116114104 87 66 44 26 15 15 26 47 71 94110118117109 97 86 7824 8 3MI 4131171823118999999999999991133 142353 7599999999999999
 75 80 91105116120116103 83 59 37 20 13 17 33 57 83104116119113101 87 7624 8 4MI 5 11201849119999999999999991210 13999999999999999999999
 69 70 80 95110120122114 98 76 51 30 17 14 24 45 71 95112119117106 91 7624 8 5MI 542122191312099999999999999 023 691244 1399999999999999
 66 63 69 83100115122120109 90 66 43 25 16 20 36 60 86106117119110 96 7924 8 6MI 620123193711999999999999999 052 631314 1699999999999999
 66 59 61 71 88105117122116101 80 57 36 23 21 31 52 77 99114119114101 8424 8 7MI 65612220 011999999999999999 121 591342 2099999999999999
 69 58 55 61 75 93108117118109 92 70 49 34 27 31 47 69 92109118117107 9124 8 8MI 732119202311999999999999999 151 5514 8 2799999999999999
 74 60 53 54 63 79 96108114111100 82 63 46 37 36 46 64 85104115118111 9724 8 9MI 810114204511899999999999999 224 521433 3599999999999999
 80 65 54 50 54 66 81 96105108103 91 75 60 49 45 50 63 81 9811111711410324 810MI 85010821 811799999999999999 259 501458 4599999999999999
 88 72 58 50 49 55 67 80 92 99100 95 85 73 63 57 57 65 78 9410711411410724 811MI 938101213211599999999999999 339 481525 5699999999999999
 95 80 65 54 48 48 55 65 77 86 92 93 90 83 76 70 68 71 79 9010110911210924 812MI1042 9322 011299999999999999 427 471554 6899999999999999
101 89 75 62 52 47 47 52 60 70 79 86 89 89 86 83 80 80 83 89 9610410810924 813MI1227 89223810999999999999999 529 461635 8099999999999999
105 97 86 73 61 51 44 43 46 53 63 73 82 89 93 94 92 91 90 90 93 9710210524 814MI1450 94234310699999999999999 650 431810 9099999999999999
106103 96 86 73 60 49 40 36 38 44 55 69 82 93100103102 99 95 92 92 94 9824 815MI1611103999999999999999999999 814 362039 9299999999999999
103106105 99 89 75 60 45 34 27 28 36 51 69 87101109112108102 94 89 87 8924 816MI 120106165211299999999999999 924 272159 8799999999999999
 95103109110105 93 77 58 40 25 18 20 31 50 73 95110118117110100 89 81 7924 817MI 2411101727119999999999999991020 172249 7999999999999999
 84 94107115117111 97 77 54 33 17 10 14 30 55 82104119124119107 92 80 7224 818MI 34511817591249999999999999911 9 102329 7199999999999999
 72 81 97113123125117 99 75 49 26 10  5 14 36 65 93114126126116 99 82 6824 819MI 4401251830127999999999999991153  5999999999999999999999
 62 66 81101120130130119 99 71 44 21  7  6 21 47 78105123129123108 88 6924 820MI 53113219 112999999999999999 0 8 621234  599999999999999
 57 54 63 82106125134132119 95 67 40 20 10 14 34 63 93116128128116 96 7524 821MI 620135193013099999999999999 046 531312  999999999999999
 57 47 48 62 85109127134130114 90 63 39 24 19 30 52 81107124129123106 8424 822MI 7 9134195812999999999999999 126 451349 1999999999999999
 63 46 39 44 62 86109124130124107 85 62 43 33 35 49 73 98117127127115 9524 823MI 759130202612999999999999999 2 6 391423 3299999999999999
 73 53 39 35 44 62 85105118121115100 82 64 52 48 54 70 9111012312612010524 824MI 851121205312799999999999999 250 351455 4899999999999999
 85 64 47 36 35 44 61 80 97108110105 94 82 71 65 66 74 8810411612312111224 825MI 949111212012399999999999999 337 341525 6499999999999999
 97 78 60 45 36 36 44 58 73 87 96100 98 92 86 81 79 82 89 9910911611811424 826MI11 6100215111899999999999999 433 351553 7999999999999999
105 91 75 60 47 39 37 42 52 65 77 86 92 95 95 93 92 92 94 9810310811111124 827MI1324 95223511299999999999999 544 371627 9299999999999999
108101 90 77 63 51 42 38 39 46 56 68 80 90 96100102101100 99 9910010210424 828MI1615102999999999999999999999 714 371946 9999999999999999
105104100 92 81 67 54 42 35 34 39 50 64 79 92102108109106102 97 93 92 9424 829MI 012105164810999999999999999 842 342156 9299999999999999
 98103105103 97 85 71 55 41 31 29 34 47 65 83 99109114112106 97 89 84 8324 830MI 210105171111499999999999999 949 292239 8399999999999999
 87 96104109109101 88 70 52 36 26 25 34 51 72 92108116116110 99 87 78 7424 831MI 3251101732117999999999999991038 252310 7399999999999999
 76 85 98109115113104 87 67 46 31 23 25 39 60 84103116119114102 88 75 6724 9 1MI 4191151753119999999999999991117 222337 6599999999999999
 66 74 88104116120116103 82 60 40 26 22 31 50 74 97113121118107 91 75 6324 9 2MI 5 11201814121999999999999991150 22999999999999999999999
 58 63 76 95112122123115 97 74 52 34 24 27 42 65 90109120121112 95 77 6224 9 3MI 538124183412299999999999999 0 2 581219 2499999999999999
 53 54 65 83103119126123109 89 65 45 31 28 37 57 82104119123116101 82 6424 9 4MI 612126185412399999999999999 028 521246 2899999999999999
 52 48 54 70 91110123125118101 79 57 41 33 37 53 76 99116123120107 88 6924 9 5MI 646126191312399999999999999 054 471310 3399999999999999
 53 44 46 58 78 99115123121109 91 70 52 41 41 51 71 93112122122112 95 7524 9 6MI 719123193212399999999999999 122 441334 4099999999999999
 57 45 41 48 64 84103115119113 99 82 64 52 48 53 68 88107119123116102 8224 9 7MI 753119195012399999999999999 151 411357 4899999999999999
 63 48 40 41 52 70 88104112112104 91 76 64 57 59 69 85102115121118107 9024 9 8MI 83111320 912199999999999999 223 401420 5799999999999999
 71 54 43 39 44 56 73 89100106104 96 85 75 68 67 72 83 98110117118110 9724 9 9MI 915106203011899999999999999 258 391443 6699999999999999
 80 63 50 41 40 46 58 72 85 94 98 96 91 85 79 76 78 84 9410411211411110224 910MI1013 98205511499999999999999 340 4015 8 7699999999999999
 88 73 59 48 42 42 47 56 67 78 86 91 92 91 89 87 86 89 93 9910510810810424 911MI1158 92212810999999999999999 436 411540 8699999999999999
 96 85 72 60 50 43 41 44 50 59 70 79 87 93 96 97 96 95 95 96 9810010210224 912MI1459 97223710299999999999999 559 411749 9599999999999999
100 95 86 76 64 53 44 38 37 42 50 63 76 88 98104105104100 95 92 91 92 9624 913MI1556105999999999999999999999 739 372056 9199999999999999
 99101 99 93 82 69 54 41 32 29 33 43 59 78 95107113113107 98 89 83 81 8424 914MI 1 3101162711499999999999999 859 292153 8199999999999999
 92100107108102 90 73 54 37 25 21 26 41 62 85104116120115104 91 78 71 7024 915MI 238108165512099999999999999 959 212233 7099999999999999
 78 92106116118111 96 75 52 32 19 15 24 44 71 96115124123112 95 78 64 5824 916MI 3441181723125999999999999991047 1523 9 5899999999999999
 62 76 96115126128118 99 74 49 28 16 16 30 55 84109125129121104 82 63 4924 917MI 4381291751129999999999999991130 142346 4699999999999999
 46 56 77102123135134122 99 72 46 27 18 23 42 71 99121131128113 91 67 4724 918MI 5291361818131999999999999991210 18999999999999999999999
 37 38 54 80108129139136121 96 69 46 30 26 37 61 89114129132123102 76 5224 919MI 617139184513399999999999999 023 361247 2699999999999999
 34 27 34 55 84111130137132115 92 68 49 39 41 56 81106125133129113 89 6324 920MI 7 5138191113399999999999999 1 2 271322 3899999999999999
 40 26 23 35 58 86111127131124108 88 69 56 52 59 76 98118130131121101 7724 921MI 754131193613299999999999999 142 231354 5299999999999999
 52 33 23 24 38 61 86106119121114101 86 73 67 68 77 94111123128124110 9024 922MI 84512220 212899999999999999 224 211423 6699999999999999
 68 47 31 24 28 41 61 82 98108110105 96 87 80 79 83 9210411612212211410024 923MI 944110202812399999999999999 311 241450 7999999999999999
 82 63 46 34 29 33 44 60 76 89 97100 98 95 91 89 90 9410010811311511210524 924MI11 6100205511599999999999999 4 5 291513 8999999999999999
 93 79 64 50 40 36 37 45 56 68 79 88 93 96 97 97 97 98 9910110310510510324 925MI2132105999999999999999999999 514 36999999999999999999999
 98 90 80 68 57 47 41 39 43 50 61 73 83 92 99102103102100 97 95 94 94 9524 926MI1554103999999999999999999999 648 3921 8 9499999999999999
 96 95 92 85 74 63 51 42 38 39 46 57 71 85 97104108106102 95 88 84 82 8424 927MI 0 9 96161310899999999999999 819 382152 8299999999999999
 90 95 98 97 91 80 66 52 41 35 36 44 58 75 91104111111105 96 85 76 71 7224 928MI 217 98163211299999999999999 924 342220 7199999999999999
 79 89 99104104 96 83 66 50 38 32 35 47 65 84101112115110 98 85 72 63 6124 929MI 3261051651115999999999999991011 322245 6199999999999999
 67 79 94106112109 99 82 63 46 34 31 39 55 77 97111117114103 87 71 58 5224 930MI 4141121710118999999999999991048 312310 5299999999999999
 55 67 85102114118112 97 78 57 41 33 35 48 69 91109119118109 92 73 56 462410 1MI 4531181729120999999999999991119 322335 4499999999999999
 45 55 73 94112121121110 92 71 52 39 36 44 62 85105118121114 98 77 58 442410 2MI 5281221748122999999999999991147 36999999999999999999999
 38 44 60 83104119125120105 85 64 48 40 44 58 79101117123119104 84 62 442410 3MI 6 212518 612399999999999999 0 0 381214 4099999999999999
 34 35 48 69 93112123124114 97 77 59 48 46 56 75 96114123122110 91 69 482410 4MI 634125182412499999999999999 027 331238 4699999999999999
 34 30 37 55 79101117123119106 88 70 57 52 57 71 91110121123115 98 76 552410 5MI 7 7123184212499999999999999 054 3013 2 5299999999999999
 38 28 30 43 63 86106117119111 97 81 67 59 60 70 87105118123118104 84 632410 6MI 74111919 112399999999999999 123 281326 5999999999999999
 44 31 27 33 49 70 91106113112103 90 77 68 66 71 83 99113120119109 92 722410 7MI 819114192112199999999999999 154 271350 6599999999999999
 52 37 28 28 38 55 74 91103107104 95 85 77 73 74 82 94106115116111 98 812410 8MI 9 3107194411799999999999999 229 271415 7399999999999999
 62 46 34 29 32 42 57 73 87 96 99 97 92 86 81 80 84 91 99107111109102 892410 9MI10 3 99201211199999999999999 310 291445 8099999999999999
 74 58 45 36 32 35 43 55 69 81 89 93 94 93 90 88 88 90 94 99102104101 94241010MI1143 94205010499999999999999 4 5 321537 8899999999999999
 84 72 60 48 39 35 35 41 50 62 74 84 92 96 97 97 95 93 91 91 92 94 95 95241011MI14 7 972223 9599999999999999 524 341838 9199999999999999
 92 86 77 66 54 44 36 33 36 44 56 70 83 95102105103 98 92 86 82 81 84 88241012MI15 6105999999999999999999999 7 2 332041 8199999999999999
 93 95 93 86 75 61 47 36 30 31 38 53 70 88102110111106 96 84 74 68 69 75241013MI 1 1 95154011199999999999999 825 292128 6899999999999999
 86 96103104 97 84 67 49 34 26 27 37 55 77 97112118114103 87 71 59 53 57241014MI 23410416 911899999999999999 927 2522 6 5399999999999999
 70 87104114115107 91 70 49 33 25 28 41 64 89109121122112 94 73 54 42 39241015MI 3391161636123999999999999991017 252243 3999999999999999
 49 69 93113125125115 95 72 50 34 28 34 52 78103120127122105 81 57 37 27241016MI 43412717 41279999999999999911 2 282321 2699999999999999
 29 45 71 99121132131118 96 72 51 38 35 46 68 94116129129116 93 66 40 22241017MI 5251341731130999999999999991142 352359 1599999999999999
 15 23 45 76105126136132117 95 72 54 45 47 62 86110126132125106 79 51 27241018MI 6131361758132999999999999991219 44999999999999999999999
 12 10 23 49 80108127133128112 92 73 60 55 62 80102121131130117 94 66 39241019MI 7 1133182513299999999999999 039  91255 5599999999999999
 18  7 10 27 54 83108123127120105 89 75 67 68 78 95113126129123106 82 56241020MI 750127185312999999999999999 120  61328 6699999999999999
 32 15  8 14 32 58 83104115117110 99 87 79 75 79 90104117124123113 95 73241021MI 841118192112499999999999999 2 3  81359 7599999999999999
 50 30 17 14 21 38 60 81 97106107102 95 88 83 83 88 97107114117112101 85241022MI 939107195111799999999999999 249 141430 8399999999999999
 67 48 33 23 22 29 43 60 77 90 97 99 97 93 90 88 89 93 98103106106101 92241023MI1056 99202410799999999999999 340 211511 8899999999999999
 80 65 51 38 31 30 35 45 59 72 83 91 95 96 95 93 92 91 91 92 94 95 95 92241024MI1255 962115 9599999999999999 442 291713 9199999999999999
 86 78 67 56 46 38 36 38 46 57 69 80 89 95 97 97 95 91 87 84 82 82 84 86241025MI1427 982357 8799999999999999 6 0 362024 8299999999999999
 87 85 80 72 62 52 44 39 40 45 56 68 81 91 99101100 94 87 79 73 70 71 76241026MI15 6101999999999999999999999 724 392112 7099999999999999
 82 87 89 86 79 68 56 46 40 40 46 57 72 86 98104104 99 89 77 66 59 58 63241027MI 157 89153310599999999999999 833 392144 5899999999999999
 72 83 92 95 93 84 72 58 47 40 41 49 63 80 95105109104 93 79 64 52 47 49241028MI 3 7 95155610999999999999999 925 402212 4799999999999999
 60 74 89 99103 99 88 72 57 46 41 44 56 73 91105112110100 83 65 49 39 38241029MI 35810316181129999999999999910 6 412239 3799999999999999
 46 62 81 98108109102 88 71 55 46 44 52 67 86103113115106 90 70 50 35 29241030MI 4401101638115999999999999991041 4423 6 2999999999999999
 34 48 70 91107115113101 85 67 54 47 50 63 81100113118112 97 76 54 36 24241031MI 5171151658118999999999999991112 472333 2399999999999999
 24 35 56 80101115119112 98 80 64 54 52 60 76 96111119117105 85 61 39 242411 1MI 5521191718119999999999999991141 51999999999999999999999
 18 24 41 65 90109119118108 92 75 62 56 59 72 90108118120111 93 70 46 272411 2MI 626120173812099999999999999 0 1 1812 9 5699999999999999
 16 16 28 50 75 98113119114101 85 71 62 61 69 85102115120115101 79 55 342411 3MI 7 011918 012099999999999999 031 141237 6099999999999999
 18 12 18 35 59 83103114115107 94 80 69 64 68 80 96110118117107 88 65 432411 4MI 736116182311999999999999999 1 2 1213 5 6499999999999999
 24 13 12 23 42 66 88103110108100 88 77 70 69 76 89103113116110 96 76 542411 5MI 816111184911699999999999999 136 111334 6999999999999999
 34 19 12 15 28 48 70 89101105102 94 84 77 73 75 83 94105111109100 85 662411 6MI 9 2105192011199999999999999 213 1214 9 7399999999999999
 47 30 18 15 20 33 51 70 86 96 99 97 91 84 79 78 80 87 95102104101 92 782411 7MI10 1 99195810499999999999999 257 151454 7899999999999999
 61 44 30 21 19 24 36 52 68 82 92 96 95 91 87 83 81 81 85 90 94 96 93 862411 8MI1120 962053 9699999999999999 350 191613 8199999999999999
 75 61 47 35 26 23 27 37 51 66 79 90 95 97 94 90 84 80 77 78 80 84 87 882411 9MI1249 972241 8899999999999999 457 231823 7799999999999999
 85 78 67 54 42 33 28 29 37 49 64 79 91 99101 98 91 82 74 67 65 68 74 81241110MI1354101999999999999999999999 618 281956 6599999999999999
 87 89 85 77 64 51 39 32 31 37 50 67 83 97105106100 88 75 62 53 50 55 66241111MI 051 89143710699999999999999 737 312051 5099999999999999
 79 90 97 96 88 75 59 45 36 34 40 54 73 92106112109 98 81 62 46 36 35 44241112MI 223 97151211299999999999999 845 342135 3499999999999999
 61 81 97107107 98 83 66 50 40 39 46 63 84103115117109 92 69 46 29 20 22241113MI 333108154411799999999999999 941 382217 1999999999999999
 37 60 85105116116106 89 71 55 46 46 56 75 96114122119105 81 55 30 13  7241114MI 4311181615122999999999999991031 442259  799999999999999
 14 35 63 91112123122110 92 74 59 52 55 68 88109122125116 96 69 41 16  1241115MI 5231241646125999999999999991115 522340 -299999999999999
 -1 11 37 68 97117126122109 92 75 63 59 65 81101118126124110 86 57 29  6241116MI 6131261717127999999999999991156 59999999999999999999999
 -5 -3 13 42 73100118124119106 90 76 67 67 76 92110122126118101 75 46 20241117MI 7 1124175012699999999999999 022 -61234 6699999999999999
  1 -7 -1 19 48 77101115119112100 87 76 71 74 84 99114122121110 90 65 38241118MI 748119182312399999999999999 1 5 -71311 7199999999999999
 16  1 -3  6 27 54 80100110111105 94 84 76 75 79 90103113116112 99 80 57241119MI 836112185811799999999999999 148 -31347 7499999999999999
 34 15  4  4 15 35 59 81 96104103 97 89 81 77 77 82 91101107108101 89 71241120MI 926104193610899999999999999 231  31428 7699999999999999
 51 32 18 11 13 24 43 63 80 92 98 97 92 86 80 77 78 82 88 94 98 97 91 80241121MI1021 982019 9899999999999999 316 101521 7799999999999999
 65 49 34 23 19 22 33 49 65 80 89 94 93 89 84 79 76 76 77 81 85 87 87 82241122MI1123 942120 8799999999999999 4 4 191648 7699999999999999
 74 63 51 39 31 28 31 40 53 67 79 88 92 92 89 84 78 73 70 69 71 74 77 79241123MI1229 9323 7 7999999999999999 458 281846 6999999999999999
 77 73 65 55 45 38 36 38 46 57 70 81 89 93 93 89 82 74 66 61 58 60 64 70241124MI1327 94999999999999999999999 6 2 3620 7 5899999999999999
 75 77 76 70 62 53 46 42 44 51 61 73 85 93 97 95 88 78 67 56 49 47 50 57241125MI 1 8 771411 9799999999999999 711 422056 4799999999999999
 67 76 81 82 77 69 59 51 47 49 55 67 79 91 98100 95 85 71 56 44 36 36 43241126MI 236 82144610099999999999999 816 472133 3599999999999999
 55 69 81 88 89 84 75 64 55 51 53 61 74 87 98104102 93 78 60 43 30 25 29241127MI 339 90151610499999999999999 912 5122 6 2599999999999999
 40 58 75 89 97 97 89 78 66 58 54 58 69 83 96105107100 86 67 46 29 18 17241128MI 427 98154310799999999999999 958 542238 1699999999999999
 26 43 65 84 99104101 92 79 67 59 58 65 78 93105110107 95 76 53 32 16  9241129MI 5 910516 9110999999999999991037 5723 9  999999999999999
 13 28 50 74 94106109103 90 77 65 60 62 72 87102111112103 86 63 39 19  6241130MI 5461091635113999999999999991113 602342  399999999999999
  4 14 34 59 84102111110100 87 73 64 62 68 81 97109114110 96 74 49 26  82412 1MI 62211217 2114999999999999991147 61999999999999999999999
 -1  3 18 42 69 92107112107 95 82 70 63 65 74 89104113113104 85 62 37 152412 2MI 658112173111499999999999999 015 -11221 6399999999999999
  1 -4  5 25 51 77 97108110102 89 77 67 64 69 81 96108113109 95 74 50 262412 3MI 73611018 311399999999999999 050 -41255 6499999999999999
  7 -4 -3 10 32 59 83100107105 96 84 73 66 66 73 86 99108110102 86 64 402412 4MI 816107183811099999999999999 127 -51332 6599999999999999
 18  3 -4  1 17 40 65 86 99104100 91 80 71 66 68 76 88 99105103 93 77 562412 5MI 9 0104191810599999999999999 2 7 -41415 6699999999999999
 34 15  3 -1  7 24 46 69 87 98100 96 87 77 70 66 68 76 86 95 99 96 86 702412 6MI 94910020 6 9999999999999999 249 -115 8 6699999999999999
 51 32 16  7  6 14 31 52 72 87 96 98 93 85 76 68 65 66 71 80 87 90 88 812412 7MI1042 982110 9199999999999999 336  51617 6499999999999999
 68 51 35 22 15 15 23 39 57 75 88 96 97 92 84 74 65 60 59 63 70 77 82 832412 8MI1139 972240 8399999999999999 429 141742 5999999999999999
 79 69 57 43 32 25 25 32 46 62 78 90 97 98 92 82 71 59 51 48 50 57 67 762412 9MI1234 98999999999999999999999 530 2419 4 4899999999999999
 81 81 75 66 54 44 37 36 41 53 68 83 94101100 93 80 65 50 39 34 36 45 58241210MI 030 81132510199999999999999 639 352011 3499999999999999
 72 82 87 85 77 66 56 48 46 50 60 74 89100105103 92 75 56 38 24 19 22 35241211MI 211 87141010599999999999999 753 4621 7 1999999999999999
 53 72 87 95 95 88 77 66 57 54 57 67 81 96107110104 89 68 45 24 10  5 12241212MI 332 96145211099999999999999 9 3 542157  599999999999999
 28 51 75 93103104 97 85 73 64 60 63 74 89103112113103 84 60 34 12 -2 -5241213MI 43610515321149999999999999910 4 602244 -699999999999999
  5 26 54 80 99110110102 89 76 67 64 68 80 96110116113100 78 50 23  2-11241214MI 5301111612117999999999999991057 642329-1299999999999999
-11  4 29 59 86105114112102 89 76 68 66 73 86102114118111 94 69 41 14 -6241215MI 6191141652118999999999999991143 66999999999999999999999
-15-11  7 35 65 91108114110 99 85 74 67 68 77 91106116116106 87 61 33  8241216MI 7 3114173211799999999999999 013-161225 6799999999999999
-10-15 -7 14 43 72 95108111104 92 79 70 66 69 80 95108114111 98 78 52 25241217MI 744111181211499999999999999 055-1513 4 6699999999999999
  3-10-11  1 25 53 79 97106105 97 84 73 66 64 70 82 96106109103 89 68 43241218MI 823107185210999999999999999 136-121342 6499999999999999
 20  2 -6 -3 12 36 62 84 98102 98 89 77 67 62 63 71 82 94101101 94 79 59241219MI 9 0102193210299999999999999 214 -71421 6299999999999999
 36 17  4  1  8 25 48 71 88 97 98 92 81 71 63 60 62 70 80 89 93 92 83 69241220MI 936 982016 9399999999999999 250  015 6 6099999999999999
 51 33 18 10 11 21 38 59 77 90 95 93 86 76 66 60 58 60 66 74 81 84 82 74241221MI1013 9521 6 8499999999999999 325  916 0 5899999999999999
 62 47 33 23 19 23 34 50 67 82 90 93 89 82 72 63 57 54 56 60 66 72 75 73241222MI1053 932214 7599999999999999 4 1 1917 9 5499999999999999
 68 59 48 38 32 31 36 46 60 74 85 90 91 87 79 69 60 53 49 48 52 57 63 67241223MI1136 912354 6899999999999999 441 301832 4899999999999999
 68 66 61 54 47 43 43 47 56 67 78 87 91 90 85 77 66 55 46 40 39 42 48 56241224MI1224 91999999999999999999999 530 421949 3999999999999999
 63 68 69 67 63 57 54 53 56 63 73 82 89 92 91 85 74 61 48 37 30 29 33 42241225MI 152 691315 9299999999999999 639 532046 2899999999999999
 53 64 72 77 76 72 67 62 60 62 68 76 85 92 95 92 83 70 55 39 26 19 19 26241226MI 323 7714 2 9599999999999999 8 1 602132 1899999999999999
 39 54 69 80 86 85 80 73 67 64 65 71 80 89 96 97 92 81 64 46 28 15  9 11241227MI 424 861445 9799999999999999 914 642212  899999999999999
 23 40 60 78 90 94 92 85 76 69 65 67 74 84 94100 99 91 76 56 35 16  4  0241228MI 5 9 941525101999999999999991011 652250  099999999999999
  7 24 46 69 87 98100 95 86 75 67 64 68 77 90100104100 88 69 46 23  5 -6241229MI 54610116 3104999999999999991057 642328 -799999999999999
 -5  7 29 54 78 96104103 95 83 71 64 63 69 82 95105106 98 82 60 34 11 -6241230MI 6221051640107999999999999991137 62999999999999999999999
-13 -7 10 37 64 88102107102 90 76 65 59 62 72 87101108107 95 75 50 23  1241231MI 656107171910999999999999999 0 5-131214 5999999999999999
