 15 16 18 21 22 21 19 15 11  6  2 -1 -2 -2  0  4  8 11 13 14 13 13 12 1224 1 1MZ 418 221914 14999999999999991215 -22325 1299999999999999
 12 13 14 16 18 18 18 15 12  8  4  1  0  0  1  3  7 10 12 13 13 13 12 1124 1 2MZ 458 181939 13999999999999991243 -1999999999999999999999
 11 10 11 12 14 15 15 14 12  9  7  4  3  2  3  4  7  9 12 13 14 13 12 1124 1 3MZ 545 1520 0 1499999999999999 049 1013 6  299999999999999
 10  9  8  9 10 11 12 12 11 10  8  7  6  5  5  6  8 10 13 14 15 15 14 1224 1 4MZ 654 122019 1599999999999999 217  81322  599999999999999
 10  9  7  6  6  7  8  9 10 10 10  9  9  8  8  9 10 12 14 16 17 17 16 1424 1 5MZ 845 102041 1799999999999999 333  61322  899999999999999
 12 10  7  5  4  4  5  6  8 10 11 11 11 11 11 12 12 14 15 17 18 19 19 1724 1 6MZ2110 19999999999999999999999 438  4999999999999999999999
 15 12  8  5  3  1  1  3  5  8 10 12 13 14 14 14 15 15 16 18 20 21 21 2024 1 7MZ2147 21999999999999999999999 532  1999999999999999999999
 18 15 11  7  3  0 -1 -1  1  4  8 12 14 16 16 17 17 17 17 18 20 22 23 2324 1 8MZ2233 23999999999999999999999 620 -1999999999999999999999
 22 19 14 10  5  0 -3 -4 -3  0  4  9 13 16 17 18 18 18 18 18 20 21 24 2524 1 9MZ2326 25999999999999999999999 7 7 -4999999999999999999999
 25 23 19 14  8  2 -3 -6 -7 -6 -2  4 10 14 17 18 18 18 18 18 18 20 22 2524 110MZ1535 18999999999999999999999 755 -71825 1799999999999999
 27 26 24 19 13  6 -1 -6-10-10 -8 -2  4 10 14 17 18 17 17 16 16 17 20 2324 111MZ 022 2716 0 1899999999999999 843-1019 9 1699999999999999
 26 28 27 24 19 11  3 -4 -9-12-12 -9 -3  4 10 14 16 16 15 14 14 14 16 1824 112MZ 118 281630 1699999999999999 932-131953 1499999999999999
 22 26 28 27 24 17  9  1 -6-11-14-13 -9 -2  5 10 14 15 14 12 11 11 12 1324 113MZ 214 2817 2 15999999999999991020-142046 1199999999999999
 17 21 25 27 26 22 15  7 -1 -7-12-14-12 -7 -1  6 10 13 13 12 10  9  8  924 114MZ 3 8 271734 139999999999999911 7-142159  899999999999999
 11 14 19 23 25 23 19 13  5 -2 -7-10-12 -9 -4  2  7 11 12 12 10  8  6  624 115MZ 4 4 2518 7 12999999999999991152-122324  699999999999999
  6  8 11 16 19 21 20 16 10  4 -1 -5 -7 -8 -5  0  5 10 12 12 11  8  6  424 116MZ 5 3 211840 13999999999999991235 -8999999999999999999999
  3  3  5  8 12 15 16 15 13  9  5  1 -1 -3 -2  1  5  9 12 14 13 11  8  524 117MZ 610 161914 1499999999999999 041  31315 -399999999999999
  3  1  0  2  4  7 10 12 12 10  8  6  5  3  3  4  6 10 13 15 15 14 12  824 118MZ 734 121949 1599999999999999 156  01351  399999999999999
  5  2  0 -2 -1  1  3  6  8  9 10  9  9  8  8  8  9 11 14 16 17 17 16 1324 119MZ 940 102028 1799999999999999 317 -21416  899999999999999
  9  5  2 -1 -3 -3 -2  0  3  6  8 10 11 12 12 12 13 13 15 17 18 19 19 1724 120MZ2112 19999999999999999999999 442 -4999999999999999999999
 14 10  6  2 -2 -4 -5 -4 -2  2  6  9 11 13 14 15 15 15 16 17 19 20 21 2024 121MZ22 3 21999999999999999999999 556 -5999999999999999999999
 18 14 10  6  1 -3 -6 -6 -5 -2  2  6 10 13 15 16 16 16 17 17 18 20 21 2224 122MZ2259 22999999999999999999999 654 -6999999999999999999999
 21 19 15 10  5  0 -4 -7 -7 -5 -1  3  8 11 14 15 16 16 16 16 17 18 20 2224 123MZ2355 22999999999999999999999 742 -7999999999999999999999
 22 21 19 14  9  3 -2 -6 -8 -8 -5  0  5  9 12 14 15 15 15 15 15 16 18 2024 124MZ9999999999999999999999999999 825 -8999999999999999999999
 22 22 21 18 13  7  1 -4 -8 -9 -8 -4  1  6 10 13 14 13 13 12 12 13 15 1724 125MZ 047 231610 1499999999999999 9 3 -919 6 1299999999999999
 20 22 22 20 16 10  3 -2 -7 -9-10 -7 -3  3  7 10 12 12 11 10 10 10 11 1324 126MZ 134 221625 1299999999999999 939-101944 1099999999999999
 16 19 21 20 18 13  6  0 -5 -9-10-10 -6 -1  4  8 10 10  9  8  7  7  8 1024 127MZ 216 211645 11999999999999991011-102026  799999999999999
 12 16 18 19 18 14  9  3 -3 -7-10-10 -8 -4  1  5  8  9  9  7  6  5  5  624 128MZ 255 1917 6  9999999999999991041-102114  599999999999999
  8 11 15 17 17 15 10  5 -1 -5 -8 -9 -8 -5 -1  4  7  8  8  7  5  4  3  324 129MZ 332 171727  89999999999999911 8 -92213  399999999999999
  5  7 10 13 14 13 11  7  2 -3 -5 -7 -7 -5 -1  3  6  8  8  7  5  4  2  224 130MZ 4 9 141746  8999999999999991130 -72317  299999999999999
  2  3  6  9 11 11 10  7  4  0 -3 -4 -4 -3 -1  3  6  8  9  9  7  4  3  124 131MZ 448 1118 2  9999999999999991147 -5999999999999999999999
  1  1  2  5  7  8  8  7  5  2  0 -1 -1 -1  1  4  7  9 11 10  9  6  4  224 2 1MZ 535  91817 1199999999999999 018  11152 -199999999999999
  0  0  0  1  3  5  6  6  6  4  3  2  2  3  4  6  9 11 12 12 11  9  6  424 2 2MZ 640  61836 1299999999999999 119  01134  299999999999999
  2  0 -1 -1  0  2  3  5  5  5  5  5  5  6  7  8 10 12 13 14 14 12  9  624 2 3MZ19 2 14999999999999999999999 225 -1999999999999999999999
  4  1 -1 -2 -3 -2  0  2  4  5  6  7  8  8  9 10 12 13 14 15 16 15 13 1024 2 4MZ1941 16999999999999999999999 340 -3999999999999999999999
  7  3  0 -2 -4 -5 -4 -2  1  3  6  8  9 10 11 12 13 14 15 16 17 17 16 1424 2 5MZ2040 17999999999999999999999 455 -5999999999999999999999
 11  7  3 -1 -4 -7 -7 -6 -4  0  3  7  9 11 12 13 13 14 14 15 16 18 18 1724 2 6MZ2155 18999999999999999999999 559 -7999999999999999999999
 15 11  7  2 -3 -7-10-11 -9 -6 -1  3  7 10 12 13 13 13 13 13 15 17 18 1924 2 7MZ2311 20999999999999999999999 654-11999999999999999999999
 19 16 12  7  1 -5-10-13-14-12 -7 -2  4  8 11 12 12 11 11 11 12 14 16 1924 2 8MZ1524 12999999999999999999999 745-141821 1199999999999999
 21 20 18 12  6 -1 -8-14-17-17-14 -8 -1  4  8 10 10  9  8  8  8  9 12 1624 2 9MZ 018 211532 1199999999999999 834-171914  899999999999999
 20 22 21 18 12  4 -4-11-16-19-18-14 -7  0  5  8  9  8  6  4  4  4  6 1024 210MZ 119 221551  999999999999999 920-192011  499999999999999
 15 19 22 21 17 11  2 -6-12-17-19-17-12 -5  2  7  8  8  5  3  1  0  0  324 211MZ 216 221615  99999999999999910 4-192116  099999999999999
  7 13 18 20 19 15  8  1 -7-12-16-17-14 -8 -1  5  8  8  6  3  0 -2 -4 -324 212MZ 313 201641  9999999999999991046-172222 -499999999999999
 -1  5 11 15 17 16 12  6  0 -6-10-12-12 -8 -2  4  8  9  8  5  1 -2 -5 -624 213MZ 411 1717 9  9999999999999991125-132326 -699999999999999
 -6 -3  2  7 12 13 13  9  5  0 -4 -6 -7 -6 -2  3  8 10 11  9  5  0 -3 -624 214MZ 513 131738 119999999999999912 0 -7999999999999999999999
 -8 -8 -5 -1  4  7  9  9  7  4  2  0 -1 -1  1  4  8 11 13 12  9  5  1 -324 215MZ 623  918 9 1399999999999999 029 -81230 -199999999999999
 -6 -8 -9 -7 -3  0  3  5  6  5  5  4  4  4  5  7  9 12 14 14 13  9  6  224 216MZ 759  61842 1499999999999999 136 -91234  499999999999999
 -2 -6 -8 -9 -8 -5 -3  0  3  4  5  6  7  8  9  9 11 12 14 15 15 13 10  724 217MZ1922 15999999999999999999999 254 -9999999999999999999999
  3 -1 -4 -7 -9 -8 -7 -5 -2  1  4  6  8 10 11 12 12 13 14 15 15 15 14 1124 218MZ2016 15999999999999999999999 427 -9999999999999999999999
  8  4  0 -4 -7 -9 -9 -8 -5 -2  2  5  8 10 11 12 13 13 13 14 14 15 15 1424 219MZ2131 15999999999999999999999 549 -9999999999999999999999
 12  9  5  1 -3 -7 -9-10 -8 -5 -1  3  6  9 11 12 12 12 12 12 13 14 15 1524 220MZ2249 15999999999999999999999 648-10999999999999999999999
 14 12  9  4  0 -5 -8-10-10 -8 -5  0  4  7  9 10 10 10 10 10 10 11 13 1524 221MZ1544 102353 1599999999999999 734-111851 1099999999999999
 15 14 12  8  3 -2 -7-10-11-11 -8 -3  1  5  8  9  9  8  7  7  7  8 10 1324 222MZ1523  9999999999999999999999 813-111915  799999999999999
 15 15 14 10  6  0 -5 -9-12-12-10 -6 -2  3  6  7  7  6  5  4  4  5  6  924 223MZ 045 151524  799999999999999 846-121941  499999999999999
 12 14 14 12  8  3 -3 -8-11-13-12 -9 -4  0  4  6  6  5  3  2  1  1  3  524 224MZ 130 151535  699999999999999 915-132015  199999999999999
  9 12 14 13 10  5 -1 -6-10-12-13-11 -7 -2  3  5  6  4  2  0 -1 -2 -1  124 225MZ 211 141550  699999999999999 942-132055 -299999999999999
  5  9 11 12 11  7  2 -4 -8-11-12-11 -8 -3  2  4  6  5  2  0 -3 -4 -4 -324 226MZ 250 1216 5  69999999999999910 6-122138 -499999999999999
  0  5  8 10 10  8  4 -1 -5 -8-10-10 -7 -3  1  5  6  6  4  0 -3 -5 -6 -524 227MZ 328 101619  6999999999999991027-102222 -699999999999999
 -3  0  4  7  9  8  5  1 -3 -5 -7 -7 -6 -2  2  5  7  7  5  2 -1 -4 -6 -724 228MZ 4 7  91631  7999999999999991043 -723 6 -799999999999999
 -6 -3  0  4  6  7  6  3  0 -2 -4 -4 -3 -1  3  6  8  9  7  5  1 -3 -5 -724 229MZ 450  71644  9999999999999991050 -42351 -799999999999999
 -7 -6 -3  0  3  5  5  4  2  0  0 -1  0  2  4  7 10 10 10  7  4  0 -3 -624 3 1MZ 542  51658 10999999999999991035 -1999999999999999999999
 -7 -7 -6 -3  0  2  4  4  3  3  2  2  3  4  6  9 11 12 11 10  7  3  0 -324 3 2MZ 651  41718 1299999999999999 039 -710 5  299999999999999
 -6 -7 -7 -6 -4 -1  1  3  3  4  4  5  6  7  8 10 11 13 13 12 10  7  3  024 3 3MZ1744 13999999999999999999999 137 -7999999999999999999999
 -3 -6 -7 -8 -7 -5 -3  0  2  3  5  6  7  8  9 11 12 13 13 13 12 10  7  424 3 4MZ1826 13999999999999999999999 251 -8999999999999999999999
  0 -3 -6 -8 -9 -9 -7 -5 -2  1  4  6  7  9 10 11 11 12 12 13 13 13 11  824 3 5MZ1948 13999999999999999999999 420 -9999999999999999999999
  5  1 -3 -7-10-11-12-10 -7 -3  1  4  7  8  9 10 10 10 11 11 12 13 13 1224 3 6MZ2138 14999999999999999999999 536-12999999999999999999999
 10  6  1 -4 -8-12-14-15-13 -9 -4  1  5  7  8  8  8  8  8  8  9 12 14 1524 3 7MZ1449  823 6 1599999999999999 636-151743  899999999999999
 14 11  7  1 -5-11-15-17-17-14 -9 -3  2  5  7  7  6  5  4  4  5  7 11 1424 3 8MZ1431  7999999999999999999999 727-181837  499999999999999
 16 15 12  7  1 -6-12-17-19-18-14 -8 -1  3  6  6  5  2  0 -1 -1  1  5 1024 3 9MZ 017 161439  699999999999999 814-191930 -199999999999999
 14 17 16 13  7  0 -8-13-17-19-17-11 -4  2  5  6  5  2 -2 -4 -5 -5 -3  224 310MZ 120 171456  699999999999999 857-192027 -599999999999999
  8 14 16 16 12  6 -1 -8-13-16-16-13 -7  0  5  7  7  4 -1 -5 -8-10 -9 -624 311MZ 221 161519  899999999999999 938-162125-1099999999999999
  0  7 12 15 14 11  5 -1 -7-10-12-11 -7 -1  5  8  9  7  2 -3 -8-11-13-1224 312MZ 321 151544  9999999999999991016-122221-1399999999999999
 -9 -2  5 10 12 12  9  4 -1 -4 -6 -7 -5  0  5  9 11 10  7  1 -5 -9-13-1524 313MZ 423 121612 11999999999999991051 -72316-1599999999999999
-14-10 -4  2  7  9  9  7  4  1  0 -1 -1  2  6 10 13 13 11  6  1 -5 -9-1324 314MZ 528  91641 13999999999999991121 -2999999999999999999999
-15-14-10 -5  0  4  6  7  6  5  4  4  4  5  7 11 13 14 14 11  6  1 -4 -824 315MZ 645  71710 1499999999999999 012-151133  499999999999999
-12-13-13-10 -6 -2  1  4  5  5  6  7  7  8  9 11 13 14 15 13 10  6  2 -324 316MZ1742 15999999999999999999999 113-13999999999999999999999
 -6-10-11-11-10 -7 -4 -1  2  4  6  7  9 10 11 12 13 13 14 14 12 10  7  324 317MZ1820 14999999999999999999999 227-11999999999999999999999
 -1 -5 -8 -9-10-10 -8 -5 -2  1  4  7  9 10 11 12 12 12 12 13 12 12 10  724 318MZ1922 13999999999999999999999 4 1-10999999999999999999999
  4  0 -3 -6 -9-10-10 -8 -5 -2  2  5  7  9 10 11 10 10 10 10 11 11 11 1024 319MZ1511 1121 7 1199999999999999 525-101753 1099999999999999
  7  4  1 -3 -6 -9-10-10 -8 -5 -1  3  6  8  9  9  9  8  8  7  8  9 10 1024 320MZ1451  92240 1199999999999999 623-101833  799999999999999
  9  7  4  0 -3 -7-10-11-10 -7 -3  1  4  6  7  7  7  6  5  4  5  6  8 1024 321MZ1428  72347 1099999999999999 7 7-1119 0  499999999999999
 10  9  7  3 -1 -5 -9-11-11 -9 -6 -2  2  5  6  6  5  3  2  1  2  3  5  824 322MZ1421  6999999999999999999999 742-111925  199999999999999
 10 10  8  5  1 -3 -7-10-11-10 -8 -3  1  4  5  5  4  2  0 -1 -2 -1  1  524 323MZ 039 101425  699999999999999 811-111951 -299999999999999
  8  9  9  7  4 -1 -5 -8-10-11 -8 -5  0  3  5  5  4  1 -2 -4 -5 -4 -3  124 324MZ 125 101434  699999999999999 836-112022 -599999999999999
  5  8  9  9  6  2 -3 -6 -9 -9 -8 -5 -1  3  6  6  5  2 -2 -5 -7 -7 -6 -324 325MZ 2 8  91445  699999999999999 859 -92056 -799999999999999
  1  6  8  9  7  4  0 -4 -6 -7 -7 -4  0  4  7  8  6  3 -1 -5 -7 -9 -9 -724 326MZ 249  91457  899999999999999 919 -72131 -999999999999999
 -3  2  6  8  8  6  3 -1 -3 -4 -4 -3  1  5  8  9  9  6  2 -3 -7 -9-10-1024 327MZ 331  815 9  999999999999999 937 -522 8-1099999999999999
 -6 -1  3  6  8  7  5  2  0 -1 -1 -1  2  6  9 11 11  9  5  0 -5 -8-10-1124 328MZ 415  81523 1199999999999999 949 -12247-1199999999999999
 -9 -5  0  4  6  7  7  5  3  2  2  2  4  7 10 12 13 11  8  3 -2 -6 -9-1024 329MZ 5 3  71540 1399999999999999 942  22328-1199999999999999
-10 -8 -4  1  4  6  7  6  5  4  4  5  6  8 11 13 14 13 11  7  2 -3 -6 -924 330MZ 559  716 0 1499999999999999 918  4999999999999999999999
-10-10 -7 -3  0  3  5  6  6  6  6  7  8  9 11 13 14 14 13 10  6  1 -3 -624 331MZ1624 15999999999999999999999 014-10999999999999999999999
 -9-10 -9 -7 -4 -1  2  4  5  6  7  8  9 10 12 13 14 14 14 12  9  5  1 -324 4 1MZ1655 14999999999999999999999 1 9-10999999999999999999999
 -6 -8-10 -9 -8 -5 -2  0  3  5  7  8  9 11 12 12 13 13 14 13 12  9  5  224 4 2MZ1746 14999999999999999999999 222-10999999999999999999999
 -2 -6 -8-10-11-10 -7 -4 -1  2  5  7  9 10 11 11 11 11 12 12 12 12  9  624 4 3MZ1937 12999999999999999999999 350-11999999999999999999999
  3 -2 -5 -9-11-12-12 -9 -5 -1  3  6  8  9  9  9  8  8  9  9 11 12 12 1124 4 4MZ14 8  92136 1299999999999999 5 7-1217 1  899999999999999
  8  4 -1 -5-10-12-14-13-10 -5  0  4  6  8  7  7  5  5  4  5  7  9 12 1324 4 5MZ1323  823 4 1399999999999999 6 7-141755  499999999999999
 12  9  5  0 -6-10-13-14-13 -9 -3  2  6  7  7  5  3  1  0 -1  1  4  8 1224 4 6MZ1322  7999999999999999999999 657-141844 -199999999999999
 14 13 11  6  0 -5-10-12-13-10 -5  1  5  8  8  6  3 -1 -4 -5 -6 -3  1  724 4 7MZ 018 141335  899999999999999 742-131935 -699999999999999
 12 14 14 11  7  1 -4 -8-10-10 -6  0  5  9 10  9  5  0 -5 -8-10-10 -7 -124 4 8MZ 126 151356 1199999999999999 824-102027-1099999999999999
  6 11 14 14 12  7  2 -2 -5 -6 -5  0  6 11 13 13  9  4 -3 -8-12-14-13 -924 4 9MZ 231 151421 1399999999999999 9 2 -62119-1499999999999999
 -2  5 11 14 14 11  7  4  1 -1 -1  1  6 11 15 16 14  9  2 -5-10-14-16-1524 410MZ 334 141449 1699999999999999 938 -12210-1699999999999999
-10 -3  4  9 12 13 11  8  6  4  4  4  7 12 16 18 17 14  8  1 -5-11-14-1624 411MZ 438 131519 189999999999999910 9  423 1-1699999999999999
-14 -9 -3  3  8 11 11 10  9  8  8  8  9 12 16 19 19 18 14  8  1 -5-10-1324 412MZ 547 111551 19999999999999991027  82354-1499999999999999
-14-12 -8 -3  2  6  9 10 10 10 11 11 12 13 16 18 19 19 17 13  7  1 -4 -824 413MZ1624 199999999999999999999999999999999999999999999999999
-11-12-10 -7 -3  1  5  7  9 10 11 12 13 14 15 17 18 18 18 15 11  7  2 -224 414MZ1658 18999999999999999999999 051-12999999999999999999999
 -6 -8 -9 -8 -6 -3  0  4  6  9 10 12 13 14 14 15 16 16 16 15 13 10  7  324 415MZ1739 16999999999999999999999 158 -9999999999999999999999
 -1 -4 -6 -7 -7 -6 -3  0  3  6  9 11 12 13 13 13 13 13 14 14 13 12 10  724 416MZ1640 14999999999999999999999 320 -7999999999999999999999
  3  0 -3 -5 -6 -6 -5 -3  0  4  7  9 11 12 12 11 11 10 10 11 11 11 11  924 417MZ1352 122037 1199999999999999 437 -71737 1099999999999999
  7  4  1 -2 -4 -6 -6 -5 -2  2  5  8  9 10 10 10  9  8  7  7  8  9 10 1024 418MZ1326 102217 1099999999999999 534 -61813  799999999999999
  9  6  3  0 -2 -5 -6 -5 -3  0  3  7  9  9  9  8  7  5  4  4  5  7  8  924 419MZ1312  92330 1099999999999999 616 -61840  499999999999999
  9  8  6  3  0 -3 -4 -5 -4 -1  3  6  8  9  9  7  5  3  1  1  1  3  6  824 420MZ1310  9999999999999999999999 648 -519 7  199999999999999
 10 10  8  6  3  0 -2 -3 -3 -1  3  6  9 10 10  8  5  2 -1 -2 -2  0  3  624 421MZ 029 101315 1099999999999999 715 -41935 -299999999999999
  9 10 10  8  5  2  0 -1 -2  0  3  7 10 11 11  9  6  2 -1 -4 -5 -4 -1  324 422MZ 121 101323 1299999999999999 738 -220 5 -599999999999999
  7 10 11 10  8  5  3  1  1  2  4  8 11 13 13 12  8  4 -1 -4 -6 -7 -4  024 423MZ 2 9 111335 1499999999999999 759  12038 -799999999999999
  5  9 11 12 11  9  6  4  3  4  5  9 12 15 16 14 11  6  1 -3 -7 -8 -7 -424 424MZ 255 121350 1699999999999999 819  32112 -899999999999999
  1  6 10 12 13 11  9  7  6  6  7 10 13 17 18 17 14 10  4 -1 -5 -8 -9 -724 425MZ 339 1314 9 1899999999999999 835  62149 -999999999999999
 -2  3  8 11 13 13 11 10  9  9  9 11 14 17 19 20 18 14  8  2 -3 -6 -9 -924 426MZ 425 131431 2099999999999999 840  92229 -999999999999999
 -6 -1  5  9 12 13 13 12 11 11 11 12 15 18 20 21 20 17 12  6  1 -4 -7 -924 427MZ 516 131457 2199999999999999 830 112312 -999999999999999
 -8 -4  0  5  9 12 13 13 12 12 13 14 15 17 20 21 21 19 16 11  5  0 -4 -724 428MZ1527 219999999999999999999999999999999999999999999999999
 -8 -7 -4  1  5  8 11 12 12 13 14 15 16 17 19 20 21 20 18 14  9  4  0 -424 429MZ16 3 21999999999999999999999 0 1 -8999999999999999999999
 -7 -8 -7 -4  0  4  7 10 11 12 13 14 15 16 17 18 19 20 19 17 13  9  4  024 430MZ1651 20999999999999999999999 058 -8999999999999999999999
 -4 -6 -7 -7 -4 -1  3  6  9 11 12 14 14 15 16 16 17 17 18 18 16 13  9  524 5 1MZ18 7 18999999999999999999999 2 7 -7999999999999999999999
  1 -3 -6 -7 -7 -5 -2  2  6  9 11 13 13 14 13 13 13 14 15 16 16 15 13 1024 5 2MZ1953 16999999999999999999999 322 -7999999999999999999999
  6  2 -2 -5 -6 -6 -4 -1  3  7 10 12 13 12 12 11 10  9 10 12 14 15 15 1424 5 3MZ12 2 132138 1699999999999999 429 -71650  999999999999999
 11  7  3 -1 -3 -5 -5 -3  1  6 10 12 13 12 11  9  7  5  5  6  9 12 15 1624 5 4MZ1157 1323 7 1699999999999999 526 -51746  599999999999999
 15 13  9  5  1 -1 -3 -2  1  5 10 13 15 14 12  8  5  2  0  0  2  6 11 1524 5 5MZ1210 15999999999999999999999 615 -31837  099999999999999
 17 17 15 11  7  4  2  1  2  5 10 15 17 17 15 11  6  1 -2 -4 -4 -1  4 1024 5 6MZ 026 171232 1899999999999999 659  11928 -499999999999999
 15 18 18 16 13 10  7  5  5  7 11 16 20 21 20 16 10  4 -2 -6 -8 -7 -3  324 5 7MZ 140 181258 2199999999999999 740  52019 -899999999999999
 10 15 18 19 17 15 12 11 10 10 13 17 21 24 24 21 16  9  2 -4 -8-10 -9 -424 5 8MZ 248 191329 2499999999999999 817 1021 9-1099999999999999
  3 10 15 18 19 18 16 15 14 14 15 18 22 25 27 26 22 15  8  1 -5 -9-10 -824 5 9MZ 352 1914 3 2799999999999999 847 142158-1099999999999999
 -3  4 10 15 18 19 18 17 17 17 17 19 22 25 28 28 26 21 14  7  0 -5 -8 -924 510MZ 455 191440 2899999999999999 858 172247 -999999999999999
 -7 -2  5 10 15 18 18 18 18 18 19 19 21 24 27 28 28 25 20 13  7  1 -4 -724 511MZ1518 289999999999999999999992337 -7999999999999999999999
 -7 -5  0  5 10 14 17 18 18 19 19 20 21 23 25 27 27 26 23 18 12  7  2 -224 512MZ1558 279999999999999999999999999999999999999999999999999
 -5 -5 -2  1  6 10 13 15 17 18 19 20 20 21 22 24 25 25 24 21 17 12  7  224 513MZ1640 25999999999999999999999 030 -5999999999999999999999
 -1 -2 -2  0  3  6 10 13 15 16 18 18 19 20 20 21 22 22 22 21 18 15 11  724 514MZ1726 22999999999999999999999 127 -3999999999999999999999
  3  1  0  0  1  4  7 10 13 15 16 17 18 18 18 18 18 19 19 19 18 16 13 1024 515MZ1827 19999999999999999999999 230 -1999999999999999999999
  7  4  2  1  1  3  5  8 11 13 15 16 17 17 16 16 15 15 16 16 16 16 15 1324 516MZ1219 171957 1699999999999999 330  11638 1599999999999999
 10  8  5  4  3  3  4  7 10 13 15 16 16 16 15 14 13 12 12 13 14 15 15 1424 517MZ1153 162140 1599999999999999 420  31728 1299999999999999
 12 10  8  6  5  5  5  7 10 13 15 17 17 16 15 13 11  9  9  9 11 12 14 1524 518MZ1147 1723 9 1599999999999999 458  518 3  999999999999999
 14 13 11  9  8  7  7  8 10 13 16 18 18 17 15 13 10  8  6  6  7 10 12 1424 519MZ1149 18999999999999999999999 529  71835  699999999999999
 15 15 14 13 11 10  9 10 12 15 18 20 20 20 17 14 10  7  5  4  4  7 10 1324 520MZ 022 151157 2099999999999999 554  919 6  499999999999999
 16 17 17 16 14 13 12 12 14 16 19 22 23 22 20 16 12  8  4  2  2  4  7 1224 521MZ 124 171211 2399999999999999 619 121939  299999999999999
 15 18 19 19 17 16 15 15 16 18 21 24 25 25 24 20 15 10  5  2  0  1  4  924 522MZ 216 191230 2699999999999999 643 152014  099999999999999
 14 17 20 21 20 19 18 17 18 19 21 25 27 28 27 24 19 13  8  3  0 -1  1  524 523MZ 3 2 211256 2899999999999999 7 6 172052 -199999999999999
 11 16 19 21 22 21 20 19 19 20 22 25 28 30 30 28 23 18 11  6  1 -1 -1  124 524MZ 347 221326 3099999999999999 725 192133 -299999999999999
  7 12 17 21 22 22 22 21 21 21 22 25 28 30 31 30 27 22 16  9  4  0 -2 -124 525MZ 433 2314 1 3199999999999999 736 212217 -299999999999999
  2  8 13 18 21 22 22 22 22 22 23 24 27 29 31 32 30 26 21 14  8  3 -1 -224 526MZ 526 221440 3299999999999999 744 2223 5 -299999999999999
 -1  3  8 13 18 20 22 22 22 22 23 24 25 27 30 31 31 29 25 19 13  7  2 -124 527MZ1524 329999999999999999999992356 -2999999999999999999999
 -2 -1  3  8 13 17 19 21 21 21 22 23 24 25 27 29 30 30 28 23 18 12  7  224 528MZ1615 309999999999999999999999999999999999999999999999999
  0 -1  0  4  8 13 16 19 20 21 21 22 22 23 24 26 27 28 28 26 22 17 12  724 529MZ1716 28999999999999999999999 052 -1999999999999999999999
  3  1  0  1  5  9 13 17 19 20 20 21 21 21 21 21 23 25 26 26 24 21 17 1224 530MZ1831 26999999999999999999999 151  0999999999999999999999
  8  5  3  2  3  7 11 15 18 20 21 20 20 19 18 18 18 19 21 23 24 23 21 1824 531MZ1012 2120 4 2499999999999999 250  21512 1899999999999999
 14 10  8  6  5  7 10 14 18 21 22 22 20 19 17 15 14 14 15 18 20 22 23 2224 6 1MZ1023 222144 2399999999999999 346  51628 1499999999999999
 19 16 13 11  9  9 11 14 18 22 24 24 23 20 17 14 11 10 10 12 15 19 22 2324 6 2MZ1042 242321 2399999999999999 438  91731 1099999999999999
 23 21 19 17 15 14 14 16 19 23 26 28 27 24 20 16 11  8  6  6  9 13 18 2224 6 3MZ11 8 28999999999999999999999 525 141827  699999999999999
 24 25 24 22 20 19 18 19 21 24 28 31 31 29 25 20 14  9  5  3  4  7 12 1824 6 4MZ 051 251138 3199999999999999 6 7 181920  399999999999999
 22 25 26 26 25 23 23 22 23 26 29 33 34 34 31 25 19 12  7  3  1  2  6 1224 6 5MZ 2 9 261213 3499999999999999 643 222010  199999999999999
 18 23 26 28 27 26 26 25 26 27 30 33 36 37 35 31 25 18 11  6  2  1  2  724 6 6MZ 315 281252 3799999999999999 7 7 252059  199999999999999
 13 19 24 27 28 28 28 27 27 28 30 33 36 38 38 36 31 25 17 11  5  2  1  324 6 7MZ 413 281335 3999999999999999 7 8 272147  199999999999999
  8 15 20 25 27 28 28 28 28 28 29 31 34 37 39 38 36 30 23 16 10  5  2  224 6 8MZ1419 399999999999999999999992235  2999999999999999999999
  5 10 16 21 25 27 27 27 27 28 29 30 32 35 37 38 37 34 29 22 15 10  6  324 6 9MZ15 4 389999999999999999999992322  3999999999999999999999
  4  7 12 17 21 24 26 26 27 27 28 28 30 32 34 36 36 35 31 26 20 14 10  624 610MZ1547 369999999999999999999999999999999999999999999999999
  5  6  9 13 17 21 24 25 25 26 26 27 28 29 30 32 34 34 32 28 24 18 14 1024 611MZ1630 34999999999999999999999 0 8  5999999999999999999999
  8  7  8 11 15 18 21 23 24 25 25 26 26 26 27 28 30 31 30 29 25 21 17 1424 612MZ1715 31999999999999999999999 054  7999999999999999999999
 11  9  9 10 13 16 19 22 23 24 25 25 25 24 25 25 26 27 27 27 26 23 20 1724 613MZ18 6 27999999999999999999999 137  9999999999999999999999
 14 12 11 12 13 16 19 21 23 24 25 25 24 23 23 22 22 23 24 25 24 23 22 2024 614MZ10 4 251920 2599999999999999 216 111511 2299999999999999
 17 16 15 14 15 17 19 22 24 25 26 25 24 23 22 20 20 20 21 22 23 23 23 2224 615MZ10 5 2621 3 2399999999999999 249 141621 2099999999999999
 20 19 18 17 18 19 21 23 25 27 28 27 26 24 22 20 18 17 18 19 20 22 23 2324 616MZ1011 282253 2399999999999999 318 171712 1799999999999999
 23 22 21 21 21 21 23 25 27 29 30 30 29 26 23 20 18 16 15 16 18 20 23 2424 617MZ1023 30999999999999999999999 345 211754 1599999999999999
 25 25 25 24 24 24 25 27 29 31 33 33 32 29 26 22 18 15 14 13 15 18 21 2424 618MZ 033 251042 3399999999999999 415 241832 1399999999999999
 26 27 28 27 27 27 27 28 30 33 35 36 35 33 29 25 20 16 13 12 12 15 19 2324 619MZ 146 2811 8 3699999999999999 450 271912 1299999999999999
 26 29 30 30 29 29 29 30 31 34 36 38 38 37 34 29 24 18 14 11 10 12 15 2024 620MZ 235 301141 3899999999999999 528 291953 1099999999999999
 25 28 31 31 31 31 30 31 32 34 36 39 40 40 38 34 28 22 16 12  9  9 11 1624 621MZ 314 311220 4099999999999999 6 4 302036  999999999999999
 21 26 30 32 32 32 31 31 32 33 35 38 41 42 41 38 33 27 20 14 10  7  8 1124 622MZ 353 3213 4 4299999999999999 636 312122  799999999999999
 16 22 27 30 32 32 31 31 31 32 34 36 40 42 43 41 38 32 25 18 12  8  6  724 623MZ 434 321352 4399999999999999 7 5 312210  699999999999999
 11 17 23 27 30 31 31 31 30 31 32 34 37 40 43 43 41 37 30 23 16 11  7  524 624MZ 517 311442 4399999999999999 736 3023 0  599999999999999
  7 11 17 23 27 29 30 30 29 30 30 31 33 36 40 42 42 40 35 28 21 15 10  724 625MZ 6 2 301534 4299999999999999 815 292349  699999999999999
  6  8 13 18 23 27 29 29 29 28 29 29 30 32 35 38 40 40 38 33 27 21 15 1124 626MZ 647 291629 4099999999999999 912 28999999999999999999999
  8  8 10 15 20 24 27 29 29 28 28 27 27 28 30 32 35 37 37 35 31 26 21 1624 627MZ 727 291731 3899999999999999 038  71140 2799999999999999
 13 11 11 14 18 22 26 29 30 29 28 27 26 25 25 27 29 32 34 34 33 30 26 2224 628MZ 8 2 301846 3499999999999999 127 111328 2599999999999999
 19 16 15 16 18 22 26 29 31 31 30 28 26 24 23 22 23 26 28 31 32 32 30 2724 629MZ 835 312018 3299999999999999 215 151451 2299999999999999
 25 23 21 20 21 23 27 30 33 34 33 31 28 25 23 20 19 20 22 25 28 30 31 3124 630MZ 9 7 3422 7 3199999999999999 3 1 2016 8 1999999999999999
 29 28 27 26 25 26 29 32 35 37 37 35 32 29 25 21 18 17 17 19 23 27 30 3124 7 1MZ 940 37999999999999999999999 346 251719 1799999999999999
 32 32 31 31 30 30 31 33 36 39 40 40 38 34 29 24 20 16 15 15 18 22 26 3024 7 2MZ 013 321018 4099999999999999 428 301821 1599999999999999
 33 34 34 34 34 34 34 35 37 40 42 43 42 39 35 29 24 19 15 13 14 17 22 2724 7 3MZ 2 6 3411 0 4399999999999999 5 3 341916 1399999999999999
 31 34 36 36 36 36 36 36 38 40 43 45 46 44 40 35 29 23 18 14 13 14 17 2324 7 4MZ1146 4699999999999999999999920 7 12999999999999999999999
 28 32 35 37 37 37 37 37 38 39 42 45 47 47 45 41 35 28 22 17 13 12 14 1824 7 5MZ1235 479999999999999999999992054 12999999999999999999999
 24 29 33 36 37 37 36 36 37 38 40 43 46 48 47 45 40 34 27 21 16 13 12 1524 7 6MZ1324 489999999999999999999992140 12999999999999999999999
 20 25 30 34 36 36 35 35 36 36 38 40 43 46 47 47 43 38 31 25 19 15 13 1324 7 7MZ1412 479999999999999999999992223 13999999999999999999999
 16 21 26 31 34 35 34 34 34 34 35 37 39 43 45 46 45 41 35 29 23 18 15 1324 7 8MZ 517 351456 4699999999999999 735 3423 3 1399999999999999
 14 18 23 27 31 33 33 33 32 33 33 34 36 39 41 44 44 42 38 32 26 21 17 1524 7 9MZ 551 331538 4499999999999999 817 322341 1499999999999999
 14 16 20 25 28 31 32 32 32 31 31 32 33 35 37 40 41 41 38 34 29 24 20 1824 710MZ 625 321618 4199999999999999 9 7 31999999999999999999999
 16 17 19 23 27 30 31 32 32 31 31 30 31 32 33 36 37 38 37 35 31 27 24 2124 711MZ 658 3217 0 3899999999999999 015 161034 3099999999999999
 19 19 20 23 26 29 31 32 32 31 31 30 30 29 30 32 33 35 35 34 32 29 27 2424 712MZ 725 321749 3599999999999999 043 191237 2999999999999999
 23 22 23 24 27 30 32 33 33 33 32 30 29 28 28 29 30 31 32 33 32 31 29 2824 713MZ 748 341856 3399999999999999 1 7 221356 2899999999999999
 26 26 26 27 29 31 33 35 35 35 34 32 30 29 27 27 27 28 30 31 31 32 31 3024 714MZ 8 7 352037 3299999999999999 123 2615 7 2799999999999999
 30 29 29 30 31 33 35 37 38 38 37 35 32 30 28 26 25 26 27 28 30 31 32 3324 715MZ 829 38999999999999999999999 128 291613 2599999999999999
 33 33 33 33 34 35 37 39 40 40 40 38 36 33 29 27 25 24 24 26 28 30 32 3424 716MZ 856 409999999999999999999991711 24999999999999999999999
 35 35 35 36 36 37 38 40 42 43 43 42 39 36 32 29 25 23 22 23 25 28 31 3424 717MZ 933 4399999999999999999999918 1 22999999999999999999999
 36 37 38 38 38 38 39 41 43 44 45 45 43 40 36 31 27 23 21 20 21 25 29 3224 718MZ1018 459999999999999999999991850 20999999999999999999999
 36 38 39 39 39 39 39 40 42 44 46 47 47 44 41 36 30 25 21 18 18 20 24 2924 719MZ11 9 479999999999999999999991937 18999999999999999999999
 33 37 39 40 39 39 39 40 41 43 46 48 49 48 45 41 35 28 22 18 16 16 19 2424 720MZ12 3 499999999999999999999992025 15999999999999999999999
 29 34 37 39 39 39 38 38 39 41 43 47 49 50 49 46 40 33 26 20 15 13 14 1824 721MZ 343 391258 5099999999999999 621 382114 1399999999999999
 24 30 34 37 38 38 37 37 37 38 40 43 47 50 51 49 45 39 31 24 18 13 12 1424 722MZ 4 9 381351 5199999999999999 7 6 3722 1 1299999999999999
 18 25 30 35 37 37 36 35 34 35 36 39 42 47 50 51 49 44 37 29 22 16 13 1224 723MZ 438 371445 5199999999999999 755 342247 1299999999999999
 14 20 26 32 35 36 36 34 33 32 33 34 37 41 46 49 49 47 42 35 28 22 17 1424 724MZ 5 9 361539 4999999999999999 9 0 322332 1499999999999999
 14 17 23 29 33 36 36 35 33 31 30 30 31 34 39 43 46 47 44 40 33 28 23 1924 725MZ 541 361638 47999999999999991037 30999999999999999999999
 17 18 22 27 32 35 37 36 34 32 30 29 28 29 32 36 40 43 43 41 38 33 29 2624 726MZ 614 371743 4399999999999999 015 1712 3 2899999999999999
 23 22 24 27 32 36 38 39 37 35 32 29 28 26 27 29 33 36 39 40 39 37 34 3224 727MZ 647 3919 2 4099999999999999 056 221317 2699999999999999
 30 28 28 30 33 36 39 41 41 39 36 32 29 27 25 25 27 30 33 36 37 38 37 3624 728MZ 723 412045 3899999999999999 136 281432 2599999999999999
 35 34 33 34 35 38 41 43 44 43 40 37 33 30 27 24 24 25 27 30 33 36 37 3824 729MZ 8 3 44999999999999999999999 214 331553 2499999999999999
 38 38 38 38 39 40 42 44 46 46 45 42 39 35 30 27 24 22 23 25 29 32 36 3824 730MZ 849 469999999999999999999991713 22999999999999999999999
 40 41 41 41 41 42 43 44 46 48 48 47 44 40 36 31 27 23 22 22 24 28 32 3624 731MZ 943 489999999999999999999991820 22999999999999999999999
 39 41 42 43 43 43 43 44 46 48 49 50 48 45 41 36 31 26 23 21 22 24 29 3324 8 1MZ1041 509999999999999999999991916 21999999999999999999999
 37 40 42 43 43 43 43 43 44 46 49 51 51 49 46 41 35 30 25 22 20 22 25 3024 8 2MZ1139 5199999999999999999999920 5 20999999999999999999999
 34 38 41 42 42 42 41 42 42 44 47 49 51 51 49 45 40 34 28 24 21 20 22 2624 8 3MZ1233 529999999999999999999992048 20999999999999999999999
 31 35 39 40 41 40 40 40 40 41 43 46 49 51 51 48 44 38 31 26 22 20 20 2324 8 4MZ 343 411322 5199999999999999 631 392127 1999999999999999
 27 32 36 39 39 39 38 37 37 38 40 43 46 49 51 50 46 41 35 29 24 21 19 2124 8 5MZ 359 3914 6 5199999999999999 711 3722 3 1999999999999999
 24 29 34 37 38 38 37 36 35 36 37 39 42 46 48 49 47 43 38 32 26 23 20 2024 8 6MZ 421 381447 4999999999999999 754 352236 2099999999999999
 22 27 31 35 37 37 36 35 34 33 34 35 38 41 45 47 46 44 40 34 29 25 22 2124 8 7MZ 445 381527 4799999999999999 844 3323 5 2199999999999999
 22 26 30 34 36 37 37 35 33 32 32 33 34 37 40 43 44 44 41 37 32 28 25 2424 8 8MZ 5 8 3716 6 4499999999999999 947 322329 2499999999999999
 24 26 30 33 36 37 37 36 34 32 31 31 32 33 36 39 41 42 41 38 34 31 29 2724 8 9MZ 528 381649 42999999999999991059 312348 2799999999999999
 27 28 31 34 37 38 39 38 36 33 32 31 30 31 33 35 38 39 39 38 36 34 32 3124 810MZ 546 391739 399999999999999912 2 30999999999999999999999
 31 31 33 35 38 40 40 40 38 36 34 32 30 30 30 32 34 36 37 38 37 36 35 3424 811MZ 6 2 401846 3899999999999999 0 0 3113 2 302349 349999999
 34 34 35 37 40 41 42 42 41 39 36 34 32 30 30 30 32 33 35 36 37 37 37 3724 812MZ 622 4299999999999999999999914 5 30999999999999999999999
 37 37 38 39 41 43 44 44 44 42 39 37 34 32 30 29 29 31 32 34 36 37 38 3924 813MZ 650 449999999999999999999991516 29999999999999999999999
 39 40 41 41 42 44 45 46 46 45 43 40 37 34 31 29 28 28 29 31 34 36 38 3924 814MZ 732 469999999999999999999991631 28999999999999999999999
 41 41 42 43 43 44 45 46 47 47 46 44 41 38 34 31 28 26 26 27 30 33 36 3924 815MZ 832 479999999999999999999991736 26999999999999999999999
 41 42 43 43 43 44 45 46 47 48 49 48 45 42 38 33 29 25 23 23 25 29 33 3724 816MZ 944 499999999999999999999991832 23999999999999999999999
 40 42 43 43 43 43 43 44 46 48 50 50 49 46 42 37 31 26 22 20 21 23 28 3324 817MZ1054 509999999999999999999991923 20999999999999999999999
 37 40 42 42 42 41 41 42 43 45 48 51 52 50 47 42 36 29 23 19 18 18 22 2824 818MZ 254 421157 5299999999999999 540 412012 1899999999999999
 33 37 40 41 40 39 38 38 39 41 45 49 52 53 51 47 41 34 27 21 17 16 18 2224 819MZ 3 3 411255 5399999999999999 629 382058 1699999999999999
 29 34 38 40 39 38 36 35 35 36 39 44 49 52 53 51 47 40 32 25 20 16 16 1924 820MZ 321 401351 5399999999999999 722 352142 1599999999999999
 24 31 36 39 39 38 35 33 32 32 33 37 42 48 52 53 50 45 38 31 25 20 17 1824 821MZ 344 391447 5399999999999999 825 322224 1799999999999999
 22 28 34 38 40 39 36 33 30 29 29 30 34 40 46 50 51 48 43 37 31 26 22 2124 822MZ 411 401545 5199999999999999 939 2923 5 2199999999999999
 22 27 33 38 40 41 39 35 31 28 27 26 28 32 38 43 47 48 46 41 36 32 29 2624 823MZ 439 411648 48999999999999991050 262344 2699999999999999
 26 28 33 38 41 43 42 39 35 30 27 25 24 26 30 35 40 43 44 43 40 37 35 3324 824MZ 510 431759 44999999999999991155 24999999999999999999999
 32 32 34 38 42 44 45 43 39 35 31 28 25 24 25 28 33 37 40 41 41 40 39 3824 825MZ 543 451926 4199999999999999 020 3113 1 2499999999999999
 37 37 38 40 43 45 47 46 44 40 36 32 29 26 24 25 27 30 34 37 39 40 40 4124 826MZ 622 47999999999999999999999 054 371415 2499999999999999
 41 41 41 42 44 46 47 48 47 45 42 38 34 30 27 25 25 26 28 31 35 38 40 4124 827MZ 7 9 489999999999999999999991542 24999999999999999999999
 43 43 44 44 44 45 47 48 49 48 46 43 40 36 32 28 25 24 25 27 30 34 37 4024 828MZ 810 4999999999999999999999917 9 24999999999999999999999
 42 44 44 45 45 45 45 47 48 49 49 47 45 41 37 32 28 25 24 24 27 30 34 3824 829MZ 925 499999999999999999999991817 24999999999999999999999
 41 43 44 44 44 44 44 44 46 48 49 49 48 45 41 37 32 28 25 23 24 27 31 3524 830MZ1039 499999999999999999999991910 23999999999999999999999
 39 41 42 43 42 42 42 42 43 45 47 49 49 48 45 41 36 31 26 24 23 24 28 3224 831MZ 251 431141 5099999999999999 6 6 421953 2399999999999999
 36 39 41 41 40 40 39 39 40 41 44 47 49 49 47 44 39 33 28 25 22 22 25 2924 9 1MZ 244 411233 4999999999999999 635 392030 2299999999999999
 34 37 39 40 39 38 36 36 36 38 40 44 47 49 48 46 41 36 30 26 23 22 23 2724 9 2MZ 250 401318 4999999999999999 7 4 3621 2 2299999999999999
 31 35 38 39 38 36 35 34 33 34 36 40 44 47 48 46 43 38 33 28 25 23 23 2524 9 3MZ 3 4 391359 4899999999999999 740 332131 2299999999999999
 29 34 37 38 38 36 34 32 31 31 32 35 39 43 46 46 44 40 35 30 27 24 23 2524 9 4MZ 321 381439 4699999999999999 822 312157 2399999999999999
 28 33 36 38 38 37 34 31 30 29 29 31 35 39 43 44 44 42 38 33 29 27 26 2624 9 5MZ 338 381520 4599999999999999 9 8 292219 2699999999999999
 29 32 36 38 39 38 35 32 29 28 28 28 31 35 39 42 43 42 39 36 32 30 29 2924 9 6MZ 353 3916 1 4399999999999999 957 282237 2899999999999999
 30 33 37 39 40 40 37 34 31 28 27 27 28 31 35 39 41 41 40 38 35 33 32 3224 9 7MZ 4 6 401647 41999999999999991044 272248 3299999999999999
 33 35 38 40 42 41 40 37 33 30 28 27 27 28 32 35 38 39 40 39 37 35 35 3524 9 8MZ 419 421740 40999999999999991131 272236 3599999999999999
 35 37 39 42 43 43 42 39 36 33 30 28 27 27 29 32 35 37 38 38 38 37 37 3724 9 9MZ 435 431849 38999999999999991222 272150 3799999999999999
 38 39 40 42 44 44 44 42 39 36 33 30 28 27 27 29 31 34 36 37 38 38 38 3924 910MZ 455 449999999999999999999991319 27999999999999999999999
 40 41 42 43 44 45 45 44 42 39 36 33 31 28 27 27 28 30 32 34 36 38 39 4024 911MZ 526 459999999999999999999991430 27999999999999999999999
 41 42 42 43 44 45 45 45 44 42 40 37 33 31 28 26 26 27 28 31 33 36 38 4024 912MZ 616 459999999999999999999991557 26999999999999999999999
 41 42 42 43 43 44 45 45 45 45 43 40 37 34 30 27 25 24 24 26 29 32 36 3824 913MZ 745 459999999999999999999991713 23999999999999999999999
 40 41 42 42 42 42 43 44 45 46 46 44 41 38 33 29 25 22 21 21 24 28 32 3624 914MZ 925 469999999999999999999991812 21999999999999999999999
 38 40 40 40 40 39 40 41 42 45 46 47 45 42 38 33 27 22 19 18 19 23 28 3224 915MZ 2 8 401045 4799999999999999 5 6 3919 2 1899999999999999
 36 38 39 38 37 36 36 36 38 41 45 47 48 47 43 38 31 25 20 17 16 19 23 2924 916MZ 156 391152 4899999999999999 555 361948 1699999999999999
 34 37 38 37 35 33 32 32 33 35 40 44 48 49 47 43 37 30 24 19 17 17 20 2624 917MZ 2 4 381253 4999999999999999 646 322031 1699999999999999
 32 36 38 38 35 32 29 28 27 29 32 38 44 48 49 47 43 36 30 24 20 18 19 2424 918MZ 222 381352 4999999999999999 742 272113 1899999999999999
 30 35 39 39 37 33 29 25 24 23 25 30 36 43 47 48 46 42 36 30 26 23 22 2424 919MZ 244 391453 4899999999999999 843 232153 2299999999999999
 29 35 39 41 40 37 31 26 23 20 20 22 28 35 41 45 46 45 41 36 32 29 27 2724 920MZ 311 411556 4699999999999999 944 202231 2699999999999999
 30 35 40 43 43 41 36 30 25 21 19 18 21 26 33 39 42 44 43 40 37 34 32 3224 921MZ 340 4317 2 44999999999999991043 1823 7 3199999999999999
 32 36 40 44 45 44 41 36 30 25 21 18 18 20 25 31 36 39 41 41 39 38 37 3624 922MZ 412 451817 41999999999999991142 172339 3699999999999999
 36 38 40 44 46 46 45 41 36 31 26 22 19 19 21 24 29 33 37 39 39 39 39 4024 923MZ 448 469999999999999999999991244 18999999999999999999999
 40 40 41 43 45 47 47 45 41 37 32 28 24 21 20 21 24 27 31 34 37 38 40 4124 924MZ 530 479999999999999999999991357 20999999999999999999999
 41 42 42 43 44 45 46 46 44 42 38 34 30 26 23 22 22 23 26 29 33 36 38 4024 925MZ 624 469999999999999999999991527 22999999999999999999999
 41 42 42 42 42 43 44 45 45 44 42 39 35 31 28 25 22 22 23 25 29 32 35 3824 926MZ 741 459999999999999999999991654 22999999999999999999999
 40 41 41 41 40 40 41 42 43 44 43 42 39 36 32 28 25 22 22 23 25 29 32 3624 927MZ 159 41 915 4499999999999999 450 401758 2299999999999999
 38 39 39 39 38 38 37 38 40 41 43 43 41 39 35 31 27 24 22 21 23 26 30 3324 928MZ 154 391036 4399999999999999 543 371846 2199999999999999
 36 37 38 37 36 35 34 34 36 38 40 42 42 41 38 34 30 26 23 21 21 24 27 3124 929MZ 143 381137 4299999999999999 620 341924 2199999999999999
 34 36 36 35 34 32 31 31 32 34 37 40 41 41 40 36 32 28 24 22 21 22 26 3024 930MZ 143 361228 4299999999999999 651 311956 2199999999999999
 33 35 36 35 33 30 29 28 28 30 33 37 40 41 40 38 34 30 26 23 22 22 25 282410 1MZ 150 361313 4199999999999999 721 282023 2299999999999999
 32 35 36 35 33 30 27 25 25 26 29 33 37 40 40 39 36 32 28 25 24 23 25 282410 2MZ 2 2 361356 4099999999999999 753 252046 2399999999999999
 32 35 36 36 33 30 27 24 23 23 25 28 33 37 39 40 38 35 31 28 26 25 26 282410 3MZ 214 361438 4099999999999999 828 2321 6 2599999999999999
 32 35 37 37 35 32 27 24 22 21 22 25 29 34 37 39 39 37 33 30 28 28 28 292410 4MZ 227 371521 3999999999999999 9 5 212124 2799999999999999
 33 36 38 39 37 34 29 25 22 20 20 21 25 30 35 37 38 38 35 33 31 30 30 312410 5MZ 241 3916 5 3899999999999999 944 202137 3099999999999999
 34 37 39 40 39 37 32 28 24 21 19 20 22 27 31 35 37 38 37 35 33 33 33 332410 6MZ 256 401652 38999999999999991024 192135 3299999999999999
 35 38 40 41 41 39 35 31 26 23 20 19 20 23 28 32 34 36 37 36 35 34 34 352410 7MZ 314 411746 379999999999999911 6 1921 7 3499999999999999
 36 38 40 42 42 41 38 34 30 26 23 21 20 21 24 28 31 33 35 35 35 35 36 362410 8MZ 336 429999999999999999999991153 20999999999999999999999
 37 38 40 42 42 42 40 37 33 29 25 23 21 20 21 24 27 30 32 34 35 35 36 372410 9MZ 4 1 429999999999999999999991249 20999999999999999999999
 38 38 39 41 41 42 41 39 36 32 29 25 23 21 20 21 23 25 28 30 32 34 35 36241010MZ 436 429999999999999999999991359 20999999999999999999999
 37 38 39 39 40 40 40 40 38 35 32 29 25 22 20 19 19 21 23 26 29 32 34 35241011MZ 535 409999999999999999999991524 19999999999999999999999
 36 37 37 37 38 38 39 39 39 38 36 33 29 25 22 19 17 17 19 21 25 28 31 34241012MZ 725 399999999999999999999991640 17999999999999999999999
 35 35 35 35 35 35 35 37 38 39 38 37 33 29 25 21 18 16 15 17 21 25 29 32241013MZ 125 35 913 3999999999999999 424 351739 1599999999999999
 33 34 33 32 31 31 31 32 34 37 39 39 38 34 30 25 20 17 15 15 17 22 27 31241014MZ 047 341038 3999999999999999 516 311829 1599999999999999
 33 33 32 30 28 26 26 26 29 32 37 40 40 39 35 30 25 20 17 15 16 19 24 30241015MZ 045 331150 4099999999999999 6 4 261914 1599999999999999
 33 34 33 30 27 23 21 21 22 25 31 36 40 41 40 36 31 26 21 19 18 19 23 29241016MZ 059 341256 4199999999999999 654 211956 1899999999999999
 33 36 35 32 28 23 19 17 16 18 23 29 36 40 41 40 37 32 27 24 21 21 24 29241017MZ 120 3614 2 4199999999999999 748 162037 2199999999999999
 34 37 38 36 32 26 20 15 13 12 15 21 28 35 39 41 40 37 32 29 27 25 26 29241018MZ 146 3815 7 4199999999999999 843 122116 2599999999999999
 34 39 41 40 37 31 24 18 13 10 10 13 19 27 34 38 40 39 36 33 31 30 29 31241019MZ 216 411611 4099999999999999 938 102152 2999999999999999
 34 39 42 43 41 37 30 23 17 12  9  9 13 19 26 32 36 38 38 36 34 34 33 33241020MZ 250 431718 38999999999999991032  92223 3399999999999999
 35 38 42 44 44 41 36 29 23 17 13 10 10 14 19 25 30 34 36 36 35 35 35 35241021MZ 327 441840 36999999999999991127 102234 3599999999999999
 36 38 40 43 44 43 40 35 29 23 18 14 12 12 15 19 24 28 31 33 34 35 36 36241022MZ 4 8 449999999999999999999991227 12999999999999999999999
 36 37 39 40 42 42 41 39 35 29 25 20 16 14 14 16 19 23 26 30 32 33 35 36241023MZ 456 429999999999999999999991335 14999999999999999999999
 36 36 37 38 39 39 40 39 37 34 30 26 22 18 16 16 17 19 22 25 28 31 33 34241024MZ 555 409999999999999999999991456 16999999999999999999999
 35 35 35 35 35 36 36 37 37 35 33 30 26 23 20 18 16 17 19 22 25 28 30 32241025MZ 713 379999999999999999999991614 16999999999999999999999
 33 33 33 32 32 32 32 33 34 34 34 32 29 26 23 20 18 17 17 19 22 25 28 30241026MZ 053 33 848 3499999999999999 439 321715 1799999999999999
 31 32 31 30 29 28 28 29 30 32 33 33 31 29 26 23 20 18 17 18 20 23 27 29241027MZ 039 321016 3399999999999999 531 2818 1 1799999999999999
 30 30 30 28 26 25 24 25 26 29 31 32 32 30 28 25 22 20 18 18 20 22 26 28241028MZ 033 311125 3299999999999999 6 9 241836 1899999999999999
 30 30 29 27 25 23 21 21 22 25 28 30 31 31 30 27 24 22 20 19 20 22 25 28241029MZ 036 301223 3299999999999999 641 2119 4 1999999999999999
 30 31 29 27 24 21 19 18 19 21 24 28 30 32 31 29 27 24 22 21 21 23 26 29241030MZ 043 311314 3299999999999999 711 181926 2199999999999999
 31 32 31 28 24 21 18 16 15 17 20 25 29 31 32 31 29 27 25 23 23 24 26 30241031MZ 053 3214 2 3299999999999999 742 151946 2399999999999999
 32 33 33 30 26 22 18 15 13 14 17 21 26 30 32 32 31 29 27 26 25 25 27 302411 1MZ 1 6 331446 3299999999999999 815 1320 5 2599999999999999
 33 35 35 33 29 24 19 15 13 12 13 17 23 27 31 33 33 31 29 28 27 27 28 312411 2MZ 123 351529 3399999999999999 850 122022 2799999999999999
 34 36 37 35 32 27 22 17 13 11 11 14 19 24 29 32 33 32 31 29 29 29 29 312411 3MZ 144 371613 3399999999999999 927 112033 2999999999999999
 34 37 38 37 35 30 25 19 15 12 11 12 15 20 25 29 31 32 32 30 30 30 30 312411 4MZ 2 8 381659 329999999999999910 7 112030 3099999999999999
 34 36 38 38 37 33 28 23 18 14 11 11 12 16 21 25 29 31 31 31 30 30 31 312411 5MZ 236 381753 31999999999999991050 112021 3099999999999999
 33 35 37 38 37 35 31 26 21 17 13 11 11 13 16 21 25 27 29 30 30 30 31 312411 6MZ 3 7 389999999999999999999991138 11999999999999999999999
 32 34 35 37 37 36 33 29 25 20 16 13 11 11 13 16 20 23 26 27 28 29 30 302411 7MZ 344 379999999999999999999991232 11999999999999999999999
 31 32 33 34 35 35 34 32 28 23 19 15 12 11 11 12 15 18 22 24 26 27 28 292411 8MZ 433 359999999999999999999991336 10999999999999999999999
 30 30 31 31 32 33 33 32 30 27 23 19 15 12 11 10 11 14 17 21 24 26 27 282411 9MZ 544 339999999999999999999991447 10999999999999999999999
 28 28 28 28 28 29 30 31 31 29 27 23 19 16 13 11 10 11 14 17 21 24 26 27241110MZ 721 312323 27999999999999991555 10999999999999999999999
 27 26 25 25 24 24 26 27 29 30 29 27 24 20 17 14 12 11 12 15 19 23 26 27241111MZ 9 5 302320 2799999999999999 410 241654 1199999999999999
 27 25 24 22 20 19 20 22 25 28 30 30 28 25 22 18 15 13 13 14 18 22 26 28241112MZ1036 302334 2899999999999999 5 8 191745 1399999999999999
 28 26 24 20 17 15 14 15 18 23 27 30 31 30 27 24 20 18 16 16 18 22 26 30241113MZ1157 312357 3199999999999999 6 1 141832 1699999999999999
 31 29 26 22 17 13 10  9 11 15 21 26 30 32 31 29 26 23 21 19 20 23 27 31241114MZ1313 32999999999999999999999 653  91915 1999999999999999
 33 33 30 25 19 14  9  6  5  8 13 20 26 31 33 32 30 28 25 24 23 24 27 32241115MZ 025 341422 3399999999999999 746  51955 2399999999999999
 35 37 35 31 25 17 11  6  3  3  6 12 19 26 31 33 33 31 29 27 26 26 28 32241116MZ 058 371526 3399999999999999 838  32032 2699999999999999
 36 38 39 36 31 24 16  9  4  2  2  5 12 19 26 30 32 32 31 30 29 29 29 31241117MZ 136 391628 3299999999999999 930  121 2 2999999999999999
 35 38 40 39 36 30 23 15  9  4  2  2  6 12 19 25 29 31 31 30 30 30 30 31241118MZ 217 401731 31999999999999991022  121 6 3099999999999999
 33 36 39 40 39 35 29 22 15  9  5  3  3  7 13 19 24 27 29 29 29 29 29 30241119MZ 3 2 409999999999999999999991114  3999999999999999999999
 31 33 36 38 38 37 33 27 21 15 10  6  4  5  9 13 18 22 25 27 27 28 28 29241120MZ 349 3899999999999999999999912 9  4999999999999999999999
 29 30 32 34 35 35 34 30 25 20 15 11  8  6  7 10 14 18 21 24 25 26 27 27241121MZ 439 3599999999999999999999913 7  6999999999999999999999
 27 28 28 29 31 32 32 30 27 23 19 15 12  9  8  9 11 14 17 20 23 24 25 25241122MZ 533 3299999999999999999999914 8  8999999999999999999999
 25 25 25 25 26 27 28 28 27 25 22 18 15 13 11 10 10 12 15 18 20 22 24 24241123MZ 636 282319 249999999999999915 8 10999999999999999999999
 24 24 23 22 22 22 23 24 24 24 23 20 18 16 14 12 12 12 14 16 19 21 23 23241124MZ 8 0 2423 8 2399999999999999 355 2216 2 1299999999999999
 23 22 21 20 19 18 19 20 21 22 22 21 20 18 16 15 14 13 14 16 19 21 23 24241125MZ 939 222311 2499999999999999 459 181644 1399999999999999
 23 22 20 18 16 15 15 16 17 19 21 21 21 20 19 17 16 15 16 17 19 21 23 25241126MZ1112 212318 2599999999999999 544 151717 1599999999999999
 24 23 20 18 15 13 12 12 14 16 19 21 22 22 21 20 19 18 18 18 20 22 25 26241127MZ1231 222329 2699999999999999 619 121743 1899999999999999
 26 24 22 18 15 12 10  9 10 13 16 20 22 23 23 22 21 20 20 20 21 24 26 28241128MZ1333 232345 2899999999999999 651  918 7 2099999999999999
 28 27 24 20 16 12  9  7  7 10 13 17 21 23 25 24 23 22 22 22 23 24 27 29241129MZ1422 25999999999999999999999 723  71832 2299999999999999
 30 29 27 23 18 13  9  6  5  6 10 15 19 23 25 26 25 24 23 23 24 25 27 30241130MZ 0 6 3015 3 2699999999999999 758  51859 2399999999999999
 32 32 30 26 22 16 11  7  4  4  6 11 16 21 24 26 26 26 25 24 24 25 27 292412 1MZ 034 321542 2699999999999999 835  41925 2499999999999999
 32 33 32 30 25 19 13  8  4  3  3  7 12 17 22 25 26 26 25 25 24 25 26 282412 2MZ 1 7 331621 2699999999999999 915  31945 2499999999999999
 31 33 33 32 28 23 17 11  6  3  2  3  7 13 18 22 25 25 25 24 24 24 25 272412 3MZ 143 3417 4 2599999999999999 957  21958 2499999999999999
 29 32 33 33 31 27 21 14  9  4  1  1  3  8 13 18 21 24 24 24 23 23 24 252412 4MZ 223 331753 24999999999999991042  12011 2399999999999999
 27 29 31 32 32 29 24 18 12  7  3  1  1  3  8 13 17 20 22 22 22 22 23 232412 5MZ 3 6 329999999999999999999991130  0999999999999999999999
 24 26 28 30 31 30 27 22 16 10  6  2  0  1  3  8 12 16 19 20 21 21 21 212412 6MZ 354 319999999999999999999991220  0999999999999999999999
 22 23 24 26 28 28 27 24 20 14  9  5  2  1  2  4  8 12 16 18 20 20 20 202412 7MZ 448 289999999999999999999991313  1999999999999999999999
 20 20 20 22 23 25 26 25 22 18 14  9  6  4  2  3  6  9 13 17 19 20 19 192412 8MZ 555 262113 209999999999999914 8  2999999999999999999999
 18 17 17 17 18 20 22 23 22 21 18 14 11  8  6  5  6  8 12 15 18 20 20 192412 9MZ 720 232136 2099999999999999 224 1715 3  599999999999999
 18 16 14 13 13 14 16 18 20 21 20 18 16 13 11  9  9 10 12 15 19 21 22 21241210MZ 9 3 2122 1 2299999999999999 346 131558  999999999999999
 19 16 13 11  9  8  9 12 15 18 20 21 20 18 16 14 13 13 14 16 19 23 24 24241211MZ1048 212229 2599999999999999 455  81651 1399999999999999
 22 19 15 11  7  5  4  5  9 13 17 20 22 22 21 19 18 17 17 18 20 24 27 28241212MZ1229 2223 3 2899999999999999 555  41741 1799999999999999
 27 24 19 14  8  4  1  0  2  6 12 17 21 23 24 23 22 21 20 20 22 24 28 30241213MZ1353 242342 3199999999999999 651  01827 2099999999999999
 31 29 24 19 12  6  1 -2 -3  0  5 11 17 22 24 25 25 24 23 22 23 24 27 31241214MZ1459 25999999999999999999999 744 -319 6 2299999999999999
 33 33 30 25 18 11  4 -1 -4 -4 -1  5 12 18 22 25 25 25 24 24 24 24 26 29241215MZ 026 331553 2599999999999999 835 -41937 2399999999999999
 33 34 34 30 25 17 10  3 -2 -5 -5 -1  5 12 18 22 24 25 24 23 23 23 25 27241216MZ 114 341640 2599999999999999 925 -51954 2399999999999999
 30 33 34 33 30 23 16  8  2 -3 -5 -4  0  6 13 18 21 23 23 22 22 22 23 24241217MZ 2 3 341724 23999999999999991014 -520 9 2299999999999999
 27 30 32 33 32 28 21 14  7  1 -3 -4 -3  2  7 13 17 20 21 21 20 20 21 21241218MZ 253 3318 9 219999999999999911 2 -42035 2099999999999999
 23 25 28 30 31 29 24 18 12  6  1 -2 -3 -1  3  8 13 17 18 19 19 18 18 19241219MZ 340 319999999999999999999991148 -3999999999999999999999
 19 21 23 26 27 27 25 21 15 10  5  1 -1 -1  1  5  9 13 16 17 17 17 17 17241220MZ 425 271942 17999999999999991232 -12232 1799999999999999
 17 17 19 21 22 23 23 21 17 12  8  5  2  1  2  4  7 11 14 15 16 16 16 15241221MZ 510 232022 16999999999999991312  1999999999999999999999
 15 15 15 16 17 19 19 19 17 14 11  8  5  4  4  5  7 10 12 14 16 16 16 15241222MZ 6 0 192051 1699999999999999 113 151347  499999999999999
 14 13 12 12 13 14 15 15 15 14 12 10  8  7  7  7  8 10 12 14 16 17 16 15241223MZ 7 7 152111 1799999999999999 242 121413  799999999999999
 14 13 11 10 10 10 11 12 13 13 13 12 11 10 10 10 10 12 13 15 17 18 18 17241224MZ 853 132127 1899999999999999 4 0 101429 1099999999999999
 15 13 11  9  7  7  7  8 10 11 12 13 13 13 13 13 13 14 15 17 18 19 20 19241225MZ2145 20999999999999999999999 5 1  7999999999999999999999
 17 15 12  9  6  5  4  5  7  9 12 13 14 15 15 15 15 16 17 18 20 21 22 21241226MZ22 8 22999999999999999999999 547  4999999999999999999999
 20 17 14 10  6  4  2  2  4  7 10 13 15 16 17 17 17 18 18 19 21 22 24 24241227MZ2240 24999999999999999999999 626  2999999999999999999999
 23 20 17 12  8  4  1  0  1  4  7 11 15 17 18 19 19 19 19 20 21 23 24 26241228MZ2318 26999999999999999999999 7 4  0999999999999999999999
 25 23 20 16 11  6  1 -1 -2  0  4  8 13 16 19 20 20 19 19 19 20 22 24 26241229MZ9999999999999999999999999999 744 -2999999999999999999999
 27 26 24 19 14  8  3 -1 -4 -3  0  4  9 14 17 19 20 19 19 19 19 20 23 25241230MZ 0 3 271557 2099999999999999 825 -41850 1999999999999999
 27 28 26 23 18 12  5  0 -4 -6 -5 -1  5 10 15 18 19 19 18 18 18 18 20 23241231MZ 050 281622 1999999999999999 9 8 -61924 1799999999999999
