108 73 44 25 22 36 62 94126149160158144123103 89 85 9110612614415615714624 1 1NK1017161213615899999999999999 340 221554 8599999999999999
124 96 68 46 35 39 56 83112138154158151135115 98 87 85 9210712313814614424 1 2NK1051158222214699999999999999 414 351641 8599999999999999
133114 90 68 54 49 57 76100125144155155145128110 94 85 83 9010211612713424 1 3NK1129156232113499999999999999 451 491739 8399999999999999
133124108 91 75 66 65 74 91112132147154151140124105 90 80 78 82 9210511624 1 4NK1213154999999999999999999999 533 641850 7899999999999999
124125120110 97 86 79 79 88102120136149154150138120101 84 72 67 70 80 9324 1 5NK 04512613 315499999999999999 627 7820 6 6799999999999999
107118124124118108 98 91 90 96108123139151155150136117 94 74 59 53 55 6624 1 6NK 227125135815599999999999999 739 902113 5299999999999999
 83101118129133129119108 99 95 99110126142155159152136112 85 60 42 35 3924 1 7NK 357133145515999999999999999 859 9522 9 3499999999999999
 54 77102125140145141129114102 96 99112130148162165156135105 72 42 22 1624 1 8NK 5 114515481669999999999999910 8 962256 1699999999999999
 24 46 76108136153158150134115 99 93 98114136158172174161133 96 57 23  324 1 9NK 55115816381759999999999999911 4 932341 -299999999999999
 -1 13 43 80118149166168155133110 94 89 98118145169184183163129 84 40  524 110NK 6351691726185999999999999991151 89999999999999999999999
-14-13  9 46 90132163177173154128102 86 84 99125155182195189163122 72 2524 111NK 717178181319599999999999999 025-161236 8399999999999999
-10-25-17 12 55103146174183173148118 92 78 81101132166192202191159112 6024 112NK 75718319 020299999999999999 1 9-251319 7799999999999999
 13-18-27-12 23 70119159182185168138106 81 72 8010413817319720318715110224 113NK 837186194720399999999999999 152-2814 3 7199999999999999
 50  7-18-20  1 40 89135170186181158126 94 72 66 7910614117419519717814024 114NK 915186203619999999999999999 235-221448 6699999999999999
 93 45  9 -9 -4 22 63109150177185173147114 83 65 63 7810614016918618416424 115NK 954185212618899999999999999 317-101537 6299999999999999
129 86 46 19  9 20 48 87127160179179163135103 75 60 60 7610213215717016824 116NK1032181222017199999999999999 358  91629 5899999999999999
149119 85 54 36 33 47 74108141166176172153125 95 70 57 58 72 9412014115224 117NK1112177232315399999999999999 439 321727 5699999999999999
150136114 89 68 57 59 73 96124149166171163144118 90 68 55 54 64 8210312224 118NK1155171999999999999999999999 522 561835 5399999999999999
134136129115 99 86 79 82 94111132150162165157139115 89 66 52 47 53 67 8624 119NK 043136124516599999999999999 612 791954 4799999999999999
105120128128122112103 98 99106118133147158160154137114 88 64 46 38 40 5324 120NK 231129134816199999999999999 725 982115 3799999999999999
 72 93113127133132126117110106109117130144155159154139115 86 59 37 26 2724 121NK 42113415 015999999999999999 9 71062223 2599999999999999
 41 63 89114133143144136124113105105112126142156162158141114 81 50 25 1424 122NK 53214516 71639999999999999910331042317 1399999999999999
 17 34 62 94123144154152140123108 98 98108125145162168162141109 72 37 1324 123NK 61815517 2168999999999999991131 97999999999999999999999
  4 12 36 69105136156162154136115 98 89 93108130153170175163137 99 58 2324 124NK 653162174817599999999999999 0 1  41213 8999999999999999
  2 -1 15 46 84122151166164149126102 86 82 92112139164179178160126 84 4224 125NK 724167182818099999999999999 039 -21248 8299999999999999
 10 -4  2 26 63104140163170159137111 88 76 79 96122151174184176150110 6624 126NK 75217019 418499999999999999 113 -51319 7699999999999999
 27  2 -3 13 45 86126156171167148121 94 76 71 81104134162181183166134 9224 127NK 817171193718499999999999999 144 -31349 7099999999999999
 49 17  2  8 32 70111146168171158133104 79 67 70 8811514517018117515111524 128NK 842172201018199999999999999 214  11419 6699999999999999
 74 37 14 10 26 58 97134161172165144115 87 68 63 73 9612515217117416113324 129NK 9 6172204317599999999999999 242  91450 6399999999999999
 96 60 32 20 27 50 85122152169169154128 99 75 62 64 7910413115316516214424 130NK 931171211816699999999999999 3 9 201523 6199999999999999
115 82 53 36 34 49 76110141163170161140112 85 67 60 67 8410813214815414624 131NK 956170215615499999999999999 336 331559 6099999999999999
128102 75 55 47 53 72100129153165164149126 99 76 62 60 69 8710812613814024 2 1NK1024166224214199999999999999 4 4 471641 6099999999999999
132116 95 76 65 64 74 94118140156161154137114 90 71 61 61 70 8510211712624 2 2NK1056161234412899999999999999 435 631732 6099999999999999
128122111 97 85 80 82 92109127144153154145129108 86 70 60 58 65 76 9110424 2 3NK1135155999999999999999999999 513 791840 5899999999999999
115120119114106 99 96 97105116130142149149141126106 86 68 56 51 54 63 7724 2 4NK 121120123015099999999999999 611 9520 8 5199999999999999
 93107118124124120114109107109117127138146148143129110 87 65 48 38 38 4724 2 5NK 331124134814899999999999999 7571072133 3799999999999999
 63 84106124135138134125115108106111122136148154151138115 87 58 35 21 1924 2 6NK 455138151215599999999999999 9451062237 1899999999999999
 30 53 82112136151154146131114102 98104119139157167165149120 84 47 18  124 2 7NK 5451541622168999999999999991053 982329 -199999999999999
  1 19 49 87124153167166151128105 90 86 97119146170183180159122 77 33  024 2 8NK 6251691719184999999999999991143 86999999999999999999999
-16-10 15 55101142171181172148117 90 74 75 93123157186199191163118 67 1924 2 9NK 7 1181181019999999999999999 015-161227 7399999999999999
-14-25-12 22 70120162186188170137101 72 59 66 92130169198209196161110 5524 210NK 736190185820999999999999999 058-2513 9 5999999999999999
  8-21-24 -2 39 92142179195187159120 81 54 47 61 94137177205211192152 9924 211NK 810196194521299999999999999 138-261350 4799999999999999
 45  4-16-11 19 65118163192197179143100 62 40 39 60 9714118020320318013824 212NK 843198203120699999999999999 217-171432 3799999999999999
 88 41  9 -1 14 48 95142179196190164124 81 48 32 37 6210014117419118716224 213NK 915196211819299999999999999 254 -11516 3199999999999999
124 81 45 24 24 45 80122160185191177146106 67 40 30 39 64 9913416117216624 214NK 94719222 817399999999999999 329 2116 1 3099999999999999
144112 80 56 46 54 76108142169183180160129 93 60 39 33 43 66 9512314315124 215NK101918423 515199999999999999 4 4 461652 3399999999999999
145129107 86 73 72 82102127151168173165145117 87 61 44 39 47 64 8610712324 216NK1054173999999999999999999999 437 711752 3999999999999999
130129121109 98 93 95104118135150159160152135113 88 67 51 45 47 58 73 9024 217NK 020131113716199999999999999 515 931912 4599999999999999
106116121121118114111111116123132140147148144132115 95 74 57 46 43 48 6024 218NK 228121124614899999999999999 6221112051 4399999999999999
 77 95111122129130127123118116117122129137142143136122102 79 58 42 34 3724 219NK 447130143614399999999999999 9141162213 3499999999999999
 50 70 93115132141142136126115107105110120133144149145130107 79 52 32 2424 220NK 53814316 414999999999999999104810523 8 2499999999999999
 29 46 72101127145153149137120104 94 93102119138153160154134105 71 40 2024 221NK 6 915317 2160999999999999991134 922349 1599999999999999
 15 26 50 83116143159160149128106 88 81 86102125149166170158131 95 57 2624 222NK 63516117461709999999999999912 7 81999999999999999999999
 10 12 32 64102136160168160139112 88 73 71 85109138164178175155120 79 4024 223NK 659168182217999999999999999 024  91235 7099999999999999
 14  6 18 47 86126157172169151122 92 70 61 69 91122154177184173144103 6124 224NK 721173185518599999999999999 054  613 2 6199999999999999
 26  9 12 35 72113150172176162134101 72 55 56 73103137168185183163127 8424 225NK 742177192618799999999999999 121  71329 5399999999999999
 44 19 12 27 60101140169180171146112 78 54 46 57 8211715117618517414610724 226NK 8 3180195718599999999999999 147 121356 4699999999999999
 66 35 20 26 51 89130163180178158125 88 58 42 44 63 9513016017817715912624 227NK 824182202918099999999999999 212 201424 4199999999999999
 88 54 34 31 48 80118153176181167138102 68 44 38 48 7410713916317116314024 228NK 84518121 117199999999999999 237 301453 3799999999999999
108 75 51 42 50 74108142168179172149116 81 53 38 39 56 8411514215816014724 229NK 9 8179213716199999999999999 3 2 421524 3699999999999999
123 95 71 57 58 73 99130156172173157130 97 67 45 38 45 65 9111713814714524 3 1NK 932174221814899999999999999 327 561559 3899999999999999
132111 91 75 70 78 95119143161167160141114 84 60 45 42 52 70 9211312813424 3 2NK 959167231213499999999999999 355 701642 4299999999999999
132121108 95 87 88 97112131147157158148129104 80 60 49 47 55 68 8510211524 3 3NK1033159999999999999999999999 427 861740 4799999999999999
122123119113106103104110121133143149148139124105 84 66 54 49 51 59 72 8824 3 4NK 042123112314999999999999999 5161031912 4999999999999999
103115123126125122117115115119126134141143140130114 94 74 56 44 40 44 5624 3 5NK 315126125714399999999999999 72211521 0 4099999999999999
 74 95115131140141136127117111110115125137146150144129106 79 53 33 23 2624 3 6NK 440142145315099999999999999 9381092216 2399999999999999
 41 66 96125147158156145127109 97 94102119140158167163145115 78 43 17  624 3 7NK 5231591613167999999999999991044 942310  599999999999999
 11 34 68107142166174166144116 91 77 77 92118149174186181157118 73 31  224 3 8NK 5581741713187999999999999991130 752356 -799999999999999
 -7  5 37 81127164185186166133 97 68 55 61 86123161191204193162115 63 1924 3 9NK 63118818 3204999999999999991211 55999999999999999999999
 -7-10 11 52103151185198187156114 72 44 36 51 85130174204213197158106 5324 310NK 7 2198185121399999999999999 037-121251 3699999999999999
 13 -7  0 30 78130175201202179138 89 47 23 23 46 88138182209212190148 9624 311NK 733205193721499999999999999 115 -81331 2099999999999999
 47 14  5 21 59108157193207196162114 65 27 10 18 48 9414318320420117513324 312NK 8 4207202320699999999999999 152  51411  999999999999999
 86 47 26 27 51 91137177201202180140 91 45 14  6 20 54 9914417719118315724 313NK 83320521 919199999999999999 226 231452  599999999999999
120 82 55 45 55 83120158186198188159118 72 35 12 11 29 6210213816317116224 314NK 9 3198215717199999999999999 259 451535  999999999999999
139110 85 69 69 84110140168184185169139101 63 34 20 22 40 6810012714515024 315NK 933187225115099999999999999 331 671621 1999999999999999
142126108 93 87 92107127149165172167150123 92 64 42 33 36 49 70 9311312724 316NK10 5172999999999999999999999 4 3 871716 3299999999999999
132129121112106105110121133146154156150136116 93 72 55 47 46 54 67 8410024 317NK 0 6132104415699999999999999 4391051832 4599999999999999
113121124124122120119120123128134138140138130118102 84 68 56 51 52 60 7424 318NK 226125115714099999999999999 6 01192018 5099999999999999
 90106119129134133130124119116116119124130134133126113 95 76 59 48 46 5324 319NK 429134142113499999999999999 9321152146 4699999999999999
 67 87108127140145142133121109102101106117129140143138123101 76 54 41 3824 320NK 5 814515561439999999999999910411002242 3899999999999999
 48 67 93120141153154145128109 93 86 88100118137152156148127 99 69 44 3224 321NK 5351551651156999999999999991117 852322 3199999999999999
 34 50 77108137157164157138114 91 75 72 82102127151166166151123 89 56 3424 322NK 5581641732168999999999999991146 722355 2699999999999999
 26 36 61 95130157171168150123 93 70 59 64 83112143167177171147112 74 4324 323NK 61917218 7177999999999999991212 59999999999999999999999
 27 29 49 82120154174177162134100 70 51 49 64 92127159180183167136 96 5924 324NK 640178184018499999999999999 024 251238 4799999999999999
 34 27 41 70109147174183173147111 74 48 37 46 71107144173187180156119 8024 325NK 7 0183191118799999999999999 050 2713 3 3799999999999999
 48 33 38 61 98137170186182160124 84 50 31 31 50 8412315918118517014010224 326NK 720187194318699999999999999 116 321330 2899999999999999
 67 44 40 56 88126162184188171138 97 58 31 22 33 61 9913816718217715512224 327NK 741189201518299999999999999 141 401357 2299999999999999
 87 60 49 56 80115151178188179152113 72 38 20 22 42 7511314716917516313824 328NK 8 2188204917599999999999999 2 7 491425 1999999999999999
107 79 62 61 77105139167183182163129 89 52 27 19 29 54 8812315016416314824 329NK 826185212516699999999999999 232 591456 1999999999999999
123 98 78 71 79 99127154174179168143108 71 42 25 25 40 66 9712514615414924 330NK 85117922 715499999999999999 259 711531 2399999999999999
134115 97 86 86 97117140160171168152126 94 63 41 31 34 50 73 9812113614124 331NK 92017123 314199999999999999 329 841614 3099999999999999
138127114103 98102112128145157162156139116 89 65 47 40 43 54 72 9311112424 4 1NK 957162999999999999999999999 4 6 981713 3999999999999999
132132128121115112114120130140148151146134116 95 74 58 48 46 52 65 81 9924 4 2NK 036133105415199999999999999 5101121843 4699999999999999
116128135137134128122118118121128136142144138126109 88 68 52 43 43 52 6924 4 3NK 247137124314499999999999999 7331172029 4299999999999999
 91114134147151147137123112105106114126140149152144126101 74 50 35 31 4124 4 4NK 4 1151144415299999999999999 9241042146 3199999999999999
 62 91121148164167157137114 95 84 86 99120144163170163142110 75 44 25 2124 4 5NK 44316716 3170999999999999991023 842242 2099999999999999
 35 63101138167182178158128 95 71 60 66 88120154179189180153114 71 36 1724 4 6NK 51818217 21899999999999999911 8 602328 1599999999999999
 18 39 76120160188195181149108 69 43 36 51 83125166194203189156111 66 3124 4 7NK 5501951753203999999999999991149 36999999999999999999999
 16 25 54 98145183203200174131 82 41 18 18 42 84133177205209190152104 6124 4 8NK 622205184121099999999999999 0 9 161229 1599999999999999
 32 25 42 78125170201210195157106 55 17  0  9 42 90141183207206182142 9724 4 9NK 653211192820999999999999999 047 2413 9  099999999999999
 60 40 42 66106151189210207180135 81 33  1 -8 10 48 9714618320019416813124 410NK 724211201420199999999999999 124 381349 -899999999999999
 92 64 55 65 93132170198207194159111 60 19 -5 -5 18 5710414717618717715324 411NK 75420721 118799999999999999 159 551430 -899999999999999
121 92 74 73 89117151180197195174137 92 48 15  1  7 32 6810814316417016024 412NK 826199214917099999999999999 233 721512  199999999999999
139115 96 88 93110134160179186177154119 80 46 22 14 23 46 7710913515015324 413NK 858186224415399999999999999 3 8 881557 1499999999999999
145130115104102109123141158169169158137108 78 52 36 31 39 57 8110512513724 414NK 933171235414099999999999999 3451011650 3199999999999999
140136128119114113118128139148154152143127105 83 64 51 47 52 64 8110011624 415NK1018154999999999999999999999 4351131758 4799999999999999
128134135132127122120120123129134138139134125110 94 77 64 57 58 65 79 9524 416NK 140135113713999999999999999 6231201927 5799999999999999
112126136140139134127119114112115120127132134130120105 88 72 61 58 63 7624 417NK 318140135113499999999999999 8551122053 5899999999999999
 94114132144149146137124111101 97101110122134141140131114 93 73 60 55 6224 418NK 4 814915261429999999999999910 2 972154 5599999999999999
 78100124144156158149133113 96 84 82 90106125143152151139117 92 69 55 5324 419NK 4401591624153999999999999991041 822239 5299999999999999
 64 86113140159167162145121 96 76 67 71 87110136156164159141114 85 62 5124 420NK 5 616717 8165999999999999991112 672315 5099999999999999
 55 73101132159174173158132101 73 56 53 66 91121150169174162137105 76 5624 421NK 5291761746174999999999999991140 522346 5199999999999999
 51 63 89123154176182171145110 76 50 39 45 68101136165180178158128 94 6724 422NK 55118218211819999999999999912 8 39999999999999999999999
 54 58 79112146174187182159123 84 50 30 28 46 77116152177185175149116 8424 423NK 613188185518599999999999999 016 531235 2799999999999999
 63 59 72101136168188190173139 97 57 28 17 26 53 9213216518418416613610324 424NK 636192192918699999999999999 044 5813 3 1799999999999999
 77 64 70 92124158184193183155115 71 35 14 13 32 6610714617318417615312324 425NK 7 019320 418499999999999999 112 641332 1199999999999999
 94 75 72 86113146174191190169133 90 49 20  9 18 44 8112115417417716414024 426NK 726193204117899999999999999 141 7214 3  999999999999999
113 90 80 85104132161183189178151112 70 35 15 12 28 57 9412915616916715224 427NK 754190212117099999999999999 211 801438 1199999999999999
130108 93 90100121146169183181164133 95 59 31 17 21 39 6910213215316115724 428NK 82518422 916199999999999999 243 891517 1799999999999999
143125109100102113132153169176170150120 87 56 34 26 32 50 7510412914615324 429NK 9 2176231115399999999999999 321 9916 5 2699999999999999
150140126115109112121136152163166159141116 87 62 44 36 41 55 7710112313924 430NK 949166999999999999999999999 41310917 8 3699999999999999
148148142133123117116121131143152156152139120 96 73 55 46 46 56 74 9611824 5 1NK 03414911 015699999999999999 5371161828 4599999999999999
137149154150141129118112112119129141149152145131110 87 66 52 47 54 70 9324 5 2NK 2 2154124715299999999999999 7291111955 4799999999999999
118142158165160147129111 99 95100114131148158158146125 99 73 54 46 51 6924 5 3NK 3 6165143015999999999999999 854 9521 7 4699999999999999
 95126153172177168148121 95 77 72 80100126151169173162138108 77 54 45 5224 5 4NK 352177154717399999999999999 953 7222 5 4599999999999999
 73105140170187188170140104 72 51 48 63 91126159181187174147112 78 55 4724 5 5NK 4301901648187999999999999991041 472254 4799999999999999
 58 85122160188200192164124 81 45 26 28 50 87130168192196181150112 78 5724 5 6NK 5 62001742197999999999999991125 242338 5399999999999999
 54 71103143179203207188151103 55 20  6 15 45 89137176199200181147110 7924 5 7NK 54020818332029999999999999912 7  6999999999999999999999
 63 66 88124163195211205177132 80 33  2 -6 11 48 9614418119919617414110724 5 8NK 614212192120199999999999999 020 621249 -699999999999999
 81 72 82108144179204211195160111 60 17 -7 -7 16 5610414918119418716413424 5 9NK 64921120 819499999999999999 059 721330-1099999999999999
105 87 84 99126159188205202180141 93 45 10 -6  1 27 6811215117718417515324 510NK 724206205518499999999999999 138 831412 -699999999999999
127105 94 97114140168189198189162123 79 39 12  4 15 43 8011915116917316224 511NK 8 0198214317399999999999999 216 931455  499999999999999
143122107102109125148169184185172146110 73 41 22 19 32 58 9112314716116124 512NK 838186223316299999999999999 2561021540 1899999999999999
152136121111109117131149164173171157133103 73 48 35 35 49 71 9812414315324 513NK 920173233015499999999999999 3401091629 3499999999999999
153146134123116115120131144154159157145125102 78 60 50 51 62 8110312414024 514NK1010160999999999999999999999 4381141724 4999999999999999
149150144135126119116118125134142147146138124106 87 71 62 63 72 8710712524 515NK 037150112114799999999999999 6 11161829 6199999999999999
140149151147138127118112111115122131138141137128113 96 81 72 70 77 9211024 516NK 146152125914199999999999999 7411111939 7099999999999999
129145155156151139125111102 99102111123135142142135121104 87 77 74 81 9624 517NK 244157143314399999999999999 858 992045 7499999999999999
116137154163162153136117 99 87 84 90103121137148151143127108 90 78 77 8624 518NK 327164154315199999999999999 950 842139 7699999999999999
104127149165171166149126102 81 70 70 81101125146158160150131109 89 78 8024 519NK 4 11711637161999999999999991030 682225 7799999999999999
 93115141163177177164139110 81 61 53 59 78105134157169168153130106 87 7924 520NK 43117917221709999999999999911 3 5323 4 7999999999999999
 85104130157178185177155122 88 58 41 39 54 82115147170178171152125101 8524 521NK 5 018518 3178999999999999991135 382340 8199999999999999
 82 95119148174189188170139100 63 36 25 32 56 91128160180183170146119 9624 522NK 52819118411849999999999999912 7 25999999999999999999999
 85 89108136165187195185157119 77 41 19 16 33 6410414217218618316513811124 523NK 556195191918799999999999999 014 841239 1599999999999999
 93 88100123153180196195175141 97 56 24 10 15 39 7611715417818617815612924 524NK 627198195818699999999999999 047 881313  999999999999999
106 94 96112139167190198189162123 79 40 14  7 20 50 8912916118018317014724 525NK 7 0198203918499999999999999 122 931350  799999999999999
123104 97105125151177194196180148107 65 31 12 12 30 6110013716517817716224 526NK 736197212318099999999999999 158 971431  999999999999999
141119106104114135160181192189169136 96 58 29 16 20 41 7210814116517517124 527NK 816193221317599999999999999 2391031515 1599999999999999
156137119109109121140162179187180159128 92 58 34 25 31 52 8111414316317124 528NK 9 318723 917199999999999999 32810816 6 2599999999999999
167154137121112112122139158172178172153125 94 64 44 36 43 61 8811814516324 529NK10 0178999999999999999999999 42811117 3 3699999999999999
171167155138122111110117131148162169166152128101 75 56 48 53 70 9512214824 530NK 010171111216999999999999999 54210918 7 4899999999999999
166173170157139120106101105117134151162164155136112 88 69 60 63 7810112824 531NK 111174124016499999999999999 7 31011915 6099999999999999
154172180175159136113 94 85 87100120141158166162147124100 80 70 72 8510924 6 1NK 2 7180141016699999999999999 818 852022 6999999999999999
136163181187179158130100 77 65 67 83107134158171171158136111 90 78 79 9424 6 2NK 256187153017299999999999999 920 642124 7799999999999999
118147174191194181154118 83 56 44 48 68 98132161178180168145119 96 85 8724 6 3NK 3411951638181999999999999991015 432221 8499999999999999
103130160186201198178144103 64 36 25 33 58 95134166185187174150122101 9024 6 4NK 42320217371889999999999999911 4 242312 9099999999999999
 95114142173197207198172131 86 45 18 11 24 56 9713917319119117515012310224 6 5NK 5 42071831193999999999999991150 102359 9599999999999999
 95103125154184204209194161117 69 29  6  4 24 6010414617819319017214612024 6 6NK 5452091920194999999999999991235  2999999999999999999999
103100112135165191207206185148101 55 19  2  6 30 6911415418119218516514024 6 7NK 62620920 519299999999999999 043 991318  199999999999999
117104105120145173196206199173134 88 46 16  5 15 43 8212416018218717715624 6 8NK 7 7206204918799999999999999 12510314 1  599999999999999
132113105111128152177196200188160120 78 41 18 14 29 59 9713516418018016724 6 9NK 747200213018299999999999999 2 61051443 1399999999999999
146126111108116134157178191191175146109 72 42 26 28 46 7711214416717617224 610NK 828193221117699999999999999 2481071524 2599999999999999
158138121111111121138158175183179162134101 70 47 38 45 65 9412515116717224 611NK 911184225217299999999999999 33110916 5 3899999999999999
165150133118111113123138155168173167150125 97 73 57 53 62 8210913515616724 612NK 957173233516999999999999999 4201111647 5299999999999999
168160145130117111113121135149159162156142121 98 79 68 68 78 9712114316024 613NK1052162999999999999999999999 5171101732 6699999999999999
168166157143127115108109116127140149153149138122104 88 80 81 9210913014924 614NK 02116812 215399999999999999 6251081823 8099999999999999
163169166156140124110102101107117130141148147139126111 98 91 9210211813724 615NK 110169132614899999999999999 7381001922 9199999999999999
155167172167154137118101 91 89 9510712313714715014513412010710010010912524 616NK 159172145115099999999999999 845 892026 9999999999999999
144161173175168151130107 88 77 75 8410012013915315815314212711310510511524 617NK 24517616 215899999999999999 939 75212710499999999999999
132152169179179167145119 92 71 60 62 75 9712214616216716214813011510710824 618NK 3281811659167999999999999991023 59222010699999999999999
120140161178186181163135103 74 53 44 51 71 9913015617217616715013011410724 619NK 4 818617471769999999999999911 4 4423 710799999999999999
112127149172188192181156122 86 54 35 32 45 7110614016818218217014912711124 620NK 4461921830184999999999999991142 31234910799999999999999
107116136161184197196178146107 67 37 21 24 44 7711615317919018516814412224 621NK 5251981911190999999999999991221 20999999999999999999999
108108122146173195204197172135 91 51 22 12 21 48 8712816418719418416213724 622NK 6 5204195219499999999999999 03010713 1 1299999999999999
116107111130156184203208195165122 77 38 14  9 25 57 9814017419219417915524 623NK 647209203419599999999999999 1111061343  899999999999999
130112106115137165192208209190156111 67 31 12 13 33 6911115218119519117324 624NK 731211211719599999999999999 1531061427 1099999999999999
148124108106118142171196209205183147103 61 30 16 22 47 8412516218619518724 625NK 81821022 019599999999999999 2381051511 1699999999999999
167141118105106120144172194204198175140 98 61 35 27 37 63 9913817018919324 626NK 9 8204224419499999999999999 3271031557 2799999999999999
182160135113102103118141167187196189167135 99 67 47 43 55 8111514917619124 627NK10 4196233019399999999999999 4221011644 4299999999999999
191177154129108 97 98112134157176184179161134104 78 63 62 75 9913015918124 628NK11 8184999999999999999999999 523 961734 6099999999999999
192189173149123102 90 90101121144163173171158137113 93 81 81 9311514116624 629NK 017192122317499999999999999 630 881829 8099999999999999
185193187170145118 94 80 78 88106129150164167160145126109 98 9810812614924 630NK 1 6193135016799999999999999 740 771932 9799999999999999
171188194187168141111 85 68 64 72 9111514015816716615513912311211011813324 7 1NK 159194152016899999999999999 851 64204411099999999999999
154175191196187167137104 74 55 49 57 7810613515817217416515013312111712224 7 2NK 254196163917499999999999999 955 49215611799999999999999
137158179194198189165132 95 62 41 35 45 7010213516317918217315613712311824 7 3NK 3491991743183999999999999991052 35225911899999999999999
124140162184199202189162125 84 50 29 25 39 6810514217118718817615713612124 7 4NK 4422021835189999999999999991142 24235211699999999999999
116124142167190204204188156115 73 38 20 20 40 7311415218019319017415112924 7 5NK 5312061919194999999999999991228 18999999999999999999999
115114125147173196208204183147103 61 30 16 23 48 8512716418819518716714224 7 6NK 617209195719599999999999999 0381131310 1699999999999999
121110113129154181202210201175135 91 51 25 18 32 6210214317519319317915624 7 7NK 7 0210203219599999999999999 1181101349 1899999999999999
131113107115135161187205208193162121 79 45 26 27 48 8212215918419418716824 7 8NK 74020921 419499999999999999 1561071426 2499999999999999
143120107106119142169192204200180147107 70 43 34 43 6910414217218919017724 7 9NK 818204213519299999999999999 23210515 0 3499999999999999
155131112103108124148173191198189166132 96 66 48 47 63 9212615918119018424 710NK 85619822 519099999999999999 3 91031533 4599999999999999
167143121106103111129152173186187175151120 90 68 59 65 8511414517118618724 711NK 935188223618899999999999999 34710216 6 5999999999999999
176156133114103103113131151168177175161139113 91 76 74 8510713415917818624 712NK101917723 918699999999999999 4301011639 7399999999999999
182167147125109101102113129146159166163151133113 97 89 9110412514716818024 713NK1112166234618499999999999999 5201001716 8999999999999999
183176160140120105 98 9910912213714915515414613311910810310812013715517124 714NK1221156999999999999999999999 619 9718 210399999999999999
180180171154134115100 93 9310011312714014915114713912912011712012914415924 715NK 029181135215199999999999999 728 9219 311799999999999999
172179178168151130110 94 84 83 8910211913514815515414914013112612713414624 716NK 121179152915599999999999999 840 82202312599999999999999
160173180178168149126103 83 72 69 77 9311413515316316515914913713012813424 717NK 220180164316599999999999999 943 69214212899999999999999
147162176184182170148121 93 70 56 55 66 8711414116317517616815413912812624 718NK 3201851737177999999999999991037 54224412699999999999999
133149167184192189173146112 79 53 39 41 58 8611915117618718517215313412324 719NK 4151931821188999999999999991124 38233412199999999999999
122133153176195203197176142102 64 36 25 31 55 9013016518919819117114712624 720NK 5 620319 11989999999999999912 8 24999999999999999999999
115118134160187207214204175135 89 49 22 14 28 5910114418020120419016513724 721NK 555214193920599999999999999 0181141251 1499999999999999
116107115137168198219223206172125 76 36 13 12 32 7011616119521020618515424 722NK 642224201721199999999999999 1 11071333  999999999999999
125105101114142176208226226204164115 66 29 12 18 45 8813517820621420217524 723NK 729229205321499999999999999 1441001415 1199999999999999
141112 95 96114146182212227222197155106 61 30 20 33 6611015519221221219324 724NK 816228213021599999999999999 227 931455 2099999999999999
162127100 87 92114147183210221213185145100 62 40 38 56 9113317320221420624 725NK 9 522122 621499999999999999 313 861535 3699999999999999
182148115 90 81 90113145177201209199173137100 71 57 61 8311615418620621024 726NK 957209224221199999999999999 4 1 811615 5699999999999999
196170137106 84 78 87109138167186192184162133106 86 79 8810913816819220524 727NK1055193232220699999999999999 454 781656 7999999999999999
203186159128100 81 76 8410312715116917617115613611710510311213015217519224 728NK12 4176999999999999999999999 554 76174210299999999999999
199195178153125 99 80 73 78 9311313515216216315614413312412312914215817524 729NK 0 7199133616499999999999999 7 6 73184212399999999999999
188193189174152125 99 79 69 70 80 9812014015516216215614814013613714515724 730NK 1 4193152916399999999999999 827 68201513599999999999999
171183189187175154127100 76 62 59 68 8611013515516817216815914813913614124 731NK 216189165817299999999999999 945 58215613699999999999999
151166180190190179158128 97 70 52 48 57 7910813716217818217616314713513024 8 1NK 3331911753183999999999999991048 4723 513099999999999999
134146164182195196184160126 90 60 41 39 53 8011414817418919017816014012524 8 2NK 4381971833191999999999999991139 38235412099999999999999
120128145168189203203187157118 79 48 32 35 56 8912716318819719117314912724 8 3NK 53020519 6197999999999999991221 31999999999999999999999
114113126149176199211206184148106 66 38 29 39 6710614617919820018616113424 8 4NK 614212193620199999999999999 0321121258 2999999999999999
113104110130158187209216204175134 90 54 33 33 52 8712816719420419617414524 8 5NK 65321620 220499999999999999 1 61041331 3099999999999999
118101 99113139170198215214195160117 76 46 35 45 7311215318520320218515724 8 6NK 728217202720599999999999999 137 9814 1 3599999999999999
127104 94 99120150181204214205179142100 66 46 46 66 9913917519920519416924 8 7NK 8 2214205120599999999999999 2 8 931430 4499999999999999
138110 93 91104129160187205206191161124 88 63 55 65 9112716319120420018024 8 8NK 836208211520599999999999999 239 901457 5599999999999999
151121 98 87 92110137166188199194174144111 84 69 71 8911815218119920218924 8 9NK 911199213920399999999999999 312 871524 6799999999999999
164134108 90 86 96117143167183187178157131105 87 82 9111314117019119919324 810NK 94918722 619999999999999999 347 861551 8299999999999999
175148121 99 87 88101121143162173174163145125107 98 9911313415817919219324 811NK1032175223519499999999999999 426 861621 9799999999999999
182161136112 95 88 9110312013815316116115314012611611211813014816618018724 812NK1129162231118799999999999999 512 87165511299999999999999
184171152129109 95 89 9110011412914215015315014313512912813214215416717724 813NK1255153999999999999999999999 613 88174512899999999999999
180176165148128109 95 87 86 9210311713214315115415214714314014014515316324 814NK 0 018015 415499999999999999 737 86192113999999999999999
172176175166150131111 93 81 76 79 9010612514315716416516015214514114214824 815NK 114177163716699999999999999 9 6 76212014099999999999999
159170178180173158136110 86 68 60 63 77 9912515016917917917015614213413324 816NK 2441801727180999999999999991015 60223313299999999999999
142156173187192186167139106 75 52 42 48 68 9813316418619418917215113212224 817NK 35819218 51949999999999999911 8 42232312199999999999999
123137159183201208199174138 96 59 34 27 38 6710614818220320619216713911624 818NK 4572081839207999999999999991153 27999999999999999999999
107114135165196218224209177132 84 44 20 18 38 7612316820221721118715412124 819NK 548224191321799999999999999 0 51071235 1699999999999999
 98 93107137175210232234213173122 71 32 14 20 49 9514619021822420817413524 820NK 635236194522599999999999999 046 931315 1399999999999999
100 81 82104141184220240237210164111 62 29 19 34 7112017020922822319615624 821NK 722242201722999999999999999 126 791353 1999999999999999
114 81 67 76104146190224239230199152102 59 35 35 5910014819222122921317924 822NK 8 8239204922999999999999999 2 8 671430 3299999999999999
136 95 67 59 74106149190219228216184141 97 65 52 61 8912917220722522219824 823NK 855229212122699999999999999 250 5915 6 5299999999999999
160118 81 59 58 76108148183206211197168133100 80 76 9011915518821221920824 824NK 945212215421999999999999999 335 561541 7599999999999999
181144105 75 59 61 7910814217018819017815613111010010311814317119420820724 825NK1040191222920999999999999999 424 581617 9999999999999999
192166133101 76 64 67 8110513115316717116415113612512112613915717519019724 826NK1149171231119799999999999999 521 64165712199999999999999
193179157130104 84 72 72 81 9711713514915715815314714113914214915917017924 827NK1337158999999999999999999999 634 71175913999999999999999
184182172156135113 93 78 73 75 8610312113815216016216015515014714715115824 828NK 014184155716299999999999999 810 72202614799999999999999
167174177173162144122 99 80 68 67 75 9211413615616917317116215114213713924 829NK 15917717 617399999999999999 940 66221613799999999999999
147159171180181172153127 99 75 60 57 67 8811614416718118417616114313012324 830NK 3361821744184999999999999991042 5623 912399999999999999
127139157176189191180157125 92 64 49 50 66 9412715918219318917315012911424 831NK 4411921813193999999999999991128 48234611099999999999999
110120139164187201200184153115 79 53 42 50 7410914717819619918516113311124 9 1NK 52820318382009999999999999912 4 42999999999999999999999
 99102120147177201211204179142100 65 44 42 59 9213216919520519717314211324 9 2NK 6 621119 120599999999999999 017 991236 4099999999999999
 94 89101127160191212215199167125 84 54 42 51 7811715819120720518515412024 9 3NK 641216192320999999999999999 046 8913 4 4299999999999999
 93 81 86107140175204217212187149107 70 50 50 7010514618320621019616613024 9 4NK 713218194421199999999999999 113 801331 4799999999999999
 98 77 74 89118154188210215200169129 91 64 55 67 9613417320121220417814324 9 5NK 74421620 421299999999999999 140 731356 5599999999999999
107 80 68 75 98131167195209205183150113 82 67 70 9112416219321020818915624 9 6NK 816210202621299999999999999 2 8 681421 6599999999999999
119 87 68 66 81109143175195201189164132102 82 78 9011715018220320819616924 9 7NK 849201204820999999999999999 237 651445 7799999999999999
134100 75 64 70 91120151176189187172148121100 90 9511314117019220319817824 9 8NK 924190211120399999999999999 3 8 641510 9099999999999999
149116 87 70 67 7810012715217017717215713711810610511513415817919319518324 9 9NK10 4177213819699999999999999 342 66153710499999999999999
161132104 83 72 74 8610612814716016415914713412311812113214916618018618324 910NK105516422 918799999999999999 422 7116 711899999999999999
169148124102 85 78 80 9010512213714715215114613913413313614415416517417724 911NK1218152225517799999999999999 517 77165113299999999999999
172161144125106 91 83 81 86 9711012413714615215315114814514414615115816524 912NK1451153999999999999999999999 643 81184914499999999999999
169168162150133115 97 84 76 76 83 9611413214916116716616015114414014114724 913NK 024169162016799999999999999 833 75211613999999999999999
157167172172163146124 99 78 64 60 67 8510913716117718317816514813312512624 914NK 22517317 118399999999999999 952 60222212499999999999999
137154172185189180159129 95 66 47 43 55 8011515017919619718316013411410624 915NK 3491891734198999999999999991046 4323 610699999999999999
111130157184204209196167128 86 52 32 32 52 87130171200212204179145113 9124 916NK 44820918 5212999999999999991130 292346 8599999999999999
 86 99128165200222225206169122 75 39 23 31 60104153195219221201165123 8624 917NK 5382261835223999999999999991211 23999999999999999999999
 67 68 92131176214236234208164112 64 33 25 42 80130179216231221189143 9624 918NK 62623819 623199999999999999 025 651249 2499999999999999
 61 47 57 90137186224241233202154102 60 37 38 6410815920323023321016811724 919NK 712242193623599999999999999 1 4 471326 3499999999999999
 71 41 35 54 93143191225236223188142 96 63 51 62 9413818421923322419214524 920NK 75823620 723399999999999999 144 3414 1 5199999999999999
 94 52 30 32 57 98147189216222206173132 96 75 73 9112416420022322620717024 921NK 845223203822799999999999999 226 281436 7199999999999999
123 78 44 30 37 64104146181201202186158128103 92 9811814818020521721018724 922NK 93420421 921799999999999999 3 9 291510 9299999999999999
150109 71 46 38 48 7310614016718118116814912911611312114016218419920219124 923NK1029183214420299999999999999 356 38154511299999999999999
169137104 75 57 52 60 7910413015016116315714713613013113815016517718518424 924NK1142164222718699999999999999 452 52162713099999999999999
175157133109 87 71 66 69 81 9811713414715315415214714414314515015616316824 925NK1344154234016999999999999999 6 6 66175214399999999999999
169164154138119101 85 75 73 78 9010612414015215916115815214614113914214724 926NK1549161999999999999999999999 748 72205713999999999999999
154160162159149132112 93 77 70 72 8210012214316017017116415314012912412624 927NK 157162163817199999999999999 919 69221412399999999999999
134147160169170160142117 93 73 63 65 7910212915517318117716314412511110724 928NK 33417017 9181999999999999991019 62225510799999999999999
113129149168181181168144114 85 64 56 63 84114145172187189176154128106 9324 929NK 43318217351909999999999999911 2 562326 9299999999999999
 94108132159182193189170139104 74 56 54 69 98133166189197188165135106 8524 930NK 5161941757197999999999999991136 532354 7999999999999999
 79 88112143174196202191163127 90 63 52 60 85120158187202198178146111 822410 1NK 55220218182039999999999999912 5 52999999999999999999999
 68 71 91123159189206204184150111 77 57 57 75108147182203206190158120 852410 2NK 625208183920799999999999999 020 671232 5599999999999999
 62 57 71100138175201209199171133 96 69 60 70 98136173200210199171132 922410 3NK 657210185921099999999999999 046 561258 6099999999999999
 62 48 54 78115154187206205186153116 85 68 71 911251631942102061831461052410 4NK 728208191921199999999999999 112 481323 6799999999999999
 68 46 43 59 91130167194203194169136104 82 76 891161511842052081921601202410 5NK 8 0203194120999999999999999 139 421348 7699999999999999
 80 51 39 46 71106144175193194178152122 97 86 901101401711952051971731362410 6NK 83319520 420599999999999999 2 7 391413 8599999999999999
 97 63 43 41 56 85119152175185180162137114 99 971091311581831971971801512410 7NK 9 8185202919999999999999999 237 401439 9699999999999999
115 81 56 45 50 69 971271531691731651491301141081121261471681851901831632410 8NK 948173205719099999999999999 311 4515 810799999999999999
134102 75 57 52 61 791041281471591601541421301221201261391551701791791682410 9NK1041161213018099999999999999 351 52154212099999999999999
149124 99 78 65 62 69 84103122138148152150144138133132136144154163168167241010NK12 7152222216999999999999999 445 62163913299999999999999
159144125105 87 74 69 72 81 95111128141150154153149144139138139144151157241011NK1420154999999999999999999999 610 6919 113899999999999999
160157149135117 98 82 71 67 71 84101122142157166167160150138129126129138241012NK 0 5160153616799999999999999 757 6721 112699999999999999
149160165163151132108 84 66 57 59 73 97124151172182179166146126110105111241013NK 213165161818299999999999999 918 57215910599999999999999
126147167180181169145113 82 57 46 50 70101137169191197187162132103 85 81241014NK 3361821651197999999999999991014 452243 8199999999999999
 94119151180198200184152113 75 48 38 48 76115157191209207184148108 75 57241015NK 43620117232119999999999999911 0 382323 5599999999999999
 59 82118160195215214192153108 68 43 38 56 92138181212221207172126 79 45241016NK 5272171754221999999999999991142 37999999999999999999999
 32 43 76122170208226220192149102 64 45 48 74116164204226224197151 98 51241017NK 615226182522899999999999999 0 3 321220 4399999999999999
 20 15 35 77128178214228216184140 97 65 55 67 99143187219230216179127 72241018NK 7 2228185723099999999999999 042 141258 5599999999999999
 28  5  8 36 82135182213221205172132 95 73 72 91125166203224224200156103241019NK 749221192922799999999999999 123  31334 7099999999999999
 53 16  1 12 44 90139180204206189159125 98 86 92114147182208219209179135241020NK 83720820 221999999999999999 2 5  11411 8699999999999999
 86 43 15  9 23 56 98140172189188172148123106102112133161186203204189159241021NK 927191203620699999999999999 248  8144710199999999999999
119 78 44 25 23 39 67102136160172171159142126116117127144164181189186170241022NK1023173211519099999999999999 335 22152811599999999999999
144111 79 54 41 41 54 76103129148157158151141132127128134145158168172168241023NK113315922 317299999999999999 429 39162112699999999999999
155136112 88 69 58 57 65 81101121137148152151146139134132133138144151155241024NK1312152232415599999999999999 538 5618 813299999999999999
154148136119101 84 72 67 71 81 97116133146154156152145136129124124128135241025NK1448156999999999999999999999 7 5 67203112499999999999999
143148148142130113 95 80 71 71 80 96115135152162164158145131118109108113241026NK 134149154216499999999999999 831 70214210799999999999999
125138150155152140121100 81 70 70 80 99122146164172170158138118100 91 92241027NK 3 9155161717399999999999999 934 692224 9099999999999999
103121142158166162146123 98 78 67 69 84108136161177180170150123 98 80 74241028NK 4101661645181999999999999991020 662257 7499999999999999
 82101126152170176168147119 92 72 65 73 95124155178188182162133101 75 60241029NK 45517617 9188999999999999991057 652325 5999999999999999
 62 78106138165182183168142111 83 68 68 84112145174191192175145109 75 52241030NK 5341851732194999999999999991129 662353 4599999999999999
 45 56 83118153179191185163132100 77 68 77102135167191198187159121 81 50241031NK 6 91911754198999999999999991159 68999999999999999999999
 34 38 59 94133168189193179152119 90 74 75 93123157186200196173136 93 552411 1NK 643194181720199999999999999 020 331227 7299999999999999
 30 24 39 69109149179193189168138107 85 78 88113146177197201185152109 672411 2NK 716194184020299999999999999 047 241255 7799999999999999
 34 19 24 47 84125161185191179154125 99 85 87105133165190200193167128 842411 3NK 74919119 620099999999999999 115 181323 8499999999999999
 46 22 17 31 61100138168184182166140114 96 911001231511781941951781461052411 4NK 824185193219799999999999999 145 161351 9199999999999999
 65 34 19 23 44 76113146169177170153130110 991011151381631831911831611262411 5NK 9 217720 219199999999999999 218 181422 9899999999999999
 88 54 31 24 34 57 881211481641671591431251121071131281481681801821691452411 6NK 946168203618399999999999999 255 24145710799999999999999
113 80 52 36 34 45 68 951231441571591521401271181161221351501641721701572411 7NK1042159211917399999999999999 339 33154411599999999999999
135107 80 58 45 44 54 73 971201391511541511421321251221251331441551611602411 8NK1158154222116199999999999999 434 43165912299999999999999
150133111 87 68 55 52 59 74 941161351491561561491391291221201231311421502411 9NK1327157999999999999999999999 549 52185212099999999999999
153150139121100 80 64 57 59 71 90114136154165166158143127113105105114128241110NK 0 2153143516699999999999999 715 57202610499999999999999
142153157151136114 90 70 58 57 69 90117144166178176162140115 94 82 83 95241111NK 154157152317999999999999999 833 562127 8199999999999999
116140159170167151125 97 72 57 56 69 95127159182191183160128 94 68 55 59241112NK 31717016 219199999999999999 934 542216 5599999999999999
 79109142170184182163133100 72 57 58 76107144177198201184150108 68 39 29241113NK 4221851638202999999999999991026 5523 0 2999999999999999
 39 68108149181196192170136100 72 59 65 88124163195210204177133 84 40 13241114NK 5171971713211999999999999991112 592342  799999999999999
  8 26 64111157190204197171135 99 73 65 77106144182209216200162112 59 16241115NK 6 92041749216999999999999991154 65999999999999999999999
 -6 -4 22 66117163195205194166130 97 77 75 93125163196215213188144 90 38241116NK 658205182421799999999999999 025 -91235 7499999999999999
  0-16 -6 26 73124167194200186157124 97 84 88109141176203213203172125 72241117NK 74620019 121399999999999999 1 7-161315 8399999999999999
 25 -6-14  1 36 83130167188189174147119 99 92101123153182201204188154108241118NK 834191193920599999999999999 151-141355 9299999999999999
 61 21 -2 -3 15 50 92133164178176161138116102101112133158181193190170137241119NK 922180201919399999999999999 235 -5143710099999999999999
 97 56 25 10 13 33 64101134158168164150132116107109120137157172179173154241120NK101316821 317999999999999999 321  9152310799999999999999
125 91 59 36 26 31 49 77107133151158155144130118112113122135149160163157241121NK11 8158215316399999999999999 4 9 26161911299999999999999
141118 91 67 49 43 48 64 86111132147153150142131121114114118127137145148241122NK121215323 014899999999999999 5 3 43173911399999999999999
145134117 96 77 63 58 62 75 93114132146152151143133121112108109115123132241123NK1319152999999999999999999999 6 5 58191910899999999999999
137138132120104 88 75 69 71 82 98117135149155154145132117105 97 95100110241124NK 037139141915699999999999999 714 692043 9599999999999999
122132138136127113 97 83 76 77 87103123142156162158145127108 91 81 80 87241125NK 21713815 616299999999999999 822 752139 7999999999999999
101118134143144135120102 87 79 80 92110132152165168159140116 91 73 63 65241126NK 334145154316899999999999999 921 782220 6299999999999999
 78 99122141152152142124103 87 80 84 98121145164174170154128 98 70 52 46241127NK 4301541614174999999999999991010 802254 4699999999999999
 55 75103131152163160145123101 85 81 89109134159176179168142109 75 47 33241128NK 5161631644180999999999999991051 812325 3199999999999999
 34 51 79113143164171163143118 96 83 84 98123150173184179158125 86 51 26241129NK 5561711712184999999999999991127 822356 1899999999999999
 18 29 54 90127157174174160137111 91 83 90111139166184187173143103 62 29241130NK 63317617411889999999999999912 1 83999999999999999999999
 11 11 31 64104141168179173153127103 88 87101126155179190184161123 80 402412 1NK 7 8179181119099999999999999 027  81234 8599999999999999
 12  2 12 39 78119153174178166143117 97 88 94113141168187191176145103 602412 2NK 744179184319199999999999999 1 0  213 6 8899999999999999
 24  3  1 19 52 92131161175173157133109 94 91103126153177189185164128 852412 3NK 822176191719099999999999999 134  01340 9199999999999999
 44 14  1  7 31 66105140164172166147125105 95 981131361611801861761501132412 4NK 9 2172195418799999999999999 211  11417 9499999999999999
 72 36 12  6 18 44 79115146164168158140120104 981041201421641781791651382412 5NK 946168203618099999999999999 251  615 0 9899999999999999
102 65 35 17 15 30 56 901221481621631531361181051011071221421601701691552412 6NK1035164212517199999999999999 336 14155310199999999999999
130 98 65 40 26 27 42 67 981271491611611511351181061011051181341501601592412 7NK1130162222816199999999999999 426 2517 010199999999999999
148126 99 72 50 39 40 54 77104130151162162152135117103 95 971061211371482412 8NK1230163235115299999999999999 524 381821 9599999999999999
152145129106 82 63 52 52 64 84110135155166165154135114 95 83 81 891041222412 9NK1328167999999999999999999999 629 501941 8099999999999999
139148147136118 96 76 64 62 72 91116141162172171156133105 81 64 60 68 86241210NK 126149142117399999999999999 739 622050 6099999999999999
110132148154147131109 88 74 71 79 98124150171181175156126 92 62 42 37 47241211NK 256154151018199999999999999 848 702149 3799999999999999
 71101131153163159143120 97 81 77 85106133161181188178152115 75 40 19 15241212NK 412163155518899999999999999 951 762241 1499999999999999
 30 60 97133160173169151127102 85 81 91114144172191194178145101 56 19 -1241213NK 5151731639195999999999999991047 812329 -499999999999999
 -1 20 56 99139168180175155128103 87 85 98124155182198195173134 86 38  2241214NK 6101811723199999999999999991137 84999999999999999999999
-15-10 17 58105147174184175153125100 87 88105133164190201193165121 70 23241215NK 7 018418 620199999999999999 015-161223 8599999999999999
-10-21 -9 22 67114154178183171146118 96 87 93113142172194199186153107 57241216NK 746184184920099999999999999 1 0-2113 7 8799999999999999
 14-13-18 -1 34 79124159178178162137111 93 88 98120149176193193174139 93241217NK 830180193119599999999999999 143-191349 8899999999999999
 47 10-10 -8 14 51 94134162174169151126104 91 90104126153176187182160124241218NK 911174201318799999999999999 225-121430 8999999999999999
 82 41 12  1  8 33 70109142163168159139117 99 90 94108130153170176167144241219NK 950168205517699999999999999 3 6  01513 9099999999999999
111 73 41 20 16 28 54 88121147161161149130110 96 91 96111130148161162152241220NK1029163213916399999999999999 345 151559 9199999999999999
130100 70 46 33 34 49 75104131150158154141123106 95 91 97109125139148148241221NK11 9158222914999999999999999 424 311652 9199999999999999
138119 95 72 55 48 53 69 92117138151155149136119104 93 90 94103116128135241222NK1151155233313699999999999999 5 5 481757 9099999999999999
135128114 96 79 67 64 70 85104125142152153146132116100 89 84 86 93104115241223NK1238154999999999999999999999 551 641914 8499999999999999
124127124114102 89 80 78 83 96113130144153152144130112 95 81 74 74 81 92241224NK 059127133015499999999999999 648 782030 7399999999999999
106118125126121111100 91 88 92103118134147155153143126106 85 69 60 60 68241225NK 239126142215599999999999999 757 882131 5999999999999999
 83101117129133130120109 98 94 96106122138152158155142121 95 71 53 44 46241226NK 4 2133151115999999999999999 910 942219 4399999999999999
 58 79102124138143139128113101 95 98109127145159163156138111 81 53 34 28241227NK 5 21431555163999999999999991011 9523 0 2899999999999999
 35 54 81110134150153146130113 99 93 99114134154167168156131 98 63 34 17241228NK 54815316361699999999999999911 1 932337 1499999999999999
 15 29 55 89121147160160147128108 94 92101121144165175171152120 81 44 15241229NK 6271621715176999999999999991142 91999999999999999999999
  2  7 29 63101135159168162144121100 89 92107131156176182172145106 63 25241230NK 7 4168175418299999999999999 014  21220 8999999999999999
  0 -7  6 36 75116149169172159136111 92 85 93114142169186186169135 91 46241231NK 739173183318899999999999999 050 -71257 8599999999999999
