 12 13 20 32 45 56 61 61 55 46 37 30 26 26 30 39 49 56 59 57 50 40 30 2224 1 1Q2 626 6218 6 5999999999999999 023 111237 2699999999999999
 17 15 18 27 38 49 57 59 57 49 41 33 28 25 27 32 40 48 53 54 51 44 36 2824 1 2Q2 7 0 591849 5599999999999999 053 151312 2599999999999999
 22 19 20 24 32 42 51 56 57 52 45 37 31 27 26 28 32 39 45 50 50 47 41 3424 1 3Q2 737 571940 5099999999999999 126 191356 2699999999999999
 29 25 23 24 29 36 44 51 55 54 49 42 35 30 27 26 27 31 37 43 46 47 44 4024 1 4Q2 817 552041 4799999999999999 2 9 231458 2699999999999999
 35 32 29 27 28 32 38 45 51 53 51 46 40 35 30 27 25 25 29 34 40 44 45 4424 1 5Q2 9 3 532159 4599999999999999 313 271616 2599999999999999
 42 39 36 33 31 31 34 39 46 51 52 50 46 41 35 30 25 22 22 26 32 38 43 4624 1 6Q2 957 522349 4699999999999999 430 301726 2299999999999999
 46 45 43 39 36 33 32 35 41 47 51 53 52 48 42 35 28 22 18 18 23 29 37 4324 1 7Q211 6 53999999999999999999999 538 321825 1899999999999999
 48 50 50 47 42 37 33 33 36 42 48 53 56 55 51 43 34 25 17 13 14 20 28 3724 1 8Q2 117 501222 5699999999999999 637 321918 1399999999999999
 46 52 55 54 49 43 37 33 33 36 43 50 56 60 60 53 43 31 20 12  8 10 17 2724 1 9Q2 2 9 551323 6199999999999999 733 3220 9  899999999999999
 39 50 57 60 56 49 42 35 31 32 36 44 53 61 66 63 54 41 27 15  7  4  7 1624 110Q2 250 601413 6699999999999999 828 312059  499999999999999
 29 43 55 62 62 56 48 40 33 29 30 36 46 57 67 70 65 53 37 23 11  2  0  624 111Q2 328 631457 7099999999999999 920 282147  099999999999999
 18 33 48 60 66 62 54 45 37 29 25 28 37 49 62 71 72 64 49 33 18  7 -1 -124 112Q2 4 6 661541 739999999999999910 9 252231 -299999999999999
  8 22 38 54 64 67 61 51 41 32 24 21 26 38 52 64 72 71 60 44 28 15  4 -224 113Q2 444 671625 73999999999999991053 212312 -299999999999999
  1 13 29 45 59 67 66 57 46 36 26 19 18 26 40 54 65 71 67 55 39 24 12  324 114Q2 523 6717 9 71999999999999991136 172352  099999999999999
  0  6 20 36 51 62 67 63 52 41 31 21 15 17 27 41 54 63 67 61 49 34 22 1224 115Q2 6 1 671756 67999999999999991219 15999999999999999999999
  5  5 14 28 43 55 63 65 58 47 36 26 17 14 17 28 41 52 59 61 55 43 31 2124 116Q2 640 651845 6199999999999999 030  413 3 1499999999999999
 14 10 13 23 35 48 57 63 61 53 42 31 23 16 14 18 28 39 48 55 55 49 40 3024 117Q2 718 631937 5699999999999999 1 9 101351 1499999999999999
 23 18 17 21 30 41 51 58 60 57 48 38 29 22 17 15 19 27 36 44 50 50 45 3824 118Q2 758 602035 5099999999999999 150 171447 1599999999999999
 32 27 24 24 28 35 44 51 56 57 53 45 37 30 23 18 16 19 26 33 40 45 46 4424 119Q2 840 572146 4699999999999999 240 241556 1699999999999999
 39 36 33 30 29 32 38 45 50 54 54 50 45 38 32 25 19 16 17 23 30 37 42 4524 120Q2 932 542332 4599999999999999 347 291711 1699999999999999
 45 43 41 38 35 33 34 39 44 48 51 52 51 47 41 34 26 19 14 15 20 27 35 4124 121Q21055 52999999999999999999999 5 9 331822 1499999999999999
 47 49 48 46 42 37 34 34 38 42 47 50 53 54 51 44 35 25 17 12 12 17 25 3424 122Q2 116 491242 5499999999999999 630 341926 1199999999999999
 43 51 54 53 48 43 38 34 33 36 41 46 52 56 58 54 45 34 23 13  8  9 15 2524 123Q2 213 541347 5899999999999999 743 332022  899999999999999
 36 47 56 58 55 49 42 36 31 30 34 40 48 55 61 61 54 43 30 19  9  5  7 1624 124Q2 254 581433 6299999999999999 844 302111  599999999999999
 28 41 53 61 61 55 47 39 32 27 27 33 41 51 60 65 62 52 39 26 14  5  2  724 125Q2 330 621512 6599999999999999 932 262153  299999999999999
 19 34 48 59 63 60 51 42 34 27 23 25 34 45 56 64 66 60 47 33 20  9  2  224 126Q2 4 3 641546 66999999999999991012 232231  199999999999999
 11 25 41 55 63 63 56 46 36 28 22 20 25 37 49 60 65 64 54 40 26 15  6  124 127Q2 434 641619 66999999999999991047 2023 3  199999999999999
  5 18 34 49 60 64 60 51 39 30 22 17 19 28 41 53 62 64 59 47 33 20 10  424 128Q2 5 2 641650 64999999999999991118 172333  399999999999999
  4 12 27 42 55 62 62 55 43 32 23 17 15 20 32 45 56 61 60 52 40 27 16  924 129Q2 529 631722 61999999999999991147 152359  699999999999999
  6 10 21 36 49 59 62 58 48 36 25 18 14 16 24 36 48 56 58 54 45 33 22 1424 130Q2 556 621755 58999999999999991213 14999999999999999999999
 10 10 17 29 43 54 60 59 52 40 29 20 15 14 19 28 39 48 54 54 48 39 29 2024 131Q2 623 601831 5599999999999999 024  91240 1499999999999999
 15 14 17 26 37 48 56 58 54 45 34 24 18 15 17 22 31 40 48 51 49 43 35 2724 2 1Q2 653 581912 5199999999999999 050 141310 1599999999999999
 22 19 20 24 32 42 50 55 55 49 39 29 22 18 17 20 25 33 40 45 47 45 40 3324 2 2Q2 726 561959 4799999999999999 119 191349 1799999999999999
 29 26 25 26 31 37 45 50 53 51 44 36 28 23 20 20 21 26 32 38 42 44 42 3924 2 3Q2 8 3 5321 0 4499999999999999 157 251448 2099999999999999
 35 33 31 31 31 35 40 45 49 50 48 42 35 30 25 22 20 21 24 29 34 39 41 4224 2 4Q2 847 502239 4299999999999999 3 3 311618 2099999999999999
 41 39 38 36 35 34 36 40 45 48 49 47 43 38 33 27 22 19 18 20 25 31 36 4124 2 5Q2 952 49999999999999999999999 441 341746 1899999999999999
 44 45 45 43 40 37 35 36 39 43 47 49 49 47 42 36 28 21 15 13 15 20 27 3524 2 6Q2 116 451138 5099999999999999 611 351859 1399999999999999
 43 48 51 50 46 41 36 33 33 36 42 47 52 54 53 46 37 26 17 10  7  9 16 2624 2 7Q2 210 5113 7 5599999999999999 727 3320 0  799999999999999
 37 47 54 56 53 46 39 33 29 29 33 41 49 57 61 58 48 36 23 11  3  1  5 1524 2 8Q2 246 5614 4 6199999999999999 828 282052  199999999999999
 27 42 54 60 59 53 44 35 27 22 24 31 42 53 63 66 60 47 32 18  6 -2 -3  424 2 9Q2 320 611452 6699999999999999 918 222138 -499999999999999
 17 33 49 60 64 59 50 39 28 19 15 19 30 44 58 68 69 60 44 28 13  1 -6 -424 210Q2 354 641537 709999999999999910 2 152219 -799999999999999
  7 23 40 56 66 65 57 44 32 20 11  9 17 31 48 62 70 68 56 39 23  9 -2 -724 211Q2 428 671620 71999999999999991042  92257 -799999999999999
 -1 14 32 49 62 68 63 51 37 24 12  4  6 18 34 50 63 69 64 50 33 19  6 -224 212Q2 5 2 6817 3 69999999999999991122  42334 -499999999999999
 -3  7 24 41 56 66 67 58 44 29 17  6  1  6 20 37 52 62 65 57 43 28 16  624 213Q2 536 681746 659999999999999912 0  1999999999999999999999
  1  5 17 34 49 61 66 63 51 36 23 11  3  2 10 24 39 51 59 59 50 37 25 1624 214Q2 6 9 661830 6099999999999999 0 9  11240  199999999999999
 10  8 15 28 42 54 62 63 56 44 30 19 10  4  6 14 27 39 49 54 52 43 33 2424 215Q2 642 641915 5499999999999999 043  81322  499999999999999
 19 16 17 25 36 47 55 60 58 50 38 27 18 12  9 11 18 29 38 45 48 46 39 3224 216Q2 715 6020 6 4899999999999999 117 161410  899999999999999
 27 24 23 25 32 41 49 54 55 52 44 35 27 21 16 14 15 20 28 35 40 43 42 3824 217Q2 749 552110 4399999999999999 156 231514 1399999999999999
 34 32 31 30 32 36 42 47 50 50 47 42 36 31 26 21 17 17 20 25 31 36 39 4024 218Q2 832 502310 4099999999999999 258 301639 1699999999999999
 40 39 38 37 35 35 36 40 43 45 45 45 43 40 36 30 24 18 16 17 22 27 33 3824 219Q2 958 45999999999999999999999 443 3418 8 1699999999999999
 43 45 45 43 40 37 34 34 36 39 41 44 46 47 45 40 32 24 16 12 13 18 25 3324 220Q2 135 451246 4799999999999999 634 341920 1299999999999999
 41 47 50 50 46 41 35 31 30 31 35 40 46 50 52 48 41 31 21 12  8  9 16 2524 221Q2 216 511350 5299999999999999 753 302016  899999999999999
 36 46 53 55 51 45 38 31 26 25 28 34 42 50 56 56 49 39 27 16  7  3  7 1624 222Q2 248 551431 5699999999999999 844 2421 0  399999999999999
 29 41 52 58 56 49 41 32 24 20 20 27 36 47 55 60 56 46 33 21 10  2  1  824 223Q2 317 5815 6 6099999999999999 923 192138  099999999999999
 21 35 49 58 60 54 44 34 25 17 14 18 28 41 52 60 61 54 41 27 14  4 -1  224 224Q2 345 601538 6299999999999999 957 142211 -199999999999999
 13 28 44 55 61 58 49 37 26 16 10 11 19 33 46 57 62 59 48 34 20  8  1 -124 225Q2 411 6116 9 62999999999999991027 102241 -199999999999999
  7 21 38 52 60 61 53 41 28 17  9  6 11 23 38 52 60 61 54 40 26 14  5  024 226Q2 435 621638 61999999999999991055  623 8  099999999999999
  3 15 31 47 58 62 57 46 32 19 10  4  6 15 30 44 55 60 57 46 33 20 10  424 227Q2 458 6217 7 60999999999999991120  42333  399999999999999
  4 11 25 41 54 61 59 50 37 23 12  5  4  9 21 36 48 56 57 51 39 27 16  924 228Q2 522 611738 58999999999999991144  42356  799999999999999
  7 11 21 35 49 57 60 54 42 28 16  8  5  7 16 28 41 50 55 52 44 33 23 1624 229Q2 547 601810 559999999999999912 8  5999999999999999999999
 12 13 19 31 43 53 58 56 47 34 21 12  8  8 13 22 34 43 50 51 47 38 29 2224 3 1Q2 614 581845 5199999999999999 020 121233  799999999999999
 18 17 21 28 38 47 53 55 50 39 28 18 12 10 12 18 27 36 43 47 47 42 35 2824 3 2Q2 643 551926 4799999999999999 044 1713 2 1099999999999999
 25 23 24 28 35 42 48 52 50 44 34 25 18 15 15 17 22 28 35 40 43 42 38 3424 3 3Q2 715 522019 4399999999999999 1 9 231344 1599999999999999
 31 30 29 30 33 38 43 47 48 46 40 33 26 22 19 18 19 22 26 31 35 38 39 3824 3 4Q2 754 482150 3999999999999999 142 291510 1899999999999999
 36 36 35 35 34 35 38 41 44 45 44 40 35 30 26 23 19 18 18 21 26 30 35 3824 3 5Q2 859 45999999999999999999999 352 341714 1899999999999999
 41 41 41 40 38 35 34 35 37 40 43 44 43 40 36 30 24 18 13 12 15 20 27 3424 3 6Q2 129 421112 4499999999999999 6 3 341846 1299999999999999
 41 46 47 46 42 37 32 29 29 32 37 43 47 49 47 41 32 22 13  7  5  9 16 2624 3 7Q2 2 1 471259 4999999999999999 725 281948  599999999999999
 37 47 52 52 48 41 32 25 21 22 28 36 45 53 56 53 43 31 18  7  0  0  6 1624 3 8Q2 229 531358 5699999999999999 818 212037 -199999999999999
 30 44 54 58 54 46 35 25 16 12 16 25 38 50 60 62 55 42 27 13  2 -5 -3  624 3 9Q2 259 581445 6299999999999999 9 2 122119 -599999999999999
 21 37 52 61 61 53 40 27 15  6  4 12 25 41 56 65 65 54 38 22  8 -3 -7 -224 310Q2 330 621528 6699999999999999 942  42158 -799999999999999
 12 29 46 60 65 60 47 32 18  5 -3 -1 11 28 46 60 67 63 49 33 17  5 -4 -524 311Q2 4 1 6516 9 68999999999999991021 -32234 -699999999999999
  5 21 39 55 65 66 56 39 23  9 -3 -8 -1 14 33 50 62 66 58 43 27 14  3 -224 312Q2 433 671650 66999999999999991059 -82310 -399999999999999
  1 15 32 49 61 67 62 48 31 15  3 -7 -8  2 20 37 52 62 62 51 36 23 13  524 313Q2 5 5 671730 63999999999999991136 -92344  399999999999999
  3 11 26 42 56 64 65 56 40 23 10  0 -6 -3  9 25 41 52 58 55 44 31 21 1424 314Q2 536 661811 58999999999999991214 -6999999999999999999999
 10 12 21 36 49 58 62 59 47 32 19  9  2 -1  4 16 30 42 50 52 48 38 28 2224 315Q2 6 6 621852 5399999999999999 017  91253 -199999999999999
 18 17 21 30 42 51 57 57 51 40 28 18 11  7  6 12 21 32 40 45 46 42 35 2924 316Q2 636 581939 4799999999999999 050 171338  699999999999999
 26 24 24 28 36 44 50 52 50 44 36 27 21 17 14 13 17 24 31 37 40 41 38 3524 317Q2 7 8 522040 4199999999999999 126 241437 1399999999999999
 32 31 30 30 33 37 42 45 46 44 40 35 30 26 23 19 18 19 23 28 32 36 38 3824 318Q2 747 462239 3899999999999999 226 3016 8 1899999999999999
 38 37 37 35 34 34 35 37 39 40 40 39 37 35 32 28 22 18 17 19 24 29 34 3824 319Q2 918 40999999999999999999999 432 331749 1799999999999999
 41 42 42 40 37 33 31 30 32 34 37 39 41 42 40 36 29 22 16 13 15 20 27 3424 320Q2 124 431249 4299999999999999 638 3019 3 1399999999999999
 41 46 47 45 41 35 29 25 24 27 31 36 42 46 47 43 36 27 18 11  9 12 19 2824 321Q2 156 471343 4799999999999999 742 241954  899999999999999
 38 46 50 50 45 38 30 23 18 19 24 31 39 47 51 50 43 33 22 12  6  5 11 2124 322Q2 224 511420 5299999999999999 823 182035  499999999999999
 33 43 51 54 49 41 31 22 15 12 15 24 34 45 52 55 50 40 28 16  6  2  4 1424 323Q2 250 541452 5599999999999999 857 122110  299999999999999
 27 40 50 56 54 45 34 23 13  7  8 15 27 40 51 57 56 47 34 21 10  2  1  724 324Q2 315 561522 5899999999999999 928  72142  099999999999999
 20 35 48 56 57 50 38 25 13  5  2  7 18 33 46 56 59 53 41 27 15  6  1  324 325Q2 338 581551 5999999999999999 957  22212  199999999999999
 14 29 44 55 59 55 43 28 15  5  0  1 10 24 40 52 59 57 48 34 21 11  4  324 326Q2 4 1 591620 59999999999999991023 -12239  299999999999999
 10 23 39 52 59 58 49 34 19  7  0 -2  3 16 32 46 56 59 53 41 28 17  9  524 327Q2 423 601648 59999999999999991048 -223 4  599999999999999
  8 19 34 48 57 60 54 40 25 12  2 -2  0 10 24 39 51 57 55 46 34 23 14  924 328Q2 447 601717 58999999999999991113 -22330  999999999999999
 10 17 29 43 54 59 57 46 31 17  7  1  0  6 18 32 45 53 55 50 40 29 21 1524 329Q2 513 591748 55999999999999991137  02355 1399999999999999
 13 17 26 38 49 56 57 51 38 24 13  6  3  5 14 26 38 47 52 51 44 35 26 2124 330Q2 540 581822 529999999999999912 3  3999999999999999999999
 18 19 25 34 44 51 55 52 44 31 19 12  8  8 12 20 30 39 45 48 46 39 32 2724 331Q2 6 9 5519 2 4899999999999999 021 181232  799999999999999
 24 24 26 31 39 46 50 51 47 38 27 19 14 12 13 17 24 31 37 41 43 41 36 3224 4 1Q2 641 511956 4399999999999999 048 241313 1299999999999999
 30 29 29 31 35 40 44 46 46 42 35 27 22 18 17 17 19 23 28 33 36 39 38 3724 4 2Q2 725 472125 3999999999999999 128 291433 1799999999999999
 35 34 34 33 33 34 37 40 42 42 40 36 31 27 23 20 18 17 19 23 27 32 36 3924 4 3Q2 843 42999999999999999999999 338 331645 1799999999999999
 40 40 39 36 33 30 29 31 34 37 40 41 40 37 33 27 21 16 13 13 17 23 30 3724 4 4Q2 024 4011 1 4199999999999999 551 291821 1299999999999999
 43 45 45 41 36 29 24 22 24 28 35 41 46 47 44 37 28 19 11  7  8 13 22 3224 4 5Q2 118 451245 4799999999999999 7 2 221921  799999999999999
 42 49 51 47 40 31 22 15 13 17 25 35 45 52 53 48 38 27 15  6  2  5 13 2524 4 6Q2 151 511344 5499999999999999 751 1320 7  299999999999999
 37 49 55 54 47 36 24 13  5  5 12 24 38 50 58 58 50 37 23 11  2  0  5 1724 4 7Q2 224 561430 5999999999999999 833  42049  099999999999999
 31 45 56 60 55 42 28 14  3 -4 -1 10 26 42 56 63 60 48 33 19  8  0  1 1024 4 8Q2 256 601513 6399999999999999 914 -42129 -199999999999999
 24 40 54 63 62 52 35 19  5 -6 -9 -3 12 30 47 60 65 58 43 28 16  6  1  524 4 9Q2 328 641553 6599999999999999 953 -922 7  199999999999999
 18 34 49 61 66 60 45 27 12 -1-10-11  0 18 36 52 62 63 53 38 25 14  7  524 410Q2 4 1 661633 64999999999999991032-122244  599999999999999
 12 27 43 56 65 65 55 37 20  6 -5-11 -7  6 24 41 54 61 58 46 33 22 15 1024 411Q2 433 661712 62999999999999991111-112320  999999999999999
 11 21 36 50 60 65 61 47 30 15  4 -4 -7  0 14 30 44 54 57 52 40 29 22 1724 412Q2 5 4 651751 58999999999999991150 -72355 1599999999999999
 15 19 30 43 54 60 61 53 40 25 14  6  0  0  8 22 35 45 52 52 45 36 29 2424 413Q2 535 611832 53999999999999991229 -1999999999999999999999
 21 21 26 36 47 54 56 54 46 34 23 15 10  7  9 16 27 36 44 47 46 41 34 3024 414Q2 6 6 561918 4899999999999999 032 201313  799999999999999
 27 26 27 32 39 46 50 50 47 40 31 24 19 16 14 15 21 28 35 40 43 42 39 3524 415Q2 639 502016 4399999999999999 113 2614 8 1499999999999999
 33 31 30 31 34 38 42 44 44 41 37 32 28 24 21 19 19 22 27 32 37 39 40 3924 416Q2 725 442146 4099999999999999 217 301531 1999999999999999
 38 36 35 33 32 32 34 37 38 39 38 37 35 32 29 25 21 19 20 24 29 34 38 4024 417Q2 859 39999999999999999999999 412 3217 9 1999999999999999
 41 41 39 36 32 29 28 29 31 34 36 38 39 39 36 32 26 20 17 17 21 27 34 3924 418Q2 0 5 411212 3999999999999999 6 3 281822 1699999999999999
 43 45 43 40 34 28 24 22 23 27 32 37 41 44 43 38 31 23 16 13 14 20 28 3624 419Q2 1 4 451315 4499999999999999 7 3 221914 1399999999999999
 42 47 47 44 37 29 22 17 15 19 26 33 41 46 48 45 38 28 19 12 10 13 21 3124 420Q2 139 481355 4899999999999999 744 151956 1099999999999999
 40 47 51 48 41 31 22 14 10 11 18 27 37 46 51 51 45 35 24 15  9  9 15 2524 421Q2 2 7 511428 5299999999999999 818  92032  899999999999999
 37 46 52 53 46 35 24 14  7  4  9 19 31 43 52 55 52 42 30 19 11  7 10 2024 422Q2 233 531459 5599999999999999 850  421 5  799999999999999
 32 44 53 56 52 41 27 15  6  1  2 11 24 38 50 57 57 49 37 25 15  9  9 1524 423Q2 258 561529 5899999999999999 919  02136  899999999999999
 27 40 52 58 57 48 33 19  8  0 -2  4 15 31 45 55 59 55 44 32 21 13 10 1324 424Q2 322 581557 5999999999999999 948 -222 6 1099999999999999
 22 36 49 58 60 54 41 25 12  2 -3 -1  8 23 38 51 59 58 50 38 27 19 13 1324 425Q2 347 611627 59999999999999991016 -32236 1299999999999999
 19 31 44 56 61 59 48 33 18  7  0 -2  4 16 31 45 55 59 55 44 33 25 18 1524 426Q2 415 621658 59999999999999991045 -223 6 1599999999999999
 18 27 39 51 60 61 54 41 25 13  4  0  2 11 24 38 49 56 56 49 39 30 24 2024 427Q2 443 621731 57999999999999991115  02337 1999999999999999
 19 24 35 46 55 60 58 48 34 20 11  5  3  8 18 30 42 50 54 52 44 36 29 2524 428Q2 514 6018 9 54999999999999991148  3999999999999999999999
 23 24 31 40 49 55 57 52 42 29 18 11  8  8 14 23 34 42 48 50 47 41 34 3024 429Q2 548 571853 5099999999999999 011 221225  799999999999999
 27 26 29 35 42 49 52 52 47 37 27 19 14 12 13 18 26 34 40 45 46 44 39 3524 430Q2 628 531951 4699999999999999 052 261313 1299999999999999
 32 30 29 31 35 41 45 48 47 43 36 28 22 19 16 17 20 25 31 37 41 44 43 4024 5 1Q2 725 482110 4499999999999999 154 291427 1699999999999999
 37 35 32 30 30 32 36 40 43 44 42 37 32 27 23 19 18 19 22 28 34 39 43 4424 5 2Q2 850 442248 4499999999999999 334 301610 1899999999999999
 42 40 36 32 28 25 26 30 35 40 43 44 41 37 32 26 20 16 16 19 25 33 40 4524 5 3Q21041 44999999999999999999999 517 251737 1599999999999999
 47 46 42 36 29 22 18 18 23 31 38 44 48 47 42 35 27 19 14 13 17 25 34 4324 5 4Q2 0 7 471217 4899999999999999 624 181838 1399999999999999
 49 52 49 42 33 23 14  9 11 18 29 39 48 53 52 45 36 26 17 11 12 18 28 3824 5 5Q2 058 521321 5399999999999999 714  91928 1199999999999999
 48 55 56 50 39 27 15  6  2  6 16 29 42 53 58 55 46 34 24 15 10 13 21 3324 5 6Q2 140 561410 5899999999999999 8 0  22013 1099999999999999
 45 55 60 59 49 34 20  7 -2 -4  3 17 32 47 58 62 56 44 32 22 14 11 16 2724 5 7Q2 218 611455 6299999999999999 843 -42056 1199999999999999
 40 52 61 65 59 44 28 13  1 -6 -6  4 20 37 52 62 63 54 41 30 21 15 14 2124 5 8Q2 255 651536 6499999999999999 926 -72138 1399999999999999
 33 47 58 66 66 55 39 22  8 -2 -8 -4  9 25 42 56 63 61 50 38 28 21 16 1824 5 9Q2 330 671616 649999999999999910 9 -82220 1699999999999999
 27 40 53 63 68 63 50 33 18  6 -3 -6  1 15 32 47 58 62 57 46 35 28 22 1924 510Q2 4 5 681656 62999999999999991051 -623 1 1999999999999999
 23 33 47 58 65 66 58 44 28 15  6 -1 -1  8 22 37 50 58 59 52 42 33 28 2324 511Q2 440 661736 60999999999999991132 -22342 2299999999999999
 23 28 39 51 59 63 61 52 38 25 15  8  4  6 16 29 41 51 56 55 48 39 33 2924 512Q2 513 631818 56999999999999991213  4999999999999999999999
 26 26 33 43 52 57 59 55 45 34 24 17 12 10 13 22 33 43 50 53 50 44 38 3324 513Q2 548 5919 3 5399999999999999 023 251256 1099999999999999
 30 28 30 36 43 50 53 53 48 41 32 25 20 16 16 19 27 35 43 48 49 47 43 3824 514Q2 626 531955 4999999999999999 1 8 281344 1599999999999999
 34 32 30 32 36 41 46 48 47 43 38 32 27 24 21 20 23 28 35 41 46 47 45 4224 515Q2 717 482056 4799999999999999 2 5 301447 2099999999999999
 39 35 33 31 31 34 37 41 43 43 41 38 34 30 27 24 22 23 28 34 40 44 46 4524 516Q2 833 4322 8 4699999999999999 328 3116 6 2299999999999999
 43 39 36 32 29 28 29 33 37 40 41 41 40 37 33 29 25 22 23 27 34 40 44 4624 517Q21028 412323 4799999999999999 5 0 281719 2299999999999999
 46 44 40 35 29 25 23 24 29 34 39 42 44 43 40 35 29 24 21 22 27 34 41 4624 518Q21216 44999999999999999999999 6 5 231816 2099999999999999
 48 48 45 39 31 24 19 18 21 27 34 40 45 48 47 42 35 28 22 19 22 28 36 4424 519Q2 023 481315 4899999999999999 652 1819 2 1999999999999999
 49 51 50 44 35 26 18 13 13 18 27 36 44 50 52 49 42 33 25 20 19 23 31 4024 520Q2 1 6 511357 5299999999999999 731 131943 1999999999999999
 48 53 54 50 41 30 19 12  9 11 18 29 40 49 55 55 49 40 31 23 19 20 26 3624 521Q2 141 551432 5699999999999999 8 6  82021 1999999999999999
 46 54 58 56 48 36 23 13  7  6 11 21 33 46 55 59 56 48 38 29 22 20 23 3124 522Q2 213 5815 5 5999999999999999 841  52057 2099999999999999
 42 53 60 62 56 44 29 17  8  3  5 13 25 39 52 59 60 54 44 35 27 22 22 2824 523Q2 244 621537 6199999999999999 915  32133 2199999999999999
 38 49 59 65 63 53 38 23 12  4  2  7 17 31 46 57 62 59 51 41 33 26 23 2524 524Q2 315 651610 6299999999999999 951  22211 2399999999999999
 33 44 56 65 67 61 47 32 18  9  3  3 11 23 38 51 60 62 56 47 38 31 26 2524 525Q2 348 671645 62999999999999991028  22249 2499999999999999
 29 39 50 61 67 66 56 41 27 15  7  4  7 16 30 43 54 61 60 53 44 36 31 2724 526Q2 423 681723 619999999999999911 7  42330 2699999999999999
 27 33 44 54 63 66 62 51 36 23 14  8  6 11 22 35 46 55 59 56 49 42 35 3124 527Q2 5 0 6618 5 59999999999999991147  6999999999999999999999
 28 29 36 46 56 62 63 57 45 33 22 15 10 10 16 27 38 48 55 57 53 47 40 3524 528Q2 541 631853 5799999999999999 013 271230  999999999999999
 31 29 31 38 46 54 58 58 52 42 31 23 17 14 15 21 30 39 47 53 55 51 45 4024 529Q2 631 591947 5599999999999999 1 2 291319 1399999999999999
 35 31 29 31 37 44 50 54 54 49 41 32 25 20 17 18 23 31 39 47 52 53 50 4524 530Q2 732 542047 5399999999999999 2 1 291418 1799999999999999
 40 35 30 28 29 33 39 45 50 51 48 41 35 29 24 21 21 25 31 39 47 52 53 5024 531Q2 847 512149 5399999999999999 316 271531 2099999999999999
 46 40 34 28 24 24 28 34 41 47 50 48 44 38 32 27 23 22 25 32 40 48 53 5424 6 1Q21011 502253 5499999999999999 435 231645 2299999999999999
 52 47 40 32 25 19 18 22 30 38 46 50 51 48 42 35 29 24 22 26 33 42 50 5524 6 2Q21139 512356 5799999999999999 542 181748 2299999999999999
 57 54 48 39 29 19 13 12 18 27 37 46 53 55 52 45 37 30 24 23 28 36 45 5324 6 3Q21253 55999999999999999999999 637 121843 2399999999999999
 58 60 57 48 36 24 14  8  8 15 26 38 49 57 59 55 46 37 30 25 25 30 39 4924 6 4Q2 053 601351 5999999999999999 728  71934 2499999999999999
 57 63 64 58 46 32 20  9  4  5 14 27 40 52 61 62 56 46 37 30 26 27 33 4324 6 5Q2 143 641439 6399999999999999 817  32025 2699999999999999
 53 61 67 67 58 43 28 16  6  2  5 16 30 44 57 64 63 55 45 37 31 27 29 3624 6 6Q2 227 681523 6599999999999999 9 6  22116 2799999999999999
 47 58 66 71 67 55 39 25 13  5  1  7 19 34 49 61 66 62 53 43 36 31 28 3124 6 7Q2 3 8 7116 5 6699999999999999 953  122 5 2899999999999999
 40 51 62 69 72 65 51 35 22 12  4  3 11 25 40 54 63 66 60 50 42 36 31 2924 6 8Q2 347 721646 66999999999999991039  32252 2999999999999999
 33 44 55 65 70 69 60 46 32 21 12  6  7 17 31 45 57 64 64 56 47 40 35 3024 6 9Q2 424 711726 65999999999999991122  52335 2999999999999999
 30 36 47 58 65 68 65 55 41 29 20 12  9 13 24 37 50 59 63 61 53 45 39 3324 610Q2 5 1 6818 6 639999999999999912 2  9999999999999999999999
 30 32 39 49 58 64 64 59 49 37 27 20 14 13 19 30 43 53 60 61 57 50 42 3724 611Q2 538 651846 6199999999999999 016 301241 1399999999999999
 32 31 34 41 50 57 60 59 53 44 35 27 21 18 19 25 35 46 54 59 58 54 47 4024 612Q2 618 601928 5999999999999999 057 311319 1799999999999999
 35 32 31 35 41 48 53 55 54 48 41 33 28 23 22 24 30 39 48 54 57 56 51 4424 613Q2 7 5 552011 5799999999999999 142 3114 3 2299999999999999
 39 34 32 31 34 40 45 50 51 50 46 40 34 30 27 25 27 33 41 49 54 56 54 4924 614Q2 8 3 512057 5699999999999999 238 311457 2599999999999999
 43 38 34 31 30 32 37 42 47 49 48 45 41 36 33 29 28 30 35 42 49 54 55 5224 615Q2 912 492146 5599999999999999 349 3016 3 2899999999999999
 48 43 37 33 29 27 29 34 40 45 48 48 46 43 39 35 31 30 31 36 44 50 54 5524 616Q21037 482241 5599999999999999 458 2717 6 2999999999999999
 53 48 43 36 30 26 24 26 32 39 45 48 50 49 47 42 37 32 30 32 38 45 52 5624 617Q21214 502343 5699999999999999 555 2418 1 3099999999999999
 56 54 49 42 34 26 21 21 24 31 39 46 51 54 53 50 44 37 33 32 34 41 48 5524 618Q21321 54999999999999999999999 642 201849 3199999999999999
 59 59 56 49 39 30 22 17 18 23 31 40 49 55 58 56 51 44 37 33 33 37 44 5224 619Q2 041 5914 7 5899999999999999 726 171935 3299999999999999
 59 63 63 57 47 36 25 17 14 16 22 32 43 53 60 62 58 51 43 37 34 34 39 4724 620Q2 129 641446 6299999999999999 8 9 142022 3399999999999999
 56 64 68 66 57 44 31 20 13 11 15 23 35 48 58 64 64 57 49 42 36 34 35 4224 621Q2 212 681523 6599999999999999 853 1121 9 3499999999999999
 51 61 69 72 67 55 40 27 16 10  9 15 26 39 53 63 67 63 56 48 41 35 33 3624 622Q2 252 7216 0 6799999999999999 938  92157 3399999999999999
 45 56 66 73 73 65 50 35 23 13  8  9 17 30 44 58 66 68 62 53 46 39 34 3224 623Q2 331 741639 68999999999999991022  82243 3299999999999999
 38 48 60 70 75 72 61 46 32 20 11  7 11 21 35 50 62 68 67 59 51 43 37 3124 624Q2 412 751719 689999999999999911 4  72328 3199999999999999
 32 39 50 62 71 74 69 57 42 29 18 11  9 15 27 41 54 64 68 65 57 48 41 3424 625Q2 455 7418 1 68999999999999991146  9999999999999999999999
 29 32 40 52 62 70 71 64 52 38 27 18 12 12 20 33 46 57 65 67 62 54 45 3824 626Q2 541 711845 6799999999999999 012 291228 1199999999999999
 31 28 32 41 51 60 66 67 60 48 36 27 19 15 18 26 38 50 59 65 65 59 51 4224 627Q2 632 671929 6699999999999999 059 281311 1599999999999999
 35 29 27 31 40 49 57 62 62 56 46 36 28 22 20 23 32 42 52 61 65 63 57 4824 628Q2 729 632014 6599999999999999 150 271357 2099999999999999
 40 33 28 26 30 37 46 54 59 59 53 45 37 31 27 25 29 36 46 55 61 64 62 5524 629Q2 830 5921 1 6499999999999999 249 261451 2599999999999999
 47 39 32 26 24 27 34 43 50 55 56 52 46 41 35 32 30 33 40 48 56 62 63 6124 630Q2 939 562153 6399999999999999 356 241553 3099999999999999
 54 47 39 31 25 22 24 31 40 48 53 55 54 50 45 40 36 34 36 42 50 57 62 6424 7 1Q211 1 552256 6499999999999999 5 4 221659 3499999999999999
 61 56 48 39 30 23 19 21 28 38 46 53 57 57 54 48 43 38 36 38 44 52 58 6324 7 2Q21231 57999999999999999999999 6 7 1918 3 3699999999999999
 65 64 58 49 39 28 20 16 19 27 36 46 54 60 61 57 51 45 40 38 40 46 53 5924 7 3Q2 012 651341 6199999999999999 7 6 1619 6 3899999999999999
 65 68 67 60 49 37 26 17 14 17 25 36 47 58 64 65 60 52 46 41 39 40 46 5424 7 4Q2 119 681433 6599999999999999 8 2 1420 9 3899999999999999
 61 68 72 70 61 48 35 23 15 12 16 26 38 51 62 68 67 60 52 46 41 38 40 4724 7 5Q2 213 721518 6999999999999999 856 1221 9 3899999999999999
 56 65 72 75 71 59 45 32 21 13 11 17 28 42 56 67 71 67 59 51 45 39 36 3924 7 6Q2 258 751559 7199999999999999 946 1122 1 3699999999999999
 48 58 68 75 76 69 55 41 29 18 11 11 20 34 48 62 71 72 65 56 48 42 36 3524 7 7Q2 338 771637 72999999999999991030 102246 3599999999999999
 40 50 62 71 76 74 64 50 37 25 16 11 14 25 40 55 66 72 70 62 53 45 38 3324 7 8Q2 416 761713 72999999999999991110 112326 3399999999999999
 34 42 53 64 72 74 70 58 45 33 23 15 13 20 33 48 61 69 72 67 57 48 41 3424 7 9Q2 452 741748 72999999999999991146 13999999999999999999999
 31 35 44 56 65 71 70 64 52 40 29 21 17 18 27 41 54 65 70 69 62 52 43 3624 710Q2 528 711821 7199999999999999 0 2 311219 1699999999999999
 32 31 37 47 57 65 68 65 57 46 36 28 22 20 24 35 48 59 67 69 65 57 47 3924 711Q2 6 5 681854 6999999999999999 037 311250 2099999999999999
 34 31 32 39 48 57 62 64 60 52 42 34 28 25 25 31 41 53 62 67 67 61 52 4324 712Q2 646 641927 6799999999999999 111 311322 2499999999999999
 37 32 31 34 40 48 55 60 60 56 48 41 35 31 29 31 37 46 56 63 66 63 57 4824 713Q2 732 6020 3 6699999999999999 151 311358 2999999999999999
 41 36 33 32 35 40 47 53 57 56 53 47 42 37 35 34 36 42 50 58 63 64 60 5424 714Q2 824 572042 6499999999999999 240 321447 3499999999999999
 47 41 36 33 32 34 40 46 51 55 54 52 48 45 42 39 38 40 45 52 59 62 62 5924 715Q2 928 552128 6399999999999999 346 321552 3899999999999999
 53 47 41 36 32 31 33 38 44 50 53 54 53 51 49 46 43 41 43 48 54 59 62 6224 716Q21057 542225 6399999999999999 455 3117 0 4199999999999999
 59 54 48 42 35 30 29 31 36 42 49 53 56 57 56 53 49 45 43 45 49 55 60 6324 717Q21251 572341 6499999999999999 558 2918 3 4399999999999999
 64 62 56 49 41 33 27 25 28 34 41 49 55 60 61 60 55 50 46 44 46 50 56 6224 718Q21355 61999999999999999999999 655 2519 4 4499999999999999
 66 68 65 58 49 38 29 23 22 25 32 41 51 59 65 66 62 56 50 46 44 45 50 5724 719Q2 054 681439 6699999999999999 749 2120 4 4499999999999999
 65 71 73 68 59 46 34 25 19 17 22 31 42 55 65 70 68 63 56 49 44 41 44 5024 720Q2 150 731517 7099999999999999 841 1721 1 4199999999999999
 60 69 76 77 70 57 43 30 20 14 14 21 32 46 60 70 73 69 62 54 46 40 38 4224 721Q2 238 771553 7399999999999999 930 132152 3899999999999999
 51 62 73 80 79 69 54 39 26 16 11 13 22 36 52 66 75 75 68 59 50 41 35 3424 722Q2 322 801630 76999999999999991014 102237 3499999999999999
 41 52 66 77 82 78 65 50 35 22 13  9 15 27 43 59 72 77 74 65 55 45 36 3024 723Q2 4 6 8217 7 77999999999999991056  92320 2999999999999999
 31 41 54 68 78 81 75 61 45 31 20 12 11 20 35 51 65 75 78 71 60 49 39 3024 724Q2 451 811744 78999999999999991135 10999999999999999999999
 26 30 42 56 68 77 78 70 56 41 29 19 14 17 28 43 58 70 77 76 67 55 44 3424 725Q2 537 791821 7899999999999999 0 2 261213 1499999999999999
 26 24 31 43 56 67 74 73 64 51 39 29 21 19 25 37 51 63 73 77 72 62 50 3924 726Q2 625 751859 7799999999999999 044 241250 1999999999999999
 30 24 25 32 44 55 65 70 68 59 48 38 31 26 26 33 45 57 67 73 74 68 57 4624 727Q2 715 701937 7599999999999999 128 231329 2599999999999999
 37 29 25 26 33 44 53 61 65 63 55 47 40 35 33 34 41 51 61 68 72 71 64 5424 728Q2 8 8 652016 7299999999999999 219 251412 3299999999999999
 45 37 31 27 28 34 42 51 58 61 59 54 48 44 41 39 41 46 54 62 68 70 68 6224 729Q2 910 6121 1 7099999999999999 320 2615 7 3999999999999999
 54 46 39 33 28 28 33 40 48 54 58 58 56 52 49 47 45 45 49 56 62 66 67 6624 730Q21033 5822 4 6799999999999999 431 271620 4499999999999999
 62 56 49 42 34 28 27 31 37 45 52 57 59 59 58 54 51 48 47 50 55 60 64 6624 731Q21229 602347 6799999999999999 546 271743 4799999999999999
 67 65 59 52 43 34 27 25 28 35 43 51 58 63 65 62 58 53 49 47 49 53 58 6324 8 1Q21347 65999999999999999999999 655 2519 4 4799999999999999
 67 70 69 63 53 42 32 25 22 25 33 42 53 63 69 69 65 59 53 48 45 46 51 5724 8 2Q2 114 701434 7099999999999999 756 222015 4599999999999999
 64 71 74 72 63 52 40 29 21 19 23 33 45 57 68 73 72 65 58 51 45 42 43 5024 8 3Q2 210 741513 7499999999999999 850 192111 4199999999999999
 58 67 75 77 73 61 48 36 25 17 17 24 36 50 64 74 76 71 63 54 47 40 38 4124 8 4Q2 254 771548 7699999999999999 935 162156 3799999999999999
 50 61 71 78 78 70 57 43 31 21 15 17 28 42 58 70 77 76 68 58 49 41 35 3424 8 5Q2 332 791621 78999999999999991015 152234 3499999999999999
 41 53 65 75 79 76 65 51 38 26 18 15 21 35 51 65 75 78 73 63 52 42 35 3124 8 6Q2 4 8 791651 78999999999999991050 1523 8 3199999999999999
 34 44 57 69 76 78 71 58 44 32 23 17 18 28 44 59 71 78 76 68 56 45 36 3024 8 7Q2 441 781720 78999999999999991122 162340 2899999999999999
 29 35 48 61 71 75 73 64 51 39 29 22 19 25 38 53 67 75 77 72 61 48 38 3124 8 8Q2 514 761747 77999999999999991151 19999999999999999999999
 27 30 39 52 63 71 73 68 58 46 35 28 24 25 34 47 61 71 76 74 65 53 42 3424 8 9Q2 548 731813 7699999999999999 0 9 271217 2399999999999999
 29 28 33 44 55 64 69 68 62 52 42 34 29 28 33 42 55 66 73 74 69 59 47 3824 810Q2 623 691841 7499999999999999 037 281242 2899999999999999
 32 29 31 38 47 57 63 66 64 57 48 41 36 34 35 41 50 60 68 72 70 63 53 4324 811Q2 7 2 661912 7299999999999999 1 6 2913 9 3499999999999999
 36 32 32 35 41 49 56 62 63 60 54 47 43 40 39 42 47 55 63 68 70 66 58 4924 812Q2 746 631947 7099999999999999 142 311343 3999999999999999
 42 37 34 34 37 42 49 55 59 59 57 53 49 47 45 45 47 52 58 63 67 67 63 5624 813Q2 841 602028 6799999999999999 233 341435 4599999999999999
 49 43 39 37 36 37 42 47 52 56 57 56 55 53 52 51 50 51 54 59 63 65 65 6224 814Q210 3 572122 6699999999999999 351 3616 3 5099999999999999
 56 51 46 41 37 35 35 39 44 49 54 57 59 59 59 57 54 52 52 54 58 61 64 6524 815Q21257 592250 6599999999999999 518 351736 5299999999999999
 63 60 54 48 41 35 31 31 34 40 47 53 59 63 64 63 60 55 52 50 52 56 60 6524 816Q21358 64999999999999999999999 633 311857 5099999999999999
 68 68 64 57 48 39 31 26 26 29 37 46 56 64 69 69 66 60 54 49 47 48 53 6024 817Q2 032 681433 7099999999999999 736 2520 4 4799999999999999
 67 72 73 68 58 46 35 26 20 20 26 36 48 61 70 74 72 65 57 49 43 41 44 5224 818Q2 138 7415 5 7499999999999999 829 192056 4199999999999999
 62 71 78 78 70 57 43 30 20 15 17 25 39 54 68 77 78 72 62 52 43 36 34 4024 819Q2 229 791537 7899999999999999 915 152141 3499999999999999
 51 64 76 82 80 69 53 38 25 15 12 17 29 45 62 75 82 78 68 57 45 35 28 2924 820Q2 315 8316 9 8299999999999999 957 122222 2799999999999999
 39 53 68 80 85 79 65 49 34 21 13 12 21 36 54 70 81 83 76 63 49 37 26 2224 821Q2 359 851642 84999999999999991035 1123 2 2299999999999999
 26 40 56 71 82 84 75 60 44 30 19 13 16 29 46 63 77 84 82 70 56 42 30 2024 822Q2 442 841715 85999999999999991112 132341 1899999999999999
 18 27 42 59 72 81 80 69 54 40 29 20 18 25 40 56 71 81 84 77 63 48 35 2424 823Q2 526 821748 84999999999999991148 18999999999999999999999
 18 19 30 46 60 72 77 74 63 49 38 30 24 26 35 50 64 76 82 81 71 56 43 3224 824Q2 610 771822 8299999999999999 020 171222 2499999999999999
 23 19 23 34 48 60 69 72 68 57 47 39 34 31 35 45 58 69 77 79 75 64 51 4024 825Q2 655 721856 7999999999999999 1 2 191258 3199999999999999
 31 25 23 28 38 49 58 65 67 62 54 47 42 40 39 44 53 62 70 74 75 69 59 4924 826Q2 745 671931 7599999999999999 149 231336 3999999999999999
 41 34 29 28 32 39 48 55 60 62 59 54 50 48 46 47 50 56 63 68 70 69 65 5724 827Q2 846 622014 7099999999999999 247 281430 4699999999999999
 50 45 39 34 32 33 39 45 51 56 59 58 57 55 54 52 51 53 56 61 64 66 65 6324 828Q21020 592121 6699999999999999 4 5 3216 0 5199999999999999
 59 54 49 43 37 33 32 36 42 48 54 59 61 62 61 59 56 53 52 54 57 60 62 6424 829Q21259 622349 6499999999999999 532 321751 5299999999999999
 64 63 59 53 45 37 31 29 33 39 46 54 61 66 67 65 61 56 51 49 49 52 56 6124 830Q21352 67999999999999999999999 648 291920 4899999999999999
 65 68 67 62 53 43 34 27 26 29 37 47 57 67 72 71 67 60 53 47 43 44 49 5524 831Q2 118 681426 7299999999999999 747 252018 4399999999999999
 63 69 73 70 62 51 40 29 23 22 28 39 51 63 73 76 72 65 56 48 41 38 40 4824 9 1Q2 2 7 731457 7699999999999999 834 2221 2 3899999999999999
 57 66 74 76 70 59 46 34 24 19 21 30 44 58 70 77 77 70 59 49 40 34 33 3924 9 2Q2 247 761527 7899999999999999 914 192139 3299999999999999
 49 61 71 77 76 67 53 40 29 20 17 23 36 52 66 76 80 75 64 52 41 32 28 3024 9 3Q2 322 781554 8099999999999999 950 172212 2899999999999999
 40 53 66 75 78 73 61 47 34 24 18 19 30 45 61 73 80 78 69 55 43 33 26 2424 9 4Q2 354 781620 80999999999999991022 182242 2499999999999999
 31 44 59 70 77 76 67 54 40 30 22 19 25 39 55 69 78 80 73 60 46 35 26 2224 9 5Q2 425 781643 81999999999999991051 192310 2299999999999999
 25 35 50 64 73 76 72 60 47 36 27 23 24 34 49 64 75 80 77 66 51 38 29 2324 9 6Q2 456 7617 7 80999999999999991117 222335 2199999999999999
 22 29 42 56 67 73 73 65 54 42 33 28 27 32 44 59 71 78 78 70 57 43 32 2524 9 7Q2 526 741731 79999999999999991141 272359 2399999999999999
 23 26 35 48 60 68 71 68 59 48 40 34 31 34 42 54 65 74 77 73 63 49 38 2924 9 8Q2 558 711757 779999999999999912 5 31999999999999999999999
 25 26 32 42 53 62 67 68 62 54 46 40 37 37 42 50 60 69 74 73 66 55 44 3524 9 9Q2 633 681825 7499999999999999 024 251228 3799999999999999
 30 28 31 38 46 55 61 65 63 58 51 46 43 43 44 49 56 64 69 71 68 60 50 4124 910Q2 713 651856 7199999999999999 053 281252 4399999999999999
 36 33 33 35 41 48 54 59 61 59 55 52 49 48 49 50 54 59 64 67 67 64 57 4924 911Q2 8 5 611934 6899999999999999 133 321320 4899999999999999
 42 38 36 36 37 41 46 51 55 57 57 56 55 54 54 54 54 56 59 62 64 64 61 5624 912Q2 929 582030 6499999999999999 247 361515 5499999999999999
 50 46 42 39 36 36 38 41 46 51 55 58 59 60 60 58 56 54 54 55 58 60 62 6124 913Q21322 602217 6299999999999999 441 361735 5499999999999999
 59 55 50 45 39 34 31 32 36 42 49 56 61 64 65 63 59 54 50 49 50 53 58 6224 914Q21346 65999999999999999999999 614 3119 2 4999999999999999
 65 64 60 53 45 36 29 25 26 32 40 50 60 67 70 69 64 57 49 43 41 44 50 5824 915Q2 019 651410 7099999999999999 717 251955 4199999999999999
 65 70 70 64 54 42 31 23 19 22 30 42 55 66 74 75 70 61 51 41 34 33 39 4824 916Q2 128 711437 7599999999999999 8 6 192039 3399999999999999
 60 70 76 75 65 52 38 26 18 15 21 32 47 62 74 80 76 67 54 42 31 25 26 3624 917Q2 219 7715 7 8099999999999999 849 152119 2499999999999999
 49 64 76 81 76 64 48 34 22 14 15 24 39 55 71 81 83 74 60 46 32 21 17 2224 918Q2 3 3 811538 8399999999999999 929 132158 1799999999999999
 36 52 68 80 83 75 59 43 30 19 14 18 31 48 65 79 86 82 68 52 36 23 14 1224 919Q2 346 8316 9 869999999999999910 7 142237 1299999999999999
 22 39 56 72 81 81 70 54 39 28 20 18 26 41 59 74 84 86 77 60 43 29 17 1024 920Q2 427 831641 87999999999999991043 172315  999999999999999
 13 26 43 60 74 80 76 63 49 37 28 23 25 36 52 68 80 86 83 70 52 37 24 1424 921Q2 5 9 801713 86999999999999991119 222354 1099999999999999
 11 17 31 48 62 73 76 70 57 45 37 31 29 34 46 61 73 81 83 76 62 46 33 2324 922Q2 551 761744 83999999999999991154 29999999999999999999999
 16 15 24 37 51 62 70 70 63 53 45 40 36 37 43 55 66 75 79 77 68 55 42 3324 923Q2 635 711816 7999999999999999 035 151229 3699999999999999
 26 21 22 30 41 52 60 65 64 58 51 47 44 43 44 50 59 67 72 73 70 62 51 4324 924Q2 724 651849 7399999999999999 121 2113 7 4399999999999999
 36 31 28 29 35 43 50 56 60 60 57 53 51 50 49 50 54 59 64 66 66 63 58 5124 925Q2 826 601930 6799999999999999 218 2814 7 4999999999999999
 46 41 37 33 33 36 41 47 53 56 58 58 57 56 55 53 52 53 56 58 60 60 59 5724 926Q21011 582048 6099999999999999 338 331558 5299999999999999
 54 50 46 41 36 33 34 38 44 50 55 59 61 62 61 58 54 51 50 50 52 55 57 5924 927Q21254 622354 5999999999999999 514 3318 5 4999999999999999
 59 58 55 49 42 35 31 31 35 42 49 57 63 66 66 63 58 51 46 43 44 47 52 5624 928Q21330 66999999999999999999999 629 301917 4399999999999999
 61 63 62 57 49 40 31 27 27 33 42 51 61 68 70 68 62 54 46 39 36 39 44 5224 929Q2 112 6314 0 7099999999999999 722 2620 1 3699999999999999
 59 65 68 64 56 46 35 27 23 26 34 45 56 66 73 72 66 57 47 37 31 31 36 4524 930Q2 156 681427 7399999999999999 8 5 232037 3099999999999999
 54 64 70 70 63 52 40 30 22 21 27 38 51 63 72 75 71 60 49 38 29 25 27 362410 1Q2 232 711454 7699999999999999 843 202110 2499999999999999
 48 59 69 73 70 59 46 35 25 20 22 31 45 59 71 77 75 66 52 39 29 22 20 272410 2Q2 3 5 731519 7799999999999999 917 202140 2099999999999999
 39 53 65 73 73 66 53 41 30 23 21 26 39 54 68 76 78 71 57 43 30 21 17 202410 3Q2 336 741542 7899999999999999 948 2022 9 1799999999999999
 30 45 59 70 74 71 60 47 36 27 23 24 34 49 63 74 79 75 63 48 34 23 16 162410 4Q2 4 5 7416 5 79999999999999991016 222235 1599999999999999
 23 37 52 65 73 73 66 54 42 33 27 26 31 44 58 71 78 78 69 54 39 27 19 152410 5Q2 434 741628 79999999999999991043 2523 0 1599999999999999
 19 30 44 58 68 72 69 59 48 39 32 29 32 40 53 66 76 78 73 61 45 32 23 182410 6Q2 5 3 721652 789999999999999911 7 292325 1799999999999999
 18 25 38 51 63 69 70 63 54 44 38 34 34 39 49 61 71 76 75 66 52 38 28 222410 7Q2 534 701718 77999999999999991132 332351 2099999999999999
 20 24 33 45 56 64 67 65 58 50 43 39 38 40 47 57 66 72 74 69 58 45 34 272410 8Q2 6 7 671746 74999999999999991156 38999999999999999999999
 24 25 30 39 49 57 62 64 60 54 48 45 43 43 47 53 60 66 70 69 62 52 41 342410 9Q2 648 641817 7099999999999999 020 241221 4399999999999999
 29 28 30 35 42 49 55 59 59 57 53 49 48 48 49 51 56 60 64 65 63 57 49 41241010Q2 742 601856 6599999999999999 059 281255 4899999999999999
 36 33 32 33 36 41 46 51 55 56 56 54 53 53 52 51 52 54 57 59 60 59 55 49241011Q2 9 7 5620 4 6099999999999999 2 6 3215 2 5199999999999999
 44 40 37 34 33 34 37 42 47 52 56 57 58 57 56 54 51 49 49 51 53 56 57 56241012Q212 5 5822 3 5799999999999999 4 3 331729 4999999999999999
 53 49 44 39 34 30 29 32 37 44 52 58 61 62 61 57 52 46 42 41 44 49 54 58241013Q21256 62999999999999999999999 543 291842 4199999999999999
 60 59 54 47 39 31 25 24 28 35 45 55 63 67 67 62 55 46 38 32 33 38 46 55241014Q2 0 2 601327 6799999999999999 645 241928 3299999999999999
 62 66 64 57 47 36 27 21 20 26 37 49 60 69 72 69 60 49 37 27 23 25 34 46241015Q2 112 661358 7299999999999999 733 2020 9 2399999999999999
 58 68 72 68 58 45 33 23 18 20 29 42 56 68 76 76 68 54 40 27 17 14 20 33241016Q2 2 3 721430 7799999999999999 816 172050 1499999999999999
 48 62 73 76 69 56 42 30 21 17 22 34 49 64 76 81 76 63 46 30 17  9  9 19241017Q2 247 7615 3 8199999999999999 856 172129  899999999999999
 35 52 67 77 77 66 52 38 28 20 20 28 43 59 73 82 83 73 55 37 22 10  4  8241018Q2 329 781535 8499999999999999 935 192210  499999999999999
 21 39 57 71 78 74 62 47 36 27 23 25 36 52 67 79 85 81 66 47 30 17  7  4241019Q2 410 7816 8 85999999999999991014 222250  499999999999999
 11 27 45 61 72 76 69 56 44 35 29 27 32 45 61 74 82 83 75 58 40 26 15  8241020Q2 451 761640 84999999999999991052 272331  699999999999999
  8 18 33 49 63 71 72 63 52 43 37 33 33 40 53 66 76 80 78 67 51 36 25 17241021Q2 533 731713 81999999999999991130 32999999999999999999999
 12 15 25 39 52 62 68 66 58 49 43 39 37 39 47 59 68 74 75 70 59 46 35 27241022Q2 616 681745 7599999999999999 013 1212 9 3799999999999999
 21 18 22 32 43 53 60 63 61 55 49 46 43 42 45 52 60 66 69 68 63 54 44 37241023Q2 7 5 631820 6999999999999999 058 181254 4299999999999999
 31 27 25 28 36 44 51 57 59 58 54 51 49 47 46 48 52 57 61 62 61 57 51 45241024Q2 8 6 5919 4 6299999999999999 152 251359 4699999999999999
 40 36 32 30 32 36 43 49 54 56 57 55 54 52 50 48 48 49 52 54 55 55 53 51241025Q2 933 572029 5599999999999999 3 5 301545 4899999999999999
 47 44 40 35 32 32 35 40 46 52 56 58 58 57 54 51 47 44 43 45 48 50 52 53241026Q21132 582313 5399999999999999 435 321739 4399999999999999
 53 51 47 42 36 31 30 33 39 46 52 58 61 61 59 54 48 42 38 37 39 43 48 53241027Q21236 61999999999999999999999 549 301843 3799999999999999
 56 56 54 49 41 34 28 27 31 39 47 55 61 64 63 58 50 42 35 30 31 35 42 49241028Q2 045 571314 6499999999999999 643 271926 3099999999999999
 55 60 60 55 47 38 30 25 25 31 41 51 59 65 67 62 54 44 34 27 24 26 34 43241029Q2 133 601346 6799999999999999 726 2420 1 2499999999999999
 53 60 64 62 54 44 34 26 23 26 34 46 56 65 69 67 59 47 35 26 19 19 25 36241030Q2 210 641413 6999999999999999 8 5 232034 1899999999999999
 47 58 65 67 61 51 40 30 24 23 29 40 52 63 70 71 65 52 39 27 18 14 17 27241031Q2 244 671439 7299999999999999 839 2321 5 1499999999999999
 40 53 63 69 67 58 46 36 28 24 26 35 48 60 70 74 70 59 44 30 19 13 12 192411 1Q2 315 6915 4 7499999999999999 912 242134 1299999999999999
 32 46 59 68 70 64 53 42 33 27 26 31 42 56 68 75 74 66 51 35 23 14 11 142411 2Q2 344 701528 7699999999999999 942 2622 3 1199999999999999
 24 39 53 65 70 68 59 48 38 31 28 30 38 51 64 73 77 71 58 42 28 18 12 122411 3Q2 413 701554 77999999999999991011 282231 1199999999999999
 19 32 46 59 68 69 64 54 44 36 32 31 36 46 59 70 76 75 65 50 35 23 16 132411 4Q2 443 701622 76999999999999991041 3123 1 1399999999999999
 16 26 39 52 63 68 66 58 49 41 36 34 35 43 53 64 72 75 70 57 43 30 21 162411 5Q2 515 681651 75999999999999991112 342332 1599999999999999
 16 22 33 45 56 63 65 61 54 46 41 38 37 41 48 58 66 71 70 63 50 37 27 212411 6Q2 551 651723 72999999999999991145 37999999999999999999999
 19 21 28 38 48 56 61 62 57 51 45 42 40 41 45 52 59 65 67 64 56 45 35 282411 7Q2 635 6218 0 6799999999999999 0 7 191224 4099999999999999
 24 22 25 32 40 48 54 58 58 55 50 46 44 43 43 47 52 57 60 62 59 52 43 352411 8Q2 730 591850 6299999999999999 050 221321 4399999999999999
 30 27 26 28 33 39 46 51 55 56 54 51 49 46 45 44 45 48 52 55 56 55 50 442411 9Q2 844 5620 6 5699999999999999 152 261456 4499999999999999
 38 34 30 28 28 32 37 43 49 54 56 55 53 51 47 44 40 40 41 45 49 53 54 52241110Q21013 562149 5499999999999999 324 281648 4099999999999999
 48 42 37 32 28 27 29 34 41 49 55 58 58 56 52 46 39 34 32 34 39 46 52 55241111Q21133 592333 5699999999999999 457 2718 0 3299999999999999
 56 52 47 40 33 27 24 27 33 42 51 58 62 62 58 50 41 32 25 23 27 35 44 53241112Q21228 63999999999999999999999 6 2 241851 2399999999999999
 59 61 57 49 40 32 25 23 26 35 45 55 63 67 65 58 46 34 23 16 15 22 33 45241113Q2 048 611312 6799999999999999 654 221935 1599999999999999
 56 64 65 60 50 39 30 23 22 28 39 50 61 69 72 67 55 40 26 15  8 10 19 33241114Q2 143 661351 7299999999999999 739 222019  899999999999999
 48 60 69 69 60 49 37 29 23 24 32 44 57 68 75 75 65 49 33 19  8  3  8 20241115Q2 231 701429 7699999999999999 824 2321 3  399999999999999
 36 52 65 72 69 58 46 36 28 25 28 38 51 64 74 79 75 61 43 27 13  4  1  9241116Q2 314 7215 6 7999999999999999 9 7 252147  199999999999999
 23 40 56 68 73 67 55 43 35 29 27 32 44 58 70 78 80 72 55 37 22 11  3  3241117Q2 356 731543 8199999999999999 951 272230  299999999999999
 13 29 45 60 70 71 63 51 42 35 31 30 37 50 63 73 79 77 66 49 33 20 11  5241118Q2 437 721618 80999999999999991035 302314  599999999999999
  8 19 35 50 62 69 67 58 48 41 36 33 34 42 55 66 74 76 71 59 43 30 20 13241119Q2 518 691654 76999999999999991119 322357  999999999999999
  9 14 26 40 53 62 66 63 54 46 41 37 35 38 46 57 66 71 71 64 52 40 30 22241120Q2 6 1 661730 719999999999999912 3 35999999999999999999999
 16 15 21 32 44 54 61 62 59 52 46 42 39 37 41 48 57 63 65 63 57 47 38 30241121Q2 648 6318 8 6599999999999999 040 151249 3799999999999999
 25 21 21 27 36 46 53 58 59 56 50 46 42 40 39 42 48 53 57 58 57 51 44 38241122Q2 740 591856 5899999999999999 127 211346 3999999999999999
 33 28 26 26 31 38 46 52 56 57 54 50 46 43 41 39 41 44 48 51 52 52 48 44241123Q2 839 5720 7 5299999999999999 224 2515 3 3999999999999999
 39 35 32 29 29 32 38 45 51 55 55 54 50 47 43 40 37 37 39 43 46 48 49 48241124Q2 945 562149 4999999999999999 335 281635 3699999999999999
 45 42 38 34 30 29 32 38 45 51 54 56 54 51 47 42 36 32 31 34 38 43 47 49241125Q21056 562346 5099999999999999 449 291747 3199999999999999
 50 48 45 40 34 30 28 31 38 45 52 56 57 55 51 45 38 31 26 26 30 36 42 48241126Q21159 57999999999999999999999 550 281837 2699999999999999
 52 53 51 46 40 33 28 28 32 39 47 54 58 59 56 50 41 32 24 20 22 27 36 44241127Q2 058 531248 5999999999999999 640 271918 2099999999999999
 51 56 57 53 46 38 31 27 28 34 42 51 58 62 61 56 46 35 25 18 16 19 27 38241128Q2 145 571326 6299999999999999 722 271955 1699999999999999
 48 56 60 59 53 45 36 30 27 30 37 47 56 63 65 62 53 40 28 18 13 13 19 30241129Q2 222 611358 6599999999999999 8 1 272030 1299999999999999
 42 53 61 63 60 51 42 34 29 28 33 42 53 62 68 68 60 48 34 21 13 10 13 21241130Q2 255 641429 6999999999999999 838 2821 4 1099999999999999
 34 47 58 65 64 58 48 39 32 29 30 37 48 59 68 72 68 56 41 27 16 10  9 152412 1Q2 326 6615 0 7299999999999999 915 292139  899999999999999
 26 40 53 63 67 63 54 45 37 32 30 34 43 54 65 72 73 64 50 34 22 13  8 102412 2Q2 358 671531 7499999999999999 951 302214  899999999999999
 19 32 46 58 66 66 59 50 42 35 31 32 38 48 60 70 74 70 58 43 29 18 11  92412 3Q2 430 6716 4 74999999999999991029 312250  999999999999999
 13 24 38 51 62 66 63 55 46 40 34 32 34 42 53 64 71 72 65 52 37 25 16 112412 4Q2 5 5 661639 739999999999999911 8 322327 1099999999999999
 11 18 30 43 55 62 64 59 51 44 38 34 32 36 45 56 64 69 68 59 46 33 23 162412 5Q2 544 641718 69999999999999991149 32999999999999999999999
 12 15 23 35 46 56 61 61 56 48 42 37 34 33 38 47 55 62 65 62 53 41 30 222412 6Q2 628 6218 3 6599999999999999 0 7 121234 3399999999999999
 17 16 19 28 38 48 55 59 58 53 47 41 37 33 34 38 45 52 58 60 57 49 39 302412 7Q2 718 601858 6099999999999999 050 161328 3399999999999999
 24 20 19 23 31 39 48 54 58 56 51 46 40 36 33 32 36 42 48 53 55 53 47 392412 8Q2 813 5820 6 5599999999999999 141 191435 3299999999999999
 32 27 24 23 26 32 40 48 54 57 55 51 45 40 35 31 29 31 36 43 48 52 52 482412 9Q2 911 572126 5299999999999999 246 231557 2999999999999999
 42 36 31 27 25 27 33 40 48 54 57 56 51 46 39 33 27 24 25 31 38 45 51 52241210Q21013 572255 5299999999999999 4 2 251711 2399999999999999
 50 45 40 34 29 27 28 34 42 49 55 58 58 53 46 38 29 21 17 19 26 35 44 51241211Q21118 59999999999999999999999 512 261811 1799999999999999
 55 54 50 43 36 30 27 29 35 44 52 58 62 61 55 46 35 24 15 11 14 23 34 44241212Q2 021 551222 6299999999999999 612 2719 4 1199999999999999
 53 59 58 53 45 37 31 28 30 37 46 55 62 66 64 56 44 31 18  9  6 11 21 34241213Q2 127 591317 6699999999999999 7 6 281955  699999999999999
 46 57 63 62 54 45 37 31 28 32 40 50 59 66 70 67 56 41 26 14  5  3 10 22241214Q2 219 6314 5 7099999999999999 759 282044  399999999999999
 36 50 61 66 63 54 44 37 31 29 33 42 53 63 71 73 67 53 36 22 11  3  2 11241215Q2 3 5 661449 7499999999999999 852 292133  199999999999999
 24 40 54 65 68 62 52 43 36 31 29 35 45 57 67 74 74 64 48 32 19  8  2  4241216Q2 347 681530 7599999999999999 943 292220  199999999999999
 14 29 45 59 67 67 59 49 41 35 30 30 37 49 61 70 75 71 59 43 29 17  8  3241217Q2 428 6816 9 75999999999999991031 2923 4  399999999999999
  7 20 35 50 62 68 64 55 46 39 33 29 31 39 52 63 70 72 66 53 38 26 16  8241218Q2 5 8 681647 72999999999999991116 282344  699999999999999
  6 13 27 42 54 63 66 61 51 43 36 31 28 32 42 53 62 67 67 59 47 34 24 16241219Q2 548 661724 68999999999999991158 28999999999999999999999
 10 11 20 33 47 57 63 63 56 47 40 34 29 29 34 44 53 60 63 60 52 41 31 23241220Q2 627 6418 3 6399999999999999 023 101239 2899999999999999
 17 14 18 27 39 50 58 61 59 52 44 37 32 29 30 35 43 51 56 57 54 46 37 30241221Q2 7 7 611847 5799999999999999 1 1 141322 2999999999999999
 24 20 19 24 32 43 51 57 58 55 48 41 35 31 29 30 35 42 47 51 52 49 43 36241222Q2 747 581940 5299999999999999 140 191412 2999999999999999
 30 26 24 24 28 36 44 51 55 55 51 45 39 34 31 29 29 33 38 44 47 48 46 41241223Q2 829 562044 4899999999999999 228 241518 2999999999999999
 37 33 30 28 28 31 38 45 51 54 53 49 44 38 34 30 27 27 30 35 40 44 46 45241224Q2 916 5422 9 4699999999999999 331 271633 2799999999999999
 43 40 37 33 31 30 33 39 45 50 53 52 48 44 39 33 28 24 24 27 32 38 43 46241225Q21011 53999999999999999999999 442 301739 2399999999999999
 47 46 44 40 35 32 31 34 40 46 51 53 52 50 45 38 31 24 20 20 24 31 38 44241226Q2 0 4 471118 5399999999999999 545 311832 2099999999999999
 48 50 50 47 41 36 32 32 35 41 47 52 55 55 51 45 36 27 20 16 17 22 30 39241227Q2 121 511227 5599999999999999 640 311918 1699999999999999
 47 52 55 53 48 42 36 32 32 36 43 50 56 59 58 53 43 32 22 15 12 15 22 31241228Q2 2 7 551320 5999999999999999 729 3220 2 1299999999999999
 42 51 57 58 55 48 40 35 32 33 38 45 54 60 63 60 52 40 27 17 11  9 14 22241229Q2 244 5814 2 6399999999999999 816 312045  999999999999999
 34 46 56 61 60 54 46 38 33 31 33 40 49 59 66 67 61 49 35 22 12  7  7 14241230Q2 317 611441 6799999999999999 9 1 312126  699999999999999
 25 39 52 61 63 59 51 43 36 31 29 34 43 54 64 70 68 58 44 29 17  8  4  7241231Q2 350 641518 7099999999999999 945 2922 7  499999999999999
