 74 57 41 27 22 29 44 63 84107123128125120116110104103105105105106105 9824 1 1SI1056128213010699999999999999 357 22164310399999999999999
 84 69 57 45 38 39 49 63 79 96112121121118116112106101 98 97 95 94 96 9524 1 2SI11331222225 9699999999999999 424 372041 9499999999999999
 89 79 69 61 55 53 58 69 81 93105114118117115112107100 93 89 85 83 84 8724 1 3SI12111182347 8899999999999999 447 532114 8399999999999999
 88 85 79 74 70 68 70 77 87 96104111116117115111106 99 90 81 75 71 71 7424 1 4SI1245117999999999999999999999 5 3 682138 7199999999999999
 80 85 86 84 83 82 84 87 93101107111115118117112106 99 89 76 66 59 57 6024 1 5SI 140 86131711899999999999999 438 822158 5799999999999999
 67 78 87 92 93 95 97 99101106111114116118120116109 99 89 75 60 49 44 4524 1 6SI13521209999999999999999999992221 44999999999999999999999
 51 64 80 94101106110111111111114116118119121121115104 92 77 59 42 32 2924 1 7SI14321229999999999999999999992250 29999999999999999999999
 34 45 64 86104114121124122118115116118119121124123114100 83 63 41 24 1524 1 8SI 7 912415191249999999999999910131152325 1499999999999999
 16 25 43 68 95117130135133127119114114117120124128126114 95 72 47 24  624 1 9SI 7171351615128999999999999991132114999999999999999999999
 -1  4 20 44 76108132144144137126115109110116122128133130115 89 60 32  824 110SI 730145171513399999999999999 0 4 -1122010999999999999999
-10-13 -2 20 50 87123146152146134120107102107116124133139134113 81 49 1924 111SI 752152181313999999999999999 044-1413 010299999999999999
 -6-22-20 -3 24 59100137155153141127111 98 96105117127137144136108 73 4024 112SI 82115619 514499999999999999 124-241340 9599999999999999
 10-15-27-19  4 34 71114146155146132117101 89 92104116127139146132100 6524 113SI 854155195414699999999999999 2 4-271420 8899999999999999
 34  6-17-22 -7 17 47 85124148148136122108 91 83 89101112124137141123 9224 114SI 929150204214299999999999999 244-2315 4 8399999999999999
 61 34  8 -8 -6 12 36 64 98129142136124113 98 84 79 86 9510411713013011124 115SI10 6142213113299999999999999 323 -91552 7999999999999999
 85 61 39 20 11 19 37 57 81108128132124114104 91 79 75 79 84 9310511611524 116SI1044133222511899999999999999 4 0 111653 7599999999999999
101 82 65 50 39 39 49 63 78 95113123122115106 96 84 73 68 68 71 79 9110024 117SI1123124233310299999999999999 432 371832 6799999999999999
101 93 82 73 66 64 68 77 87 97106114117114107 99 90 78 66 57 54 56 64 7524 118SI12 0117999999999999999999999 453 6420 6 5499999999999999
 86 91 90 87 85 86 89 95101107110112113112109102 94 84 70 56 45 40 42 5024 119SI 117 91122611399999999999999 4 9 8521 8 4099999999999999
 63 76 86 92 95100105110114117118117114112110107 99 90 77 61 44 31 27 3024 120SI 95411899999999999999999999922 2 27999999999999999999999
 40 55 73 88 98106114120123124124122118114112110107 98 86 70 50 31 18 1524 121SI 9271249999999999999999999992249 14999999999999999999999
 21 34 54 75 95109118124127127125122119116113113113109 98 81 61 39 18  624 122SI 8241289999999999999999999992331  4999999999999999999999
  5 16 34 58 84107122127129127123117114114114113115117112 97 75 51 27  624 123SI 7591291659117999999999999991338113999999999999999999999
 -5  0 16 39 67 97122132131126120112105105109112114119123114 92 66 41 1524 124SI 719132175312399999999999999 010 -5123010499999999999999
 -6-11  0 22 48 81114134135128119109 98 93 98106110116125126111 84 57 3024 125SI 735137183712799999999999999 048-121259 9399999999999999
  4-13-11  7 32 62 97128139132120109 97 86 85 95104110120129124102 73 4724 126SI 8 0139191512999999999999999 124-151330 8499999999999999
 20 -4-14 -3 19 46 79114136136123110 98 85 78 83 95103111123128115 89 6224 127SI 828138195112899999999999999 158-1414 3 7899999999999999
 38 13 -5 -5 12 36 63 96125135126112100 88 76 75 84 95102112123121102 7624 128SI 856135202512499999999999999 229 -81436 7499999999999999
 53 31 10  2 11 32 55 83111129127114102 91 79 72 76 85 93101111118109 8924 129SI 923130205911899999999999999 258  21510 7299999999999999
 67 48 29 16 18 33 54 76100120125116103 93 83 74 71 76 83 89 97107109 9724 130SI 948126213711099999999999999 324 151548 7199999999999999
 79 62 47 34 30 39 57 75 94112122118106 94 86 77 70 69 73 77 83 92100 9824 131SI1012122222310199999999999999 348 301636 6999999999999999
 88 74 62 52 46 50 62 79 94108118118109 97 87 79 71 66 65 66 70 76 85 9124 2 1SI10341202324 9299999999999999 411 461749 6599999999999999
 90 83 75 68 64 64 71 84 97108115118113102 90 81 74 66 60 57 57 60 67 7624 2 2SI1052118999999999999999999999 429 631921 5799999999999999
 84 86 84 81 80 80 84 91101110115117114107 95 84 76 68 59 51 47 47 50 5824 2 3SI 051 86105211799999999999999 4 6 802029 4699999999999999
 69 80 86 89 92 95 98101106113117117114110101 90 79 71 62 50 40 36 35 3924 2 4SI10241189999999999999999999992134 35999999999999999999999
 49 64 79 90 99106111112113115118118115111106 98 88 78 67 54 40 28 23 2224 2 5SI10241189999999999999999999992234 22999999999999999999999
 28 42 62 82 99112121123121118117116114112109106100 90 78 63 45 28 14  724 2 6SI 6571239999999999999999999992321  7999999999999999999999
  9 19 39 64 91113127131129122115110108109110110110107 97 79 57 35 14 -224 2 7SI 7 213115231109999999999999912 9108999999999999999999999
 -8 -2 15 40 71105129138135126116104 98 99105110114119118103 77 50 24 -124 2 8SI 7 9138172612099999999999999 0 0 -81217 9799999999999999
-19-21 -7 16 46 85123142142131117102 87 83 91102111122133130107 74 43 1324 2 9SI 725144182213499999999999999 037-221247 8399999999999999
-15-31-25 -4 23 60104139148136120103 83 69 71 86100114132145136105 69 3624 210SI 75014819 914699999999999999 113-311321 6899999999999999
  4-24-32-18  7 38 79123148143125106 85 64 54 64 81 97117140150133 99 6424 211SI 818149195415099999999999999 150-331359 5499999999999999
 32  0-22-20  0 26 59100136146131110 90 68 48 45 59 76 94117141145123 9124 212SI 849146203814799999999999999 225-241439 4499999999999999
 62 33  5 -6  4 26 51 82117138134115 95 76 54 40 42 55 70 8811313313111024 213SI 919140212513599999999999999 3 0 -61522 3999999999999999
 85 62 39 22 21 36 55 76101124130118 99 82 65 47 38 41 50 62 8010311711324 214SI 948131221711799999999999999 332 191613 3799999999999999
 98 82 67 53 47 54 69 83 98113122117103 87 73 59 45 38 39 44 53 70 88 9824 215SI10121222323 9999999999999999 358 471724 3899999999999999
 97 90 83 77 73 76 86 97105112115113104 91 79 68 57 46 38 35 37 44 58 7224 216SI1014116999999999999999999999 4 6 731912 3599999999999999
 82 86 87 88 90 95101109116118116112104 94 84 75 67 58 47 36 30 30 35 4624 217SI 9 41189999999999999999999992036 29999999999999999999999
 60 72 82 89 97104112118123124121114105 97 89 82 76 69 58 45 32 24 22 2824 218SI 8471249999999999999999999992146 22999999999999999999999
 39 54 69 84 97107115121124125121116108 99 93 89 86 80 70 57 41 27 17 1524 219SI 8341259999999999999999999992240 14999999999999999999999
 22 36 53 73 92107115120122121117112107101 95 93 94 92 84 70 53 35 18  824 220SI 8151229999999999999999999992322  7999999999999999999999
 10 21 37 58 83105117119118115110102 99 98 96 94 98103 99 85 67 48 27  824 221SI 6551191714103999999999999991455 942359  199999999999999
  1  8 23 43 70 98118121116110103 93 86 88 92 93 97107112103 83 62 40 1724 222SI 6441221755112999999999999991216 86999999999999999999999
 -1 -2 11 30 54 86115125119108 99 87 75 73 81 88 94104117118100 77 55 3024 223SI 7 1125183112099999999999999 033 -41238 7299999999999999
  6 -6  1 20 42 71105126125111 97 84 69 61 66 78 87 98115125116 93 69 4624 224SI 72412819 512599999999999999 1 5 -613 6 6199999999999999
 19 -1 -3 12 33 59 92121129116 99 84 68 54 53 65 78 89106123126109 83 6024 225SI 748130193812899999999999999 135 -51335 5199999999999999
 36 11  0  9 29 52 81112129123103 86 70 54 45 51 66 79 94114127120 98 7424 226SI 812130201112799999999999999 2 2  014 4 4599999999999999
 52 28 10 11 28 50 74103125127110 89 72 56 43 42 53 67 81100119124110 8824 227SI 834129204512499999999999999 228  81435 4099999999999999
 67 46 27 20 30 51 72 96119128117 95 76 60 46 38 43 55 68 8310311711510024 228SI 856128212311999999999999999 253 2015 7 3899999999999999
 81 63 46 35 38 54 74 93113126122103 82 65 51 40 37 44 55 67 8410211110624 229SI 91812622 811199999999999999 319 341544 3799999999999999
 92 78 65 54 51 60 77 94109121122110 89 70 56 45 38 38 44 53 65 81 9510224 3 1SI 93712323 510299999999999999 345 511630 3899999999999999
 98 89 81 74 69 72 82 96108117120113 97 77 62 51 43 39 38 42 50 60 73 8624 3 2SI 950120999999999999999999999 410 691735 3899999999999999
 93 93 91 88 88 88 92101110116117113102 86 69 57 50 44 38 36 38 43 52 6424 3 3SI 031 94 94011799999999999999 416 8719 0 3699999999999999
 77 87 92 96100103105108113117116112104 93 79 66 57 51 43 36 31 31 34 4124 3 4SI 9261179999999999999999999992035 31999999999999999999999
 54 70 84 96106114117116116116115111105 98 88 78 69 61 52 41 31 24 20 2224 3 5SI 7401179999999999999999999992210 20999999999999999999999
 31 47 67 87106119124123119115111107104100 95 91 86 78 67 52 37 23 12  724 3 6SI 61912499999999999999999999923 4  7999999999999999999999
 11 24 44 70 98119129128122113103 97 96 97 97 98101101 90 71 51 32 12 -224 3 7SI 6211291627102999999999999991144 962343 -699999999999999
 -5  4 22 47 81114132132123112 97 83 79 84 92 98108118118100 74 49 24  024 3 8SI 6291341729120999999999999991153 79999999999999999999999
-15-12  5 27 60100132139128111 94 74 59 61 75 88102122137131105 74 46 1624 3 9SI 647140181613899999999999999 018-161222 5899999999999999
-11-20 -8 14 41 80123144137116 94 71 47 37 48 67 86109137151137105 74 4324 310SI 71214519 015199999999999999 052-201257 3799999999999999
 10-14-13  7 31 62105140146125 99 74 47 24 22 40 62 85116147155133102 7324 311SI 739148194415699999999999999 127-161334 1999999999999999
 41 10 -4  7 30 54 88126146136108 81 55 26  9 15 35 57 85120148147124 9824 312SI 8 8147202815199999999999999 2 1 -41413  999999999999999
 72 44 21 19 36 57 80110136139118 90 65 39 14  6 15 33 54 8411813713211424 313SI 836142211613899999999999999 234 171455  599999999999999
 95 74 53 43 50 67 84103123134123 99 74 52 30 13 10 19 33 52 8010712011624 314SI 9 1134221012099999999999999 3 4 431542  999999999999999
104 93 80 70 71 81 94106117125121104 82 63 46 30 19 17 23 33 50 73 9310224 315SI 916125232610399999999999999 329 691640 1799999999999999
102 99 95 91 91 96106114118120117105 88 72 58 46 36 28 25 26 33 46 64 7924 316SI 857120999999999999999999999 335 901812 2499999999999999
 89 94 97100104109115120123120114104 91 78 68 60 52 43 35 30 28 32 42 5524 317SI 8 01239999999999999999999991950 28999999999999999999999
 69 81 92101108114119123124121114104 93 82 75 70 65 59 50 40 32 28 29 3824 318SI 7451249999999999999999999992114 27999999999999999999999
 50 65 80 95107115119121121117111103 94 85 80 78 77 73 64 54 42 31 25 2724 319SI 7241229999999999999999999992217 25999999999999999999999
 36 49 66 86103114117117116111103 97 92 86 82 83 87 87 79 67 55 41 27 2124 320SI 6401171627 88999999999999991419 8223 3 2199999999999999
 26 37 52 73 96113117114110104 94 87 84 84 82 84 92 98 94 82 68 53 36 2224 321SI 55311717 7 98999999999999991410 822339 1999999999999999
 19 28 42 61 86110119114106 98 87 75 71 75 79 82 92105108 97 82 67 48 2824 322SI 6 31191742109999999999999991153 71999999999999999999999
 18 22 34 51 75103120118106 94 81 67 57 61 70 77 88105117113 97 79 62 4024 323SI 622122181611899999999999999 011 171213 5799999999999999
 22 18 29 45 66 94119124111 94 79 62 47 45 55 68 80 99119125113 93 75 5424 324SI 643125184812699999999999999 040 181238 4499999999999999
 31 20 26 42 61 87115129120 98 79 61 42 33 39 55 70 89113130127108 88 6824 325SI 7 5129192013299999999999999 1 6 2013 5 3399999999999999
 45 27 26 41 60 82110130129108 83 62 42 26 25 39 57 76101126135123103 8324 326SI 726133195313599999999999999 131 241333 2399999999999999
 61 39 31 40 59 80104128135119 92 67 46 26 17 25 42 61 84113133133117 9824 327SI 748136202913699999999999999 157 3114 3 1799999999999999
 78 57 42 44 59 79100122136129103 75 52 32 17 16 29 46 67 9311913212711124 328SI 81113621 913399999999999999 224 401434 1599999999999999
 94 76 60 54 63 80 98116131132114 86 60 40 24 16 20 34 50 71 9711912611924 329SI 834134215712699999999999999 253 5415 9 1699999999999999
107 94 81 71 72 83 98112124129119 96 70 49 33 23 20 26 38 53 73 9511111624 330SI 853129225911699999999999999 325 701548 2099999999999999
113106 98 91 88 92101112120124119104 81 59 43 33 27 26 31 40 53 70 8710124 331SI 9 1124999999999999999999999 359 881640 2699999999999999
108109108107106105108114119120116106 90 71 55 44 37 33 31 33 40 49 62 7724 4 1SI 054109 84712099999999999999 4391051759 3199999999999999
 91102109115118119117117119118114107 96 83 69 58 50 44 38 33 33 36 42 5324 4 2SI 440119 82311999999999999999 6301171941 3299999999999999
 68 85101114123127125122118114111105 99 91 83 75 67 58 49 41 33 29 29 3424 4 3SI 5121279999999999999999999992130 28999999999999999999999
 46 63 84106122130129124116108102 99 97 94 92 92 88 80 67 54 42 30 22 2124 4 4SI 5241319999999999999999999992231 20999999999999999999999
 29 43 64 92118131131124113100 88 84 86 90 93100108106 92 74 58 41 24 1424 4 5SI 52913316231089999999999999911 2 842313 1499999999999999
 18 30 48 74107132136126111 95 76 63 64 74 85 97114127122102 81 61 39 1824 4 6SI 5431371715128999999999999991123 622350 1299999999999999
 12 21 38 59 92127142133113 93 69 46 37 47 65 82104132145134109 86 63 3524 4 7SI 6 514318 2145999999999999991156 37999999999999999999999
 16 18 33 52 78115144145123 96 70 41 18 17 35 57 81115147156139113 90 6324 4 8SI 631148184715699999999999999 025 141232 1499999999999999
 35 23 33 51 72102136152137107 77 47 15 -2  6 28 53 84125155157138115 9224 4 9SI 7 0152193316099999999999999 1 0 231311 -299999999999999
 64 41 39 55 73 94123148148122 89 59 27 -2-11  3 26 52 8913015315013311524 410SI 729152202015599999999999999 135 371351-1199999999999999
 93 69 56 63 79 95115137148133103 72 43 14 -7 -8  6 27 55 9212814413912724 411SI 757148211214499999999999999 2 8 561434-1099999999999999
113 96 80 78 88101114128139136114 85 59 34 11 -1  1 13 32 59 9211913012824 412SI 819140221413099999999999999 241 771520 -299999999999999
121113102 96 99109118125131130118 95 72 52 33 18 11 13 22 38 61 8710711724 413SI 829132235911999999999999999 310 961614 1099999999999999
119118115112112116122126126124115100 82 65 52 39 29 24 24 31 43 61 81 9724 414SI 743126999999999999999999999 3291111726 2499999999999999
107113117119121123125126124119111100 87 75 65 57 49 42 36 34 38 47 60 7524 415SI 6591269999999999999999999991851 34999999999999999999999
 90103113120124126126125121116107 98 88 81 75 71 66 59 52 45 41 42 48 5924 416SI 5401269999999999999999999992024 41999999999999999999999
 73 88104116123126125122117110102 95 88 83 81 81 80 75 67 60 52 46 45 5024 417SI 5 61269999999999999999999992140 44999999999999999999999
 60 74 92109121124122118111102 94 89 85 82 83 87 91 88 82 74 65 55 47 4724 418SI 45912416 9 91999999999999991324 822232 4699999999999999
 54 64 80100117124121114106 95 85 79 78 79 81 88 98101 95 87 78 68 55 4924 419SI 5 61241649101999999999999991142 782311 4899999999999999
 51 60 72 91111124122112101 89 76 67 67 71 76 85 99110109100 91 80 66 5424 420SI 5201241723111999999999999991129 662342 5199999999999999
 52 59 69 85106123126114 99 85 69 55 52 59 68 79 96114120114103 92 78 6324 421SI 5381271756121999999999999991146 52999999999999999999999
 54 58 69 82101122131121102 84 66 48 38 42 55 69 88111128128117104 91 7324 422SI 557131182913099999999999999 0 8 5412 9 3899999999999999
 59 58 69 82 99121136131111 87 66 44 28 26 39 55 75102128139132118104 8624 423SI 61813719 213999999999999999 032 571236 2599999999999999
 68 60 67 82 98118137141123 96 70 46 25 15 22 39 60 8711814114513311810124 424SI 640142193814699999999999999 058 6013 4 1599999999999999
 81 66 67 80 96114134146136109 79 53 29 12 10 23 44 6810013214814513211624 425SI 7 5146201814999999999999999 127 641335  899999999999999
 98 79 72 79 95111129144144123 92 62 38 17  7 12 28 50 7811013814814213024 426SI 73114621 314899999999999999 158 7214 9  699999999999999
115 98 85 84 95109123137143132106 75 49 28 13  9 18 35 57 8511513614213724 427SI 756143215614299999999999999 233 831446  999999999999999
128116104 97100109120130137133116 89 63 41 26 16 17 26 42 62 8711212913524 428SI 81613723 913599999999999999 313 971529 1599999999999999
133128121114111114120127130129120101 78 56 41 30 24 25 33 46 64 8410412024 429SI 821131999999999999999999999 4 21111622 2499999999999999
128130130129125123123125126124118107 91 73 57 46 38 33 33 39 49 62 78 9624 430SI 132131 75712699999999999999 5261221732 3399999999999999
112124131135135132127124122119115108100 89 76 64 55 48 42 40 42 49 59 7324 5 1SI 3331369999999999999999999991859 40999999999999999999999
 91109125135139137130122115111108105102 98 93 86 76 66 57 50 45 45 49 5824 5 2SI 4101399999999999999999999992036 44999999999999999999999
 72 91112130138138131120108 98 94 95 96 99103105100 88 77 67 57 49 47 5224 5 3SI 4231391451105999999999999991016 942147 4699999999999999
 62 76 98122138139130118102 85 75 76 82 90100113120114101 88 76 63 52 5124 5 4SI 43514016 4120999999999999991025 742235 5099999999999999
 59 70 86111135143134117 99 77 57 50 58 71 86105127136128112 99 84 67 5624 5 5SI 4551431659136999999999999991055 502316 5599999999999999
 59 69 82101128147144124101 76 49 30 29 44 62 85114141149138122108 90 7024 5 6SI 5211491749149999999999999991131 272355 6399999999999999
 63 71 83 97120145154138110 82 53 23  7 14 34 57 87125153157144130114 9324 5 7SI 5511541839158999999999999991211  7999999999999999999999
 75 74 86 99114137156152126 94 63 31  2 -7  6 29 57 9413515915914813411724 5 8SI 622158192916299999999999999 033 721252 -799999999999999
 96 84 89102114130150158143112 79 47 15 -8-10  6 30 6110214015915714713424 5 9SI 653158202216099999999999999 111 831335-1299999999999999
117100 96104116127141153150128 96 65 36  8 -8 -5 12 36 6810714015415214424 510SI 722154211815499999999999999 149 951420 -999999999999999
133119108109117127135143146135111 83 56 31 10  1  6 22 45 7611013514514524 511SI 747147222214699999999999999 22710715 8  199999999999999
139131123118120127132136138133119 97 74 53 34 20 14 20 34 54 8110812813724 512SI 756138234513899999999999999 3 81181559 1499999999999999
138136132128126128130131130126118104 87 70 56 43 33 29 34 46 63 8410512124 513SI 647131999999999999999999999 4 11261655 2999999999999999
130134135135132130129127124118112104 94 83 73 63 54 46 44 47 56 69 8510224 514SI 2 81359999999999999999999991753 44999999999999999999999
117127133136135132128123118112106100 95 90 84 79 72 65 59 57 59 64 74 8724 515SI 31813699999999999999999999919 2 57999999999999999999999
102116127134136133127120112105 99 95 92 91 91 90 86 81 75 71 68 68 72 8024 516SI 3491369999999999999999999992031 68999999999999999999999
 91105119130134131125116107 97 91 88 87 89 93 97 97 94 89 85 81 77 76 8024 517SI 4 51341534 98999999999999991147 872140 7699999999999999
 87 98111125132130123113101 89 81 79 80 84 91100106105101 98 94 88 84 8424 518SI 41813216241069999999999999911 3 792225 8399999999999999
 89 96107121131131122110 97 82 71 66 69 76 85 98111115113109105 99 92 8924 519SI 43013217 51159999999999999911 2 662257 8999999999999999
 92 98107119131134125110 95 78 62 53 55 63 75 92111123125121116110101 9424 520SI 4441351742126999999999999991118 532325 9399999999999999
 94100108119132139133116 96 76 57 43 40 48 62 80104126136134128121110 9924 521SI 5 31391818136999999999999991141 392353 9599999999999999
 95100109119132144143126103 80 57 37 27 32 45 64 9011914114714213412210824 522SI 52714518561479999999999999912 9 27999999999999999999999
 98 98107118130144151140115 88 62 38 21 18 28 47 7110313415315414713512024 523SI 555151193615599999999999999 026 961241 1799999999999999
105 98104115127141152150131101 72 46 23 11 14 30 52 8111614616015814813524 524SI 625154201916099999999999999 1 1 981317 1099999999999999
118105103111123136148153144118 87 58 34 15  8 16 34 59 9112515216115714724 525SI 65715321 616199999999999999 1401021356  899999999999999
133119110111120131141149148132105 74 48 27 13 11 22 41 67 9812915115815324 526SI 72815022 015899999999999999 2231091439 1199999999999999
145134123117120128135142145139120 93 66 45 28 18 19 30 49 7210112814615224 527SI 75714523 415299999999999999 3121171527 1799999999999999
149144137129125126131135137136128110 86 64 47 34 27 28 39 56 7610012413924 528SI 820137999999999999999999999 4141241620 2699999999999999
146147145140133128127128129129127119104 85 68 55 44 38 40 49 63 79 9911924 529SI 040147 8 412999999999999999 5431271716 3899999999999999
134143146145140132124120119118118118114104 90 77 66 57 52 53 60 70 8410024 530SI 2201469999999999999999999991819 52999999999999999999999
118133142145142134123113107105106109112113109 99 88 78 71 67 66 71 79 9024 531SI 257145124811399999999999999 9 11051934 6699999999999999
104121136143142134122108 94 87 88 93100109117118110100 93 87 81 79 83 9024 6 1SI 317143143411899999999999999 922 872050 7999999999999999
 99111128141143135122106 87 71 66 72 81 94110124128121113108101 94 91 9524 6 2SI 339144154812899999999999999 954 662151 9199999999999999
102109122138147141125106 85 63 47 47 57 72 9111413313913312712111310310224 6 3SI 4 61471650139999999999999991032 45224110199999999999999
107113121134148150135113 90 64 39 26 31 46 65 9112214414914413813111911024 6 4SI 4371511750149999999999999991112 26232710999999999999999
110117123132145155149127100 73 44 19 10 20 39 64 9613115315715214613512224 6 5SI 5111561847158999999999999991155 10999999999999999999999
114117125132142154158145118 88 58 27  5  2 15 38 6710414016016315714813524 6 6SI 547159193916499999999999999 0121141240  199999999999999
122116122131139148158156137107 76 45 17 -1  0 17 42 7511414816416415614624 6 7SI 624159202716699999999999999 0551161326 -399999999999999
132121119126135143151156149126 96 66 38 13  1  6 24 51 8512215116316015224 6 8SI 7 2156211316499999999999999 1391191412  099999999999999
142130122122130137143148149138114 86 60 36 16  8 17 36 62 9412815115815424 6 9SI 73915022 015899999999999999 2241211457  899999999999999
147138129123126132136138141138125103 80 59 39 24 21 32 50 7410213014715024 610SI 814141225215199999999999999 3111231542 2199999999999999
147143137129126127130130130130126112 95 78 62 47 37 38 48 64 8410812914124 611SI 739131999999999999999999999 4 71251625 3699999999999999
144143141136129126125124121120119114103 91 79 68 57 52 55 65 77 9411212724 612SI 0 514499999999999999999999917 5 52999999999999999999999
136139140139133126121118114110110110106 99 92 84 76 70 68 73 80 9010211624 613SI 2 11409999999999999999999991742 68999999999999999999999
127133137138134127119112106102100102103103100 96 91 86 84 85 88 9410111024 614SI 242138122010399999999999999 9581001814 8399999999999999
120128134135133127118108 99 93 90 92 96101104104102100 98 97 9910210611124 615SI 25913514301059999999999999910 7 901843 9799999999999999
118125132134132125116104 92 83 80 81 86 9510411011211111010910911011311624 616SI 3 21341558112999999999999991015 80194510999999999999999
120126132135133126115102 87 75 68 69 74 85 9911111912112112111911811812124 617SI 3 81351756121999999999999991028 68211711899999999999999
124128133138137129117102 85 69 58 56 60 71 8710612112913213213012512212324 618SI 3251391829132999999999999991048 55222112299999999999999
126130135140143137124106 87 68 51 43 45 55 71 9311613414114314013512712324 619SI 3521431848143999999999999991117 43231412399999999999999
125129134141147146135116 94 72 51 36 32 38 53 7510212914715315214513612624 620SI 4281481914153999999999999991151 31999999999999999999999
122125131138146151147131107 81 57 36 23 23 34 54 8111314215916215614613324 621SI 5 9151194616299999999999999 0 21221230 2199999999999999
123120125134143151154146125 97 69 44 24 14 18 35 59 9012515416716615614324 622SI 554154202116899999999999999 0481201311 1499999999999999
130120119127137146153155143117 86 58 34 16 10 18 39 66 9913516117016415324 623SI 641156205917099999999999999 1321181354  999999999999999
140127118121130139147154153137108 78 51 29 13 11 24 46 7410714116316615824 624SI 729155214116799999999999999 2181181438 1099999999999999
148137125118122131139146152149130101 73 50 30 17 19 34 56 8211414415915924 625SI 819152222616199999999999999 3 51181523 1699999999999999
152144134123118122129134141147142123 97 74 54 36 28 33 48 68 9212014315324 626SI 911147231815499999999999999 35911816 7 2899999999999999
152147140130120115117121126133139134118 97 79 62 49 45 52 65 8110112314024 627SI10 9139999999999999999999999 5 51151652 4599999999999999
147146142135124113108107109115123130128116101 87 75 67 67 73 84 9611112624 628SI 017147111813099999999999999 6391071736 6699999999999999
138142141136127115103 95 92 95102113122124118108 99 92 88 89 9410211011924 629SI 113143124612499999999999999 755 921822 8899999999999999
129137140136128117103 88 78 76 81 9010311612312211711211010910911311812224 630SI 155140142012499999999999999 845 75192410999999999999999
127133139139131119105 88 70 60 59 67 80 9611412612912712712712612512713024 7 1SI 230140155312999999999999999 930 58205112599999999999999
131133138142138126111 93 72 53 43 45 56 72 9411613113713914014013613413524 7 2SI 3 61421924140999999999999991016 42221013499999999999999
137137139143145137121102 80 56 36 29 34 49 69 9512214014814914914514013624 7 3SI 34614519181499999999999999911 2 29231613699999999999999
137139140143147147137117 93 68 42 23 18 27 46 7110113115015715615214513624 7 4SI 4331481912157999999999999991149 18999999999999999999999
132134139142146151150136111 84 57 31 13 12 25 48 7711014216016215614913924 7 5SI 526152193816399999999999999 0 71321235 1099999999999999
129126131138142148154151132104 76 48 23  8 11 29 55 8612215316616215214224 7 6SI 618154201016699999999999999 0501251319  799999999999999
130121120128136141148154148125 96 69 42 18  8 17 39 65 9813416016515614624 7 7SI 7 6154204416599999999999999 13111914 1  899999999999999
135122115118127134139147151140115 88 63 39 19 16 30 52 7811114316015814824 7 8SI 750152212016199999999999999 2121141440 1599999999999999
139128116112118125130136144144128105 82 61 40 27 30 46 67 9212214715414824 7 9SI 831146215615499999999999999 2531121517 2699999999999999
140133123113112117122125131137133116 97 80 62 46 41 49 65 8310613014514524 710SI 910137223214799999999999999 3371121551 4099999999999999
140134127118112112114115118125128121108 94 80 67 58 59 70 8410011813414024 711SI 95212823 614099999999999999 4291111621 5799999999999999
138133129122114109107107107112118119113103 94 85 76 74 80 9010211412713524 712SI1042120233613699999999999999 7241071647 7499999999999999
136132128123116108102 99 97 99105111113110104 98 93 90 92 9910811712513224 713SI1150113999999999999999999999 8 8 9717 8 9099999999999999
135133128123116108 99 92 88 87 91 9910711111110810610410510911612312913324 714SI 0 0135132211199999999999999 840 87172310499999999999999
136135130123116108 97 87 79 76 78 84 9510611311511611711711912312913313624 715SI 020136999999999999999999999 910 76999999999999999999999
137138135127118109 98 85 73 67 66 70 79 9410811812312612912913013213613924 716SI 042138999999999999999999999 941 66999999999999999999999
139140139134124113101 87 72 60 55 56 63 77 9611312613413914013813613713924 717SI 1131401848140999999999999991019 55211213699999999999999
139140141139133122109 93 75 59 47 44 47 58 7710012113714614914714113713624 718SI 2 514119 01499999999999999911 1 4423 313699999999999999
136138140142140134121104 84 63 46 35 32 40 56 8010713215015715614814013324 719SI 3101421914158999999999999991145 32999999999999999999999
130132136141143144137121 98 74 52 33 22 23 35 57 8511714616216415614513424 720SI 434144193416599999999999999 0 41301227 2199999999999999
124122128136142147150142120 92 65 41 21 11 17 36 61 9413116017016315113824 721SI 55215020 117099999999999999 04412213 7 1199999999999999
124114116126136144153157145116 85 57 32 11  6 18 41 7010614516816915714324 722SI 650157203117199999999999999 1221131347  599999999999999
128113105112124135146159161143111 80 52 26  8  9 27 52 8212015516916214824 723SI 74016321 416999999999999999 2 11051426  699999999999999
134118102 99109121132147161160138106 78 51 27 15 23 43 67 9713315916315124 724SI 828164213916499999999999999 243 9815 5 1599999999999999
137124107 94 94104115127145158153130103 79 56 37 33 45 64 8511314115615224 725SI 916159221515699999999999999 329 921543 3299999999999999
140128114 98 88 90 97106120138149142124104 85 67 56 59 71 8710412514314824 726SI10 9149225114899999999999999 422 881619 5699999999999999
141130119106 92 83 82 87 95110127136132120107 95 85 82 88 9810912113314024 727SI1112136232314199999999999999 534 821651 8299999999999999
139131121111 98 86 76 73 75 84 9811412412512011310910610811412112813213624 728SI1237125234113699999999999999 7 5 7317 610699999999999999
136132125115105 92 79 67 62 64 72 8610211512112212212412713013413813913824 729SI22 0139999999999999999999999 814 61999999999999999999999
136133128121111100 86 71 57 51 53 62 77 9511112212813313814114314514514324 730SI2152145999999999999999999999 913 51999999999999999999999
139135132127120109 96 80 62 47 41 44 55 72 9211212713714314714814714614424 731SI20 414899999999999999999999910 9 40999999999999999999999
142138134132129122109 92 72 53 37 31 37 51 71 9511913714614914914714313924 8 1SI192314999999999999999999999911 0 31999999999999999999999
137137136134135134126108 87 65 44 27 24 34 52 7510313014915315014513913124 8 2SI 427135185315399999999999999 3 61341145 2399999999999999
127129132133135140141128105 81 58 35 19 20 35 57 8311514415715314513712624 8 3SI 534142191115799999999999999 0 71271226 1799999999999999
116115122128131138147145126100 75 50 26 14 22 42 66 9613115615914813612624 8 4SI 623148193816099999999999999 03811413 5 1499999999999999
112103107117124131143152143119 93 69 42 20 16 31 53 7911214516015313912724 8 5SI 7 515220 716099999999999999 1121031341 1599999999999999
113 99 95104115122133148152136110 86 62 37 22 27 45 68 9512815315614212824 8 6SI 743152203615899999999999999 147 951415 2199999999999999
116102 91 93103113121135148144125101 80 58 37 32 44 64 8611314115314513124 8 7SI 82014921 415399999999999999 222 901446 3199999999999999
118106 93 87 93103110121136143133114 95 77 57 46 50 66 8410512914614613324 8 8SI 856143212914899999999999999 258 871515 4599999999999999
120109 98 88 87 93100108120133134123107 92 77 64 62 72 8810412213914413624 8 9SI 936136215114499999999999999 336 861540 6199999999999999
122111101 91 85 85 90 95104118127125115104 93 83 77 82 9410812213514213824 810SI1021128221114299999999999999 420 8416 5 7799999999999999
126113103 94 86 81 82 84 90100113120119113106 99 94 9410211412513414014024 811SI1121121222714199999999999999 523 811628 9399999999999999
131118106 97 88 81 76 75 78 84 9510711511711411211010911212012913614014024 812SI1244117223214199999999999999 644 75164910999999999999999
135124111100 92 83 75 69 68 71 78 8910311311812012112312412613213814114024 813SI2212141999999999999999999999 748 68999999999999999999999
137130118106 96 88 78 68 61 60 63 71 8410011312212813313513513613914114024 814SI22 8141999999999999999999999 847 60999999999999999999999
137133125114103 94 84 71 60 53 51 54 64 80 9911612913914414414113913913824 815SI1821145999999999999999999999 954 51999999999999999999999
136134130123115105 94 79 64 51 43 41 46 59 7910212414115015114614113613324 816SI18341529999999999999999999991052 41999999999999999999999
132132131130126121109 93 73 56 41 31 29 39 57 8111013715415715214313312524 817SI18461589999999999999999999991137 29999999999999999999999
121124128131134136131114 90 67 46 28 17 21 36 59 8912315216315714613311924 818SI 45813619 316399999999999999 0 01211215 1799999999999999
108109118126133143149140115 86 61 36 15  8 19 40 6710314216616515013411724 819SI 6 1149192716899999999999999 0271071252  799999999999999
100 91 99113125139156162146114 83 55 27  6  7 25 50 8112215917115813811924 820SI 650163195417199999999999999 1 0 911328  499999999999999
 99 80 78 92109124145167169145111 81 51 22  9 18 41 6710114116816514412324 821SI 735171202417099999999999999 137 7614 4  999999999999999
103 80 65 69 87104124150171166139108 81 52 28 24 40 63 8812115416615212924 822SI 820172205416699999999999999 216 641439 2399999999999999
108 87 65 56 65 81 98121150165156132108 84 60 46 51 69 8811013715715413524 823SI 9 7165212415899999999999999 258 561514 4599999999999999
114 95 75 58 54 62 75 91116141151142126109 92 77 73 83 9811212814415013924 824SI 959151214915099999999999999 346 531545 7299999999999999
120102 86 69 56 54 58 68 84107127135131122113104 9910211212213113914313824 825SI11 313522 114399999999999999 446 5316 9 9999999999999999
124108 94 81 68 58 53 54 61 76 9511212112312212012012212713413914114013624 826SI1256123211014199999999999999 618 53154812099999999999999
126114102 92 81 70 59 52 50 55 67 8310011212012513013513914314614614313624 827SI2032147999999999999999999999 746 50999999999999999999999
128118109101 93 83 71 59 49 45 49 60 76 9310912213213914414714814714413724 828SI20 4148999999999999999999999 859 45999999999999999999999
129121115110105 97 85 71 56 45 40 44 56 73 9211212913914414614614313913424 829SI192614699999999999999999999910 2 40999999999999999999999
129123118116116111100 85 69 52 39 35 42 56 75 9812113814414414113713012424 830SI18151459999999999999999999991052 35999999999999999999999
122122119119123125117101 83 65 46 32 31 43 60 8110913414714413813112211224 831SI 449125181614799999999999999 2371181133 3023531099999999
109112116117123132133120 99 80 59 38 27 32 48 67 9312414714913812811710424 9 1SI 53413518361509999999999999912 9 26999999999999999999999
 95 97106112118131142137117 96 75 52 31 26 38 57 7911014115314412811510124 9 2SI 61414319 115399999999999999 017 941244 2599999999999999
 86 81 90102110123141148135112 91 68 43 28 33 50 71 9712915215113311610124 9 3SI 651149192615599999999999999 047 811315 2799999999999999
 84 72 75 88100113132149147128105 85 61 39 34 47 67 8811714515414011910224 9 4SI 726151195115499999999999999 118 711345 3399999999999999
 86 69 64 74 88101118140150140119 99 78 56 43 48 66 8610913615314712610524 9 5SI 8 0150201415399999999999999 149 641412 4299999999999999
 89 72 60 62 75 89104125144146131112 94 75 58 55 69 8810712914815013311024 9 6SI 836147203615299999999999999 220 591438 5499999999999999
 92 76 62 57 64 77 90108129142137123108 92 76 68 75 9110812614315014011824 9 7SI 914142205615099999999999999 252 5715 4 6899999999999999
 97 81 67 57 57 66 77 91110128135130118107 95 85 85 9611112513914714312624 9 8SI 959135211414899999999999999 328 561531 8499999999999999
104 86 73 62 57 59 66 76 9010812312812411811110410010411512713714314313224 9 9SI1058128212714499999999999999 412 5616 010099999999999999
113 93 79 69 61 58 59 64 73 8710311612212212111911711712112913714114013424 910SI1232122212414199999999999999 513 57163011699999999999999
120102 87 76 68 62 58 58 62 69 81 9610911812312713013113113313714013813324 911SI21 7140999999999999999999999 632 57999999999999999999999
124111 96 84 77 70 62 56 54 57 62 73 8910511812813714114113913813813613224 912SI1724142999999999999999999999 754 54999999999999999999999
125117107 96 87 80 70 60 53 49 49 54 66 8410412213714714814514013513212824 913SI1745149999999999999999999999 929 48999999999999999999999
125120115109102 94 83 69 57 46 40 39 47 62 8410813214815314914113212411924 914SI17561539999999999999999999991033 39233911999999999999999
119119119119119114102 84 67 51 37 29 31 44 63 8912014615615214212911510524 915SI 34411918 7157999999999999991116 28233510399999999999999
104110116121129135128108 85 65 44 26 20 29 46 70103138160158144128110 9224 916SI 5 31351824161999999999999991152 19999999999999999999999
 83 90103114128145153139112 86 61 35 17 18 34 56 84123157166151129108 8524 917SI 553153184816799999999999999 0 2 831227 1599999999999999
 65 63 79 97115138162166144113 86 58 30 17 26 48 72106146169162137111 8624 918SI 638168191517199999999999999 035 6213 2 1699999999999999
 59 43 50 71 92117150174170143114 87 57 32 28 46 68 94129162170149119 9224 919SI 722176194417199999999999999 111 421337 2799999999999999
 63 37 29 43 65 88120156175165139114 89 61 45 52 72 9211714816715913010024 920SI 8 7175201216899999999999999 150 281411 4599999999999999
 74 46 25 24 40 61 86121154166154134115 93 74 69 81 9911613615615914011124 921SI 856166203816199999999999999 232 221444 6899999999999999
 85 61 37 24 27 41 59 84117143150142130117103 94 9811012313414615214312024 922SI 950150205815299999999999999 317 231514 9499999999999999
 96 75 56 38 30 33 42 57 8110812813413212812211711712313213914314514012524 923SI11 6134205314599999999999999 412 30153411699999999999999
105 87 72 58 46 40 39 44 56 75 9611312212612913013213514014414514213612524 924SI1940145999999999999999999999 534 39999999999999999999999
111 97 85 75 65 55 48 44 46 55 69 8610211512513313814214514714514113312424 925SI19 8147999999999999999999999 712 44999999999999999999999
113103 95 89 82 73 63 53 47 46 52 65 81 9811512913814414614514213713012224 926SI1819146999999999999999999999 836 46999999999999999999999
113106102100 97 90 79 68 56 47 45 51 64 8110012013514214314113612912211624 927SI1743143999999999999999999999 944 45999999999999999999999
111106104107109105 95 83 70 56 45 45 53 67 8510813014114113613012111110524 928SI 356109172814299999999999999 1531041034 4499999999999999
104103103108116118110 97 84 69 52 43 47 58 73 95121140143135125115102 9224 929SI 444119173914399999999999999 1391031113 432334 909999999
 91 95 99105117128126112 98 83 65 48 44 52 66 84110136146138124111 96 8124 930SI 5221291759146999999999999991147 432355 7599999999999999
 75 81 90 98111129137128112 97 80 59 46 49 62 78100128147144127109 93 752410 1SI 5581371822149999999999999991218 45999999999999999999999
 63 65 77 89102123141142127110 93 73 54 49 60 76 95120145150135112 93 742410 2SI 632144184415199999999999999 022 621246 4999999999999999
 56 50 60 76 91111136149141123106 88 67 54 59 75 93115140154144120 96 752410 3SI 7 614919 615499999999999999 049 501312 5499999999999999
 55 42 45 61 78 98124146150137119102 82 65 62 75 93113135153152130102 792410 4SI 740152192715699999999999999 118 411338 6199999999999999
 58 40 35 46 63 83107135151147132116 98 80 70 77 94112131150156141113 862410 5SI 816152194915699999999999999 147 3514 5 7099999999999999
 63 44 32 35 50 67 89116141149141128113 97 84 83 95112128144154148124 952410 6SI 857149201015499999999999999 218 321434 8299999999999999
 71 52 37 32 40 54 72 95121139143136125114102 961011131271391491481321062410 7SI 944143202915099999999999999 252 3215 5 9699999999999999
 81 61 46 37 37 45 58 75 971191331361321261191131121181271361431441351162410 8SI1048136203914499999999999999 330 36154011199999999999999
 92 72 57 47 42 43 50 61 76 941121241301311301291271271311361391391331212410 9SI13 4131202714099999999999999 420 42162812699999999999999
103 84 68 59 52 48 48 52 61 72 87103117127133138140138137137137135130122241010SI16 3140999999999999999999999 533 47999999999999999999999
110 95 82 71 64 58 53 50 52 57 66 80 96113128139146147144139135131126120241011SI1643148999999999999999999999 7 4 50999999999999999999999
113105 96 87 79 71 62 55 50 49 52 60 75 94115134147151148141132124119115241012SI17 3151999999999999999999999 848 49999999999999999999999
112109107104 98 88 77 66 55 47 44 47 58 74 97123144152150141128115105102241013SI1711153999999999999999999999 959 44225510299999999999999
104107110116119112 98 82 68 54 42 39 47 60 80108138154152140125108 90 82241014SI 3521191722155999999999999991045 3923 6 8299999999999999
 86 95104117132137126106 88 70 51 38 40 52 69 94126153159144124104 80 61241015SI 4501371742160999999999999991123 372336 5899999999999999
 59 72 88105128150153136113 93 71 48 39 48 64 84113147165155130104 77 49241016SI 53815518 8165999999999999991159 39999999999999999999999
 34 41 61 82108142165163142119 97 71 50 48 63 82104135164167143112 82 50241017SI 624168183617099999999999999 011 331234 4699999999999999
 22 14 29 53 80115153174166144123100 74 59 66 84102125155171158126 92 61241018SI 71117419 517199999999999999 049 141310 5999999999999999
 28  4  5 24 49 80121158172162144125103 81 76 88106122144164166142107 75241019SI 759172193416899999999999999 129  11345 7599999999999999
 44 14 -1  5 25 49 83124155163154141126108 95 98111125138153161150122 90241020SI 851164195916199999999999999 211 -11419 9499999999999999
 62 35 12  4 12 29 53 85121145151146138128117113119130139146152148131104241021SI 953151201515299999999999999 257  4145211399999999999999
 79 56 35 20 16 22 36 57 85113132138139136132128129135141144144141131113241022SI1128139194114499999999999999 351 16152112899999999999999
 92 74 58 44 33 30 33 44 60 82104120129134137138138140142142139134125114241023SI1839142999999999999999999999 459 30999999999999999999999
100 87 76 65 56 47 42 43 50 62 79 97113125134140143143142139135128119110241024SI1633143999999999999999999999 622 42999999999999999999999
102 94 88 82 75 67 59 53 51 54 64 77 94111126137143143141136129121113105241025SI1640144999999999999999999999 752 51999999999999999999999
100 96 95 94 91 84 76 68 60 56 58 66 79 96115131140142138131122112104 99241026SI1642142999999999999999999999 912 56999999999999999999999
 95 94 97102103 99 92 83 74 65 60 63 71 85103123137140135127117104 93 89241027SI 345103164814099999999999999 049 9410 8 602348 889999999
 88 89 94103111111105 97 89 77 67 64 69 79 94114133140135124112 98 83 76241028SI 43111217 1140999999999999991048 642319 7599999999999999
 77 81 87 99113121117109101 91 78 69 71 79 90107128141138124109 93 76 63241029SI 5 81211719142999999999999991121 692335 6199999999999999
 62 69 79 91110126129122113103 90 77 73 80 90104123141143130110 91 72 54241030SI 5441301738145999999999999991148 732358 4799999999999999
 47 54 66 81101124137135125114102 86 77 80 91104121140149138116 93 71 50241031SI 6181381759149999999999999991214 77999999999999999999999
 36 37 51 68 89116139145138126113 97 83 81 90104120138152148127 99 74 502411 1SI 652145182015399999999999999 024 351240 8099999999999999
 31 25 34 52 74101131149149138125110 93 84 89103118135152156139110 81 552411 2SI 728151184315699999999999999 051 2413 8 8499999999999999
 32 19 21 36 57 83115143155149137123106 92 90101116131147157149124 93 642411 3SI 8 615519 815799999999999999 121 181338 8999999999999999
 40 21 15 24 42 65 94126149154147135121106 98101114128141152152135106 762411 4SI 850154193215499999999999999 154 151412 9799999999999999
 51 30 18 18 30 49 73102130147150143133122112109115125136145149140118 902411 5SI 941150195314999999999999999 229 16144910899999999999999
 64 43 28 22 25 38 56 781041281411441401341271221211261331391421381251032411 6SI104714420 114299999999999999 3 9 22153612199999999999999
 78 57 42 33 29 34 45 61 801021211331381391381361321311331351361331251112411 7SI1252139193813699999999999999 358 29165413199999999999999
 93 73 58 47 41 38 41 50 63 78 961141271361421441431391341321301261211132411 8SI1512144999999999999999999999 459 38999999999999999999999
103 89 75 64 56 50 46 48 54 63 75 911091261381451481441371291231181141102411 9SI1554148999999999999999999999 613 46999999999999999999999
106101 93 84 74 66 59 54 53 56 64 75 90110129143148146138126114106103102241110SI1611148999999999999999999999 744 53231310299999999999999
102104106104 96 85 76 68 61 57 59 67 78 95117137147146137123107 92 84 86241111SI 2 7106161914899999999999999 9 8 572217 8499999999999999
 91 97107117118109 97 87 77 67 61 65 74 86105129147149137121102 80 64 61241112SI 33611916351509999999999999910 4 612240 6199999999999999
 70 81 96116132133122109 98 85 71 67 74 85 98120144154144123101 76 50 36241113SI 4351351659154999999999999991049 672313 3699999999999999
 41 56 74 98127147146133120107 90 76 76 86 98114137157156134106 78 48 21241114SI 5281491727160999999999999991130 742351 1399999999999999
 13 25 46 71104139159155142129113 94 83 88101113131153164151120 88 56 22241115SI 61916017581649999999999999912 9 83999999999999999999999
 -1 -2 16 41 72112149165160148134116 97 92102115128146163163139105 71 36241116SI 710166183016699999999999999 032 -41248 9299999999999999
  4-13 -8 13 41 77120155166160149135117103104115128140155164153124 89 56241117SI 8 216619 216499999999999999 114-14132710299999999999999
 23 -4-14 -5 17 46 84125154162156146133119111116127137146155155138108 76241118SI 857162193115799999999999999 159-1414 611199999999999999
 47 19 -1 -6  5 25 54 90125148154150142133123120126134140145147140121 94241119SI 955154195214799999999999999 247 -7144812099999999999999
 68 44 23  9  7 18 37 63 93122140145143139134129128132136137136132123105241120SI11 4145185113799999999999999 337  6153812899999999999999
 85 65 48 33 24 24 33 49 70 94117131137139139136133131131130126122116107241121SI1329139999999999999999999999 429 22999999999999999999999
 94 81 68 57 46 40 40 48 59 75 94112125133137139137133128124119112107102241122SI1457139999999999999999999999 525 39999999999999999999999
 96 89 82 75 67 60 56 56 60 68 80 95110123132137138134127119111104 97 93241123SI1535138999999999999999999999 626 55999999999999999999999
 92 91 90 87 83 78 73 70 69 71 76 86 98112125133136133125116105 95 88 85241124SI1554136999999999999999999999 753 692332 8499999999999999
 84 87 92 95 95 92 89 85 82 80 80 85 93104117129134131123112 99 86 78 75241125SI 325 9516 513499999999999999 917 792312 7499999999999999
 76 80 89 98103103101 99 95 91 88 89 94101113125132130121109 94 79 67 63241126SI 4271031616133999999999999991010 8823 6 6399999999999999
 65 71 82 96107112111109107102 96 95 98103112123132132122108 91 74 58 50241127SI 5151121629134999999999999991046 952318 4999999999999999
 51 59 72 89107119121120117112104100101106113123134137128111 92 71 52 39241128SI 55412116461379999999999999911141002338 3699999999999999
 37 45 58 78101121130130127121112104102107114124135142137119 96 73 50 32241129SI 62713117 7142999999999999991141102999999999999999999999
 24 29 43 63 89117135140137131120108102105113123135145146131107 80 54 31241130SI 7 0140173314799999999999999 0 4 24121110299999999999999
 16 15 26 46 72104132147148141130116105102109119131144150143121 92 63 372412 1SI 73414918 315099999999999999 033 14124510299999999999999
 16  7 12 29 53 84118144154151141127113103105114127139149150135107 76 472412 2SI 812154183515199999999999999 1 6  6132210399999999999999
 23  7  3 14 35 62 96129150156150138124111106110121133143148143123 92 622412 3SI 85215619 714899999999999999 143  314 210699999999999999
 36 16  4  6 20 43 72104134151153146135124114112117127136142142132109 792412 4SI 937154193814399999999999999 222  3144711199999999999999
 52 30 15  8 13 29 52 79109134147147141134126119118123129134135133120 972412 5SI103014820 413599999999999999 3 5  8154111799999999999999
 70 48 31 19 16 23 39 60 841091301411421391351291231211231261261261221092412 6SI113714220 012699999999999999 350 16165412199999999999999
 89 68 51 38 29 28 36 50 67 871081251351381381361301231181171161151151122412 7SI1336139999999999999999999999 438 27999999999999999999999
103 87 71 58 48 42 42 49 61 74 901071231331371371331251151071031021021042412 8SI1434138234810599999999999999 529 41211910299999999999999
105101 92 80 69 62 58 58 63 72 82 94108123133136133126114100 89 85 85 892412 9SI1456136999999999999999999999 629 572119 8499999999999999
 95102105100 91 83 79 75 74 77 84 91100113127135133125112 96 78 66 64 69241210SI 153105151613599999999999999 751 742144 6499999999999999
 77 89103112111104 99 96 91 88 90 95101109121134137128113 95 74 53 42 44241211SI 321113154213799999999999999 911 882218 4199999999999999
 54 68 87109122123119115111104 99101106111119131141136120 99 75 49 27 19241212SI 4331241613141999999999999991013 992257 1999999999999999
 26 41 62 90118134136132129121111106109115120129141146134110 84 55 26  4241213SI 54013616471469999999999999911 51062340  099999999999999
  1 13 34 61 96128145147143137126114110115122128139149148129100 69 37  6241214SI 6391471725151999999999999991152110999999999999999999999
-12-10  7 32 66105138154154148138124113111118127135146153146121 88 55 22241215SI 72715518 615399999999999999 024-14123711099999999999999
 -7-21-14  7 36 74115147159156146134120110112121131139148152139111 77 44241216SI 810159184715299999999999999 1 9-21132010999999999999999
 12-13-21-10 14 45 84125152158151141128115109113124132139146145128 98 66241217SI 851158192914799999999999999 154-2114 310999999999999999
 37  9-11-14  1 26 57 95130150152144134123112109115124129134138133114 86241218SI 933153201013899999999999999 238-15144810999999999999999
 59 35 12 -2  1 18 41 70103131144142136129120112111116120122124126118 99241219SI1017145204812699999999999999 320 -3153711099999999999999
 77 57 38 21 14 21 37 57 81108128135133130125118112111113112111112112103241220SI11 8135182011321271139999999 4 0 14163911120 01119999999
 88 72 59 45 35 34 42 55 71 91110123127127126123116110107104101 99 99 98241221SI1223127999999999999999999999 437 33999999999999999999999
 91 82 73 64 56 52 55 63 72 84 98111119122123123118111104 98 92 87 86 88241222SI14151242336 8899999999999999 5 7 522149 8699999999999999
 88 85 81 77 73 70 70 75 81 87 95104112117120120118111102 93 84 78 75 76241223SI1442120999999999999999999999 524 702212 7599999999999999
 80 83 85 85 85 84 85 88 92 96100104109114117118116110101 89 77 68 64 64241224SI 234 85144411899999999999999 447 842228 6399999999999999
 69 77 84 90 93 95 97100102105107109111114118118115109 99 86 72 60 53 52241225SI14441199999999999999999999992243 51999999999999999999999
 56 66 79 91 98103107110111112113114115117120121119111100 86 69 54 43 39241226SI145612199999999999999999999923 2 39999999999999999999999
 42 53 69 86101110116119119117116116117119122125124117105 89 71 52 36 28241227SI 73111915221259999999999999910 81162327 2799999999999999
 28 37 53 75 97113123127127123118115116118122127130126115 97 77 55 34 20241228SI 72412816 11309999999999999911161152356 1699999999999999
 16 21 36 59 86111128135135130122114112114119125131133126110 88 63 38 18241229SI 73013616461339999999999999912 0112999999999999999999999
  7  7 18 39 68 99126141144138128117109107112121129135136125104 76 48 23241230SI 746144173513799999999999999 029  5124010799999999999999
  5 -3  2 20 46 79113139150146135122110102104113123132138137122 94 63 35241231SI 811150182613999999999999999 1 6 -4131910299999999999999
