 15 19 32 52 76 97111116114106 96 86 82 84 92102113121121113 98 79 58 3924 1 1SO 7 8116173412299999999999999 0 9 1512 8 8299999999999999
 28 26 34 49 68 89106114115109100 89 80 78 81 88 97106111109101 87 71 5624 1 2SO 733116181711199999999999999 040 251256 7899999999999999
 43 38 40 50 65 84101112116113105 94 83 76 74 76 82 89 96100 98 91 81 6924 1 3SO 8 1116191010099999999999999 111 381357 7499999999999999
 59 52 51 56 66 81 96110117117111101 89 78 71 68 69 73 80 86 89 89 86 8024 1 4SO 8311182029 9099999999999999 142 511515 6899999999999999
 74 68 65 66 72 81 94107116119117109 97 84 73 64 60 59 62 69 76 81 85 8624 1 5SO 9 311923 1 8699999999999999 216 651639 5999999999999999
 85 83 80 79 81 85 94104114120121116107 94 79 66 55 48 47 50 58 68 77 8524 1 6SO 940122999999999999999999999 3 3 791747 4699999999999999
 91 94 95 94 92 93 96103111119124123117106 91 73 56 43 34 33 38 49 63 7724 1 7SO 141 95102412499999999999999 422 921842 3399999999999999
 90100106107105102102104109117124128127119106 87 65 45 28 20 19 27 42 6224 1 8SO 247107111812899999999999999 5491011932 1899999999999999
 81 98110116117113109107108113121129134132122105 82 56 31 14  6  8 19 3924 1 9SO 332117121613499999999999999 7 21072018  599999999999999
 64 87106119124122116110108110116125135140137124103 76 45 18  1 -6 -1 1524 110SO 412124131014099999999999999 8 110821 4 -699999999999999
 40 69 95113125128123114108106109117129141147141125100 68 35  7 -9-12 -424 111SO 45112814 114799999999999999 8501062147-1299999999999999
 17 46 77102118127127119108102102107117133147151142123 95 60 26  0-13-1224 112SO 528128144915199999999999999 9321012229-1499999999999999
  0 25 56 86108121126122110 99 94 95103117135149150139117 88 53 20 -2-1024 113SO 6 31261537151999999999999991013 9323 7-1099999999999999
 -5 11 38 70 97114122122113 99 87 84 88 98114133146144131109 80 47 19  324 114SO 6321231624147999999999999991055 842341  099999999999999
  1  9 28 57 86107118121116103 86 76 74 80 92109128137134120100 73 45 2324 115SO 6551211713138999999999999991140 74999999999999999999999
 14 17 30 50 77102116121119109 92 75 66 65 72 84101117124120108 91 69 4724 116SO 7 912118 512499999999999999 012 141231 6599999999999999
 34 32 39 53 74 97115123122115101 82 66 58 58 63 75 90104109106 97 84 6924 117SO 72212419 410999999999999999 040 311330 5799999999999999
 55 49 53 62 77 95114125128122111 94 75 60 52 50 55 64 77 89 94 93 89 8224 118SO 7431282019 9599999999999999 1 6 491444 5099999999999999
 74 68 68 73 83 96112125131129120107 90 72 57 47 44 45 53 64 75 82 85 8624 119SO 8131312311 8699999999999999 132 671610 4499999999999999
 86 84 83 85 91100110122130133129119106 89 71 55 43 36 36 42 53 64 75 8324 120SO 852133999999999999999999999 154 831733 3699999999999999
 89 94 96 97 99104110118125131132128119107 90 71 52 37 29 27 33 44 58 7324 121SO 9441329999999999999999999991843 27999999999999999999999
 86 96104107107108110114119124129132129122109 91 70 48 30 21 19 25 40 5824 122SO10591329999999999999999999991942 19999999999999999999999
 77 93105113115113111110112116122128133132124111 91 65 41 22 13 13 22 4024 123SO 354115122113399999999999999 6341102030 1299999999999999
 63 85102114119118113108106108112120129136135126110 86 58 32 14  7 10 2324 124SO 420120132513799999999999999 7571062111  699999999999999
 46 72 95111120122117108101 99102109120132140137125105 79 48 22  7  4 1224 125SO 447122141614099999999999999 849 992146  499999999999999
 30 57 85105117122119110 99 92 92 98108122136142136120 97 68 37 14  4  624 126SO 510122145914299999999999999 928 912218  399999999999999
 19 43 72 97114120120112100 88 83 86 95109126139141130111 86 56 28 10  624 127SO 52612115391419999999999999910 3 832247  699999999999999
 15 33 59 87109119120114102 88 78 76 83 95111128137135121100 73 45 22 1224 128SO 5391211617138999999999999991038 762315 1299999999999999
 15 29 51 78102117121116105 90 76 69 72 81 96113127132125109 87 62 38 2324 129SO 5531211654132999999999999991113 692341 2099999999999999
 21 30 48 71 96115122119109 95 78 67 64 69 81 96112122122113 96 76 55 3824 130SO 6121221731124999999999999991148 63999999999999999999999
 31 36 49 69 91111122123115100 83 68 60 61 68 81 95108114111101 86 69 5424 131SO 632124181011499999999999999 0 6 311226 5999999999999999
 45 45 54 69 89108122126120107 91 74 61 56 59 67 79 92102105101 92 80 6824 2 1SO 653126185510599999999999999 028 4413 7 5699999999999999
 59 57 62 73 88105120127124114 99 82 67 57 54 57 64 75 86 93 95 92 87 8024 2 2SO 7161271953 9599999999999999 047 571357 5499999999999999
 74 71 73 80 91104117126127121108 93 76 63 54 51 53 59 67 77 84 87 88 8724 2 3SO 7401282158 8899999999999999 1 3 7115 6 5199999999999999
 86 84 86 90 96105114123128125117104 89 74 61 51 46 46 50 57 66 75 82 8824 2 4SO 811128999999999999999999999 1 6 841637 4599999999999999
 92 95 98100103108113120125127124116104 90 74 59 46 38 35 37 45 56 68 8024 2 5SO 85212799999999999999999999918 4 35999999999999999999999
 92101107110111112114117121125127125118108 93 74 55 39 27 22 24 33 48 6524 2 6SO10 11279999999999999999999991913 22999999999999999999999
 83 99111117119117115114115119124128129125114 96 74 50 29 14  8 12 24 4424 2 7SO 349119114113099999999999999 65411420 9  899999999999999
 67 89107119124122116111109110115124133137132120 99 72 43 18  3 -2  4 2124 2 8SO 4 812413 213799999999999999 8 81092056 -299999999999999
 47 74 98115125125118108101 99103112125138144139123 99 67 35  9 -5 -7  424 2 9SO 43312614 214499999999999999 853 992138 -799999999999999
 26 56 86108122126121108 95 88 87 94108127144149142123 95 61 27  4 -6 -324 210SO 458126145414999999999999999 931 872215 -699999999999999
 13 40 72100117125123111 93 78 72 75 86105129146149139119 89 54 24  6  224 211SO 51912515431509999999999999910 8 722247  299999999999999
 10 30 60 91114124124115 97 75 61 58 65 80103127143143131111 82 50 25 1524 212SO 5341251630145999999999999991046 582314 1599999999999999
 18 31 55 85111125127120104 81 58 47 47 56 74 99123134132120101 75 49 3324 213SO 5421271718135999999999999991127 462338 3199999999999999
 32 40 57 81108127132126113 92 66 46 37 40 51 70 94114122118107 91 71 5424 214SO 55513218 7122999999999999991211 37999999999999999999999
 48 53 65 83106126136134122104 80 56 39 34 38 49 66 87102107104 96 85 7224 215SO 61513719 010799999999999999 0 0 4813 0 3499999999999999
 64 65 75 89105124137139131116 96 73 52 38 35 38 47 62 78 89 93 92 89 8424 216SO 64214020 9 9399999999999999 021 631358 3599999999999999
 78 78 84 94107120133139136125110 91 71 54 42 38 39 45 56 68 78 82 85 8724 217SO 712140999999999999999999999 037 771517 3799999999999999
 88 88 92 99108117126134136130120107 91 74 59 47 40 38 41 49 59 69 76 8424 218SO 7471369999999999999999999991655 38999999999999999999999
 90 95 99104109114120125128129124117107 95 80 64 50 40 35 35 42 52 64 7624 219SO 8341299999999999999999999991824 34999999999999999999999
 88 98105109111112114115118120122121118111100 85 67 49 36 29 29 36 49 6524 220SO10191229999999999999999999991930 28999999999999999999999
 82 96107113114112109107107109113119123122117105 87 65 44 29 22 23 34 5124 221SO 343114122712399999999999999 7261072018 2199999999999999
 72 91106115117114106100 97 97101110120127128120106 84 58 35 21 16 22 3724 222SO 355117133412999999999999999 822 972056 1699999999999999
 59 83102114119117108 96 88 86 89 97110124133131121102 76 48 26 15 15 2624 223SO 411119142113399999999999999 855 862127 1499999999999999
 46 73 97113119119110 96 82 75 76 83 96114130136131116 94 65 38 19 14 2024 224SO 42412015 113699999999999999 923 752155 1499999999999999
 37 62 89110120120113 99 81 68 65 70 82100120134136126108 82 54 30 19 2024 225SO 432121153813799999999999999 953 642222 1899999999999999
 33 54 81106120123116102 83 65 56 57 67 83105124134131117 97 71 45 29 2524 226SO 4431231614134999999999999991022 552246 2599999999999999
 33 51 75101120126120107 88 67 52 47 53 68 88109125130122107 85 62 42 3424 227SO 4581261650130999999999999991052 4723 9 3499999999999999
 38 52 73 97118128125113 94 72 52 42 43 54 71 92112123122112 96 76 57 4624 228SO 5161281726124999999999999991123 412331 4599999999999999
 46 56 73 94115129130120102 80 58 42 38 44 57 76 96111117113102 87 72 6024 229SO 53513118 3117999999999999991154 382349 5699999999999999
 57 63 76 93113128133126110 89 67 47 37 38 46 61 78 95106108103 94 83 7324 3 1SO 5541331844108999999999999991227 36999999999999999999999
 68 71 81 94110125133130118100 78 58 43 37 40 49 62 78 91 98 99 96 90 8424 3 2SO 6151331938 9999999999999999 0 6 6813 7 3799999999999999
 80 81 88 98109122131132124110 91 71 54 43 39 42 49 60 72 82 88 91 91 9124 3 3SO 63913322 4 9199999999999999 019 8014 0 3999999999999999
 90 91 95102110119126131128118104 87 70 55 45 41 41 45 52 62 71 79 85 9124 3 4SO 7 8131999999999999999999999 0 9 901529 4099999999999999
 96 99103107112117122125126123114103 89 74 60 48 40 36 36 41 50 61 73 8424 3 5SO 7451279999999999999999999991727 35999999999999999999999
 95104109113114115116118120121120115107 96 81 65 49 35 27 24 29 40 54 7124 3 6SO 9 01219999999999999999999991851 24999999999999999999999
 88103113117117114111109109112117120121116105 89 68 46 28 17 14 20 34 5424 3 7SO 325117113512199999999999999 7181091950 1499999999999999
 77 96111119119114105 98 96 97104115124129126114 94 68 42 21  9  8 18 3724 3 8SO 33212013 712999999999999999 8 7 962036  799999999999999
 62 88107119122115103 89 81 79 85 97115131138134119 96 66 37 16  7 10 2424 3 9SO 34812214 813899999999999999 842 792115  799999999999999
 49 78102118123119104 85 68 61 63 73 93117136143137120 94 62 34 17 13 2124 310SO 4 412315 014399999999999999 917 612147 1399999999999999
 40 69 98118125123110 88 63 47 42 49 65 91119138143134116 89 58 35 25 2824 311SO 413125154814399999999999999 952 422214 2599999999999999
 41 64 93118129128117 96 68 42 28 29 39 61 91119135137127109 84 57 42 4024 312SO 4221301635138999999999999991029 272237 3999999999999999
 48 65 90117134136126108 81 50 26 17 21 36 60 91116128127117101 79 60 5424 313SO 43713717221299999999999999911 7 172259 5499999999999999
 59 72 90114135143136119 96 66 36 17 13 21 37 62 90110117115107 93 77 6724 314SO 4591431810117999999999999991147 132321 6799999999999999
 69 79 94112132145143130110 84 55 30 17 17 25 41 64 86101105103 97 89 8024 315SO 52514619 3105999999999999991231 162343 7899999999999999
 78 85 97111126140145138121100 76 52 32 24 25 32 46 64 81 90 94 94 92 8824 316SO 5541452029 94999999999999991322 232358 8699999999999999
 86 90 98109121132139138128112 94 74 55 40 34 34 38 48 61 74 81 86 89 9124 317SO 6251409999999999999999999991430 33999999999999999999999
 92 94100107115122129131128118106 92 77 62 50 43 40 41 47 57 67 75 82 8924 318SO 6581319999999999999999999991610 40999999999999999999999
 95 99102106110114117119120117111104 94 83 71 58 48 42 40 44 52 62 73 8424 319SO 7401209999999999999999999991749 40999999999999999999999
 94101106108107107106106107109110109106100 91 77 62 49 39 36 39 49 62 7724 320SO 317108101311099999999999999 6161061859 3699999999999999
 91102109111108103 97 94 94 96101107112112107 96 80 61 44 34 32 37 50 6724 321SO 254111123411299999999999999 744 941947 3299999999999999
 86101110114111102 92 84 81 82 88 98110117118111 97 77 55 38 29 30 40 5724 322SO 3 4114133511999999999999999 814 812024 2999999999999999
 78 98111116114105 91 77 69 68 73 84100116124122112 94 71 48 33 28 34 4824 323SO 313116142012499999999999999 840 672054 2899999999999999
 70 93111118117108 93 74 60 55 58 69 86106122128123109 88 63 42 32 33 4424 324SO 321119145912899999999999999 9 5 552122 3199999999999999
 63 87109121121112 97 76 56 45 44 53 69 92114127129120103 80 56 40 37 4424 325SO 331122153613099999999999999 932 432148 3699999999999999
 60 82106122126118102 80 57 39 33 38 53 74100120129126114 95 72 53 45 4824 326SO 34712616121299999999999999910 0 332213 4499999999999999
 60 79102122130125109 87 62 39 26 27 38 57 82107123127120106 87 68 55 5424 327SO 4 51301648127999999999999991028 252236 5399999999999999
 63 79100120132131117 96 70 44 26 20 26 42 65 91112122121113 98 81 68 6324 328SO 4231331725123999999999999991056 202257 6399999999999999
 68 80 98117132135125106 81 54 31 19 20 31 49 73 96112117114105 92 80 7324 329SO 44313618 4117999999999999991126 182316 7299999999999999
 75 84 97114130137132116 93 67 42 24 19 24 37 56 78 97107109106 99 90 8324 330SO 5 51371849109999999999999991158 192334 8199999999999999
 82 88 99112125135135123105 82 57 36 24 23 30 43 60 78 92 99101 99 96 9124 331SO 5291361959101999999999999991237 222349 9099999999999999
 90 93101111121130134128114 95 74 53 37 29 29 34 45 58 73 84 90 94 96 9724 4 1SO 5561349999999999999999999991329 28999999999999999999999
 97 99104110117123128128120107 90 73 56 42 35 33 36 42 53 64 75 83 90 9724 4 2SO 6271299999999999999999999991453 33999999999999999999999
101104106110113116119121119113104 92 78 63 50 41 35 33 37 45 56 68 80 9224 4 3SO 7111219999999999999999999991652 33999999999999999999999
101107110110109108107109110111110106 98 87 73 58 44 34 29 30 38 52 67 8424 4 4SO 242110 85611199999999999999 5511071817 2999999999999999
 98108112111106100 95 93 94 99106111112108 98 82 64 45 32 25 27 37 54 7424 4 5SO 218113114711299999999999999 7 5 931916 2599999999999999
 93107115114107 95 83 76 74 79 89103115121118107 89 67 45 31 26 30 44 6424 4 6SO 230115131212199999999999999 745 7420 1 2699999999999999
 87106117118111 96 76 61 53 55 64 82104121129126114 93 68 46 34 32 40 5824 4 7SO 242119141312999999999999999 821 532037 3299999999999999
 82105120124117102 78 54 37 32 38 54 79106126133129116 94 68 49 42 45 5724 4 8SO 25212415 613499999999999999 855 3221 7 4299999999999999
 78103123131126111 88 57 31 16 16 27 49 80110129134128114 92 69 56 55 6324 4 9SO 3 4131155613499999999999999 931 152133 5499999999999999
 78100124137136123101 71 37 12  3  7 22 49 83112127129124110 89 72 66 7124 410SO 32313816451309999999999999910 8  22158 6699999999999999
 82 99121140145135115 88 55 22  2 -3  6 24 53 86111121122116104 87 77 7824 411SO 3471451736123999999999999991047 -32224 7699999999999999
 87100118137148145128105 76 42 14  0  1 11 31 60 88106113113108 98 87 8424 412SO 4161491829114999999999999991127 -12251 8499999999999999
 90101114130144148138119 94 66 36 15  6 10 21 41 65 88100105105102 95 8924 413SO 44714919331059999999999999912 9  62318 8999999999999999
 91 99110122135143141128108 85 61 37 22 17 21 32 49 68 85 94 98 99 97 9424 414SO 51914421 1 99999999999999991258 172343 9399999999999999
 93 98106115124132135129116 99 80 61 43 33 29 32 41 54 69 81 88 93 96 9724 415SO 5541359999999999999999999991358 29999999999999999999999
 97 98102107113118122122117106 94 80 66 53 44 40 40 46 55 67 78 86 92 9724 416SO 6311239999999999999999999991521 39999999999999999999999
100100101102104106108110109106100 93 84 73 62 52 46 44 47 55 66 77 87 9624 417SO 7241109999999999999999999991652 44999999999999999999999
101104104101 98 96 94 95 96 98100 99 96 90 80 68 56 48 44 47 55 67 81 9324 418SO 123104101410099999999999999 615 9418 3 4499999999999999
102107107103 96 88 83 80 81 85 92 99102102 96 86 72 57 47 44 48 58 73 8924 419SO 137108122210399999999999999 713 801855 4499999999999999
102109111107 98 86 74 67 66 70 79 91102108108101 89 72 56 46 46 52 65 8324 420SO 148111132710999999999999999 744 661935 4599999999999999
100112115112102 87 70 57 52 54 62 77 95109115113104 88 70 54 48 51 61 7724 421SO 2 0115141511599999999999999 811 512010 4899999999999999
 96112120118107 91 70 51 40 38 46 61 81102116121116104 86 67 55 53 60 7424 422SO 214120145712199999999999999 838 382042 5399999999999999
 93112123124114 97 75 51 33 26 30 43 64 89111123124116101 83 67 60 63 7324 423SO 233125153612499999999999999 9 6 262111 6099999999999999
 90109125130123106 82 56 32 18 17 27 46 72 99118126124113 97 80 69 68 7524 424SO 253130161512699999999999999 935 162139 6799999999999999
 89107125134131116 93 65 37 17  9 14 30 54 82107121125121109 93 80 75 7824 425SO 31413416551259999999999999910 4  922 4 7599999999999999
 89104122135137126105 78 48 22  8  7 17 37 63 91111121122116104 91 83 8324 426SO 3371381737122999999999999991034  62227 8299999999999999
 90102118133140134116 92 63 34 13  5 10 23 45 72 96111117116110100 91 8824 427SO 4 114018251179999999999999911 6  52250 8899999999999999
 93102114128139139126105 80 51 26 11  9 16 31 53 77 96106111110106 98 9424 428SO 4291401926111999999999999991143  82314 9399999999999999
 95102111122133138132116 95 70 45 25 15 15 23 37 57 77 92100105106103 9924 429SO 4591382047106999999999999991226 142341 9899999999999999
 98102108116124132132123107 88 66 44 29 22 23 29 41 58 74 87 9510110310324 430SO 5331332219103999999999999991321 21999999999999999999999
101102105110115121125123114101 85 67 50 36 30 29 34 43 57 71 83 9310010424 5 1SO 616125234310599999999999999 0171011438 2999999999999999
105104103104105107110113113107 99 87 73 58 46 38 35 37 44 56 70 83 9510324 5 2SO 722114999999999999999999999 1591031611 3599999999999999
107107103 99 95 92 93 96100104104101 94 83 69 56 45 40 40 47 59 74 8910124 5 3SO 025108 93510499999999999999 527 921728 3999999999999999
109111107 98 88 79 74 74 79 88 97104106103 93 80 64 52 45 45 53 67 8410024 5 4SO 050111115210699999999999999 630 731826 4499999999999999
111116113103 88 71 58 52 54 63 78 95108114112103 89 71 58 52 54 64 79 9824 5 5SO 1 9116131711499999999999999 715 521911 5299999999999999
113121121111 94 71 49 35 31 37 51 73 96113121120111 95 77 65 62 67 78 9524 5 6SO 124122142312199999999999999 755 311949 6299999999999999
114128130122106 81 52 28 15 14 24 44 72100118126124115 98 82 73 74 81 9424 5 7SO 143130152112699999999999999 833 132022 7299999999999999
113131139134120 97 66 33  9  0  3 18 43 75104121127125115 99 86 82 86 9624 5 8SO 2 8139161612799999999999999 912  02053 8299999999999999
110129143145134113 85 51 18 -2 -7  0 18 48 81107121125123113 99 90 90 9824 5 9SO 237146171012699999999999999 951 -72125 8999999999999999
108124141150145128104 73 39  9 -6 -7  4 25 56 87108118121118109 98 93 9724 510SO 31015018 3121999999999999991032 -82158 9399999999999999
106118133147151140120 94 63 31  7 -3  0 13 35 64 91107114116113104 97 9624 511SO 3451511855116999999999999991113 -32233 9599999999999999
103112124137147145131110 85 56 29 11  6 11 25 46 72 93104109110107100 9624 512SO 4221481946111999999999999991156  62311 9699999999999999
 98105114125135140135120100 78 53 31 19 17 23 37 56 77 93102106106103 9824 513SO 5 01402039106999999999999991242 172355 9699999999999999
 96 99105113121128130123109 92 73 54 38 29 29 35 47 64 80 9310010410410124 514SO 5411302134104999999999999991333 28999999999999999999999
 98 96 98102108113117117111100 87 73 58 46 39 39 44 55 69 83 9410110410424 515SO 627118222810499999999999999 055 961433 3899999999999999
101 98 95 94 96 98102105105101 95 86 75 64 55 48 47 52 61 73 86 9710410624 516SO 736105231310699999999999999 246 941541 4799999999999999
105102 96 91 87 85 86 89 92 95 96 94 88 81 72 62 56 54 58 67 79 9210210824 517SO 943 96234711099999999999999 5 8 851649 5499999999999999
110107100 92 82 75 72 72 76 83 90 95 96 94 88 79 69 61 59 64 73 86 9910924 518SO1152 97999999999999999999999 619 721747 5999999999999999
114113106 96 82 69 60 57 60 67 78 90 99103101 95 85 74 66 65 71 82 9510824 519SO 016114131310399999999999999 7 1 571836 6599999999999999
117119113102 86 68 53 44 44 50 62 79 95106111109101 89 77 71 73 80 9210624 520SO 042119141011199999999999999 735 431919 7199999999999999
119125121110 93 72 51 36 30 33 45 63 84103114118114104 92 81 77 81 9110424 521SO 1 9125145711899999999999999 8 6 301958 7799999999999999
118128129120103 80 55 33 20 19 27 45 68 92111122123117106 93 85 84 9110224 522SO 135130154112399999999999999 838 182034 8499999999999999
116130136130115 92 65 38 18  9 13 27 49 76101118126125117105 94 90 9210024 523SO 2 2136162412799999999999999 911  921 7 8999999999999999
113128139139127106 79 49 23  7  3 12 30 57 85108122127124115104 96 9510024 524SO 231140171012799999999999999 945  32138 9499999999999999
110124138144138121 96 66 35 12  1  3 15 37 65 92111122125121112102 9810024 525SO 3 11441758125999999999999991021  022 7 9899999999999999
107118132144144133112 85 54 26  7  1  6 21 44 72 9611111912111710810110024 526SO 33314618501219999999999999911 0  1223810099999999999999
105113124137145140125103 76 46 21  7  5 12 28 52 77 9710911611711210510124 527SO 4 91451944117999999999999991141  4231410099999999999999
102107115127137141133117 95 69 42 22 12 12 21 37 59 81 9710711311310910224 528SO 4481412037114999999999999991227 11999999999999999999999
100102107114124132132124109 89 66 43 27 21 22 30 45 65 84 9810611111110624 529SO 534133212711299999999999999 0 11001317 2099999999999999
100 97 98102107115122122115102 86 67 49 37 32 33 41 54 72 8810010811110924 530SO 63012322 911199999999999999 111 971415 3199999999999999
103 96 92 90 91 95102109111107 99 88 73 59 49 44 45 52 64 80 9510611211324 531SO 750111224311399999999999999 3 8 901519 4499999999999999
109100 90 82 77 76 79 87 95101103100 93 82 71 62 57 57 64 76 9010411411724 6 1SO 949103231011899999999999999 445 751623 5699999999999999
116108 95 81 68 59 57 61 71 84 95101103101 93 83 74 69 70 77 8810211512324 6 2SO1155103233812499999999999999 551 571720 6999999999999999
124118106 88 68 51 40 38 45 58 75 92104110110104 95 85 81 83 9010111412624 6 3SO1331110999999999999999999999 644 381811 8199999999999999
132129119101 78 53 33 23 22 31 49 71 93108116118113103 94 91 9410111212624 6 4SO 010132144511899999999999999 731 211857 9199999999999999
136139132117 95 67 38 17  9 11 23 45 73 97114122124118108100 9810311112224 6 5SO 047139154512499999999999999 816  81941 9899999999999999
136145144133113 87 55 25  6  0  5 21 47 7810211812612712011010310410911824 6 6SO 126146163812799999999999999 9 0  0202310299999999999999
130143151146130107 78 44 16  0 -3  6 25 54 8510712012612611810810410611324 6 7SO 2 6151172612799999999999999 942 -321 510499999999999999
122136148152143125100 69 36 11 -1  0 11 34 64 9211112112512211410510310724 6 8SO 2481531810125999999999999991024 -2214810399999999999999
114125139150150137117 91 61 31 10  3  7 21 45 74 9811312012111710810110124 6 9SO 33015118481219999999999999911 5  3223110099999999999999
106114126139147143129108 83 54 29 13 11 18 34 58 83103113118117111102 9724 610SO 4121471921118999999999999991145 102317 9699999999999999
 98104113125136140133119 99 75 50 30 20 21 31 48 70 92107114115112105 9724 611SO 4551401949115999999999999991224 19999999999999999999999
 93 95101110120128129122108 90 70 50 35 30 33 44 61 81 9911011411310810024 612SO 539130201711599999999999999 0 7 9313 4 3099999999999999
 93 90 92 97104112118118111 99 84 68 53 43 41 46 58 73 9110511311511210524 613SO 628119204811599999999999999 1 5 901346 4199999999999999
 97 89 86 86 90 96102107107102 93 82 70 60 54 53 59 70 85 9911111611611024 614SO 730107212311799999999999999 221 861432 5399999999999999
102 93 85 80 79 81 85 91 96 98 96 91 84 76 69 65 65 71 82 9510711611911624 615SO 9 1 9822 111999999999999999 352 791525 6599999999999999
109 99 88 78 71 68 69 74 81 88 93 95 94 91 85 80 76 77 82 9210311412112224 616SO11 8 95224012299999999999999 511 681625 7699999999999999
117107 95 81 69 59 55 57 64 74 84 94100101100 95 90 86 86 9210111212112624 617SO13 1101232012699999999999999 6 8 551726 8599999999999999
124117104 88 71 56 46 43 47 57 70 85 98107111109104 98 94 9510010911912724 618SO1413111999999999999999999999 654 431822 9499999999999999
130127116 99 79 58 41 32 31 39 53 71 9010611612011711110410010110711712724 619SO 0 013015 412099999999999999 735 30191410099999999999999
134135128113 92 67 44 27 20 22 34 53 76 9811412412612211410710410711412424 620SO 039136155012699999999999999 815 1920 110499999999999999
134141139128108 83 55 30 15 10 16 32 56 8210512112913012411510810711111924 621SO 119141163413099999999999999 855 10204410799999999999999
130142146141125101 72 42 19  6  4 14 34 61 8911112513113012211310810811424 622SO 159146171913199999999999999 936  4212410799999999999999
124137148150140121 94 62 32 10  1  3 16 40 69 9611512613012711810910610824 623SO 24015018 2130999999999999991018  022 210699999999999999
115127142151149136114 86 54 25  6  1  6 22 48 7710111712612712211110410324 624SO 3221521844128999999999999991059  1224210299999999999999
107115129143150145130107 78 47 22  8  6 14 33 59 86106118124123115104 9824 625SO 4 61501922125999999999999991140  52326 9799999999999999
 98103113127141145138122100 73 44 24 15 16 27 46 72 95111120122118107 9624 626SO 4531451954122999999999999991219 14999999999999999999999
 91 92 97108122133136128114 94 70 46 31 27 31 43 63 85105117121120112 9924 627SO 544136201812299999999999999 018 901258 2799999999999999
 88 83 84 89 99112122124118106 90 71 53 44 43 49 61 80 9911512212311810724 628SO 644124203812399999999999999 122 831336 4299999999999999
 92 80 74 73 77 86 99108112109101 90 76 65 59 61 68 80 9611212312712411524 629SO 75911221 112799999999999999 240 731416 5999999999999999
102 86 73 64 61 64 72 84 95101102100 94 86 79 76 79 86 9711112313113112524 630SO 947103213213299999999999999 4 2 6115 1 7699999999999999
114 99 81 64 53 48 50 58 71 84 94100103102 98 94 92 9410111012113113613424 7 1SO1215103221413699999999999999 516 481555 9299999999999999
127114 96 75 56 42 35 37 46 60 77 9110210811111010610410611211912813714124 7 2SO14 611123 614199999999999999 620 3517 110499999999999999
138129114 93 70 47 31 24 26 36 54 74 9310711612011911411211311812413214124 7 3SO1514120999999999999999999999 716 24181111199999999999999
145141130113 90 63 38 22 15 19 31 52 77 9811312312712411811411511912613424 7 4SO 0 414516 312799999999999999 8 8 15191611499999999999999
144148144131112 86 56 30 14 10 15 31 56 8310511912812912411711311411812524 7 5SO 1 2148164413099999999999999 855 10201511299999999999999
136147151145130108 79 48 23 10  8 17 37 64 9211212413012812111210811011624 7 6SO 154151172013099999999999999 938  721 610899999999999999
125138150152143126101 71 40 18  8 11 23 47 7610111812612912411410410210624 7 7SO 2421531750129999999999999991017  8215110299999999999999
113125140151150138119 93 62 34 16 11 18 34 60 88110122127125116105 96 9624 7 8SO 3271521814127999999999999991053 112233 9599999999999999
102111125140148144130109 83 54 30 18 19 30 49 75101117125125119108 96 8924 7 9SO 4101481830125999999999999991127 172315 8999999999999999
 91 99110125137142135119 98 74 49 31 25 31 45 66 91112123125121111 98 8724 710SO 4521421847125999999999999991158 252358 8499999999999999
 84 87 96108122131132123108 88 67 48 37 37 46 63 84105120126124115103 9024 711SO 53513319 9126999999999999991229 36999999999999999999999
 81 79 84 93104116122121112 98 82 65 53 48 52 64 81100117126127120109 9624 712SO 620123193512899999999999999 044 7913 0 4899999999999999
 84 77 76 80 89 99108112110103 92 80 69 62 62 69 81 9711312512912611610324 713SO 71111220 312999999999999999 137 751329 6199999999999999
 90 79 72 71 75 82 91 99103102 97 91 83 78 75 78 85 9711012212913012311224 714SO 820103203213099999999999999 241 7114 0 7599999999999999
 98 85 74 67 65 68 74 83 90 95 98 97 95 92 90 89 92 9910911912813212912124 715SO1017 9821 613299999999999999 355 651435 8999999999999999
109 94 80 69 60 57 59 65 74 84 92 9810210310310210210410911712513113312924 716SO1316103214713399999999999999 5 9 57153510299999999999999
120107 91 75 61 51 47 49 56 67 80 9210311011411411311211211612212913413524 717SO1439114224113599999999999999 612 47171211299999999999999
130121106 88 69 52 40 35 38 48 62 79 9611011912312312011711711912513213724 718SO1521124234713899999999999999 7 8 35183811699999999999999
138134123105 83 60 41 28 23 28 41 60 8210211812713012812311811712012613424 719SO1558130999999999999999999999 758 23194611799999999999999
142144138124103 77 51 29 16 13 21 38 62 8811012513313312812011611511912724 720SO 049144163313499999999999999 845 13203811599999999999999
138147150142125100 70 41 18  7  7 18 40 68 9511713013513212311410911011624 721SO 14415017 813599999999999999 929  6212210999999999999999
128142153154143123 95 62 31 11  3  6 22 48 7810412313213412711410410110424 722SO 2341551740134999999999999991011  222 110199999999999999
113128145156154141118 88 54 25  9  5 13 32 61 91114127132129117102 93 9124 723SO 32215718 8132999999999999991049  52241 9199999999999999
 97109127146155150135112 81 49 24 13 14 26 49 78105122130130121105 89 8124 724SO 4101551829131999999999999991123 122323 8099999999999999
 82 90104124142148142127104 75 48 30 25 31 46 70 97119130131125111 92 7624 725SO 4581481842131999999999999991154 25999999999999999999999
 70 73 82 98118134138131117 97 73 52 42 43 53 70 93116130134130119101 8124 726SO 549138185513499999999999999 0 9 701221 4199999999999999
 66 62 65 75 90109122125119108 92 75 62 59 65 76 93113130138136127112 9224 727SO 646125191513999999999999999 1 1 621248 5999999999999999
 72 60 56 58 67 81 97108111108102 92 82 76 78 86 9811312914014213612310724 728SO 755111194214299999999999999 2 4 551314 7699999999999999
 87 68 56 51 52 59 71 85 95100101100 97 93 92 9710411512613814414213412124 729SO 958101201714499999999999999 320 511338 9299999999999999
104 86 68 54 47 46 50 61 74 85 93 9910310510510711111712513314014414113324 730SO21 3144999999999999999999999 444 45999999999999999999999
121105 87 68 53 43 39 42 51 65 79 9110111011411611711912312813313914214024 731SO2212142999999999999999999999 6 3 39999999999999999999999
134123109 89 68 50 37 32 34 45 60 78 9410811812312412212112212513013514024 8 1SO1536124234514199999999999999 710 32175312199999999999999
141137127111 90 66 44 30 25 29 41 61 8210111612512912612111711711912413224 8 2SO16 0129999999999999999999999 8 5 25193311799999999999999
141145141130112 87 60 37 24 20 27 43 67 9111112413013012311410910911312024 8 3SO 1 2145162613199999999999999 850 20203210999999999999999
132144148143130109 81 52 30 19 19 30 50 7710212012913112611510410010110724 8 4SO 159148164913199999999999999 929 17211310099999999999999
119134147150142126102 72 43 24 18 23 38 63 92114127131128118103 93 90 9524 8 5SO 24615117 61319999999999999910 1 182149 9099999999999999
104120137149149137118 91 61 36 22 22 32 53 80107124131129121106 91 82 8324 8 6SO 3271501716131999999999999991031 212224 8199999999999999
 91104122139147143128107 80 53 33 27 33 48 71 98120131131123110 93 79 7324 8 7SO 4 71471729132999999999999991059 272259 7399999999999999
 78 89105124138141133117 95 71 49 37 37 49 68 92115130133127115 98 80 6924 8 8SO 4461421747134999999999999991125 362335 6799999999999999
 68 76 89106123133132122106 86 65 51 47 53 68 89111128136132120104 85 7024 8 9SO 52513418 8136999999999999991150 46999999999999999999999
 63 66 76 90106120125122111 96 80 66 59 62 72 89108126136136127111 93 7624 810SO 6 6125183013899999999999999 012 631213 5999999999999999
 64 61 65 76 89103113116112103 91 80 73 73 79 91107123135138133120102 8424 811SO 651116185213999999999999999 052 611233 7299999999999999
 69 61 60 65 75 87 98106107104 98 92 86 85 88 96108121132138137127112 9524 812SO 748107191613999999999999999 138 601248 8599999999999999
 79 66 60 59 63 71 81 91 97100100 99 97 97 9910311111912913613813312210824 813SO 938100194413899999999999999 238 591249 9799999999999999
 92 77 65 59 56 58 64 73 82 90 9610110410710911211512012613213613512911924 814SO2022136999999999999999999999 4 2 56999999999999999999999
107 92 77 64 55 50 50 55 63 74 85 9610611311712012112212412813213413412924 815SO2122134999999999999999999999 533 49999999999999999999999
121109 94 77 61 48 40 38 43 54 68 8410011312212612712512312312512913313524 816SO153512723 913599999999999999 646 38184112399999999999999
133127115 97 76 55 39 28 26 33 47 66 8810712213013212812311811712012513324 817SO1546132999999999999999999999 744 26195311799999999999999
139140134120 98 73 47 28 17 17 27 46 70 9511612913413212311410910811312324 818SO 04014116 813499999999999999 832 16203710799999999999999
136146148140122 97 67 39 18 10 13 27 52 80106124134134125112100 95 9710624 819SO 144148163113599999999999999 914  92113 9599999999999999
121139152153143122 93 60 31 14 10 17 37 65 95118131135128113 95 83 80 8624 820SO 236154165113599999999999999 951 102149 8099999999999999
100121142155154141118 87 54 29 17 18 31 54 85113129135131118 97 77 66 6724 821SO 32515617 5135999999999999991024 162226 6599999999999999
 77 95120143153149135112 82 52 33 28 35 52 78107129137135124104 79 59 5224 822SO 4121541714138999999999999991052 2823 5 5299999999999999
 56 69 91118139146140126104 77 54 44 46 58 77103128141141131114 89 63 4624 823SO 5 01461728142999999999999991116 442347 4399999999999999
 43 50 65 88113130134128116 98 77 63 61 69 83103125143147139124103 76 5324 824SO 5491351748147999999999999991139 60999999999999999999999
 40 39 47 62 84106119121116107 94 81 76 80 91106124141150147135117 94 6924 825SO 643121181415199999999999999 033 3812 1 7699999999999999
 49 40 40 47 60 79 96106108106102 95 90 91 99110123137148151143129110 8924 826SO 755108184515199999999999999 127 391220 8999999999999999
 68 52 44 43 47 58 72 85 94 9810010110010110511312313214114714513712310824 827SO1919147999999999999999999999 239 42999999999999999999999
 90 72 58 49 45 47 54 65 76 85 92 9910410811111612212713313814013813112224 828SO20 4140999999999999999999999 415 45999999999999999999999
110 95 79 64 53 46 44 48 57 69 81 9310311211711912112312412712913213212924 829SO2134132999999999999999999999 548 44999999999999999999999
124115102 85 68 52 42 39 42 52 67 83 9811112012312211911711611712012412924 830SO1516123999999999999999999999 7 0 3919 411699999999999999
131129121107 88 66 48 36 33 39 52 71 9010712012612512011210610410611212124 831SO 0 0131152712699999999999999 753 3320 310499999999999999
131136134125108 85 60 41 30 30 39 57 80102118126128122111100 93 93 9710724 9 1SO 116136154412899999999999999 833 292037 9299999999999999
122135141137125104 78 52 34 27 31 45 68 94115126130125113 98 85 80 83 9224 9 2SO 2 6141155613099999999999999 9 6 2721 6 8099999999999999
107126140144136120 96 68 44 30 29 39 58 84110126131128117100 82 71 70 7724 9 3SO 24714416 413199999999999999 934 282135 6999999999999999
 91111131143142131112 86 59 39 33 38 53 76103124133131121104 83 66 59 6324 9 4SO 32514416151339999999999999910 0 3322 5 5999999999999999
 75 94116135142137123102 76 54 41 42 53 72 97121135135125109 88 66 53 5224 9 5SO 4 21421631136999999999999991025 402236 5199999999999999
 61 77 99121135137128113 92 70 54 50 57 73 94117134139131115 94 71 53 4524 9 6SO 4391381650139999999999999991049 4923 6 4599999999999999
 50 62 81104123132129119103 84 68 60 64 75 93114132141137123103 79 58 4524 9 7SO 5161321710141999999999999991112 602338 4299999999999999
 43 51 67 87107121125120110 96 82 73 72 81 95112130141141130112 89 67 4924 9 8SO 5541251731143999999999999991131 71999999999999999999999
 42 45 56 72 90107116117111103 93 84 82 87 98111126139142136120100 78 5924 9 9SO 636117175214399999999999999 011 421147 8299999999999999
 47 44 49 60 74 90102108108105100 94 92 95102112124135141138128111 92 7224 910SO 730109181514199999999999999 048 441158 9299999999999999
 57 48 47 52 61 73 85 94 99101102101101103108115122130136138132120105 8824 911SO 952102184213899999999999999 137 47114810199999999999999
 72 59 52 50 52 58 67 77 85 92 9810310711011411812212613013313212611610324 912SO1916133999999999999999999999 258 50999999999999999999999
 90 75 63 54 49 47 50 57 67 77 88 9910811511912112312312412512712612311724 913SO2020127999999999999999999999 455 47999999999999999999999
108 96 82 67 53 43 38 39 46 58 73 8910411612312512412011711511611912312424 914SO15 012523 512499999999999999 622 3819 511599999999999999
123116104 87 68 50 35 28 29 39 55 75 9611312412812511811010410210611312324 915SO15 4128999999999999999999999 721 28194910299999999999999
130132126112 91 67 44 28 21 25 39 60 84107122129128118105 92 86 87 9510924 916SO 045132151913099999999999999 8 8 212023 8699999999999999
126138141133116 92 63 39 24 20 28 47 73 99120130130121104 85 71 67 72 8624 917SO 147141153313199999999999999 847 202055 6799999999999999
108130145147137117 90 60 37 26 28 41 63 92117131134126108 84 62 50 50 6024 918SO 239147154313499999999999999 920 262129 4899999999999999
 80108134148147136115 86 58 41 37 44 61 86114134139132116 91 62 40 32 3724 919SO 328149155413999999999999999 948 3622 5 3299999999999999
 52 78109135146143131110 83 61 51 54 65 85111135145141126103 73 43 24 2124 920SO 4151461610145999999999999991013 502243 2199999999999999
 30 49 78109131138134123104 82 67 66 75 89110133149150137117 90 57 30 1724 921SO 5 31381632151999999999999991036 652323 1699999999999999
 18 29 50 79107123127123114 99 84 78 84 95111130148155147130106 78 48 2624 922SO 5531271659155999999999999991059 78999999999999999999999
 18 21 33 54 79101113115113107 97 89 91100113127142153153140120 97 71 4624 923SO 652115172815599999999999999 0 6 171122 8999999999999999
 30 25 29 40 57 78 94102104105102 98 97103113123134145149144130112 92 7024 924SO 83710518 014999999999999999 056 251141 9799999999999999
 51 39 35 38 46 59 74 86 93 97100102103106112120127134139139133121107 9224 925SO1835140999999999999999999999 2 2 35999999999999999999999
 75 60 50 45 44 48 57 69 79 87 9510110610911211611912312512812712211510724 926SO1920128999999999999999999999 340 44999999999999999999999
 96 84 71 59 51 47 48 54 64 76 87 9710611211511511411311211311411611611424 927SO1435115214011699999999999999 519 4618 711299999999999999
110103 92 78 63 51 45 45 51 63 77 92104113118117112106101 98 9910210811424 928SO1419118999999999999999999999 631 441922 9899999999999999
118117110 97 80 62 48 41 42 51 66 85101114120120114103 93 86 84 86 9510624 929SO 017118143212199999999999999 722 411955 8499999999999999
117123122114 99 78 58 44 39 44 56 75 96113122124118105 89 76 70 71 78 9224 930SO 122124144212499999999999999 759 392022 7099999999999999
109123129126115 96 72 52 41 41 50 67 89111124127122109 90 71 59 56 62 752410 1SO 2 8129145112799999999999999 831 402048 5699999999999999
 95116130133126111 90 66 49 43 48 62 83106124131126114 95 72 53 44 47 582410 2SO 24713315 313199999999999999 859 432114 4499999999999999
 77102123134133123105 83 62 50 51 61 79102123134132120101 76 52 37 35 432410 3SO 324135152013599999999999999 925 492142 3499999999999999
 60 84110128135130117 98 77 61 57 64 78 98120135137127108 83 57 36 27 312410 4SO 4 1135153913899999999999999 951 572210 2799999999999999
 45 67 93117130132124110 91 75 66 69 80 97117134141134117 93 65 41 25 232410 5SO 4371321559141999999999999991015 662239 2299999999999999
 33 51 75101120128126117103 87 77 76 83 97114132142140126103 77 50 30 212410 6SO 5131281620143999999999999991037 7523 8 2199999999999999
 25 39 60 84106119122118109 97 87 83 88 98112128140143133114 89 63 40 262410 7SO 5521221642143999999999999991056 832340 2399999999999999
 24 32 47 67 89106114115111104 96 91 93100111124136142137122101 77 54 362410 8SO 63811517 5142999999999999991113 91999999999999999999999
 28 30 39 53 72 89101107108106102 98 98104112121130137137128111 92 70 512410 9SO 749108173013899999999999999 016 271128 9899999999999999
 38 33 36 44 56 71 85 94 99102104104104107112118124130133129118104 87 69241010SO1759133999999999999999999999 1 3 33999999999999999999999
 54 43 39 40 45 54 66 77 86 94101106108111114117119121124124120112101 88241011SO1836124999999999999999999999 216 39999999999999999999999
 74 61 51 44 41 42 49 59 70 82 93103110114115115114112112113114113109103241012SO141411620 611499999999999999 414 41175011299999999999999
 95 83 70 57 46 39 38 43 54 68 83 98109117118115109103 98 97 99104109112241013SO1348118231911299999999999999 544 381851 9799999999999999
111105 93 78 61 46 36 35 41 54 72 90107118121118108 95 84 78 79 85 97109241014SO14 0121999999999999999999999 645 341927 7899999999999999
118121115103 84 63 46 36 36 45 61 83103118124122110 93 74 61 57 61 74 93241015SO 050121141212599999999999999 731 3520 0 5799999999999999
113126130124109 87 64 47 40 44 56 76100119129128117 97 72 49 37 36 46 66241016SO 152130142313099999999999999 8 8 402033 3599999999999999
 93118133136129112 89 66 52 51 58 74 96120134136126106 79 48 25 17 21 36241017SO 246136143613799999999999999 840 5021 8 1699999999999999
 63 95122136138129112 89 70 62 66 77 95118138145137119 92 59 27  7  3 12241018SO 337138145614599999999999999 9 8 622145  399999999999999
 33 64 98124135134126109 89 76 75 83 96116137151148133109 77 41 12 -3 -2241019SO 428136152115299999999999999 934 742223 -499999999999999
 11 35 68101122129128120106 90 84 89100114133150156145124 97 64 30  5 -3241020SO 52112915501569999999999999910 1 8423 4 -399999999999999
  2 17 42 73101116121120113102 93 93102113127143155152137114 86 55 26  8241021SO 6191211621156999999999999991028 922347  499999999999999
  4 11 26 50 77 98108112112107100 97101111122134146150143126104 79 52 29241022SO 7291121655150999999999999991056 96999999999999999999999
 17 16 23 37 57 78 93101105106104100101107115124133140140130114 96 75 55241023SO 852106173114199999999999999 035 15112610099999999999999
 38 30 29 35 46 61 77 89 96100103103102104109114119125128126117105 92 77241024SO1810128999999999999999999999 133 29999999999999999999999
 61 49 42 40 43 51 63 76 87 94100104105105105106108110112113112107100 92241025SO19 6113999999999999999999999 252 40999999999999999999999
 82 70 59 51 47 48 54 64 76 87 97104108109106103 99 97 95 96 99101101100241026SO1239109215010199999999999999 423 4718 3 9599999999999999
 96 89 79 67 57 51 50 55 66 79 92103110112110104 95 87 81 80 82 87 94101241027SO13 1112999999999999999999999 536 501858 8099999999999999
103102 96 85 71 59 52 52 58 71 86101112116115108 96 82 71 65 65 70 81 94241028SO 012104131711799999999999999 630 511930 6499999999999999
105110109101 88 72 59 53 55 65 80 97112120120113100 82 64 53 49 53 64 81241029SO 120110133112199999999999999 712 531957 4999999999999999
 99112117114104 88 71 59 57 62 75 92110123126119106 86 64 45 36 37 47 64241030SO 2 9117134812699999999999999 747 572023 3699999999999999
 86107119122117104 87 71 62 64 73 88107123131126113 93 68 44 28 24 31 46241031SO 25012214 813199999999999999 820 622050 2499999999999999
 69 95115125125117102 85 72 69 74 87104122134134122101 76 48 26 15 17 302411 1SO 329126142913599999999999999 850 682119 1499999999999999
 52 79105122128125114 99 84 76 77 87101119134139131112 86 57 30 12  8 172411 2SO 4 6128145213999999999999999 919 752148  899999999999999
 35 61 89113125127122110 95 85 82 88100116132141138123 99 70 40 17  6  82411 3SO 444128151614299999999999999 945 822218  599999999999999
 22 44 72 98116124124117105 94 88 91 99112128140142132111 84 54 27 10  62411 4SO 5251251540143999999999999991010 882249  699999999999999
 13 30 54 81103116120118111101 94 94100110122136142137121 98 71 43 20  92411 5SO 61012016 7142999999999999991032 932323  999999999999999
 10 21 39 62 86103112114113107100 97101108117128138139128110 87 61 37 202411 6SO 7 71141636140999999999999991056 97999999999999999999999
 14 18 29 46 67 86 99106109109105101102106113121129134130118100 79 56 362411 7SO 82110917 813499999999999999 0 3 14112310199999999999999
 24 21 26 36 51 69 84 95102106107105104105109113119124125120108 93 75 572411 8SO 945107174612599999999999999 050 2112 010499999999999999
 41 32 29 32 40 53 68 82 92100106108107105105106107110113113110102 91 772411 9SO11 3108184211499999999999999 155 29133110599999999999999
 63 50 41 37 38 43 54 68 82 93102108110108104100 96 94 95 98101102 99 93241110SO1151110204010299999999999999 323 371712 9499999999999999
 84 73 61 51 44 43 47 57 71 86 99108113112106 96 87 79 75 77 83 91 98101241111SO1219113232110299999999999999 447 421814 7599999999999999
100 95 85 72 59 51 49 53 64 79 95108116117111 99 83 67 57 54 58 69 83 97241112SO1239118999999999999999999999 551 481856 5499999999999999
107110106 96 81 67 58 57 63 75 92109120124119106 86 63 44 33 32 41 58 80241113SO 056110125612499999999999999 640 561935 3299999999999999
101114119116105 89 74 67 68 76 90108124132130118 97 70 41 20 12 15 29 53241114SO 2 5119131613299999999999999 721 662012 1299999999999999
 81106121126122111 94 81 77 81 91106124138141131112 85 52 21  1 -3  4 23241115SO 3 5126134214199999999999999 757 772051 -499999999999999
 53 85111125129125113 97 87 87 94105122139149144128103 71 35  5-11-11  1241116SO 4 1129141214999999999999999 830 862131-1299999999999999
 24 57 91114125128124112 99 93 97106118134150153143121 93 58 22 -4-14-11241117SO 456128144615499999999999999 9 2 932212-1499999999999999
  4 31 65 95114122124119108 99 98104114127143154152136112 83 48 16 -5-10241118SO 549125152215599999999999999 936 972253-1099999999999999
 -4 13 41 72 97112118119114104 98101109119132145152145126102 74 42 15  1241119SO 64111916 0152999999999999991012 982336 -299999999999999
 -1  8 26 52 79 98108113113108101 98102110120131141143133115 93 67 41 20241120SO 7321141639144999999999999991052 98999999999999999999999
 11 12 21 39 61 83 98105109108103 98 97102109117126132130120104 85 64 43241121SO 822109172113299999999999999 020 101138 9799999999999999
 28 23 25 35 50 69 87 98104106105101 97 96 99103109115119116107 95 80 64241122SO 91010618 811999999999999999 1 8 231239 9699999999999999
 49 39 35 38 46 60 76 90100105106104100 95 93 93 95 98101104103 97 89 79241123SO 956106191210499999999999999 2 1 351425 9399999999999999
 68 57 49 46 48 56 67 81 94103107108105 99 92 87 84 82 84 87 90 92 91 88241124SO10371082111 9299999999999999 3 4 461658 8299999999999999
 82 75 66 59 55 57 64 75 88100108111110105 96 86 77 70 68 69 74 80 87 91241125SO11131112345 9199999999999999 412 551810 6899999999999999
 91 89 83 75 67 63 64 71 82 95107114115111103 90 76 63 55 53 56 64 76 87241126SO1145116999999999999999999999 516 631853 5399999999999999
 95 98 97 92 83 74 70 72 79 91104115120119110 97 79 61 46 39 39 47 60 77241127SO 116 98121512099999999999999 610 701926 3899999999999999
 92103107105 98 88 79 76 79 88100113123125119105 86 64 43 30 25 30 43 62241128SO 214107124512699999999999999 657 761957 2599999999999999
 83101112115112103 91 83 82 88 98111123130128116 96 72 47 26 15 16 26 44241129SO 259115131513199999999999999 739 822028 1499999999999999
 68 92110119121115104 93 88 89 96108122133135127109 84 56 30 11  5 11 27241130SO 340121134413599999999999999 817 8721 0  599999999999999
 50 78102117124123115104 95 92 96105118132139136121 98 69 39 15  1  1 112412 1SO 419125141414099999999999999 852 922133 -199999999999999
 32 59 87109122125122112102 96 96103114128139142133113 86 55 25  5 -3  12412 2SO 5 0125144414399999999999999 925 9522 8 -399999999999999
 16 40 69 95113122124118109100 97101109121135143140126102 73 42 15  0 -32412 3SO 543124151614499999999999999 955 972244 -499999999999999
  5 23 50 78100114120120114105 99 99105114127139143134116 91 62 33 10  02412 4SO 6291211550143999999999999991025 982321 -199999999999999
  1 13 33 59 84102112117116109101 98101107117129138137125106 81 54 28 112412 5SO 71711716271399999999999999911 0 98999999999999999999999
  5  9 22 42 66 88102110114111105 99 98101107116126131128115 97 74 50 282412 6SO 8 611417 813199999999999999 0 1  51143 9799999999999999
 16 14 20 33 52 73 91103109111108101 96 95 97102109117121117105 90 71 512412 7SO 852111175812199999999999999 044 131243 9599999999999999
 34 26 25 32 44 62 80 95105110110105 97 91 89 89 92 98105108106 98 86 722412 8SO 93211119 610899999999999999 132 251424 8999999999999999
 57 45 39 39 45 56 72 88101109112110103 93 84 78 76 77 82 89 95 97 94 882412 9SO10 51122050 9799999999999999 226 381615 7699999999999999
 78 68 58 53 53 59 69 83 98109115115110 99 86 73 63 58 58 64 74 84 91 94241210SO10331152317 9499999999999999 328 531728 5799999999999999
 93 88 81 73 68 68 73 82 95108118121118110 95 77 59 45 38 39 47 61 76 89241211SO11 3121999999999999999999999 433 671824 3799999999999999
 98102100 94 87 81 81 86 95107119127128122108 89 65 42 26 19 22 33 52 73241212SO 113102113812999999999999999 533 801913 1999999999999999
 92104111111105 97 92 92 97106118129136134124106 81 52 25  9  3  9 24 48241213SO 233112121813699999999999999 627 911959  399999999999999
 75 97111119119113104 99100106115127139144138124101 71 39 11 -4 -7  2 22241214SO 33412013 014499999999999999 716 992043 -799999999999999
 50 80103117124123115106103105112121134146149140121 95 62 27  1-11-11  1241215SO 426124134414999999999999999 8 11032127-1399999999999999
 25 56 86108120125123114105103107115126140151150137116 87 52 19 -4-13 -9241216SO 513125142815299999999999999 84610322 9-1399999999999999
  7 33 66 93111120123119109102102107116128143151147131108 78 44 14 -4 -9241217SO 555123151215299999999999999 9301012249 -999999999999999
 -1 17 45 76 99113119119112102 97 98105115129142147140122 99 69 38 12  0241218SO 6321201555147999999999999991014 962328 -199999999999999
  0 11 31 59 86104113116114105 95 91 95102113126137139129111 88 61 34 15241219SO 7 311616381409999999999999911 0 91999999999999999999999
  8 13 26 47 73 95108113113108 98 89 87 91 99109120128127116 99 79 56 35241220SO 727114172212999999999999999 0 4  81149 8799999999999999
 22 20 28 42 63 85102111113110102 92 84 83 87 93102111116113103 89 72 54241221SO 74811318 911699999999999999 040 201244 8399999999999999
 40 33 35 44 59 77 96108114112106 97 87 80 78 81 86 93100103100 93 82 70241222SO 81511419 410399999999999999 116 331352 7899999999999999
 58 49 46 50 60 74 90104113115111103 93 83 76 72 73 76 81 87 90 90 86 80241223SO 8471152023 9199999999999999 154 461523 7299999999999999
 73 66 61 60 65 74 86100111117116110101 90 79 69 64 62 64 69 76 81 84 85241224SO 9231172244 8599999999999999 238 601654 6299999999999999
 84 81 77 74 74 78 86 96107116119117109 98 85 72 60 53 50 53 59 68 77 84241225SO10 4119999999999999999999999 335 731759 5099999999999999
 89 92 91 89 86 85 88 95104114120122118108 95 79 63 49 40 38 42 51 64 78241226SO 121 92104812299999999999999 445 851848 3899999999999999
 90 98102102 99 95 93 96102111119124125119107 90 70 51 35 27 26 34 48 65241227SO 232103113512599999999999999 556 931930 2699999999999999
 83 98108112111106101 99101108116124129128119103 82 59 37 21 15 18 30 48241228SO 316112122213099999999999999 658 992010 1499999999999999
 70 91107117119116109104102105112121130135131118 98 72 46 23  9  5 12 29241229SO 35311913 613599999999999999 7521022049  599999999999999
 53 78100115123123117109104103107116127137139132115 90 61 32 10 -1 -1 11241230SO 430124134814099999999999999 8381032127 -299999999999999
 33 60 87108120125122114106101102109120133142142131110 81 49 20  1 -7 -2241231SO 5 6125142914499999999999999 91810122 6 -799999999999999
