 63 45 31 23 23 33 49 67 87104114113106 98 92 89 90 96103107108108102 9024 1 1ST1025114201410999999999999999 329 221517 8999999999999999
 74 58 46 37 34 39 50 65 80 96108111108101 95 90 88 89 93 96 97 98 96 9124 1 2ST10551112058 9899999999999999 354 341612 8899999999999999
 80 69 59 51 47 48 56 67 79 92103109109104 98 92 87 84 84 85 86 86 86 8624 1 3ST11251102222 8699999999999999 418 471737 8499999999999999
 82 76 69 64 60 59 63 71 81 91100108110107101 94 88 82 77 75 74 73 74 7624 1 4ST1153110999999999999999999999 441 5921 1 7399999999999999
 79 79 77 74 73 72 73 78 85 93100107111110105 97 89 81 72 66 62 60 60 6324 1 5ST 029 79122411199999999999999 5 2 722123 6099999999999999
 69 76 80 82 84 84 84 85 89 95101107111113111103 93 82 71 60 51 47 46 4824 1 6ST13 01139999999999999999999992146 46999999999999999999999
 55 66 78 87 92 95 96 95 94 96101106111115116112102 88 74 59 45 35 31 3224 1 7ST 550 96134611699999999999999 753 942216 3199999999999999
 38 50 67 84 97105107106102 99 99103109115119120114101 83 64 45 29 18 1524 1 8ST 6 8107144012099999999999999 927 982254 1599999999999999
 19 31 49 72 94110117117112104 98 98103111119124125118100 78 54 32 13  224 1 9ST 6291181538126999999999999991035 972335  099999999999999
  1 10 27 51 80106122126122112101 94 94102113124131132122100 72 44 19 -224 110ST 6551261637132999999999999991128 93999999999999999999999
-12 -9  5 28 57 90118132131121108 95 87 90103117129137138124 98 66 35  824 111ST 725133173413999999999999999 018-131213 8799999999999999
-13-21-14  6 33 66102128136130116101 86 81 88104120133142141124 93 59 2824 112ST 758136182914399999999999999 1 0-211256 8199999999999999
  0-19-23-10 13 42 78113133135123108 92 78 76 88105121134143140119 87 5324 113ST 833136192014499999999999999 142-241339 7699999999999999
 23 -2-17-15  1 25 55 90120133128115 99 83 73 74 88104118131139133110 7924 114ST 910134201013999999999999999 223-191423 7299999999999999
 50 24  3 -6  1 19 43 71101123129119105 91 77 69 73 86 99111122128120 9924 115ST 94712921 012899999999999999 3 3 -61510 6999999999999999
 73 50 30 16 13 24 41 62 86109123121110 97 84 72 67 70 80 89 9910911310624 116ST1023124215311399999999999999 340 1316 4 6799999999999999
 89 70 55 42 35 38 49 64 81 98113119113102 90 78 68 63 65 70 77 85 93 9724 117ST10581192258 9799999999999999 413 351713 6399999999999999
 92 82 72 64 58 58 63 74 85 96107114114107 96 84 73 63 57 56 58 63 70 7824 118ST1130115999999999999999999999 437 571847 5699999999999999
 83 83 81 78 76 77 80 86 94101107112114111102 91 80 68 57 49 45 45 49 5624 119ST 035 84115511499999999999999 416 762026 4599999999999999
 65 74 80 84 87 90 93 97102107111113114113108100 88 76 63 50 39 33 33 3724 120ST11591149999999999999999999992137 32999999999999999999999
 45 58 71 83 92 98102106108110112114114114112108 99 86 72 56 41 29 22 2224 121ST11511149999999999999999999992229 21999999999999999999999
 28 40 56 75 91102108111112110109111113114114113110100 85 67 49 32 18 1124 122ST 747112133711499999999999999 9571092313 1199999999999999
 13 24 40 61 84103112115114110106103106110114116117113102 83 62 41 22  724 123ST 7 811515571179999999999999910591032352  399999999999999
  3 10 24 45 71 97114119116111103 96 95101109114119122117101 78 55 32 1224 124ST 7 111917 2122999999999999991140 95999999999999999999999
 -1 -1 11 30 55 84110122120112103 92 86 88 98109117123126118 97 72 47 2324 125ST 720123175212699999999999999 028 -31215 8599999999999999
  3 -5  1 18 41 69 99120124116104 92 81 77 85 99111120128128114 90 63 3724 126ST 745125183412999999999999999 1 2 -51249 7799999999999999
 14 -1 -3 10 31 56 85112125121108 94 81 72 74 86101113123129124105 79 5324 127ST 812125191112999999999999999 134 -41321 7199999999999999
 29 10  1  8 25 47 73101120123112 98 84 72 68 75 89103114123126115 93 6724 128ST 839124194512699999999999999 2 3  11353 6899999999999999
 44 24 11 11 24 43 65 90112121115102 88 75 67 68 78 91102112119117102 8024 129ST 9 5121201912099999999999999 230 101425 6699999999999999
 58 39 25 21 28 44 63 83104117117106 92 79 69 65 69 79 90 99107111104 8824 130ST 928119205511199999999999999 253 2115 0 6599999999999999
 69 53 40 34 36 48 65 81 98112116109 96 83 73 65 64 69 78 85 93 99100 9224 131ST 950116213610099999999999999 314 331540 6499999999999999
 78 65 54 48 48 55 69 83 97108114111100 87 76 67 62 62 67 73 78 84 89 8924 2 1ST10111152227 9099999999999999 333 471629 6199999999999999
 82 73 66 62 61 65 74 87 98107112112104 92 80 70 63 58 58 61 65 69 74 7924 2 2ST10301132345 8099999999999999 344 601733 5799999999999999
 80 78 74 73 73 76 82 91100107111112108 98 85 74 65 57 52 51 52 55 59 6524 2 3ST1046112999999999999999999999 3 8 731855 5199999999999999
 71 76 79 81 84 87 91 95102108111112111105 94 81 70 60 51 44 41 41 43 4824 2 4ST11 01129999999999999999999992031 41999999999999999999999
 56 67 77 85 92 97100102104107109111111109104 93 81 68 55 44 34 29 28 3024 2 5ST11461119999999999999999999992151 28999999999999999999999
 38 51 67 83 95105109109107105105107109111111107 97 84 68 51 35 22 14 1324 2 6ST 633110132611199999999999999 9341052244 1399999999999999
 19 31 49 71 93109117117113106100 99102108113116114106 89 68 46 26  9 -124 2 7ST 6331181513116999999999999991047 992327 -299999999999999
 -1 10 28 53 81107122125119109 98 89 89 98108117124126116 94 67 40 15 -524 2 8ST 6451251643126999999999999991129 88999999999999999999999
-14 -9  7 31 61 95122132127115100 84 76 81 95110123134138124 97 64 34  524 2 9ST 7 6132174513899999999999999 0 8-1512 8 7699999999999999
-16-21-10 12 40 75112134135122105 86 68 64 75 93111128144146127 95 61 2824 210ST 732137183814799999999999999 047-221248 6399999999999999
 -1-20-18 -1 24 55 93126139130112 92 70 54 55 71 91111132148147123 89 5624 211ST 8 2139192615099999999999999 125-211328 5299999999999999
 25 -2-13 -4 17 42 75110135136120 99 77 56 44 50 68 88109131145138113 8224 212ST 833138201214599999999999999 2 2-1314 9 4499999999999999
 54 27  8  6 20 41 65 95123135127107 86 64 46 40 49 65 8410412413312310124 213ST 9 4135205913399999999999999 237  41453 4099999999999999
 76 54 36 27 32 48 67 87110127128113 94 74 55 42 39 48 61 77 9511111510624 214ST 932130214911699999999999999 3 8 271541 3999999999999999
 90 74 61 52 52 61 76 90105119124117100 82 66 51 41 40 46 56 68 82 94 9724 215ST 9561242247 9799999999999999 332 501637 3999999999999999
 91 83 76 72 72 77 87 99108115119116105 90 75 61 50 42 40 43 49 58 68 7724 216ST10 8119999999999999999999999 333 711752 4099999999999999
 82 82 81 83 86 91 99107113117117115107 97 84 72 61 51 43 39 39 42 48 5624 217ST 9411179999999999999999999991937 38999999999999999999999
 65 73 80 86 93100106112116118117114108101 92 82 72 62 52 43 36 33 34 3924 218ST 9111189999999999999999999992115 33999999999999999999999
 48 59 72 84 94103110114116116115112109104 98 93 85 75 63 51 40 30 25 2724 219ST 8271179999999999999999999992217 25999999999999999999999
 34 45 60 77 93104111114114112108107106104102101 98 90 77 63 49 34 22 1824 220ST 73811599999999999999999999923 0 18999999999999999999999
 22 32 47 67 89105113114112107100 96 98101102104107105 95 78 61 43 26 1424 221ST 6491141619107999999999999991113 962336 1299999999999999
 13 21 35 55 79103115116112104 95 86 85 91 98104111116112 97 76 56 35 1724 222ST 6351171712116999999999999991136 84999999999999999999999
  8 12 26 44 68 95116121114104 92 79 73 78 89 99109119124115 94 71 48 2624 223ST 650121175412499999999999999 0 8  812 4 7399999999999999
 10  7 18 35 57 85111124120107 92 77 65 64 75 89102116128128112 88 63 3924 224ST 712124183113099999999999999 039  61234 6399999999999999
 18  8 14 30 50 75104123125112 95 78 62 55 61 76 92107123132125104 78 5424 225ST 73412619 613299999999999999 1 7  813 3 5599999999999999
 31 16 15 28 47 69 95119127118100 82 64 51 50 62 79 95113128130116 92 6824 226ST 756127193913199999999999999 132 131333 4999999999999999
 46 28 21 30 47 67 90113126122106 86 68 52 45 50 65 81 98116126122103 8124 227ST 817127201412799999999999999 155 2114 4 4599999999999999
 60 43 32 35 49 68 87107123125111 92 73 56 45 43 53 67 83 99114119109 9124 228ST 836126205011999999999999999 218 321436 4299999999999999
 73 58 46 45 54 71 88104119124116 97 78 61 48 42 45 55 68 82 97108108 9724 229ST 855124213010999999999999999 239 441510 4199999999999999
 83 71 61 57 62 75 90104115121118103 84 66 53 44 41 46 56 67 79 91 98 9724 3 1ST 9121222219 9999999999999999 259 571549 4199999999999999
 89 80 74 71 73 81 93105113118117107 91 73 58 48 42 42 47 54 63 73 82 8824 3 2ST 9231192329 8999999999999999 310 711637 4199999999999999
 88 85 82 83 85 90 97107114117116110 98 82 66 55 47 42 41 44 50 56 64 7224 3 3ST 917117999999999999999999999 224 821742 4199999999999999
 80 84 86 90 95 99103108113116114110103 92 78 65 55 47 41 38 39 42 46 5424 3 4ST 9 61169999999999999999999991916 38999999999999999999999
 64 75 84 93101107110111112113112110106100 91 81 69 58 48 39 32 30 30 3624 3 5ST 8511139999999999999999999992117 29999999999999999999999
 46 60 75 91104112115115111108105105105105103 98 90 78 63 48 34 24 18 1924 3 6ST 6131169999999999999999999992222 17999999999999999999999
 27 41 60 82103117121119112103 96 93 97102107110111104 87 67 47 28 12  524 3 7ST 6 41211538111999999999999991050 9323 6  599999999999999
 10 23 42 67 95118127124115102 87 78 80 90101112123127118 95 69 44 20  224 3 8ST 6111271653128999999999999991119 782346 -399999999999999
 -3  8 26 50 81113132132120104 85 67 60 69 85102120137143127 99 69 40 1324 3 9ST 6301341746143999999999999991154 60999999999999999999999
 -4 -2 14 36 64100130140130110 88 63 45 45 61 82103129150151130 99 68 3724 310ST 655140183415499999999999999 023 -61231 4299999999999999
 10 -1  9 29 53 85120142140120 95 68 42 28 35 55 79105135155151126 95 6624 311ST 723144192015699999999999999 059 -11310 2899999999999999
 36 16 14 29 51 76107135144130105 78 50 26 19 31 52 77106136150141117 9024 312ST 75114520 615099999999999999 134 121351 1999999999999999
 65 42 31 37 55 75 98124141137115 88 62 36 18 17 31 51 7510412913712510624 313ST 819142205213799999999999999 2 6 311433 1699999999999999
 86 68 55 54 65 82 98116132136122 98 73 50 30 19 21 34 51 73 9711511811024 314ST 842136214211999999999999999 234 521518 1899999999999999
 97 85 76 73 79 91104116126130123105 84 63 45 30 24 27 37 51 69 87 9910124 315ST 857130224410199999999999999 252 7316 8 2499999999999999
 97 92 89 88 92101111119124125120108 92 74 59 45 36 32 34 40 50 63 75 8424 316ST 846125999999999999999999999 239 881712 3299999999999999
 88 90 92 96101108115121124122117108 96 83 71 60 50 43 39 38 41 47 56 6624 317ST 8101249999999999999999999991842 38999999999999999999999
 75 83 90 97104111117121122120115107 99 90 81 73 65 56 49 43 39 39 44 5124 318ST 7471229999999999999999999992030 39999999999999999999999
 60 72 84 95105111116118117114110105 99 93 89 86 80 71 61 52 44 37 36 4124 319ST 7 91189999999999999999999992143 36999999999999999999999
 49 60 75 91104112115115112106101 98 96 94 94 95 94 87 76 64 53 41 33 3324 320ST 6381151518 95999999999999991347 942229 3299999999999999
 40 51 65 84102113115113108100 91 87 89 92 94 99104103 92 78 64 49 36 2924 321ST 55011516211059999999999999911 6 8723 5 2999999999999999
 33 44 57 76 98114119114106 95 83 75 77 83 90 98109115110 95 78 61 43 3024 322ST 55211917 5115999999999999991121 752336 2899999999999999
 29 38 51 68 91113123118107 94 79 66 63 70 82 93107121124112 94 74 55 3724 323ST 6 91231743124999999999999991145 62999999999999999999999
 29 34 47 64 85108125124112 96 78 61 51 55 68 83 99118131127110 89 68 4824 324ST 628127181813199999999999999 0 5 291212 5199999999999999
 34 33 45 61 80104124130119100 80 60 44 42 52 69 87109129136125104 82 6124 325ST 648130185313699999999999999 031 321240 4199999999999999
 43 36 45 60 79100121133126106 84 62 43 33 38 53 72 94118135134118 97 7524 326ST 7 7133192713799999999999999 055 3613 9 3399999999999999
 56 44 47 61 79 97118133132114 90 67 46 30 28 39 57 77101124134127109 8924 327ST 72713420 313499999999999999 119 431339 2799999999999999
 70 56 52 62 79 97114130134121 98 73 52 33 24 29 43 61 8210612512811710024 328ST 746135204112999999999999999 144 521410 2499999999999999
 84 70 63 67 81 97112125132126106 81 59 40 27 25 33 48 65 8610711911810724 329ST 8 5132212412099999999999999 210 631444 2499999999999999
 95 84 76 76 84 98111122128126112 90 67 48 35 27 29 38 52 68 8510110910724 330ST 820129221611099999999999999 234 751521 2799999999999999
100 94 89 87 91101112120124124115 98 77 58 44 34 31 33 42 53 66 80 93 9924 331ST 823125233610099999999999999 249 8716 5 3199999999999999
100 98 97 98100105113119122121115104 88 70 55 45 38 35 37 43 51 62 73 8424 4 1ST 811122999999999999999999999 2 1 9717 8 3599999999999999
 92 97100104108111114118119118113107 97 84 70 59 50 43 38 38 41 46 55 6524 4 2ST 8 41199999999999999999999991839 37999999999999999999999
 77 89 99107113116117116115112110106101 95 88 78 68 57 47 40 36 35 40 4924 4 3ST 5461179999999999999999999992033 35999999999999999999999
 61 76 92107116120119115109103100100100101101 98 91 79 64 51 39 31 29 3524 4 4ST 51712013361019999999999999910411002145 2999999999999999
 46 62 81102118124122115105 93 85 85 91 97104112114106 89 71 53 37 25 2524 4 5ST 5101241547114999999999999991030 842233 2499999999999999
 34 49 68 92117130128118104 87 71 65 71 83 96111127131119 98 76 54 34 2224 4 6ST 5221311647132999999999999991058 652314 2299999999999999
 26 40 58 81110132137126107 86 63 46 45 59 77 97121142145128104 79 54 3224 4 7ST 5441381738146999999999999991133 442352 2599999999999999
 26 35 53 73100128144137116 92 65 39 25 31 50 73100131153151131106 80 5424 4 8ST 6111451826155999999999999991211 24999999999999999999999
 36 37 52 70 92120144147129102 73 43 18 10 23 45 71104138156149128105 8024 4 9ST 639149191215799999999999999 029 341250 1099999999999999
 58 47 55 72 90112136150141115 85 55 25  5  5 20 44 7310813915114112210224 410ST 7 8150195915199999999999999 1 3 471331  299999999999999
 82 66 65 77 93110128144145127 98 69 40 15  3  7 23 46 7610913313812911524 411ST 734147204813999999999999999 136 631414  299999999999999
100 86 80 85 98112125136141132109 82 56 33 15  8 15 30 51 7810412112411724 412ST 754141214112499999999999999 2 3 801459  899999999999999
108 99 94 95104115125132135130115 93 71 50 33 21 19 25 38 56 77 9710811024 413ST 8 0135225111099999999999999 221 941547 1899999999999999
108105103104109117125129130125115100 82 65 50 39 31 30 35 45 59 74 88 9724 414ST 738130999999999999999999999 2101031645 3099999999999999
102104105108113118123126125121113102 90 77 66 56 47 42 40 43 50 60 71 8224 415ST 7201269999999999999999999991755 40999999999999999999999
 91 99104109114118121121120115109101 93 86 78 71 63 56 50 47 48 52 60 7024 416ST 6491219999999999999999999991923 47999999999999999999999
 80 91101109114117118116112108103 98 93 90 88 84 78 70 63 56 51 50 54 6224 417ST 5531189999999999999999999992045 50999999999999999999999
 71 83 96108115117115112106 99 94 92 91 90 92 95 93 85 76 67 59 52 51 5724 418ST 45911715 9 95999999999999991237 902140 5199999999999999
 66 77 90105116118115109100 90 83 81 84 87 92100104101 91 80 69 59 53 5424 419ST 44911916 5104999999999999991047 812220 5299999999999999
 62 73 86102116122117108 97 85 73 69 72 79 88 99110114107 94 82 69 58 5424 420ST 5 11221649114999999999999991059 692252 5499999999999999
 60 71 83 98115125122111 97 81 66 56 58 67 79 93110122121110 96 81 67 5824 421ST 5181251727123999999999999991121 562321 5799999999999999
 59 69 82 97113127128117 99 81 62 47 43 51 65 82103122131125111 95 78 6424 422ST 53513018 3131999999999999991147 432349 6099999999999999
 60 68 81 96112128134125105 84 62 42 32 36 49 67 89115134136125109 91 7424 423ST 5541341839137999999999999991214 32999999999999999999999
 64 67 80 95111128138134115 90 66 43 26 23 33 50 72 99126140136122105 8724 424ST 614139191514099999999999999 016 641243 2299999999999999
 72 69 78 94109125139140125 99 73 48 27 16 20 34 55 8010913314013211710024 425ST 637142195414099999999999999 045 681315 1699999999999999
 84 75 78 92107122135142134111 83 57 34 18 14 22 39 61 8811613313512511224 426ST 7 0142203613699999999999999 115 741348 1399999999999999
 98 86 83 91105119131139137121 94 68 45 26 16 17 28 45 67 9311612812711924 427ST 722140212412999999999999999 146 831425 1599999999999999
108 98 92 95104117127134135126106 80 57 38 25 19 23 34 51 71 9311112011924 428ST 738136222312099999999999999 216 9215 6 1999999999999999
114108103102107115124130131126113 93 71 52 38 29 26 30 40 55 72 8910411224 429ST 742131235111499999999999999 2431021556 2699999999999999
114112111111112116121125126123115103 86 69 54 43 36 33 36 45 56 70 85 9824 430ST 740126999999999999999999999 24911117 0 3399999999999999
107112115116117117118119120117113107 98 86 73 61 51 44 40 41 47 56 68 8224 5 1ST 7361209999999999999999999991818 40999999999999999999999
 96107115119121119116113110108106104102 99 92 83 71 61 52 46 44 48 57 6924 5 2ST 4 11219999999999999999999991945 44999999999999999999999
 83 99113121124121115107 99 94 93 95 98102105104 95 83 70 59 50 47 51 6124 5 3ST 353124141610599999999999999 942 932058 4799999999999999
 74 90107122128125116104 91 79 74 78 85 95106116118108 94 79 66 54 51 5724 5 4ST 4 412815381189999999999999910 0 742151 5099999999999999
 69 83100120133132121105 87 68 55 54 64 77 93113129131120103 87 71 58 5724 5 5ST 4261341637132999999999999991033 532236 5699999999999999
 67 81 96115134141131111 90 66 44 33 37 53 71 95123141142128111 93 75 6424 5 6ST 4541411729144999999999999991111 322318 6399999999999999
 67 80 95111130146144124 98 72 44 22 15 26 45 69100132150147132115 97 7924 5 7ST 5241471819151999999999999991151 152357 7299999999999999
 72 80 94109126144151139113 83 54 25  6  5 20 42 71107138152146132116 9824 5 8ST 55515119 8152999999999999991233  3999999999999999999999
 84 83 94109123138151149129 99 69 39 13 -1  3 20 44 7611214014814212811424 5 9ST 625152195814899999999999999 034 821316 -199999999999999
 99 91 96108122134145150139115 85 56 29  9  1  8 25 50 8211413614013412324 510ST 651150204914199999999999999 1 9 9114 0  199999999999999
111102100108120131139144141125100 73 48 27 12  9 17 35 59 8711312813112524 511ST 711145214313199999999999999 1401001446  899999999999999
117110107110118127135138137127110 88 66 46 31 21 20 29 45 67 8910912012224 512ST 715138224412299999999999999 2 51071534 1999999999999999
118114112112117123130132130124113 98 80 64 49 38 32 33 42 56 73 9010411324 513ST 7 6132999999999999999999999 2191121623 3299999999999999
115115114115117120124126124119112102 90 77 66 56 48 44 45 52 64 77 9110224 514ST 0 6115 7 412699999999999999 2 41141715 4499999999999999
110114115116117118118118116112107101 95 87 79 71 63 57 54 56 61 70 81 9324 515ST 6281189999999999999999999991812 54999999999999999999999
103111115117117116114111107104100 97 95 93 90 85 78 71 66 63 64 69 77 8724 516ST 3301189999999999999999999991917 63999999999999999999999
 97107115119119116111105 99 94 91 90 91 93 95 95 91 85 78 73 70 71 76 8524 517ST 3281191433 96999999999999991056 902022 7099999999999999
 94104113120121117109101 92 84 80 80 84 89 96102103 99 91 85 79 76 78 8424 518ST 3401221542103999999999999991020 792113 7699999999999999
 94103113121124120110 99 87 75 68 67 72 81 91103111112105 97 90 83 81 8524 519ST 3551241632112999999999999991033 672153 8199999999999999
 94103113123128125114 99 84 69 57 54 58 68 81 98114121119111102 92 86 8624 520ST 4111281714122999999999999991054 542230 8599999999999999
 93103114124132132121104 85 66 50 41 43 53 67 87109126130125115104 93 8724 521ST 4301341753130999999999999991119 4123 5 8799999999999999
 91102113124135139131112 90 68 48 33 29 36 51 71 96121136137128116102 9124 522ST 4541391832138999999999999991148 292340 8999999999999999
 89 98110123135144141125100 75 51 31 19 21 34 52 7810713214213912811410024 523ST 5211441911143999999999999991221 19999999999999999999999
 91 94105119132144148138115 87 60 36 18 12 19 35 57 8711713914413812611124 524ST 551148195314499999999999999 017 911257 1299999999999999
 98 94101114128140148146129102 74 48 26 12 10 21 40 65 9512314014213412224 525ST 622149203814299999999999999 053 941336  999999999999999
109 99 99109122135144147139118 90 63 39 21 12 14 26 46 7110012413713612924 526ST 652147212713899999999999999 131 981419 1199999999999999
118109104107117129138143141129107 81 57 37 22 16 21 34 53 7710112213113124 527ST 719143222313299999999999999 21010415 5 1699999999999999
124118112110113122130135136131119 99 76 56 40 28 25 30 43 60 8010111812624 528ST 740136232712799999999999999 2541101556 2499999999999999
126123119115114116122127128127122111 94 76 60 47 38 35 40 52 67 8410211624 529ST 757128999999999999999999999 3551141651 3599999999999999
124125123120117114113115117117116114107 95 81 68 57 49 47 51 61 74 8910424 530ST 041125 82711799999999999999 5331131750 4799999999999999
117125126123119113107103103103105107109107100 89 78 68 61 59 63 71 83 9624 531ST 14312612 710999999999999999 7491031855 5999999999999999
110122128127122113104 94 87 86 88 93100107111108 99 90 81 74 71 74 83 9424 6 1ST 22212914 611199999999999999 848 8520 2 7199999999999999
105118129133127116103 89 75 67 67 73 83 95109118118111102 93 86 82 85 9524 6 2ST 254133152811999999999999999 929 6621 3 8299999999999999
105116128137136124108 90 71 55 47 50 61 75 94114127128121113104 95 91 9624 6 3ST 3271381634129999999999999991010 472156 9199999999999999
106116126138144137118 97 74 52 35 29 37 51 71 96122137137130121111101 9924 6 4ST 4 11441732138999999999999991052 292244 9899999999999999
106116126136146147134110 85 59 35 19 17 28 46 7110113014414313512511410424 6 5ST 4361491825145999999999999991137 16232910399999999999999
104114125135145152147128101 73 46 22  8 10 24 46 7510913614814513612511324 6 6ST 5121521914148999999999999991222  7999999999999999999999
106109120131141150153143119 91 63 36 14  5 10 27 51 8311614014814313312124 6 7ST 54815320 114899999999999999 01210613 7  599999999999999
111108114126137145151149135109 81 54 30 13  7 16 34 60 9112114014413712724 6 8ST 621152204514499999999999999 0511081352  799999999999999
117110110118130139145147141124 99 73 50 29 16 15 26 46 71 9912413713713024 6 9ST 650147212913999999999999999 1291091435 1499999999999999
121114110113122132139141139130113 90 68 49 33 25 27 40 59 8110512413213024 610ST 710141221413299999999999999 2 51101517 2499999999999999
123117113112116124131134133129119102 83 66 51 40 36 42 54 71 9110912312724 611ST 71913423 112799999999999999 2421121556 3699999999999999
124120116113113117122125125123118108 94 80 67 57 50 50 57 68 83 9911312224 612ST 724125235012499999999999999 3271131633 4999999999999999
124122118115113113114116116114112108101 91 81 72 65 62 64 71 81 9310611624 613ST 725116999999999999999999999 44011217 8 6299999999999999
122123121117114110108107105104104103101 97 92 85 79 75 74 77 84 9310311324 614ST 0411239999999999999999999991743 74999999999999999999999
120124123120115109103 99 95 93 93 95 97 99 99 96 92 88 85 86 89 9610411324 615ST 1211241320 9999999999999999 931 931825 8599999999999999
120125126123117109100 92 86 82 81 84 89 95101104103101 97 95 96 9910611324 616ST 147126152110499999999999999 941 811922 9599999999999999
121126129127121111100 88 78 71 68 71 77 87 9810711211211010610310310711424 617ST 2 912916321139999999999999910 0 68203210399999999999999
121128133133128116102 87 73 62 56 57 63 74 8910511712212211811310810811324 618ST 2371341723122999999999999991024 55213410799999999999999
120128135138136126109 91 73 57 46 43 47 58 74 9511512813212912311511011024 619ST 31113918 3132999999999999991054 43222710999999999999999
117126134141144137122101 79 58 41 32 32 41 56 7810412613814013412511510924 620ST 3511441840140999999999999991128 31231410899999999999999
111120131141148148137116 91 67 44 27 20 24 38 58 8511413614614413512311224 621ST 43314919171469999999999999912 7 20235910799999999999999
107112124136147153150135110 82 55 32 17 13 21 39 63 9412414415014413211924 622ST 5171531954150999999999999991248 13999999999999999999999
108106114128141151156150131102 73 46 24 11 10 23 43 7010213114814914012724 623ST 6 2156203415099999999999999 0421051332  999999999999999
115106107118132145153156147125 95 66 41 21 10 14 29 51 7911013614814513524 624ST 648156211614899999999999999 1251051415 1099999999999999
123112106109121134144151152141117 89 62 40 23 16 23 39 61 8811613714413924 625ST 736153215914499999999999999 21010515 0 1699999999999999
129119110106111122132140145144132110 85 63 44 31 28 37 53 73 9712113714024 626ST 828146224414099999999999999 2591061544 2799999999999999
134125116109105109118125131135135124105 85 67 53 44 44 54 69 8610612513624 627ST 927136233013799999999999999 3571051628 4399999999999999
136130122113105101103108113119124124117103 89 76 66 61 64 73 8610011512924 628ST1038125999999999999999999999 5 91011712 6199999999999999
135133126117108 99 93 92 95 99105112116113105 96 88 82 80 83 9110211312424 629ST 01413612 711699999999999999 640 921757 8099999999999999
133136132123112100 89 81 78 80 85 93103111113111106102 98 9710010711612424 630ST 056136135711399999999999999 8 3 781849 9799999999999999
131137137131119105 90 76 66 62 64 72 82 9611011711911711511311211412012624 7 1ST 136138154611999999999999999 9 4 6220 011299999999999999
132137141139129114 96 79 63 51 47 51 61 76 9411312412812812612312112212724 7 2ST 217141171812899999999999999 956 47211712099999999999999
133138142144140127108 88 68 50 37 34 41 54 73 9711913313713613312812312424 7 3ST 3 114418 9137999999999999991045 34222312399999999999999
130137142146148142125103 80 58 38 26 25 35 52 7610412814214414013412612124 7 4ST 3501481844144999999999999991132 24231712199999999999999
123131139145150151142123 98 73 49 29 18 21 35 55 8311313714814613913012124 7 5ST 4411511918148999999999999991217 17999999999999999999999
116121131140147153153141118 91 66 42 22 15 22 39 63 9312314515014413412324 7 6ST 531154195115099999999999999 0 311613 0 1599999999999999
114112119132142149154152136111 84 59 36 20 18 29 49 7410513314814713712624 7 7ST 618154202514999999999999999 0441111340 1799999999999999
115108110120133143149153147128103 77 54 34 23 26 41 62 8811613914614113024 7 8ST 7 1153205914699999999999999 1221071416 2399999999999999
119109105111122134141147148138118 94 71 52 37 32 41 57 7810212614114113324 7 9ST 739148213314399999999999999 1581051450 3299999999999999
122113106105113123132137141139126107 86 68 53 45 47 58 74 9311413213913524 710ST 81614122 513999999999999999 2351051520 4499999999999999
126117109105106113121126130132128115 98 83 69 60 58 64 76 9110812413413524 711ST 853132223513699999999999999 3151051547 5799999999999999
129120113107104106111115118122122117106 94 83 75 71 73 82 9410712013013524 712ST 93812223 113599999999999999 4 41041610 7199999999999999
131124116109103101102104106109112112108101 94 89 85 85 90 9910911912813424 713ST1038113232513599999999999999 5121011631 8499999999999999
133128120112104 98 94 94 94 96 99103106105102100 98 97 9910511312112813424 714ST1211106234913699999999999999 659 941652 9799999999999999
136132124115106 98 90 85 83 83 86 91 9810310610810910910911211712312913424 715ST9999999999999999999999999999 828 83999999999999999999999
137136131121110100 89 80 74 71 72 77 85 9610511211711912012012112412913424 716ST 020138999999999999999999999 914 71999999999999999999999
138140137130118105 92 78 68 61 59 62 70 82 9711112112813012912612512713224 717ST 1 214018 513099999999999999 955 59204712599999999999999
136141142139130116100 83 67 55 48 47 53 65 8310212013213813813312812512624 718ST 1551421824139999999999999991036 47221012599999999999999
132138144146143132115 94 74 55 42 35 37 47 64 8611113214414614113312512124 719ST 2571461846146999999999999991118 3523 812099999999999999
123131141148152148135114 89 65 44 29 23 29 44 66 9312214415214914012811824 720ST 4 415219111539999999999999912 0 23235411499999999999999
114120132145154158155138111 82 56 33 18 15 26 46 7210413415415714813512024 721ST 5 91591940157999999999999991241 14999999999999999999999
109108119134148159165159138108 76 48 25 11 14 29 53 8211614615915514212724 722ST 6 8165201216099999999999999 0361071321 1099999999999999
111101104118135150162168160135102 71 44 22 12 20 40 65 9512915415914913424 723ST 7 2168204616099999999999999 11910014 1 1299999999999999
118102 95102118134148162167155128 97 69 44 26 23 35 56 8011014015615414124 724ST 752167212115799999999999999 2 2 951440 2299999999999999
125109 95 92100115129143156159145120 94 70 50 39 42 56 76 9812414615414624 725ST 843160215615499999999999999 248 911518 3899999999999999
131117102 91 89 97109121134145147134114 94 77 64 59 66 80 9711513414814824 726ST 935148223114999999999999999 339 881554 5999999999999999
137123109 96 87 85 91 99110121131132123110 98 88 82 83 9210411612914114624 727ST103613323 214699999999999999 440 851624 8299999999999999
141130116103 91 82 79 82 88 9710711712011711110610310310611412313113814324 728ST1157120232914499999999999999 557 79164010399999999999999
143136124111 99 86 77 72 72 76 84 9410411211511611711912112513013614014224 729ST2343143999999999999999999999 728 71999999999999999999999
143140133121108 95 81 70 63 61 65 72 84 9711011812412813213413613914214324 730ST2341144999999999999999999999 849 61999999999999999999999
144142139132120106 91 76 63 54 51 55 64 79 9611312613413814014013913914124 731ST1927140999999999999999999999 953 51212313999999999999999
143143143140134121105 87 70 55 44 42 48 61 7910012113614214314213813413424 8 1ST 0521431852143999999999999991044 42223813399999999999999
137141143145144138123103 83 64 46 35 36 46 62 8411013314514714413813012524 8 2ST 3271451842147999999999999991128 34232012499999999999999
126133140144148150142123100 78 56 38 29 34 49 68 9412314415114713912911924 8 3ST 44415019 01519999999999999912 7 29235711499999999999999
114120131140147154155143120 95 71 48 31 28 38 56 7910813715215214213011724 8 4ST 5381561925154999999999999991243 27999999999999999999999
107107117131141151159157140114 88 64 42 30 33 48 69 9412414815514713311924 8 5ST 623160195315599999999999999 0331051317 2999999999999999
106 99104118132143154160153131105 80 57 40 35 45 63 8511113815315113812324 8 6ST 7 3160202015499999999999999 1 7 991347 3599999999999999
108 97 95105120133144155157143120 96 74 55 44 48 62 8110312814715214212724 8 7ST 739158204615299999999999999 140 941415 4499999999999999
113100 92 95107120132143151147131109 88 71 58 56 66 8210112114015014513224 8 8ST 814151211015099999999999999 214 921439 5699999999999999
117104 94 91 97108119129139143135118101 85 74 69 74 8710211913514614613624 8 9ST 851143213114899999999999999 249 9115 0 6999999999999999
122109 98 91 91 98106115124131132123109 97 88 83 84 9410712013214314613924 810ST 931133215014699999999999999 328 901519 8299999999999999
126113102 93 89 90 95101108116122121114106100 96 9610211212313314114514224 811ST102212222 714599999999999999 416 881533 9699999999999999
131118106 97 89 86 86 90 9410010811311311110810810911111812613414014314324 812ST1136114222414499999999999999 518 85145810899999999999999
136124112101 92 85 81 81 83 86 92 9910611011311611912212513013614014214324 813ST2238143999999999999999999999 636 80999999999999999999999
140131120108 98 88 80 74 73 73 77 83 9310411211912613113313413713914114224 814ST2317142999999999999999999999 8 7 73999999999999999999999
141138130119107 95 83 73 66 63 63 67 77 9010511812913714014013813713713824 815ST1815140999999999999999999999 928 62211713799999999999999
140141139132122108 93 78 65 55 51 52 59 73 9111012814114714614113513213124 816ST 0521411818147999999999999991022 50223213199999999999999
135140144144139128111 91 72 55 43 38 42 54 73 9612114215215214513612712124 817ST 23014418281539999999999999911 5 38231012199999999999999
124133142149152150136114 88 65 45 30 27 36 54 7810613615515915113912511324 818ST 4121531845159999999999999991144 26234710999999999999999
109118132145156164161143114 85 58 34 20 22 38 60 8812215116415914512811024 819ST 52016519 9165999999999999991222 19999999999999999999999
 97 99114132148164175169145112 80 51 27 17 26 47 7210413916416715313411424 820ST 614175193716999999999999999 025 9613 0 1799999999999999
 94 84 91111131150170181170141108 77 48 27 25 40 63 9012315517016214312124 821ST 7 318120 717099999999999999 1 4 841336 2399999999999999
 98 79 75 87107128150171179164134104 76 51 38 43 62 8411014016416715112924 822ST 750179203816899999999999999 146 741412 3899999999999999
107 85 70 70 84103123146165168151126102 80 63 59 69 8710713015316415713824 823ST 83816921 716499999999999999 229 681445 5899999999999999
116 95 76 66 69 81 97116137152152138120103 89 82 85 9711312814415615714424 824ST 928154213415999999999999999 317 651514 8199999999999999
125106 88 73 66 69 78 9010712413513412611710910410411112213314315015314724 825ST1027136215215399999999999999 412 66153010399999999999999
133116 99 85 73 67 68 73 83 9510911812112011811912112513314014614915014624 826ST12 1121214115099999999999999 523 67141611899999999999999
137124110 97 85 75 68 66 68 75 84 9610611311912413013514114514915014814524 827ST2052150999999999999999999999 658 66999999999999999999999
139131121110 99 87 76 68 63 62 67 75 8710011312413314014514814814814614324 828ST1957148999999999999999999999 835 62999999999999999999999
139135129123113101 89 76 65 57 56 61 70 8410111813214114614714614313913824 829ST19 3147999999999999999999999 945 56999999999999999999999
137136134133128118104 89 74 60 51 51 58 71 8810912914214614614313713012824 830ST18231479999999999999999999991033 50225312899999999999999
130133135138140135122104 86 69 53 45 49 60 76 9712214114914714113312311624 831ST 3561401811149999999999999991111 45231511699999999999999
118125132138145149140122101 81 61 46 42 51 66 8611113715215114213211910724 9 1ST 4521491826153999999999999991144 42234410399999999999999
104112123133144154155142119 96 74 54 42 45 59 7710012815015614713311810324 9 2ST 5361571848156999999999999991216 41999999999999999999999
 93 96110124137151161157137113 89 67 49 45 55 73 9311914515815313812010324 9 3ST 615162191215999999999999999 015 921245 4499999999999999
 88 84 94110126142158164152129104 81 61 50 55 71 9011213715615814412510624 9 4ST 651164193516099999999999999 046 841311 5099999999999999
 89 78 81 96112129147161159142119 96 76 61 60 72 9010913115215915013011124 9 5ST 726162195615999999999999999 117 781336 5999999999999999
 92 78 74 83 98114132149157149130109 90 75 69 76 9211012814715815313611624 9 6ST 8 1157201515899999999999999 148 731358 6999999999999999
 97 81 72 74 85100115133147148137120103 90 82 84 9611212814315415414112224 9 7ST 837150203215699999999999999 220 711419 8199999999999999
103 87 75 71 76 87100115130139137126113103 95 9410211612914115015314512724 9 8ST 918140204815399999999999999 254 711438 9499999999999999
108 92 80 72 72 78 88 9911112312912611911210810611012013114114715014613324 9 9ST10 7129205815099999999999999 333 71144910699999999999999
115 99 86 77 72 73 78 86 9510511511911911711611712012613414214614714513624 910ST1120120205014799999999999999 422 72134511699999999999999
122107 94 84 77 73 73 76 81 88 9710611211612012512913313714214514514313824 911ST2031146999999999999999999999 531 72999999999999999999999
129117104 93 84 77 72 70 71 74 80 8910011011912813514014214314314314013724 912ST20 1143999999999999999999999 7 4 70999999999999999999999
133126117106 96 86 76 68 64 62 65 72 83 9811312713814514614414113813513424 913ST1751146999999999999999999999 854 62999999999999999999999
134133129123114102 87 74 62 55 52 56 66 8210112113814815014613913112612524 914ST1746150999999999999999999999 956 52223712499999999999999
129133136138135125107 88 70 54 44 42 50 66 8611013515115515014012711511024 915ST 3 21381750155999999999999991039 41225911099999999999999
115125135144151150135112 87 65 45 34 37 51 71 96125151162156143126108 9424 916ST 42515218 6162999999999999991118 332331 9299999999999999
 94106122138154167163142113 86 59 38 30 40 59 82112144166166150130107 8524 917ST 5201681829168999999999999991155 30999999999999999999999
 74 81100120142166179171144113 83 55 36 35 52 74100132162173161138112 8624 918ST 6 9179185617399999999999999 0 7 741231 3399999999999999
 64 58 72 95119146173184170141111 82 56 44 51 71 94121152173171149121 9424 919ST 656184192517599999999999999 046 5813 7 4399999999999999
 66 48 49 67 91117148174180162135109 84 65 61 75 9511614116517316013310524 920ST 742181195317499999999999999 126 461340 6099999999999999
 77 53 41 47 65 88115145166167150129109 91 81 8610111913615516816414311724 921ST 830169201816999999999999999 2 9 401411 8199999999999999
 91 66 47 41 49 65 8511113715114913712411210310211212613915016016114912724 922ST 921152203716299999999999999 254 41143510199999999999999
103 82 63 50 47 53 66 8310412313413312812211911912413314315015415514813324 923ST1025134203515599999999999999 347 47143511899999999999999
114 96 80 66 57 54 58 67 80 9510911812212312512913314014715115215014413424 924ST1949152999999999999999999999 454 54999999999999999999999
122108 95 83 73 65 61 61 66 75 86 9810811712413113814414815015014614013324 925ST1918150999999999999999999999 625 60999999999999999999999
125116107 99 89 80 71 65 62 64 71 80 9310611913013814414714714414013513024 926ST1830147999999999999999999999 8 4 62999999999999999999999
125121117113105 95 84 74 65 60 62 69 79 9411012613714314514313813212712424 927ST18 2145999999999999999999999 917 60999999999999999999999
122121122123120111 99 86 74 63 58 61 70 8310112013614414414013312311511324 928ST 256123172714499999999999999 1 012110 4 5822501139999999
115118122129133128115100 85 70 59 57 64 77 9211313414614613913011710510024 929ST 4 01331728147999999999999991040 5623 210099999999999999
104111118128139141132115 98 81 65 57 60 72 87106128146150142129115 99 8824 930ST 4451421745151999999999999991111 562327 8799999999999999
 88 98110122137149147132113 94 76 61 59 69 84101122144154148132115 97 802410 1ST 52415018 5154999999999999991140 582354 7499999999999999
 75 82 96112129147156148129108 89 71 62 67 82 99118140156154138118 98 782410 2ST 6 115618251579999999999999912 7 62999999999999999999999
 65 67 80 98116138156158144123102 83 69 68 81 98116136154159146124101 792410 3ST 637159184515999999999999999 023 641232 6799999999999999
 62 56 65 82101123146159154136116 96 80 74 81 98115134151160152131107 842410 4ST 71215919 416099999999999999 052 561257 7499999999999999
 63 51 53 67 85106130151156145127109 93 83 85 98115132148159157139114 902410 5ST 747156192216099999999999999 122 501321 8299999999999999
 69 53 48 55 71 89111134149148135120106 94 92100116131144155157145121 972410 6ST 825150194015899999999999999 152 481345 9199999999999999
 76 59 49 50 60 75 931141331411371271161071021051171301421511541471291052410 7ST 9 7141195415499999999999999 225 4814 810299999999999999
 84 67 55 50 54 65 78 941121261311281221161131141201311411471491451331142410 8ST10 0131195614999999999999999 3 2 50142211399999999999999
 93 76 64 57 55 59 68 79 931071171221221211211231271331401451461421341212410 9ST1126122194214699999999999999 346 55131612199999999999999
103 87 75 66 60 59 62 68 77 87 99109116121125130133137140142142139133124241010ST1929143999999999999999999999 450 59999999999999999999999
113100 88 78 70 64 61 62 66 72 81 93105116125132138140140139137134130125241011ST1729141999999999999999999999 620 61999999999999999999999
119112104 94 85 75 67 61 59 60 66 77 90106121133141143141136130125122121241012ST17 2143999999999999999999999 8 4 59999999999999999999999
120120118114105 93 79 68 58 53 55 63 77 93113131143146142134124114108109241013ST1653146999999999999999999999 915 53221810899999999999999
114119126130128117100 83 67 54 48 53 65 82102126144151146134120104 91 89241014ST 31713116591519999999999999910 3 482238 8999999999999999
 97109121136146143127106 85 66 50 47 57 73 93117142157154139120 99 78 67241015ST 4201471719158999999999999991044 462310 6799999999999999
 72 87105126148161155134110 87 64 50 52 67 87108135159164149126101 74 52241016ST 5121621744165999999999999991123 492347 4699999999999999
 46 59 80103132160172161137113 88 65 56 65 83104127154169163138109 79 50241017ST 6 117218131709999999999999912 0 56999999999999999999999
 31 32 50 74103138167175160137113 89 71 69 83103123145167171152122 90 59241018ST 648175184117299999999999999 026 291236 6799999999999999
 31 18 26 46 72105141167169154133113 93 82 88104122140159170162137105 74241019ST 73617119 917099999999999999 1 7 181310 8299999999999999
 45 22 16 26 46 73106139158157144129113101 98108124138152163163147119 90241020ST 826160193216599999999999999 151 151341 9899999999999999
 62 38 23 21 32 50 75105132145143135125116112116127139148155157149129104241021ST 921146194415799999999999999 237 2014 411299999999999999
 80 58 41 31 31 40 56 77101121130131127123122124130139146150150144132114241022ST1031131192515099999999999999 329 2914 312299999999999999
 94 76 61 49 42 42 49 61 78 95110118122124126129133139143145143138129118241023ST19 1145999999999999999999999 429 41999999999999999999999
104 91 79 68 59 53 52 56 65 77 90102112119125130135138140139137131124116241024ST1826140999999999999999999999 543 52999999999999999999999
109101 93 85 76 68 62 60 61 67 77 88101112122129134136136133128123117112241025ST1721136999999999999999999999 7 6 60999999999999999999999
108106103 99 92 84 75 68 64 64 70 79 91104118128134135132127120113108105241026ST1644135999999999999999999999 824 64999999999999999999999
104106109110106 98 89 80 71 66 68 75 85 98113127135135130123113102 96 95241027ST 249110163013699999999999999 0 0104 918 662241 959999999
 97101108116118113102 92 81 72 68 73 82 94108124136138131121108 95 84 82241028ST 348118163913899999999999999 957 682247 8199999999999999
 86 93103115125126117105 93 81 73 73 81 93106122136142135122106 90 75 68241029ST 4321271655142999999999999991029 7123 8 6899999999999999
 71 81 93109126135131119105 92 80 75 80 92105120136145141126107 88 69 57241030ST 5121351714145999999999999991059 752333 5599999999999999
 56 66 80 98119137142133119104 89 79 80 90105119135147148134112 90 68 50241031ST 5501421732149999999999999991127 78999999999999999999999
 43 49 64 83106130145144132117100 87 81 89103118133147153142120 95 71 492411 1ST 626147175215399999999999999 0 0 431155 8199999999999999
 35 36 48 66 89116140149143129112 96 86 88100116131146155150130103 77 532411 2ST 7 2149181315599999999999999 029 341223 8599999999999999
 34 27 34 50 71 97126145147138123108 94 90 98113128142153154140114 86 612411 3ST 740148183515599999999999999 059 271252 9099999999999999
 39 26 26 37 55 78105131143142131118105 97 98110125138149153145124 97 712411 4ST 820144185615399999999999999 131 241321 9699999999999999
 49 32 25 30 43 61 84110130137134125115106104109122134143148146132108 832411 5ST 9 7137191314999999999999999 2 6 25135010399999999999999
 60 43 32 29 36 49 67 88109124129126121115112113121131139143142134117 952411 6ST10 3129191914399999999999999 245 29141411299999999999999
 73 56 43 36 36 43 55 70 881051171221221201191201231281341381371311211062411 7ST1124123191613899999999999999 332 35141211999999999999999
 87 70 57 48 43 43 49 59 71 851001121191221241251271281301311301261201122411 8ST1912131999999999999999999999 431 42999999999999999999999
100 86 74 63 55 50 48 53 61 71 84 981101201251281301281261231211181151112411 9ST1558130999999999999999999999 543 48999999999999999999999
107101 92 82 72 63 56 53 55 62 72 85100114125130131129123115109105104104241110ST1542132999999999999999999999 7 5 53221510499999999999999
106108108102 93 81 71 62 57 58 65 77 90107122133135130121109 97 88 86 89241111ST 129108154313599999999999999 821 562148 8699999999999999
 96104113119115104 91 78 67 60 62 72 85100118134141135122107 89 73 64 67241112ST 3 811916 114199999999999999 919 602214 6499999999999999
 76 89105123132128115100 85 72 65 69 82 97113132146145130110 88 65 46 41241113ST 41213316281479999999999999910 6 652250 4199999999999999
 50 66 85110134145139124108 91 76 71 80 95110128146154144120 94 67 40 23241114ST 5 61451658154999999999999991050 712329 2199999999999999
 23 37 58 85117144154145129112 94 81 81 93109124142157156136107 76 46 19241115ST 5571541729159999999999999991131 79999999999999999999999
  6 11 30 55 87124150156146131114 97 87 92107122137153161151125 92 60 29241116ST 64715718 116199999999999999 011  61210 8799999999999999
  6 -2  7 28 56 92128151153143129113 99 96105120134147158157140110 78 47241117ST 738155183015999999999999999 055 -21247 9599999999999999
 20  1 -2 10 32 61 96128146146136124112103105116130141150154147125 96 67241118ST 829148185615499999999999999 140 -3132110399999999999999
 40 18  5  5 18 40 68 99125137136128119112109114125136143147144132110 85241119ST 92313819 914799999999999999 227  3135110999999999999999
 61 39 23 15 17 30 50 74 99118127126121117114115121130136138136130117 98241120ST1021128185913899999999999999 315 14141411499999999999999
 78 59 44 32 27 31 43 59 78 98112119119118117117120124129130128122115104241121ST1132120185313099999999999999 4 5 2714 711799999999999999
 89 75 62 52 44 41 45 54 67 82 97108115117118118119120121121119114108102241122ST1836121999999999999999999999 456 41999999999999999999999
 95 86 77 68 60 55 53 57 64 74 86 98108114118119119117115112109104100 97241123ST1526119999999999999999999999 549 53999999999999999999999
 94 91 87 82 75 69 65 64 66 73 82 92102111118120119116111105 99 93 90 89241124ST1511120999999999999999999999 649 642311 8999999999999999
 89 91 93 92 88 82 77 74 72 75 81 90 99109117122121116108 99 90 82 78 78241125ST 214 93152012299999999999999 753 722226 7899999999999999
 81 87 94 99 99 95 90 84 80 79 83 90 99108117124124118108 96 83 72 65 65241126ST 334100153512599999999999999 848 792231 6499999999999999
 70 78 89100107107102 96 90 85 85 91 99108117125128122110 95 79 64 54 51241127ST 427108155112899999999999999 932 842250 5199999999999999
 56 65 79 96110116114108100 93 88 91 99109118127132129116 98 79 60 45 38241128ST 5111171610132999999999999991011 882314 3899999999999999
 40 50 65 85106121125120111101 93 91 96107118128136136125105 83 61 41 28241129ST 5511251632137999999999999991047 902341 2699999999999999
 26 34 49 70 95118130130122111100 92 93102115127137142135116 92 67 43 25241130ST 6291311659142999999999999991122 91999999999999999999999
 16 19 32 52 78107128136132122108 96 91 97109123135144143129105 77 51 282412 1ST 7 6136172914599999999999999 012 161158 9199999999999999
 12  9 17 34 59 88116134137130118104 94 93102116130141146139119 91 63 372412 2ST 74413818 014699999999999999 045  91234 9299999999999999
 17  6  8 20 40 67 97123135134125112100 94 97109124136144143131107 78 502412 3ST 824136183014599999999999999 121  51310 9499999999999999
 28 11  5 11 26 48 75103124132129119109100 98104116129137141136120 94 672412 4ST 9 8132185814199999999999999 2 0  51347 9799999999999999
 43 24 12  9 18 35 56 81105122127123115108103103110121130134133125108 842412 5ST 957127192113499999999999999 242  9142710299999999999999
 60 40 25 17 17 27 44 63 85105119122118113109106107113120125125122114 982412 6ST1051122193712699999999999999 327 16151810699999999999999
 78 58 43 31 26 28 38 53 69 881051161191171131101081071101141151141111052412 7ST1153119195511599999999999999 415 25163810799999999999999
 93 77 62 50 41 37 40 49 62 76 921061161181161131091041011001011011011012412 8ST1256118214910199999999999999 5 7 37184710099999999999999
 99 92 81 70 60 53 50 53 61 72 84 97110118120116110103 94 87 83 83 85 892412 9ST1345120999999999999999999999 6 5 502032 8399999999999999
 94 97 96 89 81 73 67 63 65 72 82 93105116123122114103 91 78 68 63 65 70241210ST 116 97142212399999999999999 712 632112 6399999999999999
 79 90100104100 93 86 80 76 76 83 93103114124128122109 93 76 59 46 42 47241211ST 259104145712899999999999999 823 752152 4299999999999999
 57 71 89106114112106 99 91 85 86 94104113123132132120101 80 58 37 24 23241212ST 414114153313399999999999999 925 852235 2299999999999999
 32 47 68 93115124123116108 99 92 94102113122132139134116 91 66 40 18  6241213ST 5161251611139999999999999991020 912319  599999999999999
  8 21 41 68 99124133130123113102 95 99109120130140143133110 81 53 25  2241214ST 61113316501439999999999999911 9 95999999999999999999999
 -7 -1 16 41 73107131138134124112101 96103115126136145144129102 71 41 13241215ST 7 0138173014699999999999999 0 5 -71154 9699999999999999
 -7-13 -3 17 45 80114135139132121108 98 97106119131140145141121 92 61 32241216ST 74514018 914699999999999999 050-131236 9699999999999999
  6-10-12  1 24 54 89119135135126114103 96 98109123133140142133111 82 53241217ST 827137184614299999999999999 135-131316 9599999999999999
 27  5 -7 -4 12 35 65 96121131127117107 99 95101113124131135133121 99 72241218ST 9 9131191913599999999999999 218 -71354 9599999999999999
 48 26  9  3 10 27 49 75102120124118110102 97 97104114121125126121108 87241219ST 950124194312699999999999999 258  31431 9699999999999999
 65 45 29 18 17 27 43 63 85105116117111104 99 97 98104111115115114107 94241220ST1031118194511599999999999999 336 161512 9699999999999999
 77 61 47 36 31 34 45 59 75 93107113111106102 98 96 98101104104103100 94241221ST1113113193210499999999999999 4 9 3116 7 9699999999999999
 84 72 61 52 46 46 51 61 73 87 99108110108104100 96 94 93 93 92 91 90 89241222ST1155110999999999999999999999 438 45999999999999999999999
 85 79 72 66 61 59 61 67 76 86 96104109109106102 97 92 87 84 81 79 78 79241223ST1233110999999999999999999999 5 1 592147 7899999999999999
 80 80 79 76 73 72 72 75 81 88 96103109111109105 98 91 83 76 70 67 66 68241224ST 023 8013 311199999999999999 523 712151 6699999999999999
 72 77 81 84 84 83 83 84 87 92 98104110113113109102 92 82 71 62 55 53 54241225ST 348 84132911399999999999999 559 8322 9 5399999999999999
 60 69 78 87 92 94 94 93 93 95 99104110115116114107 97 83 69 56 46 40 40241226ST 516 9414 111699999999999999 736 932233 4099999999999999
 45 56 70 85 96103104102 99 98 99103109115119120115104 89 72 55 41 31 27241227ST 554104144112099999999999999 911 9823 1 2799999999999999
 30 40 57 76 95107113112108102 98100105112119124123115100 80 60 41 25 16241228ST 6221131526125999999999999991015 982331 1599999999999999
 16 24 40 62 86106118121116108100 96 99107116124129126114 94 70 47 26 11241229ST 64912116121299999999999999911 5 96999999999999999999999
  4  9 22 43 70 97117126124116104 95 92 98109121130134128111 86 59 34 12241230ST 717126165913499999999999999 0 5  41148 9299999999999999
 -1 -3  6 24 50 80108126129123111 98 89 89 99113125134137128107 78 49 23241231ST 746130174713799999999999999 041 -41229 8899999999999999
