 87 56 33 25 32 51 79112140156156147131112 94 86 87 9611012814314814012324 1 1SU 933158205214899999999999999 3 2 251522 8599999999999999
100 74 51 37 36 46 67 94122142150146135118100 87 81 83 9210612213213312524 1 2SU1010150213613399999999999999 336 351614 8199999999999999
110 91 70 54 47 49 61 82106128141145139126108 93 81 76 77 8610011212012224 1 3SU1055145225012299999999999999 417 461722 7599999999999999
117105 89 75 64 59 62 75 95115131141143136120103 88 75 67 69 78 9110211224 1 4SU1144144999999999999999999999 512 591823 6799999999999999
118117108 97 87 78 72 75 88106122135145145134118100 83 66 57 59 70 82 9724 1 5SU 022119123214699999999999999 613 721917 5799999999999999
112122124118111102 91 84 88100114128142151148135117 97 75 55 47 50 60 7624 1 6SU 138124131715199999999999999 711 842010 4699999999999999
 96118132136134127116102 95 98108120136151158153138118 93 65 44 36 40 5224 1 7SU 3 413614 415899999999999999 810 9521 9 3699999999999999
 73101127144151151142126111104105112126144160165159143118 86 55 33 25 2924 1 8SU 429152145616599999999999999 9211042212 2599999999999999
 46 75108137157167166152133117108107115132153168173166146114 77 44 21 1224 1 9SU 522168155517399999999999999104110623 8 1199999999999999
 18 42 78116148172182175157136118105104117139161177182173146108 67 32  724 110SU 6 518216561829999999999999911371032356 -299999999999999
 -2 11 43 83125161185190177155132111 97100118144168185190175141 98 55 1824 111SU 6451901747190999999999999991222 96999999999999999999999
 -8-12  9 46 91135173192190172147121 97 87 96120148174192192170131 86 4124 112SU 723194183219599999999999999 040-1313 2 8799999999999999
  3-19-15 13 55102147180192182161133104 82 78 93120150177192186158117 7224 113SU 8 0192191419399999999999999 121-201341 7799999999999999
 27 -7-21 -8 24 67115157181184169144113 84 68 71 9011815017518517214210224 114SU 837185195618599999999999999 2 1-211421 6799999999999999
 59 18 -8-12  6 40 83127160174170152124 93 68 58 65 8511414516516815412724 115SU 914175203917099999999999999 240-1315 5 5899999999999999
 90 51 19  3  6 25 59 99135158164155135106 77 57 50 58 7810713414814913724 116SU 954164213315099999999999999 322  21558 5099999999999999
115 84 53 32 23 28 48 79112138151153142120 91 66 50 43 50 70 9611712913324 117SU1039154225313399999999999999 4 8 2317 2 4399999999999999
126110 87 66 52 47 52 69 96120137145145133110 84 61 44 36 42 60 8210011424 118SU1130147999999999999999999999 5 5 4718 8 3699999999999999
123123113 98 85 75 69 73 88107124136143141128106 82 58 39 30 34 49 68 8824 119SU 029124122314499999999999999 6 9 691910 2999999999999999
107121126123115105 95 89 91101114126137144142129108 83 57 35 25 28 41 6024 120SU 2 1126131614599999999999999 715 892015 2599999999999999
 83107126135137133122111104104109118130142149146134113 84 55 33 22 23 3524 121SU 346138141414999999999999999 8321032125 2199999999999999
 58 86113135149153147134122113110112122136149155154142117 85 55 32 20 2024 122SU 45215315221569999999999999910101092230 1899999999999999
 35 63 94123148163165155140127116110113126143156165164148119 85 54 30 1724 123SU 53616616281669999999999999911111092321 1699999999999999
 20 41 72105137163175171157141125111106114131149165175172151117 82 50 2524 124SU 6131751719176999999999999991153106999999999999999999999
 14 24 50 84119153176181170153134116102103117137157175184174146110 74 4224 125SU 64518118 118499999999999999 0 3 14122910099999999999999
 19 15 32 63 99137168183179163142121101 93101120143166183186167135 98 6124 126SU 715184183718799999999999999 041 1313 0 9399999999999999
 30 14 20 45 79118154178182169149125102 86 87102124150173185178152117 8024 127SU 74118319 918699999999999999 113 131328 8499999999999999
 44 20 15 31 61 98137167180172153129103 82 75 84104129156175178161131 9624 128SU 8 5180193917999999999999999 142 141355 7599999999999999
 60 30 17 24 48 81119153172171155132105 81 67 70 8510813415716916213910824 129SU 82717420 716999999999999999 2 8 171421 6699999999999999
 75 44 25 23 40 67102136160166156135109 83 64 59 68 8711113515215514111824 130SU 850166203815699999999999999 233 221449 5999999999999999
 89 60 38 30 38 59 88119146158154138114 87 65 54 55 67 8711113114113812324 131SU 914158211414199999999999999 259 301523 5399999999999999
101 76 55 43 44 56 78105131147150140121 96 72 55 49 53 66 8610712212712324 2 1SU 94215022 512799999999999999 326 4216 7 4999999999999999
112 93 74 61 57 61 74 95118135143141129108 84 64 52 46 49 62 81 9911011724 2 2SU1017143233011899999999999999 4 1 571710 4699999999999999
116108 95 83 76 74 77 89107124135139136123102 80 63 50 43 45 57 74 8910224 2 3SU11 8139999999999999999999999 459 741820 4299999999999999
113117113105 99 94 90 91101115126134138136123103 83 65 48 37 38 49 63 8024 2 4SU 059117121613999999999999999 622 891925 3699999999999999
 98115124125122118110102101108117126136143141129110 90 67 45 31 30 38 5324 2 5SU 234125132114399999999999999 7361012035 2999999999999999
 75100123136141141133121110107109116127141151150140122 96 67 40 24 20 2724 2 6SU 427142142715299999999999999 8591072152 1999999999999999
 46 75107133151160157144127113105105114131149161163154132100 64 33 13  724 2 7SU 51616015411649999999999999910311042256  799999999999999
 17 43 79117148169176166147126108 97 98112136158174178167138 98 58 24  024 2 8SU 5541761649178999999999999991127 952345 -699999999999999
 -5 12 46 88130165185185168143117 94 83 90112141168187191173137 92 49 1124 2 9SU 62918717431929999999999999912 9 83999999999999999999999
-12-11 14 55102147181194185160130 99 75 68 83113146177197197171129 82 3624 210SU 7 2194182920099999999999999 028-151248 6899999999999999
 -1-18 -8 25 71120165192194175144109 75 54 56 79113151184200192161117 6924 211SU 734196191120199999999999999 1 8-191326 5299999999999999
 24 -7-14  6 44 91140177192183156121 82 50 37 47 7611415318419317814510224 212SU 8 5192195219399999999999999 145-1514 3 3799999999999999
 57 18 -2  1 27 67113155180182164133 94 57 31 27 43 7411315117417615812724 213SU 835184203517899999999999999 221 -41442 2699999999999999
 89 51 23 14 25 52 91131161172164142108 70 38 21 23 41 7211014115615413924 214SU 9 4172212315799999999999999 256 141525 2099999999999999
113 82 54 39 38 51 77110140157158145121 88 55 30 19 22 40 6910112413513524 215SU 933159222913699999999999999 333 361617 1999999999999999
125106 84 68 61 63 75 97122140146142129106 77 50 31 22 24 39 64 8810611724 216SU10 6146999999999999999999999 416 611722 2199999999999999
122118107 96 88 84 85 94110125133135132120100 77 55 38 26 26 38 56 75 9224 217SU 0 6122105513599999999999999 522 841833 2499999999999999
107117119117112107102101105114121126129128120104 85 65 45 31 28 35 48 6524 218SU 152119122312999999999999999 6481001947 2799999999999999
 85105120128131129122114109109111116123129132127116 98 74 51 35 28 31 4324 219SU 4 6131135113299999999999999 8341092111 2899999999999999
 63 87111130142146141130119111106107114125136141140130108 81 55 37 27 2824 220SU 45514615241429999999999999910261062223 2699999999999999
 43 68 96123144157157147132119107100104117132146155155141114 83 56 35 2424 221SU 52915916321579999999999999911101002312 2499999999999999
 29 50 80111139161169162146128111 97 94105123142160170167145113 80 51 2924 222SU 5581691718171999999999999991144 942351 2299999999999999
 23 36 63 96129159176174159138117 98 87 91109132155174182170141106 71 4224 223SU 6251771756182999999999999991214 86999999999999999999999
 24 26 48 81116151176182170148123 99 81 78 92116143168185184163129 92 5724 224SU 649183182818799999999999999 024 221241 7799999999999999
 31 22 36 66102139170185178157129102 78 67 74 96125154179188176147110 7324 225SU 711185185818899999999999999 052 2213 6 6699999999999999
 41 24 28 53 87125160182182163135104 76 57 58 76104135164183181159125 8924 226SU 730185192518599999999999999 118 231329 5599999999999999
 54 30 26 43 74111147173181167139107 75 51 44 56 8111214416917716413610224 227SU 749181195317799999999999999 141 251353 4499999999999999
 68 41 29 38 63 97132161174167143111 78 49 35 39 59 8812014816416214211424 228SU 8 8175202216599999999999999 2 4 291417 3499999999999999
 83 55 39 40 57 85117146164163145116 83 53 32 28 40 63 9312314415114212224 229SU 828166205515199999999999999 227 371445 2799999999999999
 97 71 53 48 57 78104132151156146123 93 62 37 26 28 43 67 9511913313412524 3 1SU 849157213713599999999999999 250 481518 2599999999999999
109 88 71 63 65 76 95118138147143129106 77 51 33 27 31 45 66 9010811812024 3 2SU 912147225112099999999999999 316 6216 6 2799999999999999
116104 90 82 80 83 92108125136138132119 98 73 52 39 32 33 43 62 80 9510624 3 3SU 941138999999999999999999999 348 801727 3199999999999999
113114109102 99 97 97102114125130131128118100 79 61 47 35 31 38 52 67 8324 3 4SU 037115103913199999999999999 536 971853 3199999999999999
100115121121120117111106107113119124129132126111 93 74 54 36 27 30 40 5624 3 5SU 226122125313299999999999999 7211052013 2799999999999999
 78103124135139138130117107104107113123135143140129110 86 57 33 20 19 2924 3 6SU 419140141614399999999999999 8561042134 1899999999999999
 51 81113138153158152136117102 95 97108126145158159148125 92 57 28 12  924 3 7SU 4571581536160999999999999991021 952239  899999999999999
 24 54 92128157173173157133108 90 81 86106133158175178164133 93 53 22  324 3 8SU 5291751643179999999999999991110 812328  199999999999999
  4 27 65108148177188178152121 92 70 63 77106141171192194172134 89 47 1424 3 9SU 6 11881736195999999999999991150 63999999999999999999999
 -2  7 39 83129169194194172138101 68 46 47 72109149184204200171128 82 3924 310SU 631197182120699999999999999 0 9 -31228 4499999999999999
  8  0 19 58105151187201188156116 74 40 25 37 70113157193208195161118 7324 311SU 7 020119 320899999999999999 047 -113 4 2599999999999999
 33  9 12 40 82128171196196170131 87 45 16 11 33 7211816219320018114610524 312SU 728200194420199999999999999 123  71340 1099999999999999
 64 32 20 34 65107149181192178145103 59 21  1  7 34 7512116218418216113024 313SU 755192202518699999999999999 157 201416  099999999999999
 94 60 40 40 59 90127161179176153118 77 36  7 -1 11 39 7912115216515914124 314SU 82018121 916599999999999999 230 381454 -199999999999999
116 87 66 57 64 83110139161165153129 96 59 27  8  6 19 45 8111413514213824 315SU 84516622 614299999999999999 3 2 571538  599999999999999
126108 90 79 78 86101121141150146132111 82 53 30 18 17 28 50 7710111512224 316SU 910150234212499999999999999 336 781637 1699999999999999
124118108100 97 97101110123133134128119103 81 60 44 33 28 34 50 69 8610024 317SU 937134999999999999999999999 429 961758 2899999999999999
111118119117115112109108112117120120119115106 91 76 60 45 37 38 47 60 7624 318SU 143119104512099999999999999 6401081922 3699999999999999
 93110122129131129121113108107107110115120122118108 93 73 54 42 39 43 5624 319SU 4 3131134712299999999999999 9141072053 3899999999999999
 75 97117133143144136123111103 98 98106118129135135125105 80 58 43 37 4224 320SU 4371451528136999999999999991023 9722 5 3799999999999999
 59 84109132150157151136119104 93 89 95111128143152151136109 81 57 41 3624 321SU 5 41571627153999999999999991054 892251 3699999999999999
 47 71100128151166166151130110 92 82 83 99121142160169162138107 77 53 3824 322SU 52916817 8169999999999999991123 802326 3699999999999999
 39 59 89120149170177165142117 95 77 72 84108134158176179163133 99 69 4724 323SU 5511771742180999999999999991149 722357 3899999999999999
 38 50 77111143170184178155126 98 75 62 68 90119149174187181156121 87 5924 324SU 6131841813188999999999999991214 62999999999999999999999
 41 44 66100134165185186166135103 74 54 52 69100133164186190173141106 7324 325SU 632188184219199999999999999 024 401238 5099999999999999
 49 42 57 87123156181189174144108 75 48 38 48 76112147176190183156122 8824 326SU 651189191019199999999999999 049 4213 1 3899999999999999
 60 45 51 76110144172186179151114 77 46 27 29 52 8612415818118416613610324 327SU 710187193818599999999999999 113 441324 2599999999999999
 73 52 50 67 97130160178178156121 83 48 23 16 30 60 9713316217516814511624 328SU 72918120 817599999999999999 137 481349 1599999999999999
 87 64 55 64 87116145167172158128 91 55 25 10 15 36 6810413615616014812624 329SU 748173204216199999999999999 2 1 551417  999999999999999
101 78 65 66 81105131152163157135103 68 36 15 10 20 43 7310513014214113024 330SU 8 9163212414399999999999999 225 641449  999999999999999
113 94 80 76 83 98117137150151138115 86 56 31 17 17 27 47 73 9911612512624 331SU 831152223812699999999999999 250 761532 1599999999999999
120108 97 91 92 97108123136141136124106 81 56 37 27 25 31 46 67 8710111224 4 1SU 858141999999999999999999999 320 901651 2599999999999999
119119114108106105106111121128130126120108 88 68 52 39 31 30 41 57 74 9024 4 2SU 032120 94113099999999999999 5281051832 2999999999999999
108122127126124119112106107113117121125127119104 86 68 48 32 27 34 47 6624 4 3SU 213127124212799999999999999 7211051953 2799999999999999
 90115134142143138126110 99 97100107119133140137124105 80 53 32 24 28 4324 4 4SU 338144141214199999999999999 849 9721 8 2499999999999999
 68100130151160158144122100 86 81 87102124146158158145121 88 55 31 21 2624 4 5SU 418161153016099999999999999 957 812212 2199999999999999
 46 80117150171177166141111 84 67 63 76102133161177179162129 91 56 31 2124 4 6SU 4511771634180999999999999991045 6323 2 2199999999999999
 31 59 99139171189186163128 92 62 45 46 69105144176195194170132 91 56 3124 4 7SU 5221901726197999999999999991125 432345 2599999999999999
 25 44 80122162191200184149108 68 37 23 34 68112155190208200170130 89 5524 4 8SU 55320018122089999999999999912 4 23999999999999999999999
 34 37 63103145182203200171128 82 41 12  7 30 72120166200211196162123 8524 4 9SU 623205185421199999999999999 024 321241  599999999999999
 54 42 54 86126165195204187148102 55 16 -5  1 33 7912817320120318315011424 410SU 652205193520699999999999999 1 0 421317 -799999999999999
 80 58 56 76108145178197193164122 76 32 -1-11  5 41 8713517319118616513624 411SU 719199201519299999999999999 135 541352-1199999999999999
105 79 67 74 96126157181187170138 97 54 17 -5 -5 16 51 9413616417216414624 412SU 746187205717299999999999999 2 7 671429 -899999999999999
123 99 83 81 92112136159172166145114 79 43 15  4  9 29 61 9712914615014424 413SU 812172214815099999999999999 239 801510  399999999999999
131115100 93 96105120138152154143124 99 71 44 26 20 25 41 66 9411612713224 414SU 838155231813299999999999999 312 9316 2 2099999999999999
131124115108106107111121131137134125112 95 74 56 43 37 38 49 67 8610211324 415SU 9 7137999999999999999999999 4 61061724 3699999999999999
122126125122118115111111114119120119117111100 87 73 60 49 46 52 64 79 9424 416SU 112126 95712099999999999999 6351101851 4699999999999999
110123131133132126117108104103105109114119119114104 89 71 57 51 53 62 7724 417SU 312133133112099999999999999 8411032011 5099999999999999
 97117132142145140127112100 94 92 96107119129133130118 98 77 60 53 54 6524 418SU 35514515 913399999999999999 951 912122 5299999999999999
 86110132147156154141121103 89 82 83 95114131144149145127101 78 62 54 5824 419SU 42215716 7149999999999999991023 812212 5499999999999999
 76102129150164167156133109 89 76 72 81102126147160164153128100 77 62 5824 420SU 4451681648165999999999999991051 722249 5899999999999999
 69 94124150169177171148119 93 73 63 67 87115142164176174154124 96 75 6324 421SU 5 61771722177999999999999991116 622321 6299999999999999
 66 86116146169183182163131 99 73 56 53 68 97130159180187175148117 90 7124 422SU 5271851754187999999999999991141 522351 6599999999999999
 66 78106138165184190175145108 75 51 40 48 75111146175192190169138108 8324 423SU 54819018251949999999999999912 6 40999999999999999999999
 69 73 95126157180192184157119 81 50 30 30 51 86125160187196184157126 9824 424SU 6 9192185619699999999999999 019 681232 2799999999999999
 77 71 85113144171188189167131 90 53 26 15 27 58 9813717119018917014111224 425SU 632191192719399999999999999 048 711259 1599999999999999
 88 74 79101130158179187174142101 62 29  9  9 32 6810814517318417415212624 426SU 65518720 018499999999999999 116 741328  699999999999999
101 83 79 92116143166179175152115 75 39 12  2 12 40 7611314616616815613624 427SU 718180203716999999999999999 144 7814 0  299999999999999
113 94 84 89105128150166170156128 93 57 26  7  5 20 46 8011313915115014024 428SU 743171212515299999999999999 212 841436  399999999999999
124107 95 93100115133150159154137111 80 49 24 12 14 27 50 7910612513513724 429SU 810159224513799999999999999 243 921522 1199999999999999
131120109103103108118132143146138124104 78 52 33 24 23 31 50 74 9611312524 430SU 844146999999999999999999999 3281021638 2299999999999999
132131124117112108108113123130131128122107 86 65 49 36 30 33 49 69 8810724 5 1SU 022133 94013299999999999999 5421071812 2999999999999999
126137139134126117106100102110116122128129119102 84 65 46 34 35 48 66 8824 5 2SU 137139123712999999999999999 712 991926 3399999999999999
113136150151144132113 95 85 86 94105121136142137123103 78 54 40 39 50 7024 5 3SU 23715214 314299999999999999 823 852032 3899999999999999
 98128153165164151129101 79 67 68 80101127149160157143118 88 62 47 45 5824 5 4SU 323166151916099999999999999 924 662135 4499999999999999
 83116149172180172149117 83 59 47 52 72103137164178177158128 96 70 55 5524 5 5SU 4 21801624180999999999999991014 472230 5399999999999999
 72102138169189191173139 99 63 37 28 39 70110149180196191167134102 77 6324 5 6SU 4371921717196999999999999991058 282318 6299999999999999
 67 90125159187201194165122 78 41 17 13 34 74119162194207197169136106 8124 5 7SU 51220118 4208999999999999991139 12999999999999999999999
 71 82110145177200206188148101 57 21  1  6 37 8213017320421119416513410524 5 8SU 546207184621199999999999999 0 1 711219 -199999999999999
 84 81 98128161189206201172128 81 38  5 -7  8 45 9214018220520418415712824 5 9SU 620207192720899999999999999 040 791257 -799999999999999
102 87 92113142171195202187151107 62 23 -3 -5 18 5710314818319618916914524 510SU 65220320 619799999999999999 117 871334 -799999999999999
119 99 93104125151176192189166129 88 48 15  0  6 32 6911115017518017015324 511SU 723193204718099999999999999 151 931412 -199999999999999
132112100101113132154172179168143111 75 42 18 12 22 46 7911614516016115324 512SU 753179213416299999999999999 225 991452 1199999999999999
140123110104108118133150161160146125 99 70 45 30 28 37 58 8611413514414624 513SU 825162224614699999999999999 3 21041539 2799999999999999
141132120112110112118128139144140130115 95 73 56 45 43 50 66 8911012413424 514SU 9 1144999999999999999999999 4 41101647 4399999999999999
138137130123117112110112119125127126122112 98 83 70 59 55 59 72 8910612124 515SU 01513810 512799999999999999 6 411018 5 5599999999999999
133139139135128118108102103106111116121122118109 96 82 69 63 66 77 9110924 516SU 129140124312399999999999999 7281021910 6399999999999999
127140146146141129113 99 92 91 95103115126130129122108 91 76 69 72 82 9924 517SU 228147141413099999999999999 842 9120 8 6999999999999999
120140152157154142123102 88 81 81 89105123136143143134116 95 81 76 80 9224 518SU 3 7157152914499999999999999 931 8021 2 7699999999999999
114138156165166157137110 88 74 69 74 90114136151158156142119 98 86 83 8924 519SU 33616716201599999999999999910 4 692152 8399999999999999
107132156171176171152123 94 72 61 60 73 99128151167173166145120101 91 9024 520SU 4 117617 0173999999999999991034 592236 8999999999999999
101125152172183182168139105 75 56 48 55 79111143168183184170145120103 9424 521SU 42818417361869999999999999911 4 482316 9399999999999999
 97115142168184190182156120 84 56 40 38 56 8812515818319518916814111810224 522SU 4571901811195999999999999991135 372353 9699999999999999
 96107130158180192192173138 98 63 37 25 33 61 9913817119419918616113611324 523SU 52819418462009999999999999912 8 24999999999999999999999
 99100117144169188195185156116 75 41 19 14 33 6810914818019819517615112724 524SU 559195192119999999999999999 028 971241 1399999999999999
107 98106128154177192192171135 93 54 22  6 11 37 7511615518319218316314024 525SU 631194195819299999999999999 1 2 981316  599999999999999
117101100114137161181189180152113 73 36  9  1 14 44 8212215617718016815024 526SU 7 2189203918199999999999999 136 981353  199999999999999
128109100104121143164179180163133 96 58 25  6  4 21 50 8612315116516515524 527SU 735181212916799999999999999 211 991434  299999999999999
139120106102109123143160169164146118 85 51 24 11 13 29 56 8912014215315424 528SU 810170223815599999999999999 2511021522 1099999999999999
147132117107104108120136150155148134111 82 54 33 23 24 37 61 9011613514724 529SU 853155235215199999999999999 3521041627 2299999999999999
150144130117107101101110125135139138130113 89 66 49 38 35 46 67 9211413424 530SU1011139999999999999999999999 5301001744 3599999999999999
149153146132118103 91 88 96109120129135134122103 84 66 52 47 56 75 9711924 531SU 051153122413699999999999999 646 881852 4799999999999999
142157160150134115 93 76 72 79 93109126141145137122103 82 66 60 68 8510724 6 1SU 141161134814599999999999999 748 721952 6099999999999999
132156169168155133105 77 59 55 63 81105132152160156141120 97 80 75 82 9824 6 2SU 22517115 716099999999999999 847 542054 7599999999999999
122150172181176156126 91 60 42 39 51 76109142166177174157133110 94 88 9524 6 3SU 3 8181161717799999999999999 942 382158 8899999999999999
114141167186191180153114 75 45 27 26 44 78117153180193187168143120105 9924 6 4SU 3521911713193999999999999991033 242255 9999999999999999
108130158182197198180144101 61 31 15 19 45 8512816619420419417214812611024 6 5SU 4351991759204999999999999991119 14234410699999999999999
107120145171192204200174132 88 49 20  7 19 52 9513917820420819417114812624 6 6SU 51720518422099999999999999912 2  7999999999999999999999
111112130155180200208196162119 76 38 12  6 26 6310615018720720418716514124 6 7SU 558208192120899999999999999 0271101243  599999999999999
121110118138162185203205184147105 65 29  9 12 37 7511816019120119317515324 6 8SU 636206195920199999999999999 1 61101322  799999999999999
131114110122142166187200193168131 92 54 24 13 23 51 8812916518718917816124 6 9SU 712200203719099999999999999 14210914 1 1399999999999999
140120109112125144166184189176149116 80 47 26 24 38 6510013716517617416324 610SU 746189211617799999999999999 2171081439 2299999999999999
146127112108113125143162174171156132103 72 47 35 38 53 7811114015916416124 611SU 82117522 216499999999999999 2551081519 3499999999999999
150134119109107112123138152158152139119 95 71 54 48 52 67 9111814015215624 612SU 858158225815699999999999999 34410716 5 4899999999999999
152142128115108105108117130139141137128112 94 77 65 61 66 8010112313914924 613SU 951141235515399999999999999 5 310517 2 6199999999999999
153148138125114105 99101109119126130130124113100 87 77 73 78 9211012814324 614SU1132131999999999999999999999 616 9918 1 7399999999999999
152154148137124110 97 91 92100109119128131128121111 99 88 84 9010311913524 615SU 04215513 113199999999999999 714 901854 8499999999999999
151159158150137120101 86 81 84 91104120133139138133123109 97 9510111312924 616SU 122160141913999999999999999 8 5 811944 9499999999999999
147162168163152135111 88 74 71 75 8710612814415215314713411710610511112324 617SU 159168154115399999999999999 852 71203710499999999999999
141161173175167151127 99 75 63 62 70 8811514015816716815914112411411311924 618SU 237175163816999999999999999 939 61213911399999999999999
134154173182180169147116 84 62 52 53 67 9412615417318318116714612912011824 619SU 3191831722184999999999999991025 51224311899999999999999
126144167183190185168138102 70 49 39 45 6810213716718819618816914813112024 620SU 4 619018 21969999999999999911 9 39233311999999999999999
120133155177191196187162125 87 55 34 27 41 7111014717920020318916814612724 621SU 4541961840204999999999999991151 27999999999999999999999
117121139163184198200184151110 71 39 18 18 40 7611815719020620218416113824 622SU 539201191720699999999999999 0161161231 1599999999999999
119112123145170191203199176137 94 54 22  7 14 43 8312616619520419417415024 623SU 620204195520499999999999999 0541121311  699999999999999
126110109125149174194203192161121 78 39 10  2 17 50 9113417219319518216124 624SU 659203203519699999999999999 1321071350  299999999999999
136113102107126151175193195178145105 64 28  6  6 26 5910014117218518316824 625SU 737197211818699999999999999 2101021431  499999999999999
146121103 97105124148171184181161131 94 56 27 13 18 38 7111014516717617124 626SU 81818522 717699999999999999 253 971515 1399999999999999
155132110 95 92100118141161169164147121 89 57 36 28 34 54 8511914616216824 627SU 9 616923 216899999999999999 348 9216 5 2899999999999999
162145122102 89 84 90108129145152151140119 92 69 54 47 52 71 9912614616024 628SU1019152235616599999999999999 459 8417 7 4799999999999999
165157138116 97 81 73 78 94114129139145140124105 88 75 67 72 8911113215024 629SU12 6145999999999999999999999 6 9 731812 6799999999999999
163166156136113 90 70 60 65 80 98117134146146137123109 95 87 9110412214024 630SU 045167133214899999999999999 711 601913 8799999999999999
157170170157135109 82 59 48 53 67 8811313715315815414312811310510711713224 7 1SU 132171145915899999999999999 810 48201710599999999999999
150168178175161136104 73 49 39 43 59 8511614416517417216014312812011912724 7 2SU 219178161917499999999999999 912 38213311899999999999999
142162178186182165135 99 66 42 32 36 57 8912415517818918517115313812812624 7 3SU 3121861715189999999999999991013 31224512599999999999999
134152172187194189167133 94 61 37 26 34 60 9713416719220119317615814213024 7 4SU 4 919418 02019999999999999911 6 26233812799999999999999
128140160180195202194167128 90 56 32 23 37 6810714618120420719417615713824 7 5SU 5 32021839208999999999999991153 23999999999999999999999
126128145166187203209194162122 84 50 27 24 45 8011916019320920518916914724 7 6SU 549209191521099999999999999 0211251235 2299999999999999
128120129148171193209209188152113 74 41 24 31 57 9313417420120719617815624 7 7SU 631212194820799999999999999 0591201314 2499999999999999
132116115129151175198209201175139100 62 35 28 42 7110915018420119818316224 7 8SU 7 8210201920199999999999999 1331141349 2799999999999999
138117107113130153178197201185157122 85 52 35 37 57 8912716318719318416624 7 9SU 741202204819399999999999999 2 51071422 3399999999999999
143120104103113131154177189185165137104 72 49 42 52 7510714217118418116824 710SU 814190211718499999999999999 2371021453 4299999999999999
148125106 97101112131153170174165145120 91 67 54 55 69 9412415317117516824 711SU 848175214817699999999999999 312 971523 5399999999999999
153132111 98 94 99111129147158157147130108 86 71 66 72 8711113815816816724 712SU 927159222416999999999999999 356 941557 6699999999999999
157140120103 93 90 95108124138144144136122105 91 82 81 8810412614615916524 713SU102514523 816599999999999999 453 901642 8199999999999999
161149131113 99 89 85 90103117128135138133123112103 97 9610311913615016024 714SU1153138235816499999999999999 556 851741 9599999999999999
164159145127110 95 83 79 85 9710912213414013813212511811110911713014315424 715SU1314140999999999999999999999 652 79184210999999999999999
164167159144127108 89 75 72 78 8910412213914814914714213212312112713714824 716SU 047167144414999999999999999 746 72194212099999999999999
160171172162147128105 82 67 64 71 8310312814816016516415614313212913314124 717SU 136173162516599999999999999 844 64205112999999999999999
153168178178168152128 99 74 59 55 62 7910713615917518217916615013813313424 718SU 228180171518299999999999999 951 55222013399999999999999
143159177187187177156126 92 65 48 43 53 7811214517319119718917115313813024 719SU 3301881755197999999999999991051 43232113099999999999999
132146166185196197185157120 83 53 34 31 48 8111915718720620619217114913124 720SU 4351981832208999999999999991140 30999999999999999999999
123129149173194207207188152111 71 38 20 22 47 8612917020121520818816313724 721SU 53020919 721599999999999999 0 61221223 1899999999999999
118113127152179202216211184143 98 56 23  9 20 53 9614218421121520117614724 722SU 616217194121699999999999999 04511213 3  999999999999999
119102105125154184209219206173129 83 41 12  7 27 6411015719421220718715824 723SU 658219201521399999999999999 1231011342  699999999999999
126 99 89 99124155187209213193157114 69 31 11 16 42 8112717019820519216824 724SU 738214204920599999999999999 2 1 891419 1099999999999999
136104 82 79 94121154184201198176142101 61 32 22 34 6210114317719319117524 725SU 820202212319599999999999999 240 781457 2299999999999999
147114 86 71 72 88116149174185179159129 94 63 45 43 57 8412115517718417724 726SU 9 718522 018499999999999999 325 691537 4299999999999999
158129 98 75 64 66 82109138158165162148124 97 77 67 68 8110613615917217424 727SU1010166224417499999999999999 421 631625 6699999999999999
165144116 89 69 59 60 75100123140149151143127110 97 91 9210312414415916724 728SU1144152233816899999999999999 526 571727 9099999999999999
167158137111 87 67 55 54 68 8810812614114914713812812011311212013514815824 729SU1316149999999999999999999999 632 52183711199999999999999
165166156137113 89 67 52 50 60 77 9812014015315715414813913012713114014924 730SU 03716715 315799999999999999 738 49195212799999999999999
159168169161143120 93 67 51 47 54 70 9412114516317117216415214213613614124 731SU 139170163117399999999999999 850 47213413599999999999999
151164174177170153127 96 69 50 44 50 69 9712815617618718517315914713813524 8 1SU 25017717191879999999999999910 3 44225113599999999999999
141155171182188182162131 98 69 49 41 49 7410613917019219919217716014513324 8 2SU 4 418817571999999999999999911 1 41233713099999999999999
131143161179194201193167132 97 67 45 39 54 8411915518620520519217315413524 8 3SU 5 32011830208999999999999991147 39999999999999999999999
124129146167188206211197166128 92 60 40 42 64 9813517320221220418516314024 8 4SU 54821219 021299999999999999 0141241227 3899999999999999
121116128150175199216214192157119 81 51 39 50 7911515519121221119417114524 8 5SU 627218192721499999999999999 04711613 1 3999999999999999
121107111129155183208218208179142103 67 45 44 64 9813717620421220017715024 8 6SU 7 1218195121299999999999999 1171061332 4199999999999999
123102 97110133162190210211191159122 85 56 46 57 8412015919120720118215524 8 7SU 732213201320799999999999999 145 971358 4699999999999999
126100 88 93112138168193203194169136102 71 54 56 7510614217619719918315824 8 8SU 8 1203203420099999999999999 212 881423 5299999999999999
130102 84 82 94116143170187188172146116 87 66 61 73 9712816018419218316224 8 9SU 831190205619299999999999999 238 801446 6199999999999999
135107 85 75 80 96120145166175169151128102 82 73 77 9311814617018218016524 810SU 9 3175211918399999999999999 3 7 751510 7299999999999999
141114 90 76 73 81 98121143157159152137118 99 88 87 9511213515717117416624 811SU 944160214617599999999999999 343 731537 8799999999999999
149126101 83 74 73 82 9811913514514714313111810710310511212714616016716624 812SU1052147222216899999999999999 434 73161410399999999999999
157140118 98 83 75 73 80 9611212513514214113512712312012012613815115916324 813SU1227142232816399999999999999 545 72173912099999999999999
162154138118101 87 75 70 76 8910211713214314714614414113513113414315115724 814SU14 3147999999999999999999999 656 7019 613199999999999999
163165158143126108 89 73 65 69 79 9311313515116016316215514513813814214824 815SU 049165162316399999999999999 8 6 65202813799999999999999
157168173168155138115 89 68 58 59 68 8711514216317618217716515013913513724 816SU 15917317 618299999999999999 926 57221013599999999999999
147162177185182170148117 86 61 47 46 60 8712115418019519718616714813312724 817SU 3141851740198999999999999991035 4523 912799999999999999
131147169188199198183153115 79 50 34 36 57 9213317019821120618716213812024 818SU 4272001812212999999999999991126 32235111499999999999999
114125149177201214212190152109 69 37 22 31 6110414818821522020517814811924 819SU 52421618442219999999999999912 9 22999999999999999999999
101101121153185213227219188145 99 56 25 17 36 7412016820622521919416112524 820SU 611227191422699999999999999 029 981248 1799999999999999
 95 81 90119156193222232215179133 86 44 20 22 50 9314118721822420617413624 821SU 653232194322599999999999999 1 6 811325 1899999999999999
 98 70 65 84119160198224225202164119 74 39 26 39 7211616220021821118514824 822SU 734228201221999999999999999 142 6414 0 2699999999999999
107 71 52 56 81119161197215209184147106 68 45 43 63 9713917820320719016024 823SU 815216203920899999999999999 219 501434 4199999999999999
121 81 52 42 53 80119158187197188166134100 73 62 68 8912115618419518816824 824SU 85919721 619599999999999999 258 4215 8 6299999999999999
136 99 65 45 41 53 80116149170175168151127104 89 86 9411313916517918017024 825SU 955175213418199999999999999 343 401546 8699999999999999
149119 87 61 47 44 55 7910913414915615514512911711010911513014916316816624 826SU112215622 816899999999999999 442 44163810999999999999999
157138113 87 67 54 49 57 76 9911813314414914614013513112813013914915615824 827SU13 5149232515899999999999999 555 49181112899999999999999
158152138118 98 78 62 54 58 71 8810512414115215615615214613913714014414824 828SU1528156999999999999999999999 711 54195013799999999999999
153157156146131112 89 69 58 57 65 8010112514616217017116415314313713513724 829SU 117157163617299999999999999 834 5622 113599999999999999
145155164167162147124 97 74 59 55 61 8010613415817718518216915414113112724 830SU 254167171118699999999999999 956 55225212799999999999999
134148163176183178160132101 76 58 52 63 8711814817519319618516714913212124 831SU 4111831741197999999999999991052 52232711999999999999999
122135155175191199191166133101 73 55 53 7110113516819420620018115913711824 9 1SU 5 319918 8206999999999999991134 52235911199999999999999
111119140165189207211195164128 94 66 53 60 8612115618921021119417014411924 9 2SU 54321218322139999999999999912 9 52999999999999999999999
103104122149177203218214189154117 83 60 56 7410614317920721720517915012224 9 3SU 618220185521799999999999999 0281011240 5599999999999999
 99 91102128159190214221206174137101 71 58 67 9413016720021721118815712524 9 4SU 649222191521799999999999999 054 9013 6 5799999999999999
 96 81 84106137170200217213188154118 85 64 64 8411715318821121219316212824 9 5SU 718218193421499999999999999 119 801330 6199999999999999
 96 74 70 86114147180205210195166132 99 74 66 7910614017420020819516713224 9 6SU 745211195320899999999999999 142 691352 6699999999999999
 99 72 60 68 92123156185199194172143112 86 73 78 9912816018620019317013724 9 7SU 813200201120099999999999999 2 5 601414 7399999999999999
104 74 56 56 73 99131161181185173150125100 85 83 9611914617218818817114424 9 8SU 843186203019099999999999999 230 541435 8299999999999999
112 81 60 52 60 79106134158169167154135115 99 9410011513615817517917115124 9 9SU 919170205018099999999999999 259 521457 9499999999999999
124 95 71 57 56 65 8310713114715315114212911510911011712914616216916715624 910SU1014153211417099999999999999 336 55152110899999999999999
138114 90 72 63 62 68 8310312113314014314013212612512612913714915816015724 911SU1159143214816199999999999999 441 61155512599999999999999
150135115 95 81 71 65 67 79 9410812213514414614414314113713513914715115324 912SU1346146999999999999999999999 618 65185013599999999999999
155153142126109 93 77 65 63 70 82 9711813915316016216015214113513513914424 913SU 01015516 616299999999999999 741 62202313499999999999999
152161164157143125103 79 61 55 59 72 9412315016917818017115513812812512924 914SU 146164164018099999999999999 9 2 55215612599999999999999
140158173180176162138107 77 55 46 50 68 9913516618819719217415012811511124 915SU 3 71801710197999999999999991013 45224811199999999999999
120141167188199196177145107 72 47 37 46 73112153186207211195167137111 9524 916SU 41919917402129999999999999911 4 372329 9399999999999999
 95114145178204217211185146103 66 40 33 51 87131174207222214187151116 8724 917SU 51521718 9223999999999999991147 33999999999999999999999
 73 82112151189218231218185141 97 59 36 38 65107153195223227205168127 8824 918SU 6 1231183822999999999999999 0 7 731226 3399999999999999
 60 54 74113157199229235215177132 89 54 39 52 86130175212229218185142 9824 919SU 64423619 722999999999999999 043 5313 2 3999999999999999
 58 36 42 72116164206230228202164121 82 55 52 7311015319322022119815811324 920SU 726233193422499999999999999 119 351337 5099999999999999
 68 34 23 39 74120168205221212185149112 80 65 72 9813317120221420217113024 921SU 8 622120 021499999999999999 155 231411 6599999999999999
 86 46 22 21 43 79124167195202190167137108 87 83 9612015118019819617714624 922SU 849202202520099999999999999 232 191443 8399999999999999
107 68 37 23 28 50 8412415817617917015213011110210411613615917818317415424 923SU 941179205018399999999999999 313 23151710299999999999999
127 94 63 42 34 39 58 8711814215415815514513212312012212914315816616415524 924SU11 3158211716699999999999999 4 5 3416 112099999999999999
140119 94 71 56 49 50 63 8510712413714614914614113713413213514214815014924 925SU1256149215615099999999999999 522 4818 613299999999999999
145137122105 88 73 61 58 65 80 9611212914315215515415014213513213313513824 926SU1520155999999999999999999999 648 5820 413299999999999999
142146144136123106 86 70 62 65 74 8911013215016216816515614213112412212524 927SU 112146161316899999999999999 815 62215812299999999999999
134146155158154140118 94 75 64 63 72 9211814316417718017115413612211311224 928SU 258158164318199999999999999 936 62223511199999999999999
122138156169176171152124 97 76 64 64 7910513416118219218616814612510910124 929SU 4 717617 9192999999999999991030 6223 610199999999999999
107126149170186192181155124 96 75 64 71 94124155181199199183157132110 9524 930SU 45319217332019999999999999911 9 642334 9299999999999999
 93109135162186202202183152119 92 72 69 85114147177200209197170140113 912410 1SU 5312051755209999999999999991142 68999999999999999999999
 82 92117148177202213203176142111 85 72 79104137170197213207183150118 902410 2SU 6 4213181621399999999999999 0 1 821211 7299999999999999
 73 75 96128162193213215195163129100 79 77 95126160190211213193159123 912410 3SU 634217183621599999999999999 026 711237 7599999999999999
 67 61 75106141176204216206179146114 89 79 89115148180204212199168130 942410 4SU 7 2216185421399999999999999 049 6013 1 7999999999999999
 64 50 56 82118155188209208189159128100 84 86106136167193207201174137 992410 5SU 730211191320799999999999999 112 491325 8299999999999999
 65 44 42 60 93130165192202192168139112 92 87 991241531791971971781441062410 6SU 758202193319999999999999999 136 401348 8699999999999999
 71 45 34 43 69103138169186186171148123103 93 981161401651831891781521172410 7SU 829189195219099999999999999 2 2 341411 9399999999999999
 82 53 35 35 51 771091401631721671521331151031021121301501691781741571302410 8SU 9 6172201417999999999999999 231 33143510199999999999999
 99 69 47 38 42 58 821101341491541511411281171121161251381531651671581412410 9SU10 2154203916799999999999999 3 9 3815 111299999999999999
118 92 68 52 47 50 61 81104122134141143139131126126127130139149155153147241010SU1151143211415599999999999999 4 7 47154712599999999999999
136118 97 78 65 57 54 60 76 93109124138146146143140136130129133140143144241011SU1329147235114599999999999999 553 54184812899999999999999
145141128111 94 78 63 54 56 68 84102124145157160158151139126120122127134241012SU1458160999999999999999999999 718 53201312099999999999999
144153154145130111 88 66 52 52 62 79105135160173176170154133114106106114241013SU 137155154817699999999999999 831 51212610599999999999999
130150167172166150124 93 66 51 49 61 85118153178191189174147119 97 87 89241014SU 257172162319299999999999999 938 482218 8699999999999999
106132161183192186165132 96 67 51 50 67 99138174198206195167132 99 75 65241015SU 4 61921656206999999999999991033 4823 1 6599999999999999
 75102139174200211201173135 98 68 53 57 82120160194214213190151110 74 50241016SU 5 32111728217999999999999991120 522341 4499999999999999
 45 65103147187215224208174135 98 69 58 70102142181211223210174129 84 47241017SU 55122417592239999999999999912 1 58999999999999999999999
 27 32 63108156198226228206170131 96 71 67 88123163198221221195151103 58241018SU 635230183022599999999999999 019 251240 6699999999999999
 23 11 27 66115165206227222195161125 94 77 82108143179209221207171125 77241019SU 71722819 022199999999999999 056 111316 7699999999999999
 35  7  6 31 73123170206218206180149118 94 87100126158188208208184145101241020SU 758218192921199999999999999 133  31351 8699999999999999
 57 21  4 12 41 82128170195199186164138114 99101116139166188197186159123241021SU 840200195719799999999999999 211  41425 9899999999999999
 84 46 20 13 25 52 89129161177177167150131115109114127145165178177162139241022SU 930178202617999999999999999 251 1315 110999999999999999
109 76 48 31 28 39 62 93124146156158153142130122120123131143156160155144241023SU1047158205716099999999999999 341 28155412099999999999999
127104 80 60 48 45 51 68 92114130141147148142136131127125127135140142140241024SU1231148214614299999999999999 454 4518 212599999999999999
135125110 93 78 65 57 59 71 88105121136146150149144137127120119121125129241025SU14 9150999999999999999999999 621 57194311899999999999999
134136133123110 94 77 66 64 72 85103123141154159158149135120110106107114241026SU 058136151916099999999999999 738 64211510699999999999999
125137145146139125104 84 71 68 74 89111134154166170164147127109 98 94 98241027SU 238146155517099999999999999 850 6822 1 9499999999999999
112131148159162153134109 88 75 72 81101127152170180178162138114 95 85 84241028SU 348162162218199999999999999 948 722233 8399999999999999
 97119143162174175161136110 90 79 79 94120148171186190178152122 98 80 73241029SU 4351771646190999999999999991030 7723 2 7399999999999999
 81103132158178189184162134109 91 83 90112142168188197191167134104 80 66241030SU 51318917 91979999999999999911 6 832329 6499999999999999
 66 85115147174193198184158130107 92 90105133162185200200181148112 82 61241031SU 5461991731202999999999999991137 892354 5499999999999999
 54 66 94129163189204200178150123102 93100123152179198204192161123 87 602411 1SU 61820517532049999999999999912 7 92999999999999999999999
 44 48 71107144177201207193167139114 98 96113140168190203198173135 96 622411 2SU 648207181620399999999999999 020 431235 9599999999999999
 39 33 49 81120157188204200179153127105 96104127155179196199181147107 692411 3SU 718205184020099999999999999 047 3213 3 9699999999999999
 40 24 30 56 92131166191197185162137115100100116140165185194185158120 812411 4SU 74919819 419499999999999999 115 231331 9899999999999999
 47 24 18 34 64101137168184182167146125107100108127150170183183165133 972411 5SU 823185192918599999999999999 145 18135810099999999999999
 61 33 18 21 41 711051381611701651511341171061061171341531691741661441142411 6SU 9 5170195617499999999999999 219 17142910599999999999999
 82 51 29 22 28 47 741051311481541511411281161111141221361501601601491302411 7SU10 7154202816299999999999999 3 0 2215 811199999999999999
105 77 52 36 31 36 51 741001211361441451391291211181171201301411471451382411 8SU1141146211414799999999999999 4 0 31164611799999999999999
126106 82 62 48 40 41 52 73 941131301431481441351281191121111181271331362411 9SU1257148234513799999999999999 530 39183511099999999999999
137131115 96 77 61 48 44 54 71 91113135152157152143129113100 96102112123241110SU1356157999999999999999999999 648 441946 9699999999999999
135144143131114 94 73 55 49 57 74 96123149166169162146123 98 82 78 85 99241111SU 124145144517099999999999999 753 492048 7899999999999999
119142157160151133108 82 62 56 64 82108140167181181166140108 79 62 59 69241112SU 242161152718399999999999999 855 562143 5899999999999999
 92123153173178170148119 90 71 65 73 96127160185195188164127 89 58 41 40241113SU 35317916 619599999999999999 956 652231 3899999999999999
 59 92131166189196184158126 99 80 75 86114148179199204188153109 68 37 21241114SU 4531961644205999999999999991050 742316 2199999999999999
 27 55 97141179204208192163131105 87 84102133166194210206179136 89 48 18241115SU 5432091722211999999999999991138 832357  699999999999999
  6 21 58105151191214213192162132106 91 95117149179204213200164117 70 30241116SU 6282161758213999999999999991220 90999999999999999999999
  3 -1 23 65114161198215208185157129105 95105130160188207209186145 98 53241117SU 710216183421199999999999999 038 -313 0 9599999999999999
 16 -5  1 31 74122168199207195173147121103100115140167191203195166125 82241118SU 75120819 820499999999999999 117 -61337 9999999999999999
 40  9 -2 11 42 84130169190192179159136114103107122144168187190175145109241119SU 833193194219199999999999999 157 -2141410399999999999999
 70 34 12  9 25 55 93133162175173162145126111106112125144163174171154128241120SU 920176201717599999999999999 238  8145510699999999999999
 97 65 37 23 24 39 65 99130151159158150136121112110113123138151156150137241121SU1022159205515699999999999999 325 22155211099999999999999
117 93 67 48 39 40 52 74101124139147148143132121114109109116126135137135241122SU1142149215513799999999999999 426 38173210999999999999999
127114 96 77 63 54 52 62 81102120134144146142133123113104101105112119124241123SU1251146999999999999999999999 539 52185410199999999999999
128126118105 90 76 65 63 71 86104121137147150145136122106 94 90 93 99109241124SU 015128134815099999999999999 644 6220 3 9099999999999999
121129131127117103 86 74 72 79 93111131147156156149134114 95 83 79 82 92241125SU 148132143315799999999999999 742 7221 3 7999999999999999
109126137142140129111 93 83 81 88103124145160165162149127101 81 71 68 76241126SU 31114215 816599999999999999 837 812146 6899999999999999
 94117137150155152137116 99 90 90 99118142161171173164142113 86 68 60 62241127SU 410156153817399999999999999 930 892220 5999999999999999
 77103130151164169160140119104 97 99112135158174180176158129 96 70 55 50241128SU 45316916 8180999999999999991019 972252 5099999999999999
 60 84116144166179179164141121108102108127151172183185173146110 78 54 42241129SU 53018116381869999999999999911 21022323 4099999999999999
 44 63 95129159180190182162139120108106118141164181189184163128 90 59 38241130SU 6 419017111909999999999999911401052356 3099999999999999
 30 42 70107142172191194179157134116106110128152174188191177146107 70 402412 1SU 6381951744191999999999999991216105999999999999999999999
 22 23 44 79117153182196190171148126109104115137161180191186163125 85 492412 2SU 711196181619199999999999999 029 20125010499999999999999
 22 10 20 49 87126161186191179158136115103105121145167183188174143104 652412 3SU 746191184918899999999999999 1 3 10132210199999999999999
 31  8  5 23 55 94132164181179165145124106 99108127149169181178157123 852412 4SU 823182192118299999999999999 139  41356 9999999999999999
 48 18  3  7 29 62 99135160170165151132113100 991101281491651721621391072412 5SU 9 7170195617299999999999999 217  21434 9899999999999999
 72 38 14  6 14 36 67102133152158153140122106 98 991091251431561571461252412 6SU10 2158203615899999999999999 259  61522 9799999999999999
 97 66 37 20 15 23 43 73104128144150146134117104 96 951011161321411421352412 7SU1110150213314299999999999999 352 151643 9499999999999999
119 96 69 46 33 27 33 52 79105126141149145131115101 90 84 891021161261312412 8SU1211149233313299999999999999 5 1 2718 6 8499999999999999
131121102 81 62 48 41 45 63 86108129146153147132114 95 78 68 73 861001152412 9SU13 2153999999999999999999999 612 401911 6899999999999999
128135130116 98 81 64 55 59 74 95116139156161151133109 83 61 51 56 69 88241210SU 1 7135134816199999999999999 713 5420 9 5199999999999999
111133145144134118 98 79 70 73 86106130153168168155131100 68 44 34 40 57241211SU 226146143217099999999999999 813 6921 7 3499999999999999
 84115142158161152134112 93 84 86 99120145167179175157126 88 53 29 20 27241212SU 344162151717999999999999999 918 8422 3 2099999999999999
 51 86123154173178167146123105 96 97111135160179187180155117 75 40 16  8241213SU 44917816 4188999999999999991025 952255  899999999999999
 20 52 92132166187190176154131113102104122147171189194182150106 64 29  5241214SU 54019116521949999999999999911211012342 -199999999999999
  0 20 57101143178197196178155133114104110131156179195198178140 96 54 19241215SU 62519917381999999999999999912 9103999999999999999999999
 -3 -1 25 65110153187201193174151128109103114137162185199195169129 85 44241216SU 7 6201182020099999999999999 026 -5125010299999999999999
 10 -6  4 34 76121163191196184164141117102102117140165187197185155115 73241217SU 74519719 019799999999999999 1 8 -61329 9999999999999999
 34  5 -2 14 46 88131168186185171150127106 96102119141165184186169138101241218SU 823188193718899999999999999 148 -214 7 9699999999999999
 62 28  8  9 28 60100139167176170155135112 97 93101118140161173169150122241219SU 9 2176201417499999999999999 227  51446 9399999999999999
 88 54 28 17 23 43 75111142160163155140120102 92 91 99114134151156149132241220SU 944163205315699999999999999 3 7 171532 9099999999999999
108 79 53 35 31 39 59 88119141151151143128110 96 89 88 95109125136138132241221SU1032152214213899999999999999 350 311637 8899999999999999
119 99 77 59 48 46 55 74100123138145144135121105 93 85 82 88100112121124241222SU112414623 612499999999999999 440 461749 8299999999999999
121112 98 82 70 62 61 70 88108126138144141131117102 88 77 75 80 90101111241223SU1212144999999999999999999999 537 601849 7499999999999999
118119113104 93 82 75 75 84 99116131142146141130115 97 80 68 67 72 82 95241224SU 040119125414699999999999999 630 731942 6699999999999999
109120123121115106 94 86 87 96109124139149150142129111 89 69 59 59 65 78241225SU 2 2123133315199999999999999 721 852032 5899999999999999
 96115128134134128116103 97 99106118134149157154144128104 78 59 51 52 61241226SU 335134141115799999999999999 813 962123 5099999999999999
 80104126140148148139124111105107113127145159163158145123 93 66 49 42 45241227SU 435149145416399999999999999 9161052212 4299999999999999
 61 87115138154163160147129117111111120137155167169162143114 81 54 38 32241228SU 51816315431699999999999999910281102257 3299999999999999
 41 64 95127152169175167150132118111113126146164174175163138103 68 41 25241229SU 55517516361769999999999999911221102339 2199999999999999
 22 38 69104138165182182168148129114107114132154171181179161127 89 53 26241230SU 63118417241829999999999999912 4107999999999999999999999
 10 15 39 75113149177189182163141120105102115137160178187179152113 73 36241231SU 7 518918 618799999999999999 018  9124110199999999999999
