 21 22 24 26 27 27 25 22 17 13  8  5  4  4  5  9 12 15 18 19 19 19 19 1824 1 1SZ 423 271949 19999999999999991230  32325 1899999999999999
 18 19 20 22 23 24 23 21 18 15 11  8  6  5  6  8 11 14 17 18 19 19 18 1724 1 2SZ 5 5 242013 199999999999999913 0  5999999999999999999999
 17 17 17 18 19 20 21 20 18 16 13 11  9  8  8  9 12 14 17 19 19 19 19 1824 1 3SZ 551 212029 2099999999999999 045 171323  899999999999999
 17 16 15 15 16 17 18 18 18 17 15 14 12 11 11 12 14 16 18 20 21 21 20 1924 1 4SZ 656 182038 2199999999999999 227 151335 1199999999999999
 17 16 15 14 14 14 15 16 17 17 17 16 15 15 15 15 16 18 20 22 23 24 23 2124 1 5SZ 848 172049 2499999999999999 344 131329 1599999999999999
 19 17 15 13 12 12 12 13 15 16 17 18 18 18 18 18 19 21 22 24 26 26 26 2524 1 6SZ2111 26999999999999999999999 448 12999999999999999999999
 22 19 16 13 11 10  9 10 12 14 17 18 19 20 21 21 22 23 24 26 27 29 29 2824 1 7SZ2146 29999999999999999999999 543  9999999999999999999999
 26 23 19 15 12  9  7  7  8 11 14 17 20 22 23 23 24 24 25 26 28 30 31 3124 1 8SZ2233 31999999999999999999999 634  7999999999999999999999
 29 27 23 18 13  9  6  4  4  7 10 14 18 21 23 24 25 25 25 26 27 29 31 3224 1 9SZ2327 32999999999999999999999 724  4999999999999999999999
 32 30 27 22 17 11  6  3  1  2  5  9 14 19 22 24 25 25 25 25 26 27 29 3224 110SZ9999999999999999999999999999 814  1999999999999999999999
 33 33 31 27 21 15  8  3 -1 -2 -1  3  8 14 19 22 23 24 24 23 24 25 26 2924 111SZ 025 33999999999999999999999 9 4 -2999999999999999999999
 32 33 33 31 26 19 12  5  0 -4 -5 -3  2  8 14 18 21 22 22 21 21 21 22 2524 112SZ 123 341716 2299999999999999 952 -51958 2199999999999999
 28 31 33 33 30 24 17 10  2 -3 -6 -7 -4  2  8 13 17 19 20 19 18 18 18 2024 113SZ 219 331743 20999999999999991039 -72056 1899999999999999
 22 26 30 32 31 28 22 15  7  1 -4 -7 -7 -3  3  9 14 17 18 18 16 15 15 1524 114SZ 315 321810 18999999999999991124 -722 1 1599999999999999
 17 20 24 28 29 28 25 20 13  6  0 -4 -5 -4  0  5 11 15 17 17 16 14 13 1224 115SZ 411 291838 179999999999999912 7 -52318 1299999999999999
 12 14 17 21 24 26 25 22 17 11  6  2 -1 -2  0  4  9 14 16 18 17 15 13 1124 116SZ 5 9 2619 7 18999999999999991248 -2999999999999999999999
 10 10 11 14 18 21 22 21 19 16 11  8  5  3  4  6 10 14 17 19 19 18 15 1224 117SZ 616 221937 1999999999999999 040 101325  399999999999999
 10  8  8  8 11 14 16 18 18 17 15 13 11  9  9 10 12 15 18 20 21 21 19 1624 118SZ 740 1820 8 2199999999999999 2 1  81356  999999999999999
 13 10  8  6  6  8 10 13 15 16 16 16 15 15 14 15 16 18 20 22 24 24 23 2024 119SZ 942 162044 2499999999999999 323  614 1 1499999999999999
 17 14 10  7  5  5  6  8 10 13 15 16 17 18 18 19 20 21 22 24 26 26 26 2524 120SZ2125 27999999999999999999999 447  5999999999999999999999
 22 18 14 10  7  5  4  4  6  9 12 15 17 19 21 22 22 23 24 25 26 28 28 2824 121SZ2214 28999999999999999999999 6 7  4999999999999999999999
 26 23 19 15 10  7  4  3  3  5  9 12 16 19 21 22 23 24 25 25 26 28 29 2924 122SZ23 8 29999999999999999999999 711  3999999999999999999999
 29 27 24 19 14 10  6  3  2  3  5  9 13 17 20 21 23 23 24 24 25 26 28 2924 123SZ9999999999999999999999999999 8 4  2999999999999999999999
 30 29 27 23 18 13  8  4  1  1  2  6 10 14 18 20 21 22 22 22 23 24 25 2724 124SZ 0 3 30999999999999999999999 847  1999999999999999999999
 29 29 28 26 21 16 10  5  1  0  0  2  6 11 15 18 19 19 19 19 20 20 22 2424 125SZ 055 29999999999999999999999 924 -1999999999999999999999
 26 28 28 27 23 18 12  7  2 -1 -2 -1  3  7 12 15 17 17 17 17 16 17 18 2024 126SZ 141 2817 1 1799999999999999 958 -21946 1699999999999999
 22 25 26 26 24 20 14  8  3 -1 -3 -3 -1  4  8 12 15 16 15 14 14 14 14 1524 127SZ 224 271715 16999999999999991029 -32038 1499999999999999
 18 21 23 24 24 21 16 10  5  0 -3 -4 -3  1  5  9 12 14 14 13 12 11 11 1224 128SZ 3 5 241735 14999999999999991058 -42129 1199999999999999
 14 16 19 21 22 20 17 12  7  2 -1 -3 -3 -1  3  7 11 13 13 13 11 10  9  924 129SZ 343 221756 13999999999999991125 -32222  999999999999999
 10 12 15 18 19 19 17 13  9  4  1 -1 -2  0  3  7 10 12 13 13 12 10  8  824 130SZ 422 191814 13999999999999991148 -22320  899999999999999
  8  9 11 14 16 17 16 14 11  7  4  2  1  2  4  7 10 13 14 14 13 11  9  824 131SZ 5 2 171828 149999999999999912 5  1999999999999999999999
  7  7  8 10 12 14 14 14 12  9  7  5  5  5  6  9 12 14 16 16 15 13 11  924 2 1SZ 550 141837 1699999999999999 022  71210  599999999999999
  7  6  6  8  9 11 12 13 12 11 10  9  8  8 10 11 14 16 18 18 17 16 13 1124 2 2SZ 654 131849 1899999999999999 127  612 0  899999999999999
  8  7  6  6  7  8 10 11 12 12 12 11 11 12 13 14 16 18 20 21 20 19 16 1424 2 3SZ 842 121910 2199999999999999 234  61133 1199999999999999
 11  8  6  5  5  5  7  9 10 12 12 13 14 14 15 17 18 20 21 22 23 22 20 1724 2 4SZ1944 23999999999999999999999 346  5999999999999999999999
 14 11  8  5  4  3  3  5  7  9 12 13 15 16 17 18 19 20 22 23 24 24 23 2124 2 5SZ2036 24999999999999999999999 5 1  3999999999999999999999
 18 14 10  7  4  1  0  1  3  5  9 12 14 16 18 19 19 20 21 22 23 24 25 2424 2 6SZ2152 25999999999999999999999 611  0999999999999999999999
 22 19 14 10  5  1 -2 -3 -2  0  4  8 12 15 17 18 19 19 19 20 21 23 24 2524 2 7SZ2313 25999999999999999999999 713 -3999999999999999999999
 25 23 19 14  8  3 -2 -5 -7 -6 -3  2  7 12 15 16 17 17 17 17 18 19 22 2424 2 8SZ9999999999999999999999999999 8 7 -7999999999999999999999
 26 25 23 19 13  6  0 -5 -9-10 -8 -4  2  7 11 14 15 15 14 13 14 15 17 2024 2 9SZ 024 261614 1599999999999999 856-101917 1399999999999999
 24 26 26 23 18 11  4 -3 -8-12-12-10 -4  2  8 11 13 13 12 10  9 10 11 1424 210SZ 127 261627 1399999999999999 941-122021  999999999999999
 18 23 25 25 22 17  9  2 -5-10-13-12 -8 -2  4  9 11 12 11  8  6  5  5  724 211SZ 225 251645 12999999999999991022-132122  599999999999999
 11 16 21 23 23 20 14  7  0 -6-10-11-10 -5  1  7 10 12 11  8  5  3  2  224 212SZ 322 2417 7 129999999999999911 1-112225  199999999999999
  4  8 14 18 21 20 17 12  6  0 -4 -7 -7 -5  0  6 10 12 13 10  7  3  1 -124 213SZ 421 211732 13999999999999991138 -82330 -199999999999999
 -1  1  6 11 15 17 17 15 10  6  2 -1 -2 -2  2  6 11 14 15 14 10  6  3  024 214SZ 525 181758 15999999999999991211 -2999999999999999999999
 -2 -2  0  4  8 12 14 14 12 10  7  5  4  4  5  8 12 15 17 17 15 11  7  324 215SZ 637 141827 1799999999999999 036 -31236  399999999999999
  0 -2 -3 -1  2  5  8 10 11 11 10  9  9  9 10 11 14 17 18 19 18 16 12  824 216SZ 810 111858 1999999999999999 145 -31226  999999999999999
  4  1 -1 -2 -2  1  3  6  8 10 11 11 12 13 14 15 16 18 19 20 20 19 17 1424 217SZ1935 21999999999999999999999 3 2 -2999999999999999999999
 10  6  3  0 -2 -2 -1  2  4  7  9 11 13 15 16 17 18 19 20 21 21 21 20 1824 218SZ2025 21999999999999999999999 430 -2999999999999999999999
 15 11  7  4  1 -1 -2 -1  1  3  7 10 12 14 16 17 18 19 19 20 21 21 21 2024 219SZ2137 21999999999999999999999 558 -2999999999999999999999
 18 16 12  8  4  1 -2 -3 -2  0  3  7 10 13 15 16 17 18 18 18 19 20 21 2124 220SZ2255 21999999999999999999999 7 5 -3999999999999999999999
 20 18 15 12  7  3  0 -3 -4 -2  0  4  8 11 13 14 15 15 15 16 16 17 18 2024 221SZ9999999999999999999999999999 755 -4999999999999999999999
 21 20 18 14 10  5  1 -3 -5 -5 -3  1  5  8 11 12 13 13 12 12 13 13 15 1724 222SZ 0 0 21999999999999999999999 834 -5999999999999999999999
 19 20 19 16 12  7  2 -2 -5 -6 -5 -2  2  6  9 10 11 10  9  9  9  9 11 1324 223SZ 054 201556 1199999999999999 9 6 -61936  999999999999999
 16 18 18 17 13  9  3 -1 -5 -7 -7 -5 -1  3  6  9  9  9  7  6  5  6  7  924 224SZ 140 1816 1  999999999999999 935 -82022  599999999999999
 12 15 17 16 14 10  5  0 -4 -7 -8 -7 -4  1  5  7  8  8  6  4  3  2  3  424 225SZ 223 171613  89999999999999910 0 -821 5  299999999999999
  7 11 14 15 14 11  7  2 -3 -6 -8 -8 -5 -1  3  6  8  8  6  4  2  0  0  124 226SZ 3 4 151628  8999999999999991024 -82148  099999999999999
  3  7 10 13 13 12  9  4  0 -4 -6 -6 -5 -1  3  6  8  9  7  5  2  0 -2 -224 227SZ 344 131642  9999999999999991044 -62231 -299999999999999
  0  3  7 10 11 11 10  6  3 -1 -3 -4 -3  0  4  7  9 10  9  7  3  0 -2 -324 228SZ 426 121653 109999999999999911 0 -42313 -399999999999999
 -2  0  3  7  9 10 10  8  5  2  0  0  0  2  5  8 11 12 11  9  6  2 -1 -224 229SZ 512 1017 2 129999999999999911 7  02358 -399999999999999
 -3 -2  0  4  7  8  9  9  7  5  4  3  4  5  7 10 13 14 13 12  9  5  2 -124 3 1SZ 6 5  91714 149999999999999911 2  3999999999999999999999
 -2 -3 -2  1  4  6  8  8  8  7  6  6  7  8 10 12 14 16 16 14 12  8  5  224 3 2SZ 716  81732 1699999999999999 048 -31046  699999999999999
 -1 -2 -3 -2  0  3  5  7  8  8  8  8  9 10 12 13 15 17 17 17 15 12  8  524 3 3SZ1758 17999999999999999999999 146 -3999999999999999999999
  2 -1 -2 -3 -2 -1  1  4  6  7  8  9 10 12 13 14 16 17 18 18 17 15 12  924 3 4SZ1836 18999999999999999999999 258 -3999999999999999999999
  5  2 -1 -3 -4 -4 -3 -1  2  4  7  9 10 12 13 14 15 16 17 17 18 17 15 1324 3 5SZ1944 18999999999999999999999 425 -4999999999999999999999
  9  6  2 -2 -5 -6 -7 -6 -3  0  3  6  9 11 12 13 13 14 15 15 16 17 17 1624 3 6SZ2136 17999999999999999999999 549 -7999999999999999999999
 14 10  6  1 -3 -7 -9-10 -9 -6 -2  3  6  9 10 11 11 11 11 12 13 15 16 1724 3 7SZ2311 17999999999999999999999 655-10999999999999999999999
 17 15 11  6  0 -5 -9-12-13-11 -7 -2  3  6  8  9  9  8  7  7  8 10 13 1624 3 8SZ15 7  9999999999999999999999 749-131832  799999999999999
 18 18 15 11  5 -1 -7-12-14-14-12 -7 -1  4  6  8  7  5  4  3  2  4  6 1124 3 9SZ 025 1815 9  899999999999999 835-151936  299999999999999
 15 18 18 15 10  4 -2 -8-13-15-14-10 -4  1  5  7  7  5  2 -1 -2 -2 -1  324 310SZ 130 181521  799999999999999 916-152035 -399999999999999
  9 14 17 17 15 10  3 -3 -8-12-13-11 -6  0  5  8  8  6  2 -2 -5 -7 -7 -424 311SZ 232 171540  899999999999999 954-132132 -799999999999999
  1  7 12 15 16 13  9  3 -3 -7 -9 -9 -6  0  5  9 10  9  5  1 -4 -8-10-1024 312SZ 335 1616 2 10999999999999991029 -92228-1099999999999999
 -7 -1  5 10 13 14 12  8  3 -1 -3 -4 -3  1  6 10 12 12 10  5 -1 -6 -9-1124 313SZ 439 141628 129999999999999911 1 -42325-1199999999999999
-11 -8 -2  4  8 11 11 10  7  4  2  1  1  3  7 11 14 15 14 10  5 -1 -6 -924 314SZ 547 111655 15999999999999991126  1999999999999999999999
-11-11 -8 -3  2  6  8  9  9  7  6  6  6  7  9 12 15 16 16 14 10  5  0 -424 315SZ 7 5  91724 1799999999999999 023-111126  699999999999999
 -8-10 -9 -7 -3  0  4  6  8  8  8  9 10 10 11 13 15 17 17 17 14 11  6  224 316SZ1754 17999999999999999999999 125-10999999999999999999999
 -2 -5 -7 -8 -6 -4 -1  2  5  7  8 10 11 12 13 14 15 16 17 17 16 14 11  724 317SZ1829 17999999999999999999999 236 -8999999999999999999999
  3  0 -3 -5 -6 -6 -4 -2  1  4  7  9 11 12 13 14 15 15 16 16 16 15 13 1124 318SZ1923 16999999999999999999999 4 2 -6999999999999999999999
  8  5  1 -2 -4 -5 -5 -4 -2  1  4  7  9 11 12 13 13 13 14 14 14 14 14 1324 319SZ21 7 14999999999999999999999 530 -6999999999999999999999
 11  8  5  1 -2 -4 -6 -6 -5 -2  1  4  7  9 10 11 11 11 11 11 11 12 13 1324 320SZ2244 13999999999999999999999 636 -6999999999999999999999
 12 11  8  4  1 -3 -5 -7 -6 -5 -2  2  5  7  8  9  8  8  8  7  8  9 11 1224 321SZ15 6  92354 1299999999999999 724 -71855  799999999999999
 12 12 10  6  3 -1 -4 -7 -8 -7 -4 -1  3  5  7  7  6  5  4  4  4  5  7  924 322SZ1446  7999999999999999999999 8 0 -81924  499999999999999
 11 12 11  8  5  0 -3 -6 -8 -8 -6 -3  1  4  6  6  5  3  2  1  0  1  3  624 323SZ 050 121445  699999999999999 829 -81957  099999999999999
  9 10 11  9  6  2 -2 -5 -7 -8 -7 -4  0  3  5  6  5  3  0 -2 -3 -3 -1  224 324SZ 139 111452  699999999999999 854 -82031 -399999999999999
  5  8 10 10  8  4  0 -3 -6 -7 -7 -4 -1  3  6  6  6  3  0 -3 -5 -6 -5 -224 325SZ 224 1015 3  699999999999999 917 -721 7 -699999999999999
  1  5  8  9  9  7  3 -1 -4 -5 -5 -4  0  3  6  8  7  5  2 -2 -5 -7 -7 -624 326SZ 3 9  91514  899999999999999 936 -62142 -799999999999999
 -2  2  6  8  9  8  5  2 -1 -3 -3 -2  1  4  8  9  9  7  4  0 -4 -7 -8 -824 327SZ 354  91525  999999999999999 953 -32219 -999999999999999
 -6 -1  3  7  8  9  7  5  2  1  0  1  2  6  9 11 11 10  7  2 -2 -6 -8 -924 328SZ 441  91537 119999999999999910 4  02256 -999999999999999
 -8 -5  0  4  7  8  9  7  5  4  3  3  5  7 10 13 13 12 10  6  1 -3 -7 -824 329SZ 532  91553 139999999999999910 7  32337 -999999999999999
 -9 -7 -3  1  5  7  8  8  7  6  6  6  7  9 11 14 15 14 12  9  5  0 -4 -724 330SZ 630  81613 1599999999999999 959  6999999999999999999999
 -8 -8 -6 -2  1  4  6  8  8  8  8  8  9 10 12 14 16 16 15 12  8  4 -1 -424 331SZ1637 16999999999999999999999 024 -8999999999999999999999
 -6 -8 -7 -6 -3  0  3  5  7  8  8  9 10 11 13 14 15 16 16 14 11  8  3  024 4 1SZ17 9 16999999999999999999999 121 -8999999999999999999999
 -4 -6 -8 -8 -6 -4 -1  2  4  6  8  9 10 11 12 13 14 15 15 15 13 11  8  424 4 2SZ1757 15999999999999999999999 232 -8999999999999999999999
  0 -3 -6 -8 -9 -8 -6 -3  0  3  5  7  9 10 11 11 12 13 13 14 14 13 11  824 4 3SZ1936 14999999999999999999999 357 -9999999999999999999999
  5  1 -3 -6 -9-10-10 -8 -5 -1  2  5  7  8  9  9  9  9 10 11 12 13 13 1224 4 4SZ2138 13999999999999999999999 519-10999999999999999999999
  9  6  1 -3 -7-10-11-11 -9 -5 -1  3  5  7  7  7  6  5  5  6  7 10 12 1324 4 5SZ1350  72312 1399999999999999 623-111742  599999999999999
 13 10  7  2 -3 -7-10-12-11 -8 -4  1  4  6  6  5  4  2  1  0  1  4  8 1124 4 6SZ1344  7999999999999999999999 715-121845  099999999999999
 13 13 11  7  3 -3 -7-10-11-10 -6 -1  4  6  7  6  3  0 -3 -4 -5 -3  1  624 4 7SZ 029 141353  799999999999999 8 0-111941 -599999999999999
 11 13 14 12  8  3 -2 -5 -8 -8 -6 -1  4  8  9  8  6  1 -3 -7 -9 -9 -7 -224 4 8SZ 139 141411  999999999999999 840 -82035 -999999999999999
  5 10 13 14 12  9  4  0 -3 -4 -4 -1  4  9 12 12 10  5 -1 -6-10-12-12 -924 4 9SZ 248 141434 1299999999999999 916 -42128-1399999999999999
 -3  4  9 12 13 12  9  5  2  1  0  2  5 10 14 15 14 10  5 -2 -8-12-14-1424 410SZ 356 1315 1 1599999999999999 948  02221-1499999999999999
-10 -4  3  8 12 13 12 10  7  6  5  5  7 11 15 17 17 15 10  4 -3 -8-12-1424 411SZ 5 3 131531 18999999999999991014  52313-1499999999999999
-13 -9 -3  2  7 11 12 11 10  9  9  9 10 12 16 18 19 18 15 10  4 -2 -8-1124 412SZ 612 1216 1 19999999999999991020  9999999999999999999999
-13-12 -8 -3  2  6  9 11 11 11 11 11 12 14 16 18 19 19 18 14  9  4 -2 -624 413SZ1633 20999999999999999999999 0 6-13999999999999999999999
 -9-10 -9 -6 -2  2  5  8 10 11 12 13 13 14 15 17 18 19 18 16 13  9  4  024 414SZ17 5 19999999999999999999999 1 3-10999999999999999999999
 -4 -7 -8 -7 -5 -2  1  5  7  9 11 12 13 14 15 16 16 17 17 16 15 12  8  524 415SZ1740 17999999999999999999999 2 6 -8999999999999999999999
  1 -2 -5 -6 -5 -4 -2  1  4  7  9 11 12 13 13 14 14 14 14 14 14 13 11  824 416SZ1840 14999999999999999999999 321 -6999999999999999999999
  5  2 -1 -3 -4 -5 -4 -2  1  4  7  9 10 11 12 12 11 11 11 11 12 12 11 1024 417SZ2034 12999999999999999999999 438 -5999999999999999999999
  8  5  2 -1 -3 -4 -4 -3 -1  2  5  7  9 10 10  9  9  8  8  8  9 10 10 1024 418SZ1350 102223 1099999999999999 540 -41815  899999999999999
  9  7  5  2 -1 -3 -4 -4 -2  0  3  6  8  8  8  8  7  6  5  5  5  7  8  924 419SZ1329  92343 1099999999999999 627 -41844  599999999999999
 10  9  7  4  1 -1 -3 -4 -3 -1  2  5  7  8  8  7  5  3  2  1  2  3  5  824 420SZ1324  8999999999999999999999 7 3 -41914  199999999999999
  9  9  9  7  4  1 -1 -2 -2 -1  2  5  7  9  9  7  5  2  0 -1 -2  0  2  524 421SZ 046  91327  999999999999999 731 -21944 -299999999999999
  8  9 10  9  6  4  1  0 -1  0  3  6  8 10 10  9  6  3 -1 -3 -4 -4 -1  224 422SZ 141 101334 1099999999999999 754 -12016 -499999999999999
  6  9 10 10  9  7  4  2  2  2  4  7 10 12 12 11  8  4  0 -3 -5 -6 -5 -124 423SZ 233 101345 1299999999999999 815  22050 -699999999999999
  3  7 10 11 11 10  7  5  4  4  5  8 11 14 15 14 11  7  2 -2 -6 -7 -7 -424 424SZ 322 111359 1599999999999999 833  42124 -799999999999999
  0  5  9 11 12 12 10  8  7  7  7  9 13 15 17 17 14 11  5  0 -4 -7 -8 -724 425SZ 410 121417 1799999999999999 850  722 1 -899999999999999
 -3  2  6 10 12 13 12 11 10  9 10 11 13 16 18 19 17 14  9  4 -2 -6 -8 -824 426SZ 458 131439 1999999999999999 9 1  92240 -899999999999999
 -6 -2  3  8 11 13 13 13 12 11 12 12 14 17 19 20 19 17 13  8  2 -3 -6 -824 427SZ 550 1315 5 2099999999999999 9 6 112323 -899999999999999
 -8 -5 -1  4  8 11 13 13 13 13 13 14 15 17 19 20 20 19 16 11  6  1 -3 -624 428SZ1535 219999999999999999999999999999999999999999999999999
 -8 -7 -4  0  4  8 10 12 13 13 13 14 15 16 18 19 20 20 18 15 10  5  0 -324 429SZ1610 20999999999999999999999 013 -8999999999999999999999
 -6 -7 -7 -4 -1  3  6  9 11 12 13 14 15 15 16 18 19 19 19 17 14  9  5  124 430SZ1657 19999999999999999999999 110 -7999999999999999999999
 -3 -6 -7 -7 -5 -2  2  5  8 10 12 13 13 14 15 15 16 17 17 17 16 13  9  524 5 1SZ1811 17999999999999999999999 217 -7999999999999999999999
  1 -2 -5 -6 -6 -5 -2  1  5  8 10 11 12 12 12 12 13 13 14 15 16 15 13 1024 5 2SZ1956 16999999999999999999999 330 -7999999999999999999999
  6  2 -1 -4 -6 -6 -4 -2  2  6  8 10 11 11 10 10  9  9 10 11 13 14 15 1424 5 3SZ1220 112143 1599999999999999 438 -61632  999999999999999
 11  8  4  0 -2 -4 -4 -3  0  4  8 10 11 11 10  8  6  5  5  6  8 11 13 1524 5 4SZ1213 112318 1599999999999999 538 -41743  599999999999999
 14 13 10  6  3  0 -1 -1  1  4  8 11 13 13 11  8  5  2  0  0  2  5  9 1324 5 5SZ1223 13999999999999999999999 628 -21841  099999999999999
 15 16 14 12  8  5  3  2  3  5  9 13 15 16 14 11  6  2 -2 -4 -4 -2  3  824 5 6SZ 043 161242 1699999999999999 712  21937 -499999999999999
 13 16 17 16 14 11  8  7  6  8 11 15 18 19 19 16 11  5  0 -5 -7 -7 -4  124 5 7SZ 2 2 1713 8 1999999999999999 750  62029 -799999999999999
  8 13 16 18 17 16 13 12 11 11 13 16 20 22 23 21 16 10  4 -2 -7 -9 -8 -524 5 8SZ 316 181338 2399999999999999 824 112121 -999999999999999
  1  8 13 17 19 18 17 16 15 14 15 17 21 24 26 25 22 16 10  3 -3 -7 -9 -824 5 9SZ 424 191411 2699999999999999 849 142210 -999999999999999
 -4  2  8 14 17 19 19 18 17 17 18 19 21 24 27 27 25 22 16  9  2 -3 -7 -824 510SZ 529 191447 2799999999999999 854 172259 -899999999999999
 -7 -2  3  9 14 17 19 19 19 19 19 20 21 23 26 27 27 25 21 15  8  2 -2 -624 511SZ1523 279999999999999999999992349 -6999999999999999999999
 -6 -4  0  5  9 14 16 18 18 19 19 20 21 22 24 25 26 25 23 19 13  8  3 -124 512SZ16 1 269999999999999999999999999999999999999999999999999
 -4 -4 -2  1  6 10 13 15 17 18 18 19 20 21 22 23 24 24 23 20 17 12  7  324 513SZ1641 24999999999999999999999 040 -4999999999999999999999
  0 -2 -2  0  3  6 10 12 15 16 17 18 18 19 19 20 21 21 21 20 18 15 11  724 514SZ1726 21999999999999999999999 134 -2999999999999999999999
  4  1  0  0  1  4  7 10 12 14 15 16 17 17 17 17 17 18 18 18 17 16 13 1024 515SZ1827 18999999999999999999999 232  0999999999999999999999
  7  5  3  2  2  3  5  8 10 13 14 15 16 16 15 15 15 15 15 15 16 15 14 1224 516SZ1228 161958 1699999999999999 330  11641 1499999999999999
 10  8  6  4  3  3  5  7  9 12 14 15 15 15 14 13 12 12 12 12 13 14 14 1324 517SZ12 1 152153 1499999999999999 422  31733 1199999999999999
 12 11  9  7  6  5  6  7  9 12 14 15 16 15 14 12 11  9  9  9 10 12 13 1424 518SZ1155 162331 1499999999999999 5 4  51811  999999999999999
 14 13 12 10  9  8  8  8 10 13 15 16 17 16 15 12 10  8  6  6  7  9 11 1324 519SZ1156 17999999999999999999999 537  81844  699999999999999
 14 15 14 13 12 11 10 11 12 14 17 18 19 18 17 14 10  7  5  4  4  6  9 1224 520SZ 049 1512 2 1999999999999999 6 2 101917  499999999999999
 15 16 16 16 15 14 13 13 14 16 19 21 22 21 19 16 12  8  5  3  2  3  6 1024 521SZ 155 161213 2299999999999999 624 131951  299999999999999
 14 16 18 18 18 17 16 16 17 18 20 23 24 24 23 20 15 11  6  3  1  1  3  724 522SZ 251 181232 2599999999999999 647 162027  199999999999999
 12 16 19 20 20 20 19 18 18 20 22 24 26 27 26 23 19 14  9  4  1  0  1  424 523SZ 340 201257 2799999999999999 712 1821 5  099999999999999
  9 14 18 20 22 22 21 20 20 21 22 24 27 29 29 27 23 18 12  6  2 -1 -1  124 524SZ 427 221328 2999999999999999 738 202146 -199999999999999
  5 10 15 19 22 23 22 22 21 22 23 24 27 29 30 29 26 22 16 10  5  1 -2 -224 525SZ 514 2314 3 3099999999999999 8 1 212230 -299999999999999
  1  6 11 16 19 22 22 22 22 22 23 24 26 28 30 30 29 25 20 14  8  3  0 -224 526SZ1442 309999999999999999999992317 -2999999999999999999999
 -2  1  6 11 16 19 21 22 22 22 22 23 24 26 28 30 29 28 24 19 13  7  2 -124 527SZ1526 309999999999999999999999999999999999999999999999999
 -2 -1  2  6 11 15 18 20 21 21 21 22 23 24 25 27 28 28 26 22 17 12  7  224 528SZ1618 28999999999999999999999 0 8 -2999999999999999999999
 -1 -2 -1  2  6 11 15 17 19 20 20 20 21 21 22 24 25 26 26 24 21 16 12  724 529SZ1720 27999999999999999999999 1 3 -2999999999999999999999
  3  1  0  1  3  7 11 15 17 19 19 19 19 19 19 20 21 23 24 24 23 20 16 1224 530SZ1837 24999999999999999999999 2 0  0999999999999999999999
  8  5  3  2  3  6  9 13 16 18 19 19 18 17 17 16 17 18 20 22 22 22 20 1724 531SZ1025 1920 9 2299999999999999 257  215 1 1699999999999999
 14 11  8  6  6  7  9 13 16 19 20 20 19 17 16 14 13 13 15 17 19 21 21 2124 6 1SZ1034 202154 2299999999999999 351  51624 1399999999999999
 19 16 14 12 10 10 11 14 17 20 22 23 22 19 17 14 11 10 10 11 14 17 20 2224 6 2SZ1051 232340 2299999999999999 441 101733  999999999999999
 22 21 19 17 16 15 15 16 19 22 25 26 26 23 20 16 12  8  7  6  8 12 16 2024 6 3SZ1114 26999999999999999999999 525 151834  699999999999999
 23 24 23 22 21 20 20 20 22 24 27 30 30 28 25 20 15 10  6  4  4  6 11 1624 6 4SZ 120 241144 3099999999999999 6 4 201931  499999999999999
 20 24 25 26 25 25 24 24 25 26 29 32 33 33 30 26 20 14  9  5  2  3  6 1124 6 5SZ 250 261218 3499999999999999 634 242024  299999999999999
 16 21 25 27 28 27 27 27 27 28 30 33 35 36 35 32 26 20 13  8  4  2  3  624 6 6SZ 4 5 281257 3699999999999999 652 272114  299999999999999
 12 18 23 26 28 29 28 28 29 29 30 32 35 37 37 36 32 26 19 12  7  3  2  324 6 7SZ1339 3799999999999999999999922 1  2999999999999999999999
  7 13 19 23 27 28 29 29 29 29 30 31 34 36 37 37 35 30 24 18 11  7  4  324 6 8SZ1422 389999999999999999999992247  3999999999999999999999
  5  9 14 20 24 26 28 28 28 28 29 30 31 33 35 36 36 33 28 22 16 11  7  424 6 9SZ15 6 369999999999999999999992332  4999999999999999999999
  4  6 11 16 20 24 26 26 26 27 27 28 29 30 32 34 34 33 30 26 20 15 10  724 610SZ1550 349999999999999999999999999999999999999999999999999
  5  6  8 12 17 20 23 24 25 25 25 26 27 27 29 30 31 31 30 27 23 18 14 1024 611SZ1633 32999999999999999999999 016  5999999999999999999999
  8  7  8 10 14 17 20 23 24 24 24 24 25 25 26 27 28 28 28 27 24 21 17 1324 612SZ1719 28999999999999999999999 059  7999999999999999999999
 11  9  9 10 12 16 19 21 23 23 24 24 23 23 23 23 24 25 26 25 24 22 19 1624 613SZ10 1 241813 2699999999999999 141  91344 2399999999999999
 14 12 11 11 13 15 18 20 22 23 24 24 23 22 22 21 21 22 22 23 23 22 21 1924 614SZ10 2 241929 2399999999999999 220 111527 2199999999999999
 17 16 14 14 15 16 19 21 23 24 25 24 23 22 21 20 19 19 20 21 21 22 22 2124 615SZ10 8 252124 2299999999999999 252 141633 1999999999999999
 20 19 18 18 18 19 20 23 25 26 27 26 25 23 21 19 18 17 17 18 19 21 22 2324 616SZ1013 272330 2399999999999999 314 181722 1799999999999999
 23 22 22 21 21 22 23 25 27 28 29 29 28 26 23 20 18 16 15 16 17 19 21 2324 617SZ1019 29999999999999999999999 325 2118 3 1599999999999999
 24 25 25 25 25 25 26 27 29 31 32 32 31 29 26 22 18 16 14 14 15 17 20 2324 618SZ1034 329999999999999999999991843 13999999999999999999999
 25 27 27 28 28 28 28 30 31 33 35 35 35 33 29 25 21 17 14 12 12 14 18 2124 619SZ1059 359999999999999999999991923 12999999999999999999999
 25 27 29 30 30 30 30 31 32 34 36 38 38 36 33 29 24 19 15 12 10 11 14 1824 620SZ1134 3899999999999999999999920 6 10999999999999999999999
 23 27 29 31 32 32 31 32 33 34 36 38 39 39 37 33 28 22 17 12  9  9 10 1424 621SZ1216 409999999999999999999992051  9999999999999999999999
 19 24 28 31 32 32 32 32 32 33 35 37 39 40 40 37 32 27 20 15 10  7  7 1024 622SZ13 3 409999999999999999999992137  7999999999999999999999
 14 20 25 28 31 32 32 32 32 32 33 35 38 40 41 39 36 31 25 18 12  8  6  624 623SZ1352 419999999999999999999992224  5999999999999999999999
  9 14 20 25 28 30 31 31 30 31 31 33 35 38 40 40 38 35 29 23 16 10  7  524 624SZ1444 409999999999999999999992313  5999999999999999999999
  6  9 14 20 24 28 29 29 29 29 29 30 31 34 37 39 39 37 33 27 21 15 10  624 625SZ1537 399999999999999999999999999999999999999999999999999
  5  6 10 15 20 24 27 28 28 27 27 27 28 30 32 35 37 37 35 31 26 20 14 1024 626SZ 721 281634 3799999999999999 0 1  510 3 2799999999999999
  7  7  8 12 17 22 25 27 27 27 26 26 25 26 27 30 32 34 35 33 30 25 20 1624 627SZ 753 271738 3599999999999999 048  71149 2599999999999999
 12 10 10 12 16 20 24 27 28 28 26 25 24 23 23 25 27 30 32 32 31 29 25 2124 628SZ 820 281853 3299999999999999 134 101330 2399999999999999
 18 16 15 15 17 21 24 27 29 30 29 27 25 23 21 21 22 24 26 29 30 30 29 2624 629SZ 846 302028 3099999999999999 218 141454 2199999999999999
 24 22 21 20 21 23 26 29 31 32 32 30 27 24 22 20 18 19 21 24 26 28 29 2924 630SZ 914 322227 3099999999999999 258 201612 1899999999999999
 29 28 27 26 26 27 29 31 34 36 36 35 32 28 25 21 18 16 17 18 21 25 28 3024 7 1SZ 944 36999999999999999999999 332 261724 1699999999999999
 31 31 31 31 31 31 32 34 36 38 40 39 37 34 29 25 20 17 15 15 17 20 24 2824 7 2SZ1020 409999999999999999999991830 15999999999999999999999
 31 33 34 34 35 35 35 36 38 40 42 43 42 39 35 30 25 20 16 14 14 16 20 2524 7 3SZ11 1 439999999999999999999991929 14999999999999999999999
 29 33 35 36 37 37 37 38 39 41 43 44 45 43 40 36 30 24 19 15 13 14 16 2124 7 4SZ1148 459999999999999999999992022 13999999999999999999999
 26 30 34 36 37 37 38 38 39 40 42 44 46 46 44 40 35 29 23 18 14 13 14 1724 7 5SZ1237 469999999999999999999992110 13999999999999999999999
 22 27 31 34 36 37 37 37 38 38 40 42 44 46 46 43 39 34 28 22 17 14 13 1424 7 6SZ1327 469999999999999999999992154 13999999999999999999999
 18 23 28 32 34 35 36 35 36 36 37 39 41 43 45 44 42 37 31 25 20 15 13 1324 7 7SZ1415 459999999999999999999992234 12999999999999999999999
 15 19 24 29 32 34 34 34 33 34 34 35 37 40 42 43 42 39 34 28 23 18 14 1324 7 8SZ15 0 439999999999999999999992312 13999999999999999999999
 13 16 21 26 29 31 32 32 32 31 32 32 34 36 38 40 40 39 36 31 25 20 16 1424 7 9SZ 617 321543 4099999999999999 9 0 312348 1399999999999999
 13 15 18 23 27 29 31 31 31 30 30 30 31 32 34 36 37 37 36 32 28 23 19 1624 710SZ 646 311626 389999999999999910 1 30999999999999999999999
 15 15 18 21 25 28 30 31 30 30 29 29 29 29 30 32 34 35 34 32 29 26 22 2024 711SZ 715 311710 3599999999999999 020 151126 2999999999999999
 18 18 19 21 24 27 30 31 31 30 29 28 28 27 28 29 30 32 32 32 30 28 25 2324 712SZ 740 3118 2 3299999999999999 048 1813 0 2799999999999999
 22 21 21 23 25 28 30 32 32 32 30 29 28 27 26 26 27 29 30 30 30 29 28 2624 713SZ 758 321914 3099999999999999 1 9 211417 2699999999999999
 25 25 25 26 28 30 32 34 34 34 33 31 29 27 26 25 25 26 27 29 30 30 30 2924 714SZ 8 9 342111 3099999999999999 116 251523 2599999999999999
 29 29 29 30 31 33 35 36 37 37 36 34 31 29 27 25 24 24 25 27 28 30 31 3124 715SZ 820 37999999999999999999999 057 291623 2499999999999999
 32 32 32 33 34 35 37 39 40 40 39 37 35 32 29 26 24 23 23 24 26 29 31 3224 716SZ 840 409999999999999999999991718 23999999999999999999999
 34 34 35 36 36 38 39 41 42 43 42 41 38 35 31 28 25 22 21 22 24 26 29 3224 717SZ 914 439999999999999999999991810 21999999999999999999999
 34 36 37 38 38 39 40 41 43 44 45 44 42 39 35 31 26 23 20 19 20 23 26 3024 718SZ10 1 4599999999999999999999919 2 19999999999999999999999
 33 36 38 38 39 39 40 41 42 44 45 46 45 43 39 35 29 25 21 18 17 18 22 2624 719SZ1059 469999999999999999999991952 17999999999999999999999
 30 34 37 38 39 39 39 40 41 42 44 46 47 46 43 39 33 28 22 18 15 15 17 2124 720SZ1159 479999999999999999999992042 14999999999999999999999
 26 31 35 37 38 38 38 38 39 40 42 44 46 47 46 43 38 32 25 19 15 12 12 1524 721SZ1258 479999999999999999999992129 12999999999999999999999
 20 26 31 34 36 37 36 36 36 36 38 40 43 46 47 46 42 36 30 23 17 12 10 1124 722SZ 456 371355 4799999999999999 734 362215 1099999999999999
 15 20 26 31 34 35 35 34 33 33 34 36 39 42 45 46 45 41 35 28 21 15 11 1024 723SZ 518 351450 4699999999999999 834 332259 1099999999999999
 12 16 22 27 31 33 34 33 31 30 30 31 33 37 41 44 45 43 39 33 26 20 15 1224 724SZ 543 341546 4599999999999999 938 302341 1299999999999999
 12 14 19 25 29 32 33 33 31 29 28 28 28 31 35 39 41 42 40 37 31 26 21 1724 725SZ 6 8 331646 42999999999999991053 28999999999999999999999
 15 16 19 23 28 32 34 34 33 30 28 26 26 26 28 32 36 39 39 38 35 31 27 2324 726SZ 635 341753 3999999999999999 021 151210 2599999999999999
 21 20 21 25 29 33 35 36 35 33 30 27 25 24 24 26 29 33 35 37 36 34 32 2924 727SZ 7 2 361916 3799999999999999 059 201326 2499999999999999
 28 26 26 28 31 34 37 39 39 37 34 31 28 25 23 23 24 27 30 33 34 35 35 3424 728SZ 732 3921 6 3599999999999999 132 261442 2399999999999999
 33 32 32 33 34 37 39 41 42 41 39 36 32 28 25 23 22 23 25 28 31 33 35 3624 729SZ 8 7 42999999999999999999999 153 3216 0 2299999999999999
 36 37 37 37 38 40 41 43 45 45 44 41 38 34 30 26 23 21 22 23 26 30 33 3624 730SZ 849 459999999999999999999991719 21999999999999999999999
 38 39 40 41 41 42 43 44 46 47 47 46 43 39 35 30 26 23 21 21 23 26 30 3324 731SZ 940 479999999999999999999991831 21999999999999999999999
 37 39 41 42 42 43 44 44 46 47 48 48 47 44 40 36 31 26 22 21 20 22 26 3024 8 1SZ1040 489999999999999999999991931 20999999999999999999999
 34 38 40 41 42 43 43 43 44 46 47 49 49 48 45 40 35 30 25 22 20 20 23 2724 8 2SZ1140 499999999999999999999992021 20999999999999999999999
 31 35 38 40 41 41 41 41 42 43 45 47 49 49 47 44 39 33 28 23 20 19 20 2324 8 3SZ1236 4999999999999999999999921 4 19999999999999999999999
 28 32 36 38 39 39 39 39 39 40 41 44 46 48 48 45 42 36 31 25 21 19 18 2024 8 4SZ1326 489999999999999999999992141 18999999999999999999999
 24 29 33 36 37 37 37 36 36 36 37 39 42 45 46 46 43 39 33 27 23 19 18 1824 8 5SZ 433 371412 4699999999999999 740 362214 1899999999999999
 21 26 30 34 35 36 35 34 33 33 34 35 38 41 43 44 43 40 35 30 24 21 18 1824 8 6SZ 447 361455 4499999999999999 834 332243 1899999999999999
 20 23 28 32 34 35 34 33 32 31 31 32 33 36 39 41 42 40 37 32 27 23 20 1924 8 7SZ 5 7 351537 4299999999999999 928 312310 1999999999999999
 19 22 26 30 33 34 34 33 31 30 29 29 30 32 35 38 39 39 37 34 29 26 23 2124 8 8SZ 529 351619 39999999999999991024 292333 2199999999999999
 21 23 26 30 33 34 35 34 32 30 29 28 28 29 32 34 36 37 37 35 32 29 26 2524 8 9SZ 547 3517 5 37999999999999991122 282349 2499999999999999
 24 25 27 31 34 35 36 35 34 31 29 28 27 27 29 31 33 35 35 35 33 31 29 2824 810SZ 6 2 3618 1 35999999999999991221 272352 2899999999999999
 28 29 30 33 35 37 38 38 36 34 31 29 28 27 27 29 31 32 34 34 34 33 32 3224 811SZ 611 381917 34999999999999991320 272332 3299999999999999
 32 32 33 35 38 39 40 40 39 37 34 32 29 28 27 27 28 30 32 33 34 35 35 3524 812SZ 622 409999999999999999999991421 27999999999999999999999
 35 36 37 38 40 41 43 43 42 40 38 35 32 29 27 26 26 28 29 31 33 34 36 3624 813SZ 642 439999999999999999999991527 26999999999999999999999
 37 38 39 40 41 43 44 45 45 43 41 38 35 32 29 27 26 25 26 28 31 33 35 3724 814SZ 715 459999999999999999999991636 25999999999999999999999
 38 39 40 41 42 43 45 46 46 46 44 42 39 35 32 28 26 24 24 25 27 30 33 3624 815SZ 8 7 469999999999999999999991744 24999999999999999999999
 38 40 41 42 42 43 44 45 46 47 46 45 43 39 35 31 27 24 21 21 22 25 29 3324 816SZ 923 479999999999999999999991845 21999999999999999999999
 36 38 40 41 41 42 42 43 44 45 47 47 46 43 39 34 29 25 21 18 18 20 24 2824 817SZ1045 479999999999999999999991939 18999999999999999999999
 33 36 38 39 40 40 39 40 41 43 45 47 47 46 43 39 33 27 22 18 15 15 18 2324 818SZ1157 479999999999999999999992028 15999999999999999999999
 28 33 36 38 38 37 37 36 37 38 41 44 47 48 46 43 38 31 25 19 15 13 14 1824 819SZ 346 3813 0 4899999999999999 652 362113 1399999999999999
 23 29 33 36 36 36 34 33 32 33 35 38 43 46 47 46 42 36 30 23 17 14 13 1424 820SZ 357 361358 4799999999999999 753 322154 1299999999999999
 19 25 31 34 35 35 33 31 29 29 29 32 36 41 45 46 45 41 35 28 22 17 14 1424 821SZ 414 351456 4699999999999999 854 292234 1499999999999999
 17 23 29 33 35 35 34 31 28 26 25 26 29 34 40 43 44 43 39 34 28 23 19 1824 822SZ 435 361556 4499999999999999 957 252311 1899999999999999
 19 22 28 33 36 37 36 33 29 25 23 22 23 27 32 37 41 42 41 38 33 29 25 2324 823SZ 458 3717 2 429999999999999911 1 222345 2399999999999999
 23 25 29 33 37 39 39 36 32 28 24 22 21 22 25 30 35 38 39 39 37 34 31 2924 824SZ 524 391817 399999999999999912 6 21999999999999999999999
 29 29 31 35 39 41 42 40 37 33 29 25 22 21 21 24 28 32 35 37 37 37 35 3524 825SZ 553 421949 3799999999999999 015 291314 2099999999999999
 34 34 35 37 40 43 44 44 42 39 34 30 26 23 21 21 23 26 30 33 35 37 37 3824 826SZ 626 44999999999999999999999 028 341426 2199999999999999
 38 39 39 40 42 44 45 46 45 43 40 36 32 28 24 22 22 23 25 28 31 34 37 3824 827SZ 7 7 469999999999999999999991548 22999999999999999999999
 40 41 42 42 43 44 45 46 47 46 44 42 38 34 30 26 23 22 22 24 27 31 34 3724 828SZ 8 2 479999999999999999999991714 22999999999999999999999
 39 41 42 43 43 44 44 45 46 47 47 45 43 39 35 31 27 24 22 22 24 27 31 3424 829SZ 918 479999999999999999999991827 22999999999999999999999
 37 40 41 42 42 43 43 43 44 45 46 46 45 43 39 35 30 26 23 22 22 24 27 3124 830SZ1037 479999999999999999999991923 21999999999999999999999
 35 38 39 40 40 40 40 40 41 42 44 46 46 45 42 38 34 29 25 22 21 22 24 2824 831SZ1143 4699999999999999999999920 7 21999999999999999999999
 32 35 37 38 38 38 37 37 37 39 41 43 45 45 43 40 36 31 26 23 20 20 22 2524 9 1SZ 326 381238 4599999999999999 645 372043 2099999999999999
 29 33 35 36 36 35 34 34 34 34 36 39 42 44 43 41 38 33 28 24 21 19 20 2324 9 2SZ 319 361325 4499999999999999 728 342113 1999999999999999
 27 31 34 35 35 34 32 31 30 31 32 35 38 41 42 42 39 35 30 25 22 20 19 2124 9 3SZ 326 3514 9 4299999999999999 811 302140 1999999999999999
 25 29 33 34 35 33 31 29 28 27 28 30 34 37 40 40 39 36 32 27 24 21 20 2124 9 4SZ 340 351452 4099999999999999 853 2722 3 2099999999999999
 24 28 32 34 35 34 32 29 27 25 25 26 29 33 37 39 39 37 34 30 26 23 22 2224 9 5SZ 356 351536 3999999999999999 936 252222 2299999999999999
 24 28 32 34 35 35 33 30 27 25 24 24 26 29 33 36 37 37 35 32 29 26 25 2524 9 6SZ 410 351622 37999999999999991018 242236 2599999999999999
 26 29 33 35 37 36 35 32 28 25 24 23 24 26 30 33 35 36 36 34 32 30 28 2824 9 7SZ 421 371713 369999999999999911 1 232241 2899999999999999
 29 31 34 37 38 38 37 34 31 27 25 23 23 24 27 30 33 35 35 35 34 32 32 3224 9 8SZ 431 391813 35999999999999991147 232230 3199999999999999
 32 34 36 38 40 40 39 37 34 30 27 25 23 23 25 27 30 32 34 35 35 34 34 3424 9 9SZ 443 411931 35999999999999991236 2322 6 3499999999999999
 35 36 38 40 42 42 42 40 37 34 30 27 25 24 24 25 27 30 32 33 35 35 36 3624 910SZ 5 0 429999999999999999999991333 23999999999999999999999
 37 38 39 41 42 43 43 42 40 37 34 30 27 25 24 24 24 26 29 31 33 34 36 3724 911SZ 525 439999999999999999999991441 23999999999999999999999
 38 39 40 41 42 43 44 43 42 40 37 34 30 27 25 23 22 23 25 27 29 32 34 3624 912SZ 6 3 4499999999999999999999916 1 22999999999999999999999
 38 39 40 41 41 42 43 43 43 42 40 37 34 30 27 24 22 20 21 22 25 28 31 3424 913SZ 712 439999999999999999999991720 20999999999999999999999
 36 38 39 39 40 40 41 41 42 43 42 41 38 34 30 26 22 19 18 18 20 23 27 3124 914SZ 9 7 439999999999999999999991824 18999999999999999999999
 34 36 37 37 37 37 37 38 39 41 42 43 41 38 34 29 24 20 17 15 16 18 23 2724 915SZ1043 439999999999999999999991917 15999999999999999999999
 31 34 35 35 35 34 33 34 35 37 40 42 43 42 39 34 29 23 18 15 14 15 18 2424 916SZ 233 351157 4399999999999999 611 3320 3 1499999999999999
 29 32 34 34 33 31 29 29 29 31 34 39 42 43 42 39 34 28 22 17 14 14 16 2024 917SZ 235 3413 1 4399999999999999 7 8 292044 1399999999999999
 26 31 33 34 33 30 27 25 24 25 27 32 37 41 43 42 38 33 27 21 17 15 16 1924 918SZ 246 3414 3 4399999999999999 8 4 242123 1599999999999999
 24 30 34 35 34 31 27 23 21 20 21 24 30 36 40 42 41 38 33 27 23 20 19 2024 919SZ 3 3 3515 7 4299999999999999 9 0 202159 1999999999999999
 24 30 34 37 37 34 30 24 20 17 16 18 22 28 35 39 41 40 37 33 29 25 24 2424 920SZ 326 371614 4199999999999999 958 162232 2399999999999999
 26 31 35 39 39 38 34 29 23 18 15 14 16 21 27 33 37 39 39 36 33 31 29 2924 921SZ 352 401725 39999999999999991055 1423 0 2999999999999999
 30 32 36 40 42 42 39 34 28 23 18 15 14 16 20 26 31 34 37 37 36 35 34 3424 922SZ 421 421844 37999999999999991155 142311 3499999999999999
 34 35 38 41 43 44 43 40 35 29 24 19 16 15 17 20 25 29 32 35 36 36 36 3724 923SZ 452 449999999999999999999991258 15999999999999999999999
 37 38 39 41 43 44 44 43 40 35 30 26 22 19 17 18 20 24 27 31 33 35 37 3824 924SZ 528 4599999999999999999999914 8 17999999999999999999999
 39 40 40 41 42 44 44 44 42 40 36 32 28 24 21 19 19 20 23 26 30 32 35 3724 925SZ 614 449999999999999999999991530 19999999999999999999999
 39 40 40 41 41 42 42 43 43 42 39 37 33 29 25 22 20 20 20 23 26 29 32 3524 926SZ 725 439999999999999999999991656 20999999999999999999999
 37 38 39 39 39 39 39 40 41 41 41 39 37 33 30 26 23 21 20 20 23 26 29 3224 927SZ 9 3 4199999999999999999999918 5 20999999999999999999999
 35 36 37 37 37 36 36 36 37 39 40 40 39 36 33 29 25 22 20 19 20 23 26 3024 928SZ 236 371033 4099999999999999 557 361856 1999999999999999
 33 34 35 35 34 33 33 33 33 35 37 38 39 38 35 32 28 24 21 19 19 21 24 2824 929SZ 216 351142 3999999999999999 637 331935 1999999999999999
 31 33 33 33 32 31 30 29 29 31 33 36 37 38 36 33 30 26 22 20 19 20 22 2624 930SZ 2 7 331237 3899999999999999 7 9 2920 5 1999999999999999
 29 32 33 32 31 29 27 26 26 27 29 32 35 36 36 35 32 28 24 21 20 20 22 252410 1SZ 2 9 331326 3799999999999999 742 262030 1999999999999999
 29 31 33 32 31 28 25 23 23 23 25 28 32 35 36 35 33 30 26 23 21 21 22 252410 2SZ 218 331412 3699999999999999 815 222052 2199999999999999
 28 31 33 33 31 29 25 22 20 20 21 24 28 32 34 35 34 32 29 26 23 23 23 252410 3SZ 229 331458 3599999999999999 850 2021 9 2399999999999999
 29 32 34 34 33 30 26 22 20 18 18 21 24 29 32 34 35 34 31 28 26 25 25 272410 4SZ 241 351545 3599999999999999 925 182123 2599999999999999
 30 33 35 36 35 33 29 24 20 18 17 18 21 25 30 33 34 34 33 31 29 28 28 292410 5SZ 253 361634 359999999999999910 1 172131 2899999999999999
 31 34 37 38 37 35 31 27 22 19 17 17 18 22 26 30 33 34 34 33 31 30 30 312410 6SZ 3 7 381726 34999999999999991039 172131 3099999999999999
 33 35 38 39 39 37 34 30 25 21 18 17 17 20 23 27 31 33 34 34 33 32 32 332410 7SZ 323 401826 34999999999999991120 172123 3299999999999999
 34 36 38 40 41 39 37 33 28 24 20 18 17 18 20 24 27 30 32 33 33 33 34 352410 8SZ 342 4199999999999999999999912 7 17999999999999999999999
 36 37 39 40 41 40 39 36 32 27 23 20 18 18 18 21 23 26 29 31 32 33 34 352410 9SZ 4 6 4199999999999999999999913 3 18999999999999999999999
 36 37 38 39 40 40 39 37 35 31 27 23 20 18 18 18 20 22 25 27 30 32 33 34241010SZ 435 419999999999999999999991411 18999999999999999999999
 36 37 37 38 39 39 39 38 36 34 30 27 23 20 18 17 17 18 20 23 26 29 31 33241011SZ 518 399999999999999999999991530 17999999999999999999999
 34 35 36 36 36 37 37 37 37 36 34 31 27 23 20 17 16 15 16 19 22 25 28 31241012SZ 656 379999999999999999999991647 15999999999999999999999
 32 33 33 33 33 33 34 35 36 36 36 34 31 27 23 20 16 14 14 15 18 22 26 29241013SZ 9 4 369999999999999999999991750 14999999999999999999999
 31 32 31 31 30 29 29 30 32 34 36 36 35 32 28 23 19 16 14 13 15 19 23 27241014SZ 120 321040 3699999999999999 523 291841 1399999999999999
 30 31 30 29 27 25 25 25 26 29 33 36 37 36 33 29 24 19 16 14 15 17 21 26241015SZ 112 311158 3799999999999999 618 251925 1499999999999999
 30 31 31 29 26 23 21 20 20 23 27 32 36 37 36 34 29 25 21 18 17 18 21 26241016SZ 119 3113 9 3799999999999999 711 2020 5 1799999999999999
 30 33 33 31 28 23 19 16 15 16 19 25 31 35 37 37 34 30 26 23 21 20 22 26241017SZ 136 331419 3799999999999999 8 4 152042 2099999999999999
 31 35 36 35 31 26 20 15 12 11 13 17 24 30 35 37 37 35 31 28 26 25 25 28241018SZ 159 361528 3799999999999999 858 112115 2599999999999999
 32 36 39 39 36 31 25 18 13 10  9 11 16 23 29 34 36 37 35 33 30 29 29 30241019SZ 227 391638 3799999999999999 952  92142 2999999999999999
 33 37 41 42 40 37 31 24 17 12  9  8 11 16 22 28 33 35 36 35 34 33 33 33241020SZ 258 421749 36999999999999991046  82153 3399999999999999
 35 38 41 43 43 41 37 30 24 17 13 10  9 12 16 22 27 31 34 35 35 34 35 35241021SZ 332 439999999999999999999991141  9999999999999999999999
 36 38 40 42 43 43 40 36 30 24 18 14 12 11 13 17 22 26 30 32 34 34 35 36241022SZ 4 9 439999999999999999999991240 11999999999999999999999
 36 37 39 40 42 42 41 39 35 30 25 20 16 14 13 15 18 21 25 28 31 32 34 35241023SZ 450 429999999999999999999991346 13999999999999999999999
 36 37 37 38 39 39 40 39 37 33 29 25 21 18 16 15 16 18 21 24 27 30 32 33241024SZ 540 409999999999999999999991459 15999999999999999999999
 34 35 35 35 35 36 36 37 36 35 32 29 26 22 19 17 16 17 18 21 24 27 29 31241025SZ 654 379999999999999999999991615 16999999999999999999999
 32 33 33 33 32 32 32 33 34 34 33 31 29 26 23 20 18 17 17 19 21 24 27 29241026SZ 130 33 836 3499999999999999 457 321717 1799999999999999
 31 31 31 30 29 29 28 29 30 31 32 31 30 28 25 23 20 18 17 18 20 23 26 28241027SZ 1 8 311016 3299999999999999 551 2818 5 1799999999999999
 30 30 30 28 27 26 25 25 26 28 29 30 31 29 27 25 22 20 19 18 19 22 25 28241028SZ 056 301134 3199999999999999 628 251841 1899999999999999
 29 30 29 27 25 24 22 22 22 24 26 29 30 30 29 27 24 22 20 20 20 22 25 28241029SZ 054 301237 3099999999999999 7 0 2219 8 2099999999999999
 30 30 30 28 25 22 20 19 19 20 23 26 29 30 30 29 27 25 23 22 22 23 26 28241030SZ 059 301333 3099999999999999 731 191929 2199999999999999
 31 32 31 29 26 22 19 17 16 17 19 23 27 29 31 30 29 27 25 24 24 24 27 30241031SZ 1 7 321424 3199999999999999 8 2 161946 2499999999999999
 32 33 33 31 28 24 19 16 14 14 16 20 24 28 30 31 31 29 28 26 26 26 28 312411 1SZ 118 341513 3199999999999999 834 1420 1 2699999999999999
 34 35 35 34 30 26 21 17 14 13 13 16 21 25 29 31 32 31 30 29 28 28 29 322411 2SZ 133 3616 1 3299999999999999 9 8 132015 2899999999999999
 34 37 37 36 33 29 24 19 15 12 12 14 17 22 27 30 32 32 32 30 30 30 30 322411 3SZ 152 371648 3299999999999999 944 122027 3099999999999999
 35 37 39 38 36 32 27 21 17 13 11 12 14 19 24 28 30 32 32 32 31 31 31 332411 4SZ 214 391739 32999999999999991022 112034 3199999999999999
 35 37 39 39 38 35 30 25 19 15 12 11 12 15 20 24 28 30 31 32 31 31 32 332411 5SZ 241 3999999999999999999999911 5 11999999999999999999999
 34 36 38 39 39 36 33 28 23 18 14 12 11 12 15 19 23 27 29 30 31 31 32 322411 6SZ 310 399999999999999999999991152 11999999999999999999999
 34 35 36 38 38 37 35 31 26 21 17 14 12 11 12 15 19 22 25 28 29 30 31 312411 7SZ 344 389999999999999999999991247 11999999999999999999999
 32 33 34 36 36 36 35 33 29 25 20 16 13 11 11 12 14 18 21 24 26 28 29 302411 8SZ 426 369999999999999999999991350 11999999999999999999999
 31 31 32 33 34 34 34 33 31 28 24 20 16 13 11 11 12 14 17 20 23 26 27 282411 9SZ 531 349999999999999999999991457 11999999999999999999999
 29 29 29 29 30 31 31 32 32 30 27 24 20 17 14 12 11 12 14 17 21 24 26 27241110SZ 711 3299999999999999999999916 2 11999999999999999999999
 28 27 27 26 26 26 27 29 30 30 30 28 25 22 18 15 13 12 13 16 19 23 26 27241111SZ 0 0 28 9 0 302346 289999999 4 6 2617 0 1299999999999999
 28 27 25 24 22 21 22 23 26 28 30 30 29 26 23 20 17 15 15 16 19 22 26 28241112SZ1041 302353 2999999999999999 515 211750 1599999999999999
 29 28 26 23 20 18 17 17 19 23 27 30 31 30 28 25 22 20 19 18 20 23 27 30241113SZ1210 31999999999999999999999 613 171834 1899999999999999
 32 31 29 25 20 16 13 12 13 16 21 26 30 32 32 30 28 25 23 22 23 25 28 32241114SZ 011 321332 3299999999999999 7 7 121914 2299999999999999
 35 35 33 29 23 18 13 10  8 10 14 20 25 30 33 33 32 30 28 27 26 27 30 34241115SZ 037 351449 3399999999999999 8 1  81949 2699999999999999
 37 39 38 34 29 22 16 10  7  6  8 12 19 25 30 33 34 33 32 30 30 30 31 34241116SZ 1 8 391559 3499999999999999 854  62017 3099999999999999
 38 40 41 39 35 28 21 14  9  5  5  7 12 19 25 30 33 34 33 32 32 32 33 34241117SZ 144 4117 5 3499999999999999 946  42030 3299999999999999
 37 40 42 42 39 34 28 20 13  8  5  5  8 13 19 25 29 32 33 33 33 33 33 34241118SZ 223 429999999999999999999991038  5999999999999999999999
 36 39 41 42 41 38 33 26 19 13  9  6  6  9 14 19 24 28 31 32 32 32 33 33241119SZ 3 5 429999999999999999999991129  6999999999999999999999
 34 36 38 40 41 39 36 31 25 19 14 10  8  8 11 15 20 24 27 29 30 30 31 32241120SZ 349 419999999999999999999991223  7999999999999999999999
 32 33 35 36 38 38 36 33 29 23 18 14 11  9 10 12 16 19 23 26 27 29 29 30241121SZ 435 389999999999999999999991318  9999999999999999999999
 30 31 31 32 33 34 34 33 30 26 22 18 15 12 11 11 13 16 20 23 25 26 28 28241122SZ 525 349999999999999999999991415 11999999999999999999999
 28 29 29 29 29 30 30 30 29 27 24 21 18 16 14 13 13 15 17 20 23 25 26 27241123SZ 625 302353 27999999999999991512 13999999999999999999999
 27 27 26 26 25 26 26 27 27 26 25 23 21 19 16 15 14 15 17 19 22 24 25 26241124SZ 749 272334 2699999999999999 412 2516 3 1499999999999999
 26 26 25 24 23 22 22 23 24 25 25 24 23 21 19 18 17 17 17 19 21 24 26 27241125SZ 941 252332 2799999999999999 518 221644 1699999999999999
 27 26 24 22 21 19 19 19 21 22 23 24 24 23 22 21 20 19 19 20 22 25 26 28241126SZ1126 242336 2899999999999999 6 3 191715 1999999999999999
 28 27 25 22 20 18 16 16 17 19 21 23 24 25 24 23 22 22 22 22 24 26 28 29241127SZ1250 252342 3099999999999999 637 161737 2299999999999999
 30 29 26 23 20 17 15 14 14 16 19 22 24 26 26 26 25 24 24 25 26 28 30 32241128SZ1359 262354 3299999999999999 7 9 141754 2499999999999999
 32 31 29 25 21 17 14 12 12 13 16 20 23 26 27 28 27 27 26 26 27 29 31 33241129SZ1455 28999999999999999999999 742 121814 2699999999999999
 34 34 32 28 24 19 15 12 10 11 13 17 21 25 28 29 29 29 28 28 28 30 32 34241130SZ 013 341541 2999999999999999 816 101839 2899999999999999
 36 36 35 32 27 22 17 12 10  9 10 14 18 23 26 29 30 30 29 29 29 30 32 342412 1SZ 039 361622 3099999999999999 853  919 8 2999999999999999
 36 37 37 35 31 25 19 14 10  8  8 10 14 19 24 27 29 30 30 29 29 30 31 332412 2SZ 111 3717 4 3099999999999999 933  71936 2999999999999999
 35 37 38 36 33 29 23 17 12  8  6  7 10 15 20 24 27 29 29 29 29 29 30 312412 3SZ 146 389999999999999999999991015  6999999999999999999999
 33 36 37 37 35 31 26 20 14  9  6  5  6 10 15 20 23 26 28 28 28 28 28 292412 4SZ 225 379999999999999999999991059  5999999999999999999999
 31 33 35 36 35 33 29 23 17 12  8  5  4  6 10 14 19 22 25 26 26 26 27 282412 5SZ 3 7 369999999999999999999991147  4999999999999999999999
 29 30 32 34 34 33 31 26 21 15 10  7  4  4  6 10 14 18 21 23 24 25 25 262412 6SZ 354 349999999999999999999991236  4999999999999999999999
 26 27 28 30 32 32 31 28 24 19 14 10  7  5  5  7 11 15 18 21 23 24 24 242412 7SZ 448 329999999999999999999991327  5999999999999999999999
 24 24 25 26 28 29 30 29 26 23 18 14 10  8  7  7  9 12 16 19 22 23 23 232412 8SZ 554 302152 23999999999999991419  7999999999999999999999
 22 22 22 22 23 24 26 27 27 25 22 19 15 12 10 10 10 12 15 19 22 23 24 242412 9SZ 718 2722 2 2499999999999999 210 2215 9 1099999999999999
 22 21 19 18 18 19 21 23 24 25 25 23 20 18 16 14 14 14 16 19 23 25 26 26241210SZ 9 2 252219 2699999999999999 346 181557 1499999999999999
 24 22 19 17 15 14 15 17 20 23 24 25 24 23 21 19 18 18 19 21 24 27 29 29241211SZ1056 252243 2999999999999999 5 0 141642 1899999999999999
 28 25 21 17 14 12 10 11 14 17 21 24 26 26 26 24 23 23 23 24 26 29 32 33241212SZ1248 262314 3399999999999999 6 5 101723 2399999999999999
 32 30 26 21 16 11  8  7  8 11 16 21 25 27 28 28 28 27 27 27 28 30 33 36241213SZ1428 282352 3699999999999999 7 5  71759 2799999999999999
 36 35 31 26 20 14  9  6  5  6 10 15 21 25 28 30 30 30 29 29 30 31 34 36241214SZ1547 30999999999999999999999 8 1  51827 2999999999999999
 38 39 36 32 26 19 13  8  4  3  5  9 15 21 26 29 30 30 30 30 30 31 33 35241215SZ 035 39999999999999999999999 854  3999999999999999999999
 38 40 40 37 32 25 18 11  6  3  2  4  9 16 21 26 29 30 30 30 30 30 31 33241216SZ 121 40999999999999999999999 944  2999999999999999999999
 36 39 40 39 36 31 24 17 10  5  2  2  5 10 16 21 25 27 28 28 28 28 29 30241217SZ 2 9 409999999999999999999991032  2999999999999999999999
 32 35 37 38 37 34 28 21 15  9  5  2  3  6 11 17 21 24 26 26 26 26 26 27241218SZ 257 389999999999999999999991118  2999999999999999999999
 29 31 33 35 36 34 30 25 19 13  8  4  3  4  8 12 17 21 23 24 24 24 24 24241219SZ 343 3699999999999999999999912 2  3999999999999999999999
 25 26 28 31 32 32 30 26 21 16 11  7  5  5  6 10 14 17 20 22 23 22 22 22241220SZ 428 329999999999999999999991244  5999999999999999999999
 23 23 24 26 27 28 28 26 23 18 14 11  8  7  7  9 12 15 18 20 21 22 21 21241221SZ 513 282053 22999999999999991324  6999999999999999999999
 21 21 21 22 23 24 24 24 22 20 17 14 11 10  9 10 12 14 17 19 21 22 21 21241222SZ 6 1 242119 2299999999999999 1 9 211358  999999999999999
 20 19 19 19 19 20 21 21 21 20 18 16 14 13 12 12 13 15 17 20 21 22 22 22241223SZ 7 5 212136 2299999999999999 257 191424 1299999999999999
 20 19 18 17 16 16 17 18 19 19 18 18 17 16 15 15 16 17 19 21 23 24 24 23241224SZ 856 192147 2499999999999999 417 161434 1599999999999999
 22 20 18 16 15 14 14 15 16 17 18 19 19 19 19 19 19 20 21 23 25 26 26 26241225SZ2156 26999999999999999999999 516 14999999999999999999999
 24 22 19 17 14 13 12 12 14 16 17 19 20 21 21 21 22 23 24 25 27 28 29 28241226SZ2212 29999999999999999999999 6 2 12999999999999999999999
 27 25 21 18 15 12 10 10 11 13 16 18 21 22 23 24 24 25 25 27 28 30 31 31241227SZ2240 31999999999999999999999 642 10999999999999999999999
 30 28 24 20 16 13 10  8  9 10 13 17 20 22 24 25 25 26 26 27 29 30 32 33241228SZ2318 33999999999999999999999 721  8999999999999999999999
 32 31 28 24 19 14 10  7  6  7 10 14 18 21 24 25 26 26 26 27 28 29 31 33241229SZ9999999999999999999999999999 8 2  6999999999999999999999
 34 33 31 27 22 17 11  7  5  4  6  9 14 18 22 25 26 26 26 26 27 28 30 32241230SZ 0 4 34999999999999999999999 845  4999999999999999999999
 33 34 33 30 26 20 14  8  4  2  2  5  9 14 19 22 24 25 25 24 25 25 27 29241231SZ 053 34999999999999999999999 928  2999999999999999999999
