 19 21 23 25 27 26 25 21 17 12  8  5  3  3  5  8 12 15 18 19 19 18 17 1624 1 1T3 424 271924 19999999999999991223  32349 1699999999999999
 16 17 18 20 22 23 22 20 17 13  9  6  4  4  5  7 10 13 16 17 17 17 16 1424 1 2T3 5 5 231946 17999999999999991250  4999999999999999999999
 14 13 14 15 17 18 18 18 16 13 10  8  6  5  5  7  9 12 14 16 17 16 15 1324 1 3T3 552 1820 5 1799999999999999 042 131312  599999999999999
 12 11 10 11 12 13 14 14 14 12 11  9  7  6  6  7  9 11 14 15 16 16 15 1324 1 4T3 656 142024 1699999999999999 2 0 101329  699999999999999
 11  9  8  7  7  8  9 10 11 11 11 10  9  8  8  9 10 12 14 16 17 17 16 1524 1 5T3 848 112045 1799999999999999 327  71340  899999999999999
 12  9  7  5  4  4  5  6  7  9 10 10 10 10 10 11 12 13 15 16 18 19 18 1724 1 6T32112 19999999999999999999999 443  4999999999999999999999
 14 11  8  5  3  1  1  2  4  6  9 11 12 13 13 13 14 15 16 17 19 20 21 2024 1 7T32148 21999999999999999999999 541  1999999999999999999999
 17 14 10  7  3  0 -1 -1  0  3  6 10 13 15 16 16 16 17 17 18 20 22 23 2324 1 8T32233 23999999999999999999999 631 -2999999999999999999999
 22 19 15 10  6  1 -2 -3 -3 -1  3  8 12 15 17 19 19 19 19 19 21 23 25 2624 1 9T32324 26999999999999999999999 718 -4999999999999999999999
 26 24 20 16 10  5  0 -4 -5 -4 -1  4  9 14 18 20 20 20 20 20 21 22 25 2724 110T31616 21999999999999999999999 8 6 -51842 2099999999999999
 29 28 26 22 16 10  4 -2 -5 -6 -5  0  5 11 16 19 21 21 21 20 20 21 23 2624 111T3 019 291638 2199999999999999 854 -61936 2099999999999999
 29 31 31 28 23 17  9  3 -3 -6 -7 -4  1  7 12 17 20 21 20 19 19 19 20 2324 112T3 117 3117 3 2199999999999999 941 -72029 1999999999999999
 27 30 32 32 29 23 16  8  2 -4 -7 -7 -4  2  8 13 18 20 20 19 17 16 17 1824 113T3 217 321730 20999999999999991028 -72125 1699999999999999
 22 26 30 32 31 28 22 15  7  1 -4 -7 -6 -2  4  9 14 18 19 18 16 14 13 1424 114T3 316 321759 19999999999999991112 -72223 1399999999999999
 16 20 24 28 29 28 25 19 13  6  0 -4 -5 -4  1  6 11 15 17 17 16 14 11 1024 115T3 413 291829 18999999999999991155 -52326 1099999999999999
 10 12 16 20 23 25 24 21 16 10  5  0 -3 -3  0  4  9 13 16 17 16 14 11  824 116T3 512 251859 17999999999999991234 -3999999999999999999999
  7  6  8 11 15 18 19 19 17 13  9  5  2  0  1  4  8 12 15 17 17 15 12  924 117T3 617 201929 1799999999999999 034  61310  099999999999999
  6  3  3  4  7  9 12 14 14 13 11  8  6  4  4  5  8 11 14 16 17 16 14 1124 118T3 738 1420 0 1799999999999999 150  31338  499999999999999
  7  4  1  0  0  2  4  7  9 10 10  9  9  8  8  8 10 12 14 17 18 18 17 1424 119T3 940 102033 1899999999999999 315  01351  899999999999999
 10  6  2 -1 -3 -3 -2  0  3  5  8  9 10 10 11 11 12 13 15 17 18 19 19 1724 120T32110 19999999999999999999999 443 -3999999999999999999999
 14 10  6  2 -2 -4 -5 -4 -2  1  4  7 10 11 13 13 14 15 16 17 19 20 20 2024 121T32154 20999999999999999999999 6 0 -5999999999999999999999
 18 14 10  6  1 -3 -5 -6 -5 -3  1  5  8 11 14 15 16 16 17 17 19 20 21 2224 122T32247 22999999999999999999999 7 1 -6999999999999999999999
 21 19 15 11  6  1 -3 -6 -6 -5 -2  2  7 11 14 16 16 17 17 17 18 20 21 2324 123T32345 23999999999999999999999 750 -7999999999999999999999
 23 22 20 16 11  6  1 -3 -6 -6 -4  0  5  9 13 16 17 17 17 17 17 18 20 2224 124T39999999999999999999999999999 833 -6999999999999999999999
 24 24 23 20 16 11  5  0 -4 -6 -5 -2  3  8 12 15 17 17 16 16 16 16 18 2124 125T3 044 241641 1799999999999999 912 -61949 1699999999999999
 23 25 25 23 20 15  9  4 -1 -4 -5 -3  1  5 10 14 16 17 16 15 14 14 15 1824 126T3 138 251652 1799999999999999 948 -52033 1499999999999999
 21 23 25 25 22 18 13  7  2 -2 -5 -4 -1  3  8 12 15 16 15 14 13 12 13 1424 127T3 225 2517 9 16999999999999991021 -52115 1299999999999999
 17 20 23 24 23 20 16 10  4  0 -4 -4 -3  1  5  9 13 15 15 13 12 11 10 1124 128T3 3 6 241728 15999999999999991051 -42157 1099999999999999
 13 16 19 21 22 20 17 12  7  2 -2 -4 -3 -1  3  7 11 13 14 13 11  9  8  824 129T3 345 221746 14999999999999991117 -42241  899999999999999
  9 11 15 17 19 18 16 13  8  4  0 -2 -3 -1  2  6 10 12 13 12 11  9  7  524 130T3 424 1918 2 13999999999999991139 -32328  599999999999999
  6  7  9 12 14 15 15 12  9  5  2  0 -1  0  2  6  9 11 13 12 11  9  6  424 131T3 5 4 151816 13999999999999991157 -1999999999999999999999
  3  3  5  7  9 11 12 11  9  6  4  2  1  1  3  6  9 11 13 13 12  9  7  424 2 1T3 552 121830 1399999999999999 018  31210  199999999999999
  2  1  2  3  5  7  8  8  8  7  5  4  3  3  5  7 10 12 14 14 13 11  8  524 2 2T3 656  81847 1499999999999999 115  11215  399999999999999
  3  1  0  0  1  2  4  6  6  7  6  6  6  6  7  9 11 13 15 15 15 13 11  724 2 3T3 850  719 9 1599999999999999 222  01156  699999999999999
  4  1 -1 -2 -2 -1  0  2  4  6  7  7  8  9  9 11 12 14 15 17 17 16 14 1124 2 4T31942 17999999999999999999999 339 -2999999999999999999999
  7  4  1 -2 -3 -4 -3 -2  1  3  6  8 10 11 12 13 14 15 16 17 18 18 17 1524 2 5T32034 18999999999999999999999 458 -4999999999999999999999
 12  8  4  1 -3 -5 -6 -5 -3  0  4  7 10 12 14 14 15 16 16 18 19 20 20 1924 2 6T32144 20999999999999999999999 6 7 -6999999999999999999999
 17 13  9  5  0 -4 -6 -8 -7 -4  0  4  8 12 14 15 16 16 16 17 18 20 22 2224 2 7T323 0 22999999999999999999999 7 6 -8999999999999999999999
 21 19 15 10  5 -1 -5 -8-10 -8 -5  0  5 10 13 15 16 15 15 15 16 18 20 2324 2 8T316 0 16999999999999999999999 758-101838 1599999999999999
 24 24 21 17 11  4 -2 -7-10-11 -9 -4  1  7 11 14 15 15 14 13 13 14 16 2024 2 9T3 015 2416 4 1599999999999999 845-111942 1299999999999999
 23 25 25 23 17 11  4 -3 -9-12-12 -9 -3  3  8 12 14 14 12 11  9  9 11 1524 210T3 125 261619 1499999999999999 929-122038  999999999999999
 19 23 25 25 22 17 10  2 -5-10-12-11 -7 -1  5 10 13 13 12  9  7  5  5  724 211T3 228 261639 13999999999999991010-122132  599999999999999
 12 17 21 24 24 21 15  8  1 -5 -9-11 -8 -3  2  8 12 13 12  9  6  3  1  124 212T3 327 2417 3 13999999999999991049-112228  199999999999999
  4  9 14 18 21 21 17 12  6  0 -5 -7 -7 -4  1  6 11 13 13 11  7  3 -1 -324 213T3 424 211728 13999999999999991125 -82325 -399999999999999
 -2  0  5 10 14 16 16 14 10  5  0 -3 -4 -3  1  6 10 13 14 13  9  5  1 -324 214T3 525 171754 14999999999999991157 -4999999999999999999999
 -5 -5 -3  1  6  9 12 12 10  7  4  2  0  1  3  6 10 13 15 14 12  8  4 -124 215T3 634 121821 1599999999999999 027 -61222  099999999999999
 -4 -7 -7 -5 -2  2  5  7  8  7  6  5  4  4  6  8 11 13 15 16 15 12  8  424 216T3 810  81848 1699999999999999 135 -71230  499999999999999
 -1 -4 -7 -7 -7 -4 -1  1  4  5  6  7  7  8  8 10 12 14 15 16 16 15 12  824 217T31918 16999999999999999999999 254 -8999999999999999999999
  4  0 -4 -6 -8 -7 -6 -4 -1  2  4  6  8  9 11 12 13 14 15 16 17 16 15 1224 218T31959 17999999999999999999999 423 -8999999999999999999999
  9  5  1 -2 -5 -7 -8 -7 -4 -1  2  5  8 10 12 13 13 14 15 16 16 17 16 1524 219T321 3 17999999999999999999999 548 -8999999999999999999999
 13 10  6  2 -2 -5 -7 -8 -7 -4 -1  3  7 10 12 13 13 14 14 14 15 16 17 1724 220T32230 17999999999999999999999 653 -8999999999999999999999
 16 14 11  7  3 -1 -5 -7 -8 -6 -3  1  5  9 11 12 13 13 13 13 13 14 16 1724 221T32353 17999999999999999999999 742 -8999999999999999999999
 17 17 15 11  7  2 -2 -6 -8 -7 -5 -1  3  7 10 12 12 12 11 11 11 12 14 1624 222T31554 12999999999999999999999 821 -81925 1199999999999999
 17 18 17 15 10  6  1 -4 -7 -8 -7 -3  1  5  9 11 11 11 10  9  8  9 11 1324 223T3 056 181551 1199999999999999 855 -820 2  899999999999999
 16 18 18 17 13  9  3 -2 -6 -8 -8 -5 -1  3  7 10 11 10  9  7  6  5  7 1024 224T3 145 1816 0 1199999999999999 926 -82038  599999999999999
 13 16 17 17 15 11  6  1 -4 -7 -8 -6 -3  1  5  9 10  9  8  6  4  3  3  524 225T3 227 181612 1099999999999999 952 -82115  399999999999999
  9 12 15 16 15 12  8  3 -2 -5 -7 -7 -4  0  4  8  9  9  8  5  3  1  0  124 226T3 3 6 161625  9999999999999991016 -72153  099999999999999
  4  8 11 14 14 13  9  5  0 -3 -6 -6 -4  0  3  7  9  9  8  5  2  0 -2 -224 227T3 345 141637  9999999999999991036 -62231 -299999999999999
  0  3  7 10 12 12 10  6  3 -1 -3 -4 -3  0  4  7  9 10  9  6  3  0 -3 -424 228T3 426 121649 10999999999999991053 -42311 -499999999999999
 -3 -1  2  6  8 10  9  7  4  2 -1 -2 -1  1  4  8 10 11 10  8  4  1 -2 -524 229T3 511 1017 1 119999999999999911 8 -22353 -599999999999999
 -5 -4 -2  2  5  7  8  7  6  4  2  1  1  3  6  9 11 12 12 10  7  3 -1 -424 3 1T3 6 5  81714 12999999999999991118  1999999999999999999999
 -5 -6 -4 -2  1  4  5  6  6  5  5  4  4  5  7 10 12 14 14 12 10  6  2 -124 3 2T3 721  61731 1499999999999999 040 -61115  499999999999999
 -4 -6 -6 -5 -3  0  2  4  5  6  6  6  7  8  9 11 13 15 15 15 12  9  6  224 3 3T31755 15999999999999999999999 137 -6999999999999999999999
 -1 -4 -6 -6 -5 -3 -1  1  3  5  7  8  9 10 11 12 14 15 16 16 15 13 10  624 3 4T31830 16999999999999999999999 248 -6999999999999999999999
  2 -1 -4 -6 -6 -6 -5 -3  0  3  5  8 10 11 12 13 14 15 16 16 16 16 14 1124 3 5T31934 17999999999999999999999 417 -7999999999999999999999
  7  4  0 -4 -6 -8 -8 -7 -4 -1  3  6  9 11 12 13 13 14 14 15 16 17 16 1524 3 6T32114 17999999999999999999999 542 -8999999999999999999999
 13  9  5  0 -4 -7-10-10 -9 -6 -1  3  7 10 11 12 12 12 12 12 14 15 17 1724 3 7T32258 17999999999999999999999 647-10999999999999999999999
 17 14 11  6  0 -5 -9-12-12-10 -6 -1  4  8 10 11 10  9  9  8  9 11 14 1724 3 8T31459 11999999999999999999999 739-121855  899999999999999
 18 18 16 11  6  0 -6-10-13-13-10 -5  1  5  9 10  9  8  6  4  3  5  8 1224 3 9T3 025 1815 4 1099999999999999 823-131949  399999999999999
 16 19 19 16 12  5 -1 -7-11-13-12 -8 -2  3  7 10  9  7  4  1 -1 -2  1  524 310T3 136 191519 1099999999999999 9 4-132040 -299999999999999
 10 15 18 18 16 11  5 -2 -7-11-11 -9 -4  1  6 10 10  8  4  0 -4 -6 -6 -324 311T3 237 191540 1099999999999999 942-122131 -799999999999999
  2  8 13 16 17 14  9  4 -2 -6 -9 -8 -4  1  6 10 11 10  7  2 -3 -8-10-1024 312T3 336 1716 2 11999999999999991016 -92223-1099999999999999
 -6 -1  5 11 14 14 12  8  4 -1 -4 -5 -3  1  6 10 13 12 10  5  0 -6-10-1224 313T3 437 141627 13999999999999991048 -52317-1399999999999999
-12 -8 -3  3  8 11 11 10  7  4  1  0  1  3  7 11 14 14 13  9  4 -1 -7-1124 314T3 545 111652 14999999999999991115  0999999999999999999999
-13-12 -9 -4  1  5  8  9  8  7  5  4  4  6  8 12 14 16 15 13  9  4 -2 -624 315T3 7 7  91716 1699999999999999 014-131130  499999999999999
-10-12-11 -9 -5 -1  3  5  7  7  7  7  8  8 10 12 15 16 16 15 12  9  4 -124 316T31741 16999999999999999999999 116-12999999999999999999999
 -5 -8-10-10 -8 -5 -2  1  4  6  7  8  9 10 12 13 14 16 16 16 14 12  9  524 317T318 8 16999999999999999999999 227-10999999999999999999999
  1 -3 -6 -8 -8 -7 -5 -3  0  3  6  8 10 11 12 13 14 15 15 15 15 14 12  924 318T31846 15999999999999999999999 352 -8999999999999999999999
  6  3 -1 -4 -6 -7 -7 -5 -3  0  4  7  9 11 12 13 13 13 13 14 14 14 13 1224 319T32018 14999999999999999999999 520 -7999999999999999999999
 10  7  4  1 -3 -5 -7 -7 -5 -2  1  5  8 10 11 12 12 11 11 11 12 12 13 1324 320T31523 122233 1399999999999999 627 -71816 1199999999999999
 12 10  8  4  1 -3 -6 -7 -6 -4 -1  2  6  9 10 10 10  9  8  8  9 10 11 1224 321T31453 10999999999999999999999 715 -71856  899999999999999
 13 12 10  7  3 -1 -4 -7 -7 -6 -3  0  4  7  9  9  8  7  6  5  5  6  8 1024 322T3 0 0 131444  999999999999999 752 -71928  599999999999999
 12 13 12  9  6  2 -2 -6 -7 -7 -5 -2  2  6  8  8  7  6  4  2  1  2  4  724 323T3 056 131447  899999999999999 822 -81959  199999999999999
 10 12 12 11  8  4  0 -4 -7 -7 -6 -3  1  5  7  8  7  5  2  0 -2 -2  0  324 324T3 142 121455  899999999999999 848 -72032 -299999999999999
  7 10 11 11  9  6  2 -2 -5 -7 -6 -3  0  4  7  8  7  5  2 -1 -4 -5 -4 -124 325T3 224 1115 4  899999999999999 910 -721 5 -599999999999999
  3  6  9 11 10  7  4  0 -3 -5 -5 -3  0  4  7  9  8  6  3 -1 -4 -7 -7 -524 326T3 3 6 111514  999999999999999 930 -52139 -799999999999999
 -2  3  7  9 10  9  6  3  0 -2 -3 -1  1  5  8 10 10  8  4  0 -4 -7 -9 -824 327T3 349 101526 1099999999999999 949 -32214 -999999999999999
 -5 -1  3  7  9  9  8  6  3  1  0  1  3  6  9 11 12 10  7  3 -2 -6 -8 -924 328T3 436 101540 129999999999999910 7  02251 -999999999999999
 -8 -4  0  4  7  9  9  8  6  4  3  3  5  8 11 13 14 13 10  6  1 -3 -7 -924 329T3 530  91555 14999999999999991023  32331 -999999999999999
 -9 -7 -3  1  5  7  9  9  8  7  6  6  7  9 12 15 16 15 13  9  5  0 -4 -724 330T3 635  91614 16999999999999991034  6999999999999999999999
 -8 -8 -6 -2  1  5  7  9  9  9  9  9 10 11 13 15 17 17 16 13  9  4  0 -424 331T31637 17999999999999999999999 016 -8999999999999999999999
 -6 -7 -7 -5 -2  1  4  7  8  9 10 11 11 12 14 16 17 18 17 15 12  9  4  024 4 1T317 6 18999999999999999999999 110 -7999999999999999999999
 -3 -5 -7 -6 -5 -2  0  3  6  8 10 11 12 13 14 15 16 17 17 17 15 12  9  524 4 2T31749 17999999999999999999999 219 -7999999999999999999999
  1 -2 -5 -6 -7 -6 -4 -1  2  5  8 10 12 13 13 14 14 15 16 16 16 15 12 1024 4 3T31911 16999999999999999999999 345 -7999999999999999999999
  6  2 -2 -5 -7 -8 -7 -5 -2  1  5  8 10 11 12 12 12 12 12 13 14 15 14 1324 4 4T32115 15999999999999999999999 510 -8999999999999999999999
 11  7  3 -1 -5 -8 -9 -9 -6 -3  1  5  8 10 10 10  9  8  7  8  9 12 13 1424 4 5T31341 102311 1499999999999999 615 -918 1  799999999999999
 14 12  8  3 -1 -5 -9-10 -9 -6 -2  3  7  9  9  8  6  4  2  2  3  5  9 1224 4 6T31343  9999999999999999999999 7 6-101856  299999999999999
 14 14 12  8  4 -1 -6 -9 -9 -8 -4  1  5  8  9  8  6  2 -1 -3 -4 -2  2  724 4 7T3 036 141356  999999999999999 749 -91945 -499999999999999
 11 14 15 13  9  4 -1 -5 -7 -7 -4  0  5  9 11 10  7  3 -2 -6 -9 -9 -6 -124 4 8T3 144 151414 1199999999999999 827 -82034 -999999999999999
  5 10 13 14 13  9  5  0 -3 -5 -3  0  5  9 12 12 10  6  0 -6-10-13-13 -924 4 9T3 248 141437 1399999999999999 9 3 -52123-1399999999999999
 -3  3  9 13 14 12  9  6  2  0  0  2  6 10 14 15 14 10  4 -2 -8-13-15-1424 410T3 352 1415 1 1599999999999999 936 -12213-1599999999999999
-10 -4  3  8 12 13 12 10  7  5  4  5  7 11 15 17 17 14 10  4 -3 -9-13-1524 411T3 5 1 131527 179999999999999910 5  423 4-1599999999999999
-14-10 -4  3  8 11 12 12 11  9  8  8 10 13 16 18 19 18 15  9  3 -3 -8-1224 412T3 616 121554 19999999999999991027  82357-1399999999999999
-13-12 -8 -3  3  7 10 12 12 12 11 11 12 14 16 19 20 20 18 14  9  4 -2 -624 413T3 745 121622 20999999999999991032 11999999999999999999999
 -9-10 -9 -6 -1  3  7 10 11 12 13 13 14 15 16 18 20 20 19 17 14  9  5  024 414T31650 20999999999999999999999 054-10999999999999999999999
 -4 -6 -7 -6 -4  0  3  7  9 11 13 14 14 15 16 17 18 19 19 18 16 13  9  624 415T31720 19999999999999999999999 158 -7999999999999999999999
  2 -1 -3 -4 -4 -2  0  3  6  9 11 13 14 15 15 16 16 16 17 16 16 14 12 1024 416T318 2 17999999999999999999999 311 -4999999999999999999999
  7  3  1 -2 -3 -3 -2  1  3  6  9 11 13 14 14 14 14 14 14 14 14 14 13 1224 417T317 3 14999999999999999999999 430 -3999999999999999999999
  9  7  4  1 -1 -2 -2 -1  1  4  7 10 11 12 12 12 11 10 10 10 11 11 12 1224 418T31333 122220 1299999999999999 536 -318 8 1099999999999999
 11  9  6  4  1 -1 -3 -2 -1  2  5  8 10 11 11 10  9  7  6  6  7  8 10 1124 419T31324 112346 1199999999999999 624 -31842  699999999999999
 11 10  8  6  3  0 -2 -3 -2  0  3  6  9 10 10  9  7  5  3  2  3  4  6  824 420T31324 10999999999999999999999 7 0 -31913  299999999999999
 10 10  9  7  5  2 -1 -2 -2  0  2  5  8 10 10  8  6  3  1 -1 -1  0  2  524 421T3 046 101330 1099999999999999 728 -21943 -199999999999999
  8 10 10  9  7  4  1 -1 -1  0  2  5  8 10 10  9  6  3  0 -3 -5 -4 -2  224 422T3 137 101338 1099999999999999 751 -12014 -599999999999999
  6  9 10 10  9  6  4  2  1  1  3  6  9 11 12 11  8  4  0 -4 -6 -7 -5 -224 423T3 225 101349 1299999999999999 813  12045 -799999999999999
  3  7 10 11 11  9  7  5  3  3  5  7 10 13 14 13 10  6  2 -3 -6 -8 -8 -524 424T3 314 1114 3 1499999999999999 835  32118 -899999999999999
 -1  4  9 11 12 12 10  8  7  6  7  9 12 15 16 16 14 10  5  0 -4 -8 -9 -724 425T3 4 5 121420 1799999999999999 858  62154 -999999999999999
 -3  1  7 11 13 14 13 12 10  9  9 11 14 17 19 19 17 14  9  4 -1 -5 -8 -824 426T3 459 141441 1999999999999999 922  92232 -899999999999999
 -5 -1  4  9 12 14 15 14 13 12 12 13 15 18 20 22 21 18 14  9  3 -2 -5 -724 427T3 558 1515 6 2299999999999999 943 122315 -799999999999999
 -6 -3  1  6 10 13 15 16 15 15 15 15 17 19 21 23 23 21 18 13  8  3 -1 -424 428T3 7 7 161535 2399999999999999 956 15999999999999999999999
 -6 -5 -2  2  7 10 13 15 16 16 16 16 17 19 21 23 24 23 21 17 13  8  3 -124 429T31610 24999999999999999999999 0 3 -6999999999999999999999
 -3 -4 -3 -1  3  7 10 13 15 16 16 17 17 18 20 21 23 23 22 20 17 12  8  324 430T31653 23999999999999999999999 059 -4999999999999999999999
  0 -3 -4 -3 -1  2  6  9 12 14 15 16 17 17 18 19 20 21 21 20 19 16 12  824 5 1T31754 21999999999999999999999 2 4 -4999999999999999999999
  4  0 -2 -3 -3 -1  2  5  9 12 14 15 15 15 15 15 15 16 17 18 18 17 15 1224 5 2T31933 18999999999999999999999 316 -3999999999999999999999
  8  4  1 -2 -3 -3 -1  2  5  9 12 13 14 14 13 12 11 11 11 13 14 15 16 1424 5 3T312 3 142137 1699999999999999 427 -31641 1199999999999999
 12  9  5  2 -1 -3 -3 -1  2  6 10 12 13 13 11  9  7  6  5  6  8 11 13 1524 5 4T31211 132324 1599999999999999 528 -31751  599999999999999
 14 12  9  6  3  0 -1 -1  1  5  9 12 14 14 12  9  5  2  0 -1  1  4  8 1224 5 5T31226 14999999999999999999999 618 -21846 -199999999999999
 14 15 13 10  7  4  2  1  2  5  8 12 15 15 14 10  6  1 -3 -6 -6 -3  1  624 5 6T3 046 151246 1699999999999999 7 2  11935 -699999999999999
 11 14 15 14 12  9  6  5  4  6  9 13 16 18 17 14  9  3 -2 -7-10 -9 -6 -124 5 7T3 2 0 1513 9 1899999999999999 741  42024-1099999999999999
  6 11 15 16 16 14 11  9  8  8 11 14 18 20 21 18 14  8  1 -5 -9-12-11 -624 5 8T3 311 161336 2199999999999999 816  82112-1299999999999999
  0  6 12 16 17 17 16 14 12 12 13 16 19 22 24 23 19 14  8  1 -5-10-11-1024 5 9T3 422 1714 6 2499999999999999 848 1222 0-1199999999999999
 -5  1  8 13 17 18 18 17 16 15 16 17 20 23 26 26 24 20 14  8  1 -5 -8 -924 510T3 530 191438 2699999999999999 916 152249 -999999999999999
 -7 -3  3  9 14 18 19 19 19 18 18 19 21 24 26 27 27 24 20 14  8  2 -3 -624 511T3 636 191513 2799999999999999 937 182340 -699999999999999
 -6 -4  1  6 11 15 18 20 20 20 20 20 21 23 25 27 27 26 24 20 14  9  4  024 512T31549 289999999999999999999999999999999999999999999999999
 -2 -3  0  3  8 12 16 18 20 20 20 21 21 22 24 25 26 26 25 22 19 14 10  524 513T31627 26999999999999999999999 032 -3999999999999999999999
  2  0  1  2  6  9 13 16 18 19 20 20 20 21 22 23 24 24 24 23 21 17 14 1024 514T31710 24999999999999999999999 127  0999999999999999999999
  7  4  3  3  4  7 10 13 16 17 19 19 19 19 19 20 20 21 21 21 20 18 16 1324 515T318 6 21999999999999999999999 224  3999999999999999999999
 10  7  5  4  4  5  8 10 13 15 17 18 18 18 17 17 17 17 17 18 18 17 16 1424 516T31143 181939 1899999999999999 323  41557 1799999999999999
 12  9  7  6  5  5  6  8 11 14 15 17 17 16 15 14 13 13 13 13 14 15 15 1424 517T31142 172145 1599999999999999 418  51723 1399999999999999
 13 11  9  7  6  5  6  7 10 12 14 16 16 15 14 12 10  9  8  9 10 11 13 1324 518T31147 162323 1399999999999999 5 2  518 8  899999999999999
 13 12 11  9  7  6  6  7  9 12 14 16 16 15 14 11  9  6  5  5  5  7 10 1224 519T31153 16999999999999999999999 538  61843  499999999999999
 13 13 12 11 10  8  8  8 10 12 14 16 17 16 14 12  8  5  3  1  2  4  6 1024 520T3 037 1312 3 1799999999999999 6 8  81915  199999999999999
 12 14 14 13 12 11 10 10 11 13 15 18 19 19 17 13 10  6  2  0 -1  0  3  724 521T3 143 141217 1999999999999999 636 101948 -199999999999999
 11 14 16 16 15 14 13 12 13 15 17 20 21 21 20 17 12  8  3  0 -2 -2  1  524 522T3 244 161237 2299999999999999 7 6 122021 -299999999999999
  9 14 17 18 18 18 16 15 15 16 19 21 24 25 24 21 17 12  6  2 -1 -3 -1  224 523T3 340 1813 1 2599999999999999 737 152058 -399999999999999
  7 12 17 19 21 21 20 19 18 19 20 23 26 28 27 25 22 17 11  6  1 -2 -2  024 524T3 431 211330 2899999999999999 8 9 182138 -299999999999999
  5 10 15 19 22 23 23 22 21 21 22 24 27 29 30 30 27 22 16 11  5  1 -1 -124 525T3 520 2314 4 3099999999999999 839 212221 -199999999999999
  2  7 12 17 21 23 24 24 23 23 23 25 27 30 32 32 31 27 22 16 10  5  2  024 526T3 611 241442 3299999999999999 9 7 2323 9  099999999999999
  1  4  9 14 19 22 24 25 24 24 24 25 26 29 31 33 33 31 27 22 16 10  5  224 527T3 7 7 251524 3399999999999999 934 242359  199999999999999
  1  2  6 10 15 19 22 24 24 24 24 24 25 27 29 31 32 32 30 26 21 15 10  624 528T31613 329999999999999999999999999999999999999999999999999
  3  2  3  7 11 15 19 21 23 23 23 23 23 24 25 27 29 30 30 28 24 20 15 1024 529T31712 30999999999999999999999 052  2999999999999999999999
  6  4  3  4  7 11 15 18 21 22 22 22 21 21 21 22 24 26 27 27 25 22 18 1424 530T3 946 221826 2799999999999999 147  31311 2199999999999999
 10  7  5  4  6  8 12 16 19 21 21 21 20 19 18 17 18 19 21 22 23 22 20 1824 531T310 7 2120 3 2399999999999999 242  41455 1799999999999999
 14 11  8  6  6  7 10 14 17 20 21 21 20 18 15 13 12 12 14 16 18 19 20 1924 6 1T31028 212157 2099999999999999 337  61626 1299999999999999
 17 15 12 10  9  9 10 13 16 19 21 22 21 18 15 12  9  7  7  8 11 14 17 1924 6 2T31050 222341 1999999999999999 430  81736  799999999999999
 19 18 16 14 12 12 12 14 16 20 22 24 23 21 17 12  8  4  2  2  4  8 12 1624 6 3T31115 24999999999999999999999 518 111834  299999999999999
 19 20 19 18 17 16 15 16 18 21 24 26 26 25 21 16 11  5  1 -1 -1  2  6 1124 6 4T3 115 201142 2699999999999999 6 2 151925 -199999999999999
 16 20 21 22 21 20 19 19 20 22 25 28 29 29 26 21 15  9  4 -1 -3 -2  1  724 6 5T3 243 221214 2999999999999999 642 192015 -399999999999999
 13 18 21 23 24 23 23 22 22 24 26 29 31 32 31 27 22 15  9  3 -1 -3 -1  324 6 6T3 355 241249 3299999999999999 719 2221 3 -399999999999999
  9 15 20 24 26 26 26 25 25 25 27 30 33 34 34 32 28 22 16  9  4  0 -1  124 6 7T3 451 261328 3599999999999999 754 252150 -199999999999999
  6 12 18 22 26 27 28 27 27 27 28 30 32 35 36 36 33 29 23 16 10  5  2  224 6 8T3 539 281411 3699999999999999 827 272237  299999999999999
  4  9 15 20 24 27 28 28 28 28 28 29 31 34 36 37 36 33 28 23 17 11  7  524 6 9T3 624 281455 3799999999999999 9 1 282324  499999999999999
  5  8 12 17 22 26 28 28 28 28 28 28 30 32 34 36 36 35 32 27 22 17 12  924 610T31541 369999999999999999999999999999999999999999999999999
  7  8 11 15 19 23 26 27 28 28 27 27 28 29 31 33 34 34 33 30 26 21 16 1324 611T31627 34999999999999999999999 010  7999999999999999999999
 10  9 10 13 17 20 24 26 27 27 27 26 26 27 28 29 31 31 31 30 27 23 19 1624 612T3 842 271714 3199999999999999 054  91143 2699999999999999
 13 11 11 12 15 18 21 24 25 26 26 25 24 24 24 25 26 27 28 27 26 24 21 1824 613T3 914 2618 7 2899999999999999 134 1113 8 2499999999999999
 15 13 12 13 14 17 19 22 24 25 25 24 23 22 21 21 22 22 23 24 24 23 21 1924 614T3 935 251919 2499999999999999 211 121445 2199999999999999
 17 15 14 14 14 16 18 21 23 24 24 24 22 21 19 18 18 18 18 19 20 21 20 1924 615T3 950 2421 8 2199999999999999 242 141616 1899999999999999
 18 17 16 15 16 17 18 21 23 24 25 24 23 21 18 16 15 14 14 15 16 18 19 2024 616T310 3 2523 6 2099999999999999 3 9 151718 1499999999999999
 19 19 18 17 17 18 19 21 23 25 26 26 24 22 19 16 13 11 11 11 13 15 17 1924 617T31018 26999999999999999999999 338 1718 3 1199999999999999
 20 21 20 20 20 20 21 22 24 26 28 28 27 24 21 17 14 11  9  9 10 12 15 1824 618T3 056 211039 2899999999999999 414 201842  899999999999999
 21 22 23 23 23 23 23 24 26 28 30 31 30 28 24 20 16 12  9  7  7 10 13 1724 619T311 6 319999999999999999999991921  7999999999999999999999
 21 24 25 26 26 26 25 26 27 29 32 33 34 32 29 25 20 15 11  8  6  8 11 1524 620T3 328 261140 3499999999999999 554 2520 1  699999999999999
 20 24 27 28 29 29 28 28 29 31 33 35 37 36 34 30 25 20 14 10  7  6  8 1224 621T3 4 6 291218 3799999999999999 641 282044  699999999999999
 17 22 27 30 31 31 31 30 30 31 34 36 39 40 39 36 31 26 20 14  9  7  7 1024 622T3 441 3113 1 4099999999999999 723 302129  799999999999999
 14 20 25 29 31 32 32 32 31 32 33 36 39 41 42 40 37 32 26 19 14  9  7  824 623T3 517 321349 4299999999999999 8 4 312216  799999999999999
 11 16 22 26 30 32 33 32 32 32 32 34 37 40 43 43 41 37 32 25 19 13  9  824 624T3 554 331440 4399999999999999 848 3223 4  899999999999999
  9 13 18 23 27 31 32 32 32 31 31 32 34 37 40 42 43 41 36 31 24 18 13  924 625T3 631 321535 4399999999999999 942 312351  899999999999999
  8 10 14 19 24 28 31 31 31 30 29 29 30 32 36 39 40 40 38 34 29 23 17 1324 626T3 7 7 311634 41999999999999991048 29999999999999999999999
 10 10 12 16 20 25 28 30 30 30 28 27 27 27 29 32 35 37 37 35 32 27 22 1724 627T3 741 301737 3799999999999999 037 1012 2 2799999999999999
 14 12 12 14 18 22 26 29 30 29 28 26 24 23 24 25 28 30 32 33 32 29 25 2124 628T3 812 301851 3399999999999999 121 111321 2399999999999999
 18 15 14 15 18 21 25 28 30 30 29 27 24 21 20 19 20 22 25 27 28 28 27 2424 629T3 842 302026 2899999999999999 2 4 141446 1999999999999999
 22 19 18 18 19 21 24 28 30 31 30 28 25 22 19 16 15 16 17 20 23 25 26 2624 630T3 911 312223 2699999999999999 243 181610 1599999999999999
 25 23 22 21 22 23 25 28 31 32 33 31 28 24 20 16 13 11 12 14 16 20 23 2524 7 1T3 942 33999999999999999999999 321 211723 1199999999999999
 26 26 26 25 25 26 27 29 32 34 35 34 32 29 24 19 14 11  9  9 11 15 19 2324 7 2T3 037 261015 3599999999999999 356 251826  999999999999999
 26 28 28 29 29 29 29 30 33 35 37 37 36 33 29 24 19 14 10  8  8 11 15 2024 7 3T31054 379999999999999999999991921  8999999999999999999999
 24 28 30 31 31 31 31 32 33 36 38 40 40 38 35 30 24 19 13 10  8  9 12 1724 7 4T31137 409999999999999999999992011  8999999999999999999999
 22 27 30 32 33 33 33 33 34 36 38 40 42 42 40 36 31 25 19 14 10  9 11 1424 7 5T31225 429999999999999999999992058  9999999999999999999999
 20 25 29 33 34 35 34 34 34 35 37 40 42 44 43 41 37 31 25 19 15 11 11 1324 7 6T31316 449999999999999999999992143 11999999999999999999999
 17 22 28 32 34 35 35 35 34 35 36 38 41 44 45 44 41 37 31 25 20 15 13 1324 7 7T3 515 3514 8 4599999999999999 8 7 342225 1299999999999999
 16 20 25 30 33 35 35 35 34 34 34 36 39 42 44 44 43 40 36 30 24 19 16 1424 7 8T3 541 351457 4499999999999999 856 3423 6 1499999999999999
 15 18 23 27 31 34 35 34 34 33 33 34 35 38 41 43 43 42 38 33 28 23 19 1624 7 9T3 6 9 351543 4399999999999999 947 332342 1699999999999999
 16 17 21 25 29 32 34 34 33 32 31 31 32 34 37 39 40 40 38 35 31 26 22 1924 710T3 638 341626 41999999999999991039 31999999999999999999999
 17 18 20 23 27 30 32 33 33 32 30 30 29 30 32 35 36 37 37 35 31 28 24 2124 711T3 7 5 331710 3799999999999999 015 171135 2999999999999999
 19 19 20 23 26 29 31 32 32 31 30 28 27 27 28 30 31 33 33 33 31 28 26 2324 712T3 727 321759 3399999999999999 042 191238 2799999999999999
 21 20 21 23 25 28 30 32 32 31 30 28 26 25 25 25 27 28 29 30 29 28 26 2524 713T3 744 3219 5 3099999999999999 1 2 201349 2599999999999999
 23 22 23 24 26 28 30 32 33 32 31 29 26 24 23 22 23 24 25 26 27 27 27 2624 714T3 8 1 332050 2799999999999999 117 2215 7 2299999999999999
 25 25 25 26 27 29 31 33 34 34 32 30 28 25 22 21 20 20 21 23 24 26 27 2724 715T3 822 34999999999999999999999 124 251619 2099999999999999
 27 27 27 28 29 30 32 34 35 36 35 33 30 27 24 21 19 18 18 19 22 24 26 2824 716T3 849 369999999999999999999991719 18999999999999999999999
 29 30 30 31 31 32 34 35 37 38 38 36 34 30 27 23 20 17 17 17 19 22 25 2824 717T3 926 389999999999999999999991811 16999999999999999999999
 30 32 33 33 34 34 35 36 38 40 40 40 38 35 31 27 22 19 16 15 16 19 23 2724 718T31010 4099999999999999999999919 0 15999999999999999999999
 30 33 35 36 36 36 36 37 39 41 42 43 42 40 36 32 27 22 18 15 15 16 20 2424 719T311 1 439999999999999999999991948 15999999999999999999999
 29 33 35 37 38 37 37 38 39 41 43 45 46 45 42 38 32 27 21 17 14 14 16 2124 720T31156 469999999999999999999992035 14999999999999999999999
 26 31 35 37 38 38 38 38 38 39 42 45 47 48 47 44 39 33 26 20 16 13 14 1724 721T3 425 381254 4899999999999999 658 382122 1399999999999999
 22 27 32 36 38 38 38 37 37 37 39 43 46 49 50 48 45 39 32 25 19 15 13 1424 722T3 445 381353 5099999999999999 755 3722 7 1399999999999999
 18 23 29 33 37 38 37 36 35 35 36 38 42 46 49 50 48 44 38 31 24 18 14 1324 723T3 5 9 381452 5099999999999999 853 352250 1399999999999999
 15 20 25 30 34 37 37 36 34 33 32 33 36 41 45 47 48 46 42 36 29 23 18 1524 724T3 535 371550 4899999999999999 954 322332 1599999999999999
 15 18 22 28 32 35 36 36 34 32 30 29 30 33 38 42 44 45 43 39 34 28 23 1924 725T3 6 2 361649 45999999999999991057 29999999999999999999999
 17 18 21 26 30 34 36 36 34 32 29 27 26 27 30 34 37 40 41 39 36 32 28 2424 726T3 630 361753 4199999999999999 011 1712 3 2699999999999999
 21 20 22 25 29 33 36 37 36 34 30 27 24 23 23 26 29 32 35 36 36 34 31 2824 727T3 7 0 371912 3699999999999999 047 201314 2399999999999999
 26 24 25 27 30 33 36 38 38 36 33 29 26 22 21 20 22 25 28 30 32 33 32 3124 728T3 731 382059 3399999999999999 119 241433 2099999999999999
 30 29 29 29 31 34 37 39 40 39 37 33 29 25 21 19 18 19 21 24 27 30 31 3224 729T3 8 4 40999999999999999999999 143 281557 1899999999999999
 32 32 32 33 34 35 37 39 41 41 40 37 34 29 25 21 18 17 17 19 22 25 29 3124 730T3 843 419999999999999999999991716 17999999999999999999999
 33 34 35 35 36 37 38 40 42 43 43 41 39 35 30 25 21 18 16 16 18 22 26 2924 731T3 931 439999999999999999999991825 16999999999999999999999
 33 35 36 37 38 38 39 40 42 43 44 44 43 40 36 31 26 22 18 16 17 19 23 2724 8 1T31027 449999999999999999999991922 16999999999999999999999
 31 35 37 38 39 39 39 39 41 43 45 46 46 44 41 37 32 27 22 18 17 18 20 2524 8 2T31128 469999999999999999999992010 17999999999999999999999
 29 33 37 38 39 39 39 39 39 41 43 46 47 47 45 42 37 32 26 22 18 17 19 2324 8 3T31230 479999999999999999999992053 17999999999999999999999
 27 32 36 38 39 39 38 38 38 39 41 44 46 48 48 46 42 37 31 26 21 19 18 2124 8 4T3 414 391326 4899999999999999 727 382132 1899999999999999
 25 30 34 37 39 39 38 37 36 37 38 41 44 47 48 48 45 40 35 29 24 21 19 2024 8 5T3 427 391415 4899999999999999 814 3622 7 1999999999999999
 23 27 32 36 38 38 37 36 35 34 35 37 41 44 46 47 46 43 38 33 27 23 20 2024 8 6T3 445 381459 4799999999999999 859 342239 2099999999999999
 22 26 30 34 36 37 37 36 34 33 33 34 36 40 43 45 45 43 40 35 30 26 22 2124 8 7T3 5 5 371539 4599999999999999 943 3223 6 2199999999999999
 22 25 28 32 35 37 37 35 33 32 31 31 32 35 38 41 42 42 40 36 32 28 25 2324 8 8T3 525 371620 42999999999999991028 302329 2299999999999999
 23 25 28 31 34 36 36 35 33 31 30 29 29 31 33 36 38 39 39 36 33 30 27 2524 8 9T3 541 3617 3 39999999999999991115 282347 2499999999999999
 25 26 28 31 34 36 37 36 34 32 29 28 27 27 29 32 34 36 36 35 34 31 29 2724 810T3 555 371754 369999999999999912 6 27999999999999999999999
 27 27 29 32 35 37 37 37 35 33 30 28 26 25 26 28 30 32 33 34 33 32 31 3024 811T3 6 9 3719 4 3499999999999999 0 0 2713 2 2599999999999999
 29 30 31 33 36 38 39 38 37 35 32 29 27 25 24 25 26 28 30 31 32 33 32 3224 812T3 626 39999999999999999999999 0 6 2914 6 2499999999999999
 32 32 33 35 37 39 40 40 39 38 35 32 29 26 25 24 24 25 27 29 30 32 33 3424 813T3 650 409999999999999999999991520 24999999999999999999999
 34 35 36 37 38 40 41 42 42 41 38 36 32 29 26 24 23 23 24 26 28 30 33 3524 814T3 726 429999999999999999999991636 23999999999999999999999
 36 37 38 38 39 40 42 43 43 43 42 40 37 33 30 26 24 22 22 23 25 28 31 3424 815T3 819 439999999999999999999991746 22999999999999999999999
 36 38 39 40 40 41 42 43 44 45 45 44 41 38 34 30 26 23 21 20 22 24 28 3224 816T3 928 459999999999999999999991845 20999999999999999999999
 36 38 40 41 41 41 41 42 44 45 47 47 46 43 39 35 30 25 21 19 19 21 24 2924 817T31041 479999999999999999999991936 18999999999999999999999
 33 37 39 40 40 40 40 40 42 44 46 48 49 48 45 40 35 29 24 19 17 17 20 2524 818T31153 499999999999999999999992023 17999999999999999999999
 30 34 38 40 40 39 38 38 38 40 43 47 50 51 49 46 41 34 28 22 18 16 17 2124 819T3 337 4013 1 5199999999999999 7 6 3821 6 1699999999999999
 26 31 36 38 39 38 37 35 35 35 38 42 47 50 51 50 46 40 33 26 21 17 16 1824 820T3 351 3914 3 5199999999999999 8 4 352146 1699999999999999
 23 28 33 37 38 38 36 34 32 31 32 35 40 45 49 50 49 45 38 32 25 20 17 1824 821T3 410 3815 1 5099999999999999 859 312225 1799999999999999
 21 26 31 35 38 38 36 33 30 28 27 28 32 38 43 46 48 46 42 37 31 25 21 2024 822T3 432 381559 4899999999999999 956 2723 2 2099999999999999
 21 25 30 35 38 39 38 35 31 27 25 24 25 29 34 39 43 44 43 40 35 31 26 2424 823T3 457 3917 1 44999999999999991054 242336 2399999999999999
 24 26 30 34 38 40 40 37 34 29 25 22 21 23 26 31 36 39 40 40 38 34 31 2924 824T3 524 401811 40999999999999991155 21999999999999999999999
 28 29 31 35 38 41 42 40 37 33 28 24 21 20 21 24 28 32 35 37 37 36 35 3324 825T3 553 421943 3799999999999999 0 6 2813 2 2099999999999999
 32 32 34 36 39 41 43 43 41 38 33 29 24 21 20 20 22 25 29 32 34 35 36 3624 826T3 624 43999999999999999999999 028 321418 2099999999999999
 36 36 36 38 40 42 43 44 43 41 38 34 30 26 22 20 20 21 23 26 30 32 35 3624 827T3 7 2 449999999999999999999991543 20999999999999999999999
 37 38 39 39 40 42 43 44 45 44 42 39 36 31 27 24 21 20 21 23 26 29 32 3524 828T3 752 459999999999999999999991710 20999999999999999999999
 37 39 40 40 41 41 42 43 44 45 44 43 41 37 33 29 25 22 20 21 23 26 29 3324 829T3 9 5 459999999999999999999991821 20999999999999999999999
 36 39 40 40 41 41 41 42 43 44 45 45 44 42 38 34 29 25 22 20 21 23 27 3124 830T31029 459999999999999999999991916 20999999999999999999999
 35 37 39 40 40 40 39 40 41 42 44 45 46 45 42 38 34 29 25 22 20 22 24 2824 831T3 324 401147 4699999999999999 6 8 3920 0 2099999999999999
 32 36 38 39 39 38 37 37 38 39 42 44 46 46 45 42 37 33 28 24 21 21 23 2624 9 1T3 313 391246 4699999999999999 658 372037 2099999999999999
 30 34 37 38 38 37 36 35 35 36 38 41 44 46 46 44 40 35 30 26 22 21 21 2424 9 2T3 317 381333 4699999999999999 738 3521 9 2199999999999999
 28 32 36 37 37 36 34 33 32 32 34 37 41 44 45 45 42 38 33 28 24 21 21 2324 9 3T3 328 371415 4599999999999999 816 322136 2199999999999999
 27 31 34 36 37 36 34 32 30 29 30 33 37 40 43 44 43 39 35 30 26 23 22 2324 9 4T3 342 371455 4499999999999999 853 2922 1 2299999999999999
 26 30 33 36 37 36 33 31 29 27 27 29 32 36 39 42 42 40 37 33 29 25 24 2424 9 5T3 356 371535 4299999999999999 932 272221 2399999999999999
 26 29 33 35 37 36 34 31 28 26 25 26 28 31 35 38 40 39 37 34 31 28 26 2624 9 6T3 4 9 371617 40999999999999991011 252239 2699999999999999
 27 30 33 36 37 37 35 32 29 26 24 24 25 27 31 34 37 38 37 35 33 31 29 2824 9 7T3 421 3717 4 38999999999999991051 242254 2899999999999999
 29 31 34 37 38 38 37 34 31 28 25 23 23 25 27 31 34 36 36 36 34 33 31 3124 9 8T3 434 3918 1 36999999999999991134 2323 5 3199999999999999
 31 33 35 38 40 40 39 37 34 30 27 24 23 23 25 27 30 33 34 35 35 35 34 3424 9 9T3 448 401922 35999999999999991222 2323 5 3499999999999999
 34 35 37 39 41 42 41 39 36 33 30 27 24 23 24 25 27 30 32 34 35 35 36 3624 910T3 5 7 429999999999999999999991319 23999999999999999999999
 36 37 38 40 42 43 43 42 39 36 33 30 27 25 24 24 25 27 29 31 33 35 36 3724 911T3 532 439999999999999999999991431 24999999999999999999999
 38 39 40 41 42 43 43 43 42 40 37 34 31 28 25 24 23 24 25 27 30 33 35 3724 912T3 611 439999999999999999999991558 23999999999999999999999
 38 39 40 41 42 42 43 44 43 43 41 38 35 31 28 25 23 22 22 24 26 29 33 3524 913T3 721 449999999999999999999991721 22999999999999999999999
 38 39 40 40 41 41 42 42 43 44 43 42 39 36 32 28 24 21 20 20 22 25 29 3324 914T3 9 2 449999999999999999999991824 20999999999999999999999
 36 38 39 39 39 39 39 40 41 43 44 45 43 41 37 32 27 23 19 18 18 21 25 2924 915T31039 459999999999999999999991915 18999999999999999999999
 33 36 38 38 37 36 35 35 37 40 42 45 46 45 42 37 31 26 21 17 16 18 21 2624 916T3 226 3812 1 4699999999999999 621 351958 1699999999999999
 30 34 36 36 35 33 32 31 31 34 37 42 45 46 45 42 36 30 25 20 17 16 19 2324 917T3 232 3713 9 4699999999999999 714 312038 1699999999999999
 28 32 35 36 35 32 29 27 26 27 30 35 40 44 46 45 41 36 30 24 20 17 18 2124 918T3 246 361410 4699999999999999 8 6 262115 1799999999999999
 26 31 35 37 36 33 29 25 22 21 23 27 33 38 43 45 44 40 35 29 24 21 20 2224 919T3 3 6 3715 9 4599999999999999 857 212151 2099999999999999
 26 31 35 38 38 35 31 26 21 18 17 19 24 30 36 41 43 42 39 34 30 26 24 2424 920T3 329 381610 4399999999999999 950 172224 2499999999999999
 27 31 36 39 40 38 34 29 24 19 16 15 17 22 28 34 38 40 40 38 34 31 29 2824 921T3 354 401718 40999999999999991045 152255 2899999999999999
 29 32 36 40 42 41 39 34 29 23 18 15 14 17 21 27 32 35 38 38 37 35 33 3224 922T3 421 421839 38999999999999991143 142319 3299999999999999
 33 34 37 40 43 43 42 39 34 29 24 19 16 15 17 21 25 30 33 35 36 36 36 3624 923T3 451 432030 36999999999999991247 152325 3599999999999999
 36 36 38 41 43 44 44 42 39 35 30 25 21 18 17 18 21 24 28 31 34 36 37 3724 924T3 524 449999999999999999999991359 17999999999999999999999
 38 38 39 40 42 43 44 43 42 39 36 32 27 24 21 19 20 21 24 27 30 33 35 3724 925T3 6 5 449999999999999999999991524 19999999999999999999999
 38 39 39 40 41 42 42 43 42 41 39 37 33 30 26 23 21 20 21 23 26 30 33 3524 926T3 710 439999999999999999999991652 20999999999999999999999
 37 38 39 39 39 39 40 41 41 41 41 40 38 34 31 27 24 21 21 21 23 27 30 3324 927T3 857 4199999999999999999999918 3 21999999999999999999999
 36 37 38 38 37 37 37 37 38 40 40 41 40 38 35 31 27 23 21 20 21 24 27 3124 928T3 215 381042 4199999999999999 534 371855 2099999999999999
 34 36 36 36 35 34 33 34 35 36 38 40 40 39 37 34 30 26 22 20 20 22 25 2824 929T3 2 6 361154 4099999999999999 623 331934 2099999999999999
 32 34 35 35 33 32 30 30 31 32 35 37 39 40 38 35 32 28 24 21 20 20 23 2624 930T3 2 6 351246 4099999999999999 7 1 3020 5 2099999999999999
 30 33 34 33 32 30 28 27 26 28 31 34 37 38 38 37 33 29 26 22 20 20 22 252410 1T3 213 341330 3999999999999999 735 262031 2099999999999999
 29 32 33 33 31 29 26 24 23 24 26 30 33 36 38 37 35 31 27 24 21 21 22 252410 2T3 223 331411 3899999999999999 8 8 232053 2199999999999999
 28 31 33 33 31 29 26 23 21 20 22 25 29 33 36 37 36 33 30 26 23 22 23 252410 3T3 233 331453 3799999999999999 842 202112 2299999999999999
 28 31 33 34 32 30 26 23 20 18 19 21 25 30 33 36 36 34 32 29 26 24 24 262410 4T3 244 341536 3699999999999999 916 182131 2499999999999999
 29 32 34 35 34 32 28 24 20 18 17 18 22 26 30 34 35 35 34 31 29 27 27 282410 5T3 256 351623 3599999999999999 951 172149 2799999999999999
 30 33 36 37 36 34 30 26 22 19 17 17 19 23 27 31 34 35 35 34 32 30 30 302410 6T3 311 371716 35999999999999991028 1722 6 3099999999999999
 32 35 37 39 39 37 34 29 25 21 18 17 18 20 24 28 32 34 35 35 34 33 32 332410 7T3 328 391821 359999999999999911 8 172219 3299999999999999
 34 36 38 40 40 39 37 33 29 25 21 19 18 19 22 25 29 32 34 35 35 35 34 352410 8T3 348 409999999999999999999991154 18999999999999999999999
 35 37 39 41 41 41 39 36 32 28 25 22 20 19 20 22 25 28 31 33 34 35 35 362410 9T3 413 419999999999999999999991249 19999999999999999999999
 36 37 39 40 41 42 41 39 36 32 28 25 22 20 20 20 22 25 27 30 32 34 35 36241010T3 443 429999999999999999999991358 20999999999999999999999
 37 37 38 39 40 41 41 40 38 35 32 29 25 23 20 19 20 21 23 26 28 31 33 35241011T3 528 419999999999999999999991522 19999999999999999999999
 36 37 37 37 38 39 39 39 39 38 35 32 29 26 22 20 18 18 19 21 24 27 30 33241012T3 652 399999999999999999999991645 18999999999999999999999
 34 35 35 35 35 35 36 37 38 38 37 36 33 29 25 22 19 17 16 17 20 24 27 30241013T3 856 389999999999999999999991749 16999999999999999999999
 32 33 33 32 31 30 31 32 34 36 37 37 36 33 30 25 21 18 15 15 17 20 24 28241014T3 1 8 331045 3799999999999999 526 301839 1599999999999999
 31 32 31 30 28 26 25 25 27 30 34 36 37 37 34 30 25 20 17 15 15 18 22 26241015T3 110 3212 8 3799999999999999 622 251921 1599999999999999
 30 32 31 29 26 23 20 19 20 23 27 32 36 37 37 34 30 25 21 17 16 17 21 25241016T3 122 321316 3899999999999999 711 1920 0 1699999999999999
 29 32 32 30 27 22 18 15 14 15 19 25 30 35 37 37 34 30 26 22 19 19 21 25241017T3 140 331419 3799999999999999 8 0 142036 1999999999999999
 30 33 35 33 30 25 19 14 10  9 12 16 23 29 34 37 37 34 31 27 24 22 23 26241018T3 2 3 351523 3799999999999999 850  92110 2299999999999999
 30 34 37 37 34 29 23 17 11  8  7 10 15 22 29 34 36 36 34 32 29 27 26 28241019T3 229 371631 3699999999999999 941  72142 2699999999999999
 31 35 38 40 38 34 29 22 16 10  7  7 10 16 22 28 33 35 36 34 33 31 30 31241020T3 258 401744 36999999999999991034  72210 3099999999999999
 33 36 39 41 41 39 35 29 22 16 11  9  9 12 17 22 28 32 34 35 35 34 33 33241021T3 329 4119 5 35999999999999991129  82230 3399999999999999
 34 36 39 41 42 41 39 35 29 23 18 14 11 11 14 18 23 27 31 33 34 34 34 35241022T3 4 4 429999999999999999999991230 11999999999999999999999
 35 36 38 40 41 42 41 38 34 30 25 20 17 14 14 16 19 23 26 30 32 34 34 35241023T3 442 429999999999999999999991336 14999999999999999999999
 35 36 37 38 39 40 40 39 37 34 30 26 22 19 17 17 17 20 23 26 29 31 33 34241024T3 529 409999999999999999999991452 17999999999999999999999
 35 35 35 35 36 37 37 37 37 36 33 31 27 24 21 19 18 18 20 22 25 28 31 32241025T3 642 379999999999999999999991612 18999999999999999999999
 33 33 33 33 33 33 33 34 35 35 34 32 30 27 24 21 19 18 18 20 22 25 28 30241026T3 057 33 837 3599999999999999 4 2 331719 1899999999999999
 31 32 31 30 29 29 29 30 31 32 32 32 31 29 26 23 21 19 18 18 20 23 26 28241027T3 048 321026 3299999999999999 529 2918 9 1899999999999999
 30 30 29 28 27 25 24 25 26 28 29 31 31 30 28 25 22 20 18 17 19 21 24 26241028T3 049 301141 3199999999999999 615 241846 1799999999999999
 28 29 28 26 24 22 21 20 21 23 26 28 29 30 28 26 24 21 19 18 18 20 23 25241029T3 054 291238 3099999999999999 651 201913 1899999999999999
 28 28 28 26 23 20 18 16 17 18 21 25 27 29 29 27 25 23 20 19 19 20 22 25241030T3 1 1 281328 2999999999999999 723 161936 1899999999999999
 28 29 28 26 23 20 16 14 13 14 17 21 25 28 29 28 27 25 22 21 20 21 23 26241031T3 110 291415 2999999999999999 754 131956 2099999999999999
 28 30 29 27 24 20 16 13 11 11 13 17 22 26 28 29 29 27 25 23 22 22 24 272411 1T3 121 3015 3 2999999999999999 825 112017 2299999999999999
 29 31 32 30 27 22 18 14 11 10 11 14 19 23 27 30 30 29 28 26 25 24 26 282411 2T3 137 321552 3099999999999999 858 102039 2499999999999999
 31 33 34 33 30 26 21 16 12 10 10 12 16 21 25 29 31 31 30 29 27 27 27 292411 3T3 156 341643 3199999999999999 933  921 3 2799999999999999
 32 35 36 36 33 29 25 20 15 12 10 11 14 18 23 27 30 32 32 31 30 29 29 312411 4T3 219 361737 32999999999999991011 102125 2999999999999999
 33 35 37 38 36 33 29 24 19 15 12 11 12 16 20 25 28 31 32 32 32 31 31 322411 5T3 245 381838 32999999999999991054 112143 3199999999999999
 33 36 38 39 39 36 33 28 23 18 15 13 12 14 17 21 25 28 31 32 32 32 32 322411 6T3 315 399999999999999999999991141 12999999999999999999999
 33 35 37 39 39 38 36 32 27 22 18 15 13 13 15 18 21 25 27 30 31 32 32 322411 7T3 349 399999999999999999999991235 13999999999999999999999
 33 34 35 37 38 38 37 34 31 26 22 18 15 13 13 15 17 20 23 26 28 30 31 312411 8T3 431 389999999999999999999991337 13999999999999999999999
 31 32 32 34 35 36 36 35 32 29 25 21 18 15 13 13 14 16 19 22 25 27 29 292411 9T3 529 369999999999999999999991444 13999999999999999999999
 29 29 29 30 30 31 32 33 32 31 28 25 21 18 15 13 12 13 15 18 21 24 26 28241110T3 659 332333 28999999999999991554 12999999999999999999999
 28 27 26 25 25 25 26 28 29 30 29 27 24 21 18 15 13 12 13 15 19 22 25 26241111T3 859 302339 2799999999999999 358 251656 1299999999999999
 27 25 24 22 20 19 20 21 23 26 27 28 27 24 21 18 15 13 13 14 17 20 24 26241112T31050 282353 2799999999999999 516 191748 1399999999999999
 27 25 23 20 17 14 13 14 16 19 23 26 28 27 25 22 19 16 15 15 17 20 23 26241113T31216 28999999999999999999999 613 131833 1499999999999999
 28 27 25 20 16 12  9  7  8 12 17 22 26 28 28 26 24 21 19 17 18 20 24 27241114T3 013 281331 2899999999999999 7 4  71913 1799999999999999
 30 30 28 24 18 13  8  4  3  5  9 15 21 26 28 29 28 25 23 21 21 22 25 28241115T3 038 301443 2999999999999999 754  31951 2199999999999999
 32 33 32 29 23 17 10  5  1  0  3  8 15 21 26 29 30 29 27 25 24 24 26 29241116T3 1 7 331552 3099999999999999 843  02026 2499999999999999
 33 35 36 34 29 23 16  9  4  0  0  3  9 16 22 27 30 31 30 29 27 27 28 30241117T3 140 361658 3199999999999999 934  02058 2799999999999999
 33 36 38 37 35 30 23 16  9  4  2  2  5 11 17 23 28 30 31 31 30 29 29 30241118T3 217 3818 0 31999999999999991025  12127 2999999999999999
 33 36 38 39 38 35 30 23 17 11  6  4  5  8 13 19 24 28 30 31 31 30 30 30241119T3 257 3919 3 31999999999999991118  42154 3099999999999999
 32 34 37 39 39 38 34 29 24 18 12  9  7  8 11 15 20 24 28 29 30 30 30 30241120T3 341 399999999999999999999991212  7999999999999999999999
 31 32 34 36 37 37 36 33 28 23 18 14 11 10 10 13 17 20 24 27 28 29 29 29241121T3 428 3799999999999999999999913 9 10999999999999999999999
 29 30 31 32 34 34 34 33 30 27 23 19 15 13 12 12 14 17 20 23 26 27 28 28241122T3 519 3599999999999999999999914 7 12999999999999999999999
 28 27 28 28 29 30 31 30 29 28 25 22 18 16 14 13 13 15 18 20 23 25 26 26241123T3 621 312258 269999999999999915 6 13999999999999999999999
 26 25 25 24 24 25 26 26 26 26 25 23 20 18 16 14 14 14 16 18 20 22 24 25241124T3 746 2623 9 2599999999999999 315 2416 1 1499999999999999
 24 23 22 21 20 20 20 21 22 23 23 22 21 19 17 15 14 14 15 16 19 21 23 23241125T3 941 232319 2499999999999999 455 201647 1499999999999999
 23 22 20 19 17 16 15 16 17 19 20 21 20 20 18 17 16 15 15 16 18 20 22 23241126T31119 212328 2399999999999999 551 151722 1599999999999999
 23 22 20 17 15 12 11 11 12 14 17 19 20 20 19 18 17 16 16 16 18 20 22 24241127T31239 202339 2499999999999999 631 111751 1699999999999999
 24 22 20 17 14 11  8  8  8 10 13 16 19 20 20 20 19 18 17 18 19 21 23 25241128T31348 212354 2599999999999999 7 4  81819 1799999999999999
 25 24 22 19 15 11  7  5  5  7 10 14 18 20 22 22 21 20 19 19 20 22 24 26241129T31448 22999999999999999999999 736  51849 1999999999999999
 27 27 25 21 17 12  8  5  4  4  7 11 16 20 22 24 24 23 22 21 22 23 25 28241130T3 016 271537 2499999999999999 8 9  41920 2199999999999999
 29 30 28 25 21 16 11  7  4  3  5  9 14 18 22 25 26 26 25 24 23 24 26 292412 1T3 042 301620 2699999999999999 845  31953 2399999999999999
 31 32 32 29 25 20 15 10  6  4  4  6 11 16 21 25 27 27 27 26 25 25 27 292412 2T3 113 3217 2 2799999999999999 924  32024 2599999999999999
 32 34 34 33 30 25 20 14  9  5  4  5  8 13 18 23 26 28 28 27 27 26 27 292412 3T3 148 341745 289999999999999910 5  42054 2699999999999999
 31 34 36 36 33 30 24 19 13  8  5  5  6 10 15 20 24 26 28 28 27 27 27 282412 4T3 226 361832 28999999999999991050  52124 2799999999999999
 30 33 35 36 35 33 29 23 17 12  8  5  5  7 11 16 20 24 26 27 27 26 26 272412 5T3 3 8 361923 27999999999999991137  52158 2699999999999999
 28 30 32 35 35 34 31 27 21 16 11  7  5  6  8 12 16 20 23 25 25 25 25 252412 6T3 353 352016 25999999999999991225  52256 2599999999999999
 25 26 28 31 32 33 31 29 24 19 14 10  7  5  6  8 12 16 19 22 23 24 23 232412 7T3 446 332057 24999999999999991314  5999999999999999999999
 22 23 23 25 27 28 29 28 26 22 18 13 10  7  6  7  9 12 16 19 21 22 22 212412 8T3 550 292126 2299999999999999 025 2214 4  699999999999999
 20 19 19 19 20 22 24 24 24 22 20 16 13 10  8  7  8 10 13 17 19 21 22 212412 9T3 714 242150 2299999999999999 2 3 191455  799999999999999
 19 17 15 14 14 15 16 18 20 21 20 18 16 13 11 10  9 10 12 15 18 21 22 21241210T3 9 6 212214 2299999999999999 341 141546  999999999999999
 20 17 14 11  9  8  9 11 13 16 18 19 18 17 15 13 12 12 13 15 18 21 23 23241211T311 2 192240 2399999999999999 5 1  81638 1299999999999999
 22 19 15 10  7  4  3  4  6 10 14 17 19 19 18 17 16 15 15 17 19 22 24 26241212T31247 192311 2699999999999999 6 4  31728 1599999999999999
 25 22 18 13  8  3  0 -1  0  3  8 13 17 20 21 21 20 19 18 19 20 23 26 28241213T31422 212346 2899999999999999 659 -11815 1899999999999999
 28 27 23 18 12  6  1 -3 -4 -2  2  8 14 18 21 23 23 22 21 21 21 23 26 29241214T31533 23999999999999999999999 751 -419 0 2199999999999999
 31 31 28 24 18 11  5 -1 -4 -5 -2  3  9 15 20 23 25 25 24 23 23 24 26 29241215T3 026 311626 2599999999999999 841 -51942 2399999999999999
 32 33 33 30 25 18 11  5  0 -4 -4  0  5 11 17 22 25 26 25 25 24 24 25 28241216T3 111 3317 9 2699999999999999 931 -42022 2499999999999999
 31 34 35 34 31 25 19 12  5  0 -2 -2  2  8 14 19 23 25 26 25 24 24 25 26241217T3 159 351749 26999999999999991019 -221 4 2499999999999999
 29 32 34 35 34 30 25 18 12  6  2  0  1  5 10 15 20 24 25 25 24 24 23 24241218T3 249 351828 259999999999999911 7  02148 2399999999999999
 26 29 32 34 34 32 29 23 17 11  6  3  2  4  7 12 17 21 23 24 24 23 22 22241219T3 339 3419 8 24999999999999991153  22238 2299999999999999
 23 25 28 30 31 31 29 26 21 16 11  7  4  4  6 10 14 17 20 22 22 22 21 20241220T3 426 311947 22999999999999991235  42337 2099999999999999
 20 21 23 25 27 28 27 25 22 18 14 10  7  6  6  8 11 15 18 20 21 21 20 19241221T3 512 282023 21999999999999991314  6999999999999999999999
 18 18 19 20 21 23 23 22 21 18 15 12  9  7  7  8 10 13 15 18 19 19 19 18241222T3 6 0 232050 1999999999999999 047 181348  799999999999999
 16 15 15 15 16 17 18 18 18 17 15 13 11  9  8  9 10 12 14 16 18 18 18 17241223T3 7 1 182110 1899999999999999 213 151413  899999999999999
 15 14 12 11 11 12 12 13 14 14 14 13 11 10 10 10 11 12 14 16 17 18 18 17241224T3 844 142127 1899999999999999 351 111428 1099999999999999
 15 13 11  9  8  7  8  9 10 11 12 12 12 12 12 12 12 13 14 16 18 19 19 18241225T311 9 122146 1999999999999999 5 7  71432 1199999999999999
 16 14 11  8  6  4  4  4  6  8 10 12 13 13 13 13 14 14 15 17 18 20 20 20241226T32211 21999999999999999999999 559  4999999999999999999999
 18 16 13  9  6  3  2  1  3  5  8 11 13 14 15 16 16 16 17 18 19 21 22 22241227T32243 23999999999999999999999 640  1999999999999999999999
 21 19 16 12  8  4  1  0  0  2  5  9 13 15 17 18 18 18 18 19 20 22 24 25241228T32321 25999999999999999999999 719  0999999999999999999999
 25 23 20 16 11  6  2  0 -1  0  3  7 11 15 18 20 20 20 20 20 21 22 25 26241229T39999999999999999999999999999 758 -1999999999999999999999
 27 27 24 20 16 10  5  1 -1 -2  0  4  9 14 18 20 22 22 21 21 21 22 24 27241230T3 0 4 271635 2299999999999999 838 -21916 2199999999999999
 29 30 29 26 21 15 10  4  0 -2 -1  2  6 11 16 20 22 23 22 21 21 22 23 26241231T3 051 3017 0 2399999999999999 920 -21958 2199999999999999
