 14 18 31 51 76 97111116114107 96 86 82 84 91101112120121112 97 77 56 3824 1 1TM 7 8116173312199999999999999 0 8 141210 8199999999999999
 26 25 33 48 68 89106115115110100 89 80 77 80 87 96105110108100 86 70 5424 1 2TM 733116181611099999999999999 039 241259 7799999999999999
 42 37 39 49 65 84101113117114105 94 83 76 73 76 81 89 95 99 97 90 80 6824 1 3TM 8 211719 9 9999999999999999 110 3614 0 7399999999999999
 58 51 50 55 66 81 97110118118112101 89 79 71 68 68 73 79 85 88 88 85 7924 1 4TM 8311192029 8999999999999999 140 501518 6899999999999999
 73 67 65 66 71 81 94107117120117109 97 85 73 64 59 59 62 68 75 81 84 8524 1 5TM 9 312023 3 8599999999999999 214 651640 5899999999999999
 85 82 80 79 81 86 94105115121122117107 94 80 66 55 48 46 50 58 67 77 8524 1 6TM 939122999999999999999999999 3 0 791748 4699999999999999
 91 94 95 94 93 93 97104112120125124118107 91 74 56 42 34 33 38 49 63 7724 1 7TM 143 95102412599999999999999 418 921843 3299999999999999
 91100106107105103102104110117125129127120106 87 65 44 28 20 19 27 42 6224 1 8TM 247107111712999999999999999 5471021932 1899999999999999
 81 98111117117113109107109114121129134132122105 82 56 31 14  6  8 19 3924 1 9TM 331118121513499999999999999 7 21072019  599999999999999
 64 88107119125123116111108110116125135140137124103 75 45 18  1 -6 -1 1524 110TM 411125131014099999999999999 8 310821 4 -699999999999999
 41 69 95114125128123115108106109117129141146141124 99 68 34  7 -9-13 -424 111TM 45012814 114699999999999999 8521062147-1399999999999999
 17 46 77102119127127119108102101106117132146150141122 94 59 25 -1-13-1324 112TM 527128144915099999999999999 9351012228-1599999999999999
  0 24 56 87109122126122110 99 93 95102116134147149137116 86 51 19 -3-1124 113TM 6 11261536150999999999999991015 9323 6-1199999999999999
 -6 11 38 70 97114122123113 99 87 83 87 97113132144143129108 78 45 17  124 114TM 6311241624145999999999999991057 832340 -199999999999999
 -1  8 28 57 86108119122116103 86 76 74 79 91108126136132118 98 71 43 2124 115TM 6541221713136999999999999991143 73999999999999999999999
 13 16 29 50 78102117122119109 92 75 65 65 71 83100116123118106 89 67 4524 116TM 7 812218 512399999999999999 010 131234 6499999999999999
 32 31 38 53 74 98116124123116101 82 66 57 57 62 74 89102108104 95 82 6724 117TM 72212519 310899999999999999 038 301334 5699999999999999
 54 48 52 62 76 95114126128123111 95 76 60 51 50 54 63 76 88 93 92 88 8124 118TM 7441292019 9399999999999999 1 5 481447 5099999999999999
 73 67 67 73 83 97112125132130121108 91 72 57 47 43 45 52 63 74 81 84 8524 119TM 8141322312 8599999999999999 131 661612 4399999999999999
 85 83 82 84 91100111122131133129120106 90 71 54 42 36 36 41 52 64 74 8224 120TM 852134999999999999999999999 152 821733 3599999999999999
 89 93 95 96 99104110118126131133128120107 90 71 52 37 28 27 32 44 58 7324 121TM 9441339999999999999999999991844 26999999999999999999999
 85 96103107107108110114119125130132129122109 91 69 47 30 20 18 25 39 5824 122TM10591329999999999999999999991942 18999999999999999999999
 77 93105113115113111110112116122128133132124110 90 65 40 21 12 12 22 4024 123TM 353115122113399999999999999 6341102030 1199999999999999
 63 85102114120118113108106108112119129136135126109 86 57 31 13  6  9 2324 124TM 419120132513699999999999999 7591062110  699999999999999
 46 72 95111120122117108101 99102108119132139137125105 77 47 21  6  3 1124 125TM 445122141514099999999999999 851 992146  299999999999999
 30 57 84105117122119110 99 92 92 97107122136141135119 96 66 36 13  2  524 126TM 5 8122145914199999999999999 930 912217  299999999999999
 18 42 71 97114121120112 99 88 83 86 94108125138140129110 84 54 26  9  524 127TM 52612115381419999999999999910 5 832247  499999999999999
 13 32 59 87109119120114102 87 77 76 82 94110127136133119 98 71 43 21 1124 128TM 5391211616137999999999999991040 752314 1099999999999999
 14 28 50 78102117121116105 90 76 69 71 80 95112126130123107 85 60 36 2224 129TM 5541211653131999999999999991114 682341 1999999999999999
 19 29 47 71 96115122120110 94 78 66 63 68 80 95111121121111 94 74 53 3624 130TM 6121221730122999999999999991150 63999999999999999999999
 30 34 48 68 91111123123115100 83 68 60 60 67 80 94107113110 99 84 67 5224 131TM 63312418 911399999999999999 0 5 301228 5999999999999999
 43 44 53 69 88108122126120107 91 74 61 56 58 66 78 91100103 99 90 79 6724 2 1TM 654126185410399999999999999 027 4213 9 5699999999999999
 58 56 61 73 88105120127125115 99 82 67 57 53 56 64 74 84 92 94 91 86 7924 2 2TM 7161271953 9499999999999999 046 561359 5399999999999999
 73 70 72 80 91104117126127121109 93 76 62 54 51 52 58 67 76 82 86 87 8624 2 3TM 74112822 0 8799999999999999 1 2 7015 8 5199999999999999
 85 84 85 89 96104114123128125117104 89 74 60 51 46 45 49 56 65 74 81 8724 2 4TM 811128999999999999999999999 1 4 841638 4599999999999999
 91 95 97 99103107113120125127124116104 89 73 58 46 37 34 37 44 55 67 7924 2 5TM 85212799999999999999999999918 5 34999999999999999999999
 91100106109111112113117121125127124118107 92 74 55 38 26 21 23 32 47 6424 2 6TM10 01279999999999999999999991914 21999999999999999999999
 82 98110117118116114113115119124128129124113 96 73 49 28 14  7 11 23 4324 2 7TM 349118114012999999999999999 65511320 9  799999999999999
 66 89107119123121115110108109115123132136132119 98 71 42 17  2 -3  3 2024 2 8TM 4 712313 113699999999999999 8 91082056 -399999999999999
 46 73 98115124125117108101 98102111124137143138122 97 66 33  8 -6 -8  324 2 9TM 43212514 214399999999999999 854 982138 -999999999999999
 25 56 85108121126120108 94 87 86 93107126142148140122 94 59 26  3 -7 -424 210TM 457126145414899999999999999 932 862215 -799999999999999
 12 39 72 99117125123110 92 77 71 74 85104127144147137117 87 52 22  4  124 211TM 5191251543148999999999999991010 712246  099999999999999
  9 30 60 91114124124115 96 75 60 57 63 78101126141141129108 79 48 24 1424 212TM 5331251630143999999999999991048 572313 1399999999999999
 17 30 54 85111125127120104 80 58 46 46 55 73 98121132130118 98 73 47 3224 213TM 5421281718133999999999999991129 452336 2999999999999999
 30 39 56 81108127132127113 92 66 45 37 39 50 69 93112120116105 89 69 5224 214TM 55513218 7120999999999999991213 362358 4699999999999999
 46 52 64 83106127137134123104 80 56 39 33 37 48 65 86101105102 94 83 7024 215TM 61613719 01059999999999999913 2 33999999999999999999999
 63 64 74 88105124137140131116 96 73 52 38 34 37 46 61 77 88 92 91 87 8224 216TM 64214020 9 9299999999999999 019 6214 0 3499999999999999
 77 76 83 93106120133139137125110 91 71 53 42 37 38 44 55 67 76 81 84 8624 217TM 712140999999999999999999999 036 761518 3799999999999999
 86 87 91 98107117126133135130120106 91 74 58 46 39 37 40 48 58 68 75 8324 218TM 7471369999999999999999999991656 37999999999999999999999
 89 95 99103108114119124128128124116106 94 79 63 49 39 34 34 41 51 63 7524 219TM 8341289999999999999999999991824 33999999999999999999999
 87 97104108110111113115117120121121117110 99 84 66 48 35 28 28 35 48 6424 220TM10181219999999999999999999991930 27999999999999999999999
 81 95106112113111108106106108112118122121116104 86 64 43 27 20 22 32 5024 221TM 342114122712299999999999999 7281062018 2099999999999999
 71 90105114117113106 99 96 96100109119126127119104 82 57 34 19 15 20 3624 222TM 354117133412799999999999999 824 962056 1599999999999999
 58 82102114118116107 95 87 85 88 96109123132130119100 75 47 24 13 14 2524 223TM 411119142113299999999999999 856 852127 1299999999999999
 45 72 96112119118110 95 82 74 75 82 95113129135130115 92 63 36 18 13 1924 224TM 42311915 113599999999999999 925 742155 1399999999999999
 36 61 88109119120112 98 80 67 64 68 80 98119133135125106 81 52 29 17 1924 225TM 432121153813599999999999999 954 632221 1699999999999999
 31 53 81105120122116102 83 65 55 56 66 82104123133130116 95 69 44 27 2424 226TM 4431231614133999999999999991023 542246 2399999999999999
 32 50 75101119125120107 87 66 51 46 53 67 87108124129121105 84 60 41 3324 227TM 4591251650129999999999999991054 4623 9 3399999999999999
 37 51 72 97118128125113 94 71 52 41 43 53 70 92111122121111 95 75 56 4524 228TM 5161281726123999999999999991124 412330 4499999999999999
 45 55 72 94115128130119102 79 57 42 37 43 56 75 95110115112101 86 70 5824 229TM 53513118 3115999999999999991155 372349 5599999999999999
 55 62 75 93112127132125110 89 66 47 37 37 46 60 78 94105107102 93 82 7224 3 1TM 5541321844107999999999999991228 36999999999999999999999
 67 70 80 94110125132130118 99 78 57 42 36 39 48 61 77 90 97 98 95 89 8324 3 2TM 6151331938 9899999999999999 0 5 6713 7 3699999999999999
 79 80 87 97109121130132124109 90 71 53 42 38 41 48 59 71 81 87 89 90 9024 3 3TM 63913222 4 9099999999999999 018 7914 1 3899999999999999
 89 90 94101110118126130127117103 86 69 54 44 40 40 44 51 61 70 78 84 9024 3 4TM 7 7130999999999999999999999 0 7 891529 3999999999999999
 95 98102106111116121125126122113102 88 73 59 47 39 34 35 40 49 60 71 8324 3 5TM 7451269999999999999999999991729 34999999999999999999999
 94103108111113114115117119120119114106 95 80 64 47 34 26 23 28 38 53 7024 3 6TM 9 01209999999999999999999991852 23999999999999999999999
 87101111116116113110108108111116119119115104 88 67 45 27 16 13 19 33 5324 3 7TM 325116113412099999999999999 7191071951 1299999999999999
 75 95110118118112104 97 94 96103113123128125113 93 67 41 20  8  7 16 3624 3 8TM 33211913 712899999999999999 8 7 942036  699999999999999
 61 87106118121114101 88 80 78 84 96114129136132118 94 65 36 15  6  9 2324 3 9TM 34812114 813699999999999999 843 782115  699999999999999
 48 77102117122118103 84 67 60 61 72 92116135141135119 93 61 32 16 13 2124 310TM 4 312215 014199999999999999 918 592147 1299999999999999
 40 68 97117125122109 87 62 46 41 48 64 89118137141133115 88 57 34 24 2724 311TM 413125154814199999999999999 953 412214 2499999999999999
 40 63 93118129128117 96 67 41 28 28 38 59 89118134135126108 82 56 41 3924 312TM 4221301635136999999999999991030 262237 3899999999999999
 48 65 90117134136126108 80 49 25 16 20 35 59 89115127125116100 78 59 5324 313TM 43813717221279999999999999911 8 162259 5399999999999999
 58 71 90114135143136119 96 66 36 17 13 20 36 61 89109116113105 92 76 6624 314TM 4591431810116999999999999991149 122321 6699999999999999
 68 78 93112132145143130110 84 55 30 17 16 24 40 63 85100104102 96 87 7924 315TM 52514619 4104999999999999991232 152342 7799999999999999
 77 84 96110126140145137121100 76 51 32 23 24 32 45 63 80 90 93 93 91 8724 316TM 5541452027 93999999999999991323 232358 8599999999999999
 85 89 97109120131139138128112 93 73 54 40 33 33 38 48 61 73 81 85 88 9024 317TM 6251399999999999999999999991430 32999999999999999999999
 91 94 99106114122128130127117105 91 76 61 49 42 39 41 47 56 66 74 81 8824 318TM 6581309999999999999999999991610 39999999999999999999999
 94 98101105109113116118119116110102 93 82 70 57 47 41 39 43 51 61 73 8324 319TM 7401199999999999999999999991749 39999999999999999999999
 93101105107106106105105106107108108105 99 89 76 61 47 38 35 38 48 61 7624 320TM 316107101010899999999999999 6191051859 3599999999999999
 90101108110107102 96 93 93 95100106110111106 95 79 60 43 33 30 36 49 6624 321TM 253110123411199999999999999 744 921947 3099999999999999
 85100109113110101 91 83 79 81 87 97108116117110 96 76 54 37 28 29 38 5624 322TM 3 3113133511799999999999999 815 792024 2799999999999999
 77 97110115113104 90 76 68 67 72 83 99115123121111 93 70 47 31 27 33 4724 323TM 313115142012399999999999999 840 662054 2799999999999999
 69 92110118117108 92 74 59 54 57 68 85106122127122108 87 62 41 31 32 4324 324TM 32111815 012799999999999999 9 6 542122 3099999999999999
 62 87108120121112 96 75 55 44 43 52 68 91113127128119102 79 55 40 36 4324 325TM 332122153712999999999999999 933 422148 3699999999999999
 59 82105122125118102 80 56 38 32 38 52 74 99120129125113 94 71 53 44 4724 326TM 34712616131299999999999999910 0 322213 4499999999999999
 59 79102122130124109 87 61 39 26 26 37 57 82107123126120106 86 67 55 5424 327TM 4 51301649127999999999999991028 252236 5399999999999999
 62 78 99120132131117 96 70 44 26 20 26 42 65 90111122121112 98 81 67 6224 328TM 4231331725122999999999999991056 202257 6299999999999999
 68 80 97117132135125106 81 54 31 19 20 30 49 73 96111117113105 92 79 7224 329TM 44313518 4117999999999999991126 182316 7299999999999999
 74 83 97114129136131115 93 67 41 24 18 24 37 56 78 96107109106 98 89 8224 330TM 5 51361849109999999999999991158 182334 8199999999999999
 81 88 98111125134134123104 81 56 36 24 22 29 42 59 77 92 99100 99 95 9124 331TM 5291361959100999999999999991237 222350 8999999999999999
 89 93100110120129133127113 94 73 52 36 28 28 34 44 58 72 83 89 93 95 9624 4 1TM 5561339999999999999999999991328 27999999999999999999999
 96 98103109116123127127119106 89 72 55 41 34 32 35 41 52 63 74 82 89 9624 4 2TM 6271289999999999999999999991452 32999999999999999999999
100103105109112115118120119112102 90 77 62 49 40 34 32 36 44 55 67 79 9124 4 3TM 7101209999999999999999999991652 32999999999999999999999
100106109109108107107108110110109104 97 86 72 57 43 33 28 29 37 51 66 8224 4 4TM 242109 85611099999999999999 5511071818 2899999999999999
 97107112110105 99 94 92 93 98105110111107 97 82 63 44 31 24 26 36 53 7324 4 5TM 218112114711199999999999999 7 6 921916 2499999999999999
 92106114114106 94 82 75 73 78 88102114120117107 89 66 44 30 25 30 43 6424 4 6TM 230115131212099999999999999 746 7320 1 2599999999999999
 87105116118111 95 76 60 53 54 64 81103120128125113 92 67 45 33 32 40 5824 4 7TM 242118141412899999999999999 821 522037 3199999999999999
 82105120123117102 78 53 36 32 37 53 78106126133129115 93 68 49 42 45 5724 4 8TM 25212415 713399999999999999 856 3221 7 4299999999999999
 78103123131126112 88 57 30 16 16 26 48 79109128133128114 91 69 56 55 6324 4 9TM 3 4131155713399999999999999 932 142133 5499999999999999
 78101124138136123101 71 37 12  3  7 22 49 82111127129123109 89 72 66 7124 410TM 32313916461309999999999999910 9  22158 6699999999999999
 82100122141145135116 89 55 22  2 -3  6 24 53 86110121122116103 87 77 7824 411TM 3481461736123999999999999991048 -32224 7699999999999999
 87100118137149145129105 76 42 14  0  1 11 32 60 88106113113108 98 87 8324 412TM 4161491828114999999999999991127 -12250 8399999999999999
 89100114130144148138119 94 66 36 15  6 10 21 41 66 88100105105101 94 8924 413TM 4471491930105999999999999991210  62317 8999999999999999
 91 99110122135143141127108 85 60 37 22 17 21 32 49 68 84 94 97 98 97 9424 414TM 5191442057 98999999999999991258 172343 9399999999999999
 93 97105114123131134129116 99 80 60 43 32 29 32 40 53 68 80 88 93 95 9624 415TM 5531349999999999999999999991358 29999999999999999999999
 96 97101107113118122122116106 93 79 65 52 43 39 40 45 55 66 77 85 92 9624 416TM 6301229999999999999999999991520 39999999999999999999999
 99100100102103105107109109105 99 92 83 72 61 51 45 43 46 54 65 77 87 9524 417TM 7231099999999999999999999991651 43999999999999999999999
101103103100 97 95 94 94 96 98 99 98 95 89 79 67 56 47 43 46 54 66 80 9324 418TM 1221031011 9999999999999999 616 9418 3 4399999999999999
101106107103 96 88 82 80 81 85 91 98101101 95 85 71 56 46 43 47 58 72 8824 419TM 136107122110299999999999999 713 791855 4399999999999999
101109111107 98 85 73 67 65 69 78 90101108107101 88 71 55 46 45 52 65 8324 420TM 148111132710899999999999999 744 651935 4499999999999999
100112115112102 87 70 57 51 53 62 77 94108115113104 88 69 54 48 51 61 7724 421TM 2 0115141511599999999999999 812 512010 4899999999999999
 97113120118108 91 70 51 40 38 46 61 81102116121116104 86 67 55 53 60 7424 422TM 215120145712199999999999999 839 382042 5399999999999999
 93112124124115 98 75 51 33 26 30 44 65 90111123124116102 83 67 60 63 7424 423TM 233126153712599999999999999 9 6 262111 6099999999999999
 90110126130123106 83 56 32 19 18 28 47 73 99118126124114 98 81 69 68 7524 424TM 253131161512799999999999999 935 172139 6799999999999999
 89107125135131116 93 65 37 17 10 15 30 55 83108122126121109 94 80 75 7824 425TM 31413516541269999999999999910 4 1022 5 7599999999999999
 89104122136137126105 78 48 23  8  7 18 37 64 92112122122116104 91 83 8324 426TM 3371381736123999999999999991034  62228 8299999999999999
 90102118134140134116 92 63 34 14  6 10 24 46 72 96111117117110100 91 8824 427TM 4 114018241189999999999999911 6  62251 8899999999999999
 93101114128139138126105 79 51 26 11  9 16 31 53 77 96107111110105 98 9324 428TM 4281401924111999999999999991143  82315 9399999999999999
 95101110122133138132116 95 70 44 24 14 15 23 37 57 77 92100104105103 9924 429TM 4591382045105999999999999991226 132342 9899999999999999
 98101108115124131132123107 87 65 44 28 21 22 29 41 57 74 86 9510010310324 430TM 5331332219103999999999999991320 21999999999999999999999
101102105109114120124122114100 84 66 49 36 29 29 33 42 56 70 83 92 9910424 5 1TM 615124234410599999999999999 0171011437 2899999999999999
104103103103104106110113112107 98 86 72 58 45 37 34 36 43 56 70 83 9410324 5 2TM 721113999999999999999999999 2 11031611 3499999999999999
107107103 99 95 92 92 95100103103100 93 82 69 55 45 39 39 46 59 74 8910124 5 3TM 026107 93410499999999999999 527 921728 3899999999999999
109111107 98 88 79 74 74 79 88 97104106102 93 79 64 51 45 45 53 67 8410024 5 4TM 051111115210699999999999999 630 731825 4499999999999999
111116113103 88 71 58 52 54 63 78 95108114112103 89 71 58 52 55 64 80 9824 5 5TM 1 9116131711499999999999999 715 521911 5299999999999999
114122121112 95 72 50 35 31 37 51 73 96113121120111 95 77 65 62 67 79 9624 5 6TM 124123142312299999999999999 755 311949 6299999999999999
115128131123107 82 53 28 15 14 24 45 73100119126125115 99 82 73 74 82 9524 5 7TM 143131152112799999999999999 834 132022 7399999999999999
114132140135121 98 67 34 10  1  4 18 44 76105122128126116100 86 82 87 9624 5 8TM 2 8140161612899999999999999 913  02053 8299999999999999
111130144146135114 86 52 19 -1 -7  1 19 49 82108122126124113 99 90 91 9824 5 9TM 23814717 912799999999999999 952 -72125 8999999999999999
109125142151146130105 74 39 10 -5 -6  4 26 56 88109119122119109 98 94 9824 510TM 31015218 0122999999999999991032 -72158 9499999999999999
107119134148151141121 95 64 31  7 -2  1 13 36 65 91108115117113104 97 9624 511TM 3451521851117999999999999991113 -32233 9699999999999999
103112124138147145132111 85 56 29 11  6 11 25 47 72 93105110111107100 9624 512TM 4221481943111999999999999991156  62311 9699999999999999
 98105114125136141135120100 77 53 31 19 17 23 37 56 77 93102106106103 9824 513TM 5 01412036107999999999999991242 162355 9699999999999999
 96 99105113122129130123109 92 73 53 37 29 28 35 47 63 80 9310010410410124 514TM 5401302133104999999999999991333 27999999999999999999999
 98 96 98102108113117117111100 87 72 57 45 39 38 44 54 68 83 9410110410424 515TM 626118222810499999999999999 055 961432 3899999999999999
101 98 95 94 96 98102104105101 94 85 75 64 54 48 47 51 61 73 86 9710410624 516TM 734105231410699999999999999 247 941540 4699999999999999
105102 96 91 87 85 86 89 92 95 96 93 88 80 71 62 55 53 57 66 79 9210210924 517TM 940 96234811099999999999999 5 8 851648 5399999999999999
110107101 92 82 75 72 73 77 83 90 95 96 94 88 79 68 61 59 64 74 8610011024 518TM1151 96999999999999999999999 619 721746 5999999999999999
115113107 96 83 70 60 57 60 67 78 90 99103101 95 85 74 66 66 72 82 9610924 519TM 016115131310399999999999999 7 1 571835 6599999999999999
118120114103 87 69 54 45 44 51 63 79 95107111109101 89 78 72 73 81 9310724 520TM 043120141011199999999999999 735 431919 7199999999999999
120126123111 94 73 52 37 31 34 46 64 85103115119115105 92 82 78 82 9110524 521TM 1 9126145711999999999999999 8 7 311958 7899999999999999
119129130121104 81 56 34 22 20 29 46 69 94113123124118106 94 86 85 9110324 522TM 136131154012599999999999999 839 192034 8499999999999999
117131137131116 93 66 39 19 11 14 28 50 78103120127126118106 95 90 9310124 523TM 2 3137162312899999999999999 911 1021 8 9099999999999999
114129140140128107 80 50 24  8  5 13 31 58 86109123128125116104 96 9510024 524TM 23114117 812899999999999999 945  42139 9599999999999999
110124138145138121 97 66 36 13  2  4 16 38 66 93113123126122112103 9810024 525TM 3 11451756126999999999999991021  122 8 9899999999999999
107119133144145133112 85 55 26  7  1  7 21 45 73 9711212012211710910110024 526TM 33414618481229999999999999911 0  1223910099999999999999
105113125138145140125103 76 46 21  7  5 12 29 52 78 9811011611711310510124 527TM 4 91451942118999999999999991141  5231610199999999999999
102107116127137141133116 94 68 42 21 12 12 20 37 59 81 9710711311410910324 528TM 4481412036114999999999999991227 11999999999999999999999
100102107114124132132124108 88 65 43 27 20 21 30 45 65 84 9810711111110624 529TM 533133212611299999999999999 0 21001317 2099999999999999
100 98 98102108116122122114102 86 67 49 36 31 32 40 54 72 8810110811211024 530TM 62912322 911299999999999999 113 971414 3199999999999999
104 97 92 90 91 96103109111107 99 87 73 58 48 43 45 52 64 80 9510611211424 531TM 749111224311499999999999999 3 9 901517 4399999999999999
109101 91 82 77 76 80 87 96101102 99 92 82 71 61 56 57 64 76 9110511411824 6 1TM 947103231111899999999999999 446 761621 5699999999999999
116109 96 81 68 60 58 62 72 84 95102104101 93 83 74 69 70 77 8910311612424 6 2TM1154104233912599999999999999 552 581719 6999999999999999
125119107 89 69 52 41 39 45 59 76 92104110110105 95 85 81 83 9010211512724 6 3TM1331111999999999999999999999 645 391810 8199999999999999
133130120103 79 54 34 24 23 32 50 73 94109117119114104 94 91 9510211312724 6 4TM 011133144411999999999999999 732 221857 9199999999999999
138141134119 96 68 39 19 10 12 25 47 74 98115123125119109100 9910411212324 6 5TM 047141154312599999999999999 817  91940 9999999999999999
137147146134115 88 56 26  7  1  7 23 49 7910411912712812111010410411011924 6 6TM 126148163612899999999999999 9 0  1202310399999999999999
131145152147132109 79 45 17  1 -2  7 26 55 8610912212812711910910410711424 6 7TM 2 7152172312899999999999999 943 -221 510499999999999999
123137150154145126101 70 37 12  0  1 12 35 65 9311212212612311410610310724 6 8TM 24815418 7126999999999999991025 -1214810399999999999999
115126140151151139118 92 61 31 11  3  8 22 46 75 9911412012211710810110124 6 9TM 33015218461229999999999999911 5  3223210099999999999999
106115127140148144130109 83 54 29 13 10 18 34 58 84103114118117111102 9724 610TM 4121481919119999999999999991145 102318 9799999999999999
 98105114125136140134119 99 75 50 30 20 21 30 48 70 92107114116113105 9724 611TM 4541401948116999999999999991224 19999999999999999999999
 94 96102111121129130122108 90 69 49 34 29 33 44 61 81 9911011511410910124 612TM 538130201711599999999999999 0 8 9313 4 2999999999999999
 93 90 92 97105113118118111 99 83 67 52 43 40 46 57 73 9110511411511210624 613TM 627119204911699999999999999 1 7 901346 4099999999999999
 97 90 86 87 91 96102107107101 92 81 69 59 53 53 59 70 8510011111711611124 614TM 729107212411799999999999999 222 861431 5299999999999999
103 94 86 81 79 81 86 91 96 98 96 91 84 76 69 65 65 71 82 9510811712011724 615TM 858 9822 212099999999999999 353 791524 6499999999999999
110100 89 79 72 69 70 75 81 88 93 95 94 91 85 80 76 77 83 9310411512212324 616TM11 6 95224012399999999999999 512 681623 7699999999999999
118109 96 82 69 60 56 58 65 74 85 94100102100 96 90 86 87 9310211312212724 617TM13 1102232012799999999999999 6 9 561724 8699999999999999
126118106 90 72 57 47 44 48 58 71 86 99108111110105 99 95 9510111012012924 618TM1412112999999999999999999999 654 441821 9499999999999999
132128117101 80 60 43 33 32 40 54 72 9110711712111811210510110210811812824 619TM 0 013215 312199999999999999 735 31191410199999999999999
135137129114 93 69 45 28 21 23 35 54 77 9911612512712311510810510711412424 620TM 040137154812799999999999999 815 2120 210599999999999999
135142140129109 84 56 31 16 11 17 33 57 8310612213013112411610910811111924 621TM 120142163213199999999999999 855 11204510899999999999999
131142147142126102 73 43 19  7  5 15 35 63 9011212613213012311310810911424 622TM 159147171613299999999999999 936  5212510899999999999999
124137148150141121 94 63 32 11  1  4 17 40 70 9711612713112711811010610824 623TM 24015118 0131999999999999991018  122 410699999999999999
115127142152150137115 86 53 25  6  1  6 23 49 7810211812712812211210410324 624TM 3221521842128999999999999991059  1224410399999999999999
107115129143150145130107 78 47 21  7  6 14 33 59 86107119125124115104 9824 625TM 4 61511920125999999999999991140  52328 9799999999999999
 98103113127141145138122 99 72 44 23 14 16 27 46 72 96112121123118108 9724 626TM 4521451953123999999999999991219 14999999999999999999999
 91 92 97108122133135128113 93 69 45 30 26 31 43 63 8610511712212111310024 627TM 544136201812299999999999999 021 911257 2699999999999999
 89 83 84 89 99112122124117106 89 70 52 43 42 49 62 8010011512312411910724 628TM 643124203812499999999999999 124 831335 4299999999999999
 93 81 75 74 78 87 99108112108101 89 76 64 59 61 68 80 9711312412812511724 629TM 75811221 112899999999999999 242 731414 5999999999999999
103 87 73 65 62 64 73 84 95101102100 94 86 79 76 79 86 9711112413213212624 630TM 945102213313399999999999999 4 3 621459 7699999999999999
115100 82 65 54 49 50 59 71 84 94100103102 98 94 92 9510111112213213713624 7 1TM1215103221513899999999999999 516 491554 9299999999999999
128115 97 76 57 43 36 37 46 61 77 9210210911211010610410711212013013814224 7 2TM14 411223 614299999999999999 620 3617 010499999999999999
139130115 95 71 48 32 25 27 37 55 75 9410811712111911511211411812513314224 7 3TM1511121999999999999999999999 717 25181011299999999999999
146142132115 91 64 39 22 16 20 32 53 78 9911412412812511911511612012613524 7 4TM 0 514616 012899999999999999 8 8 16191611599999999999999
145149145133113 86 57 31 15 10 16 32 57 8410612112913012511711311411912624 7 5TM 1 2149164113199999999999999 856 10201611399999999999999
137148152146131109 80 49 23 10  8 18 37 65 9311312513112912111210811011624 7 6TM 155152171713199999999999999 938  821 710899999999999999
126139151153144126102 71 40 18  8 11 24 47 7610211912712912411410510210624 7 7TM 2431541748130999999999999991017  8215210299999999999999
113126141151151139119 93 62 34 16 11 18 35 60 89111123127125117105 97 9624 7 8TM 3271521812128999999999999991053 112234 9699999999999999
102112126141148144130109 82 54 30 18 18 29 49 76101118125125119108 96 9024 7 9TM 4101481830126999999999999991126 172316 8999999999999999
 91 99110125138142134119 98 73 48 30 25 30 45 66 91112124126121112 99 8824 710TM 4511421848126999999999999991158 252359 8499999999999999
 84 87 96108122131132123107 88 66 47 36 37 46 63 84106121127124116104 9124 711TM 5341331910127999999999999991229 35999999999999999999999
 82 80 84 93105116122120111 97 81 64 52 47 52 64 81100117127128121110 9724 712TM 618122193612899999999999999 046 801259 4799999999999999
 84 77 76 81 89 99108112110102 91 79 68 62 62 69 81 9711412513012711710424 713TM 71011220 313099999999999999 139 761328 6199999999999999
 91 79 73 72 75 82 91 99102102 97 90 83 77 75 78 86 9711112313013112411324 714TM 820103203313299999999999999 243 721359 7599999999999999
 99 86 75 68 66 68 74 83 90 96 98 97 95 92 90 90 9310010912012913313012224 715TM1017 9821 613399999999999999 357 661434 8999999999999999
110 95 81 69 61 58 59 66 74 84 92 9810210410410310310511011812613213413024 716TM1316104214713499999999999999 510 57153410299999999999999
121108 92 76 62 52 47 49 56 68 80 9310311111411511311211311712313013513624 717TM1437115224213699999999999999 613 47171011299999999999999
131122107 89 70 53 41 36 38 48 63 80 9711112012412412011811712012613213824 718TM1519124234713999999999999999 7 8 36183811799999999999999
139135123106 84 61 41 28 24 29 42 61 8310311912813112812311911812012713524 719TM1556131999999999999999999999 758 24194711899999999999999
142144139125104 78 51 29 17 14 22 39 63 8811012613413412812111611511912724 720TM 049144163113599999999999999 845 14204011599999999999999
138148150142125100 70 41 18  7  7 19 41 69 9611713113613312411411011011624 721TM 14415017 613699999999999999 929  6212310999999999999999
128142153154143123 94 61 31 11  3  6 22 48 7910512313313412711510510110424 722TM 2341551738135999999999999991010  222 310199999999999999
113128145156154140118 87 54 25  8  5 13 32 61 92115128133130117103 93 9124 723TM 32215618 6133999999999999991048  42243 9199999999999999
 97109127145154150134111 80 48 24 13 14 26 49 79106123131131122105 89 8124 724TM 4 91541828132999999999999991122 122325 8099999999999999
 82 89104124141147141126103 74 47 29 25 31 46 71 98120131132126112 92 7724 725TM 4581471842133999999999999991152 25999999999999999999999
 70 73 82 98118133137130116 96 72 51 41 43 53 70 93117131135131120101 8124 726TM 549137185513599999999999999 011 701220 4199999999999999
 67 62 65 74 90108121124118107 91 74 61 59 65 76 94114131139137128113 9324 727TM 646124191514099999999999999 1 4 621247 5899999999999999
 73 60 56 58 67 81 97108111108101 92 81 76 78 86 9811413014114313712410824 728TM 755111194314399999999999999 2 6 561313 7699999999999999
 88 69 56 51 52 59 71 85 95100101100 96 93 92 9710511512713914514313512224 729TM 958101201814599999999999999 322 511337 9299999999999999
105 86 68 55 47 46 50 61 74 85 93 9910310510510711111812513414114414213424 730TM21 3144999999999999999999999 445 46999999999999999999999
122106 88 69 53 43 39 42 52 65 79 9110211011511711712012312813413914214124 731TM2212142999999999999999999999 6 3 39999999999999999999999
134124109 90 69 50 37 32 35 45 61 78 9510911912412412212112312613013614024 8 1TM1534124234514299999999999999 710 32175412199999999999999
142137128112 90 66 45 30 25 29 42 61 8310211712612912612111811712012513324 8 2TM1558129999999999999999999999 8 5 25193611799999999999999
141145141130112 87 60 37 24 20 27 43 67 9211112413113012311511010911312124 8 3TM 1 2145162413199999999999999 850 20203410999999999999999
132144148143130108 81 52 29 18 19 30 51 7810312013013212611510410010110724 8 4TM 159148164713299999999999999 928 172114 9999999999999999
119134147150142125101 71 42 23 17 22 38 63 92115127132128118104 93 90 9424 8 5TM 24515117 51329999999999999910 1 172150 9099999999999999
104120137149148137117 91 61 35 22 21 32 53 80107125131130121106 91 82 8324 8 6TM 3271501716132999999999999991031 202225 8199999999999999
 90104122139147142127106 79 52 32 26 32 48 72 99121131131124110 93 79 7324 8 7TM 4 71471729133999999999999991058 2623 0 7399999999999999
 78 89105123138141133116 94 70 48 36 37 48 68 92116131134128115 98 80 6924 8 8TM 4451411747135999999999999991124 352336 6799999999999999
 68 76 89106123133132121105 85 64 50 46 53 68 89111129137133121104 86 7024 8 9TM 52413418 8137999999999999991149 46999999999999999999999
 63 66 75 89106119125121110 96 79 66 59 62 72 89109126137137128112 93 7624 810TM 6 5125183013899999999999999 013 631212 5999999999999999
 64 61 65 75 89103113116111102 91 80 73 73 79 92107124136139133120103 8524 811TM 651116185213999999999999999 053 611232 7299999999999999
 70 61 60 65 75 87 98105107104 98 92 86 85 89 97108121133139137128113 9624 812TM 748107191613999999999999999 139 601247 8599999999999999
 79 67 60 59 63 71 81 91 97100100 99 98 97 9910411112013013713813312210824 813TM 941100194413999999999999999 239 591248 9799999999999999
 92 77 66 59 56 58 64 73 82 90 9610110510710911211612112613313613613012024 814TM2022137999999999999999999999 4 3 56999999999999999999999
107 92 77 64 55 50 50 54 63 74 85 9610611311812012112312512813213413412924 815TM2122135999999999999999999999 534 49999999999999999999999
121109 94 77 61 48 40 38 43 54 68 8410011412312712712512312312512913313524 816TM153312723 813599999999999999 647 38184312399999999999999
133127114 97 76 55 38 28 26 33 47 67 8810712213013212812311811711912513324 817TM1545132999999999999999999999 744 26195411799999999999999
139140134119 98 72 47 28 17 17 27 46 71 9611612913513212311410810711212224 818TM 04014016 713599999999999999 832 15203810799999999999999
135145147140122 96 66 38 18 10 13 28 52 81107125134134125112100 95 9610524 819TM 144148163013599999999999999 914  92115 9499999999999999
121139151153142121 92 60 31 14 10 17 37 66 96119132135128113 95 83 80 8524 820TM 236154165013599999999999999 950  92151 8099999999999999
 99120142154153140117 87 54 29 17 18 31 55 86113130136132118 97 77 66 6624 821TM 32515617 4136999999999999991023 162227 6599999999999999
 76 94119142152149134111 81 51 33 28 35 52 79108130138136125104 79 59 5224 822TM 4121531714139999999999999991050 2823 7 5299999999999999
 56 69 90117138145139125103 77 54 44 47 58 78104129142142132114 89 63 4724 823TM 5 01451728143999999999999991115 442349 4399999999999999
 43 49 64 87112129134128115 97 76 63 61 69 83104127144148140125103 77 5324 824TM 5501341748148999999999999991138 60999999999999999999999
 40 39 47 62 83105118120116107 94 81 76 80 92106125142151148136117 94 6924 825TM 644120181415299999999999999 035 3812 0 7699999999999999
 49 40 40 47 60 78 96105107106101 95 90 91 99111124138149151144129111 9024 826TM 756107184415299999999999999 129 391219 8999999999999999
 68 52 44 43 47 58 72 85 94 9810010110010110511412313314214714613712410824 827TM1919148999999999999999999999 240 42999999999999999999999
 90 72 58 49 45 47 54 65 76 85 92 9910510811211612212713313814013813112124 828TM20 4140999999999999999999999 415 45999999999999999999999
110 95 79 64 53 45 44 48 57 69 81 9310411211711912112312412712913113212924 829TM2134132999999999999999999999 548 44999999999999999999999
123115102 85 67 52 42 39 42 53 67 83 9911112012312211911711611611912412924 830TM1514124999999999999999999999 7 0 3919 711699999999999999
131128120107 87 66 48 36 33 38 52 71 9110812012612612011210610410611112124 831TM 0 0131152512799999999999999 752 3320 410499999999999999
130135134124108 85 60 40 30 30 39 57 80102118127128122111 99 93 92 9710724 9 1TM 116136154212999999999999999 832 292038 9299999999999999
121135141137124104 77 51 33 27 31 45 68 94115127130126113 97 85 80 82 9224 9 2TM 2 6141155513099999999999999 9 5 2721 7 8099999999999999
107126140143136120 96 68 43 30 29 39 58 85110126132128117100 81 70 69 7624 9 3TM 24714416 413299999999999999 933 282136 6999999999999999
 91111131143142131111 86 59 39 33 38 53 77104125134131121104 83 66 59 6324 9 4TM 32514416151349999999999999910 0 3322 6 5999999999999999
 75 93116135142137122101 76 53 41 42 53 73 98122135136126109 88 66 53 5224 9 5TM 4 21421631137999999999999991025 402236 5199999999999999
 60 77 98121135137128112 91 69 54 50 57 73 95118135140132116 94 71 53 4524 9 6TM 4391381650140999999999999991049 5023 7 4599999999999999
 49 62 81104123132129119103 84 68 61 64 76 94115133142138123103 79 58 4524 9 7TM 5161321710142999999999999991111 602338 4299999999999999
 43 51 67 87107121125120110 96 82 73 73 81 95113130142142131112 89 67 4924 9 8TM 5541251730143999999999999991131 72999999999999999999999
 42 45 56 72 90107116117112103 93 85 82 88 98112127139143136121100 78 5924 9 9TM 636117175114399999999999999 011 421147 8299999999999999
 47 44 49 60 74 90102108108105100 95 92 95103113124135141138128111 91 7224 910TM 732109181414199999999999999 048 441158 9299999999999999
 57 48 47 52 61 73 85 94 99101102101101103108115123130136138132120104 8724 911TM 954102184113899999999999999 137 47114710199999999999999
 71 59 52 50 52 57 66 76 85 92 9810310711011411812212613013313212511510324 912TM1915133999999999999999999999 257 50999999999999999999999
 89 75 63 54 48 47 49 56 66 77 88 9910811511912112312312312512612612211624 913TM2020126999999999999999999999 456 47999999999999999999999
107 95 81 66 53 43 38 39 46 58 73 8910411612312512312011611511611912212424 914TM145812523 412499999999999999 622 3719 711599999999999999
122116104 87 68 49 35 28 29 39 55 75 9611312412812511810910310210511312224 915TM15 3128999999999999999999999 722 27195010299999999999999
130131125111 91 66 44 28 21 25 39 60 85107122129128118104 92 86 86 9410824 916TM 045132151813099999999999999 8 8 212023 8599999999999999
125137140133116 91 63 39 24 21 29 47 73100120130131121104 84 71 67 72 8624 917TM 148141153213299999999999999 846 202056 6799999999999999
107129144146137117 89 60 37 27 29 41 64 93118132134126108 84 61 49 49 6024 918TM 240147154313599999999999999 919 262130 4899999999999999
 80107133147147136115 86 58 41 37 45 62 87115135140133117 91 62 40 32 3724 919TM 329149155314099999999999999 947 3722 6 3299999999999999
 52 77109134145143131110 83 61 51 54 66 86113136146142127104 73 43 24 2124 920TM 4161461610146999999999999991012 512244 2199999999999999
 30 49 78109131138134123104 82 68 67 75 90111134150151138118 90 58 30 1724 921TM 5 41381632152999999999999991035 662324 1699999999999999
 18 29 50 79107123127124114 99 84 79 84 96111131149156148130107 78 48 2624 922TM 5541271658156999999999999991058 79999999999999999999999
 18 22 34 54 79102113115113107 97 90 91100113127143154153140121 97 71 4624 923TM 653115172715599999999999999 0 7 181121 8999999999999999
 30 25 29 40 58 78 94102105105102 98 97103113124135145149144130112 92 7024 924TM 833105175914999999999999999 057 251140 9799999999999999
 51 39 36 38 46 59 74 86 93 97101102103106112119127134139139132121107 9124 925TM1834140999999999999999999999 2 2 36999999999999999999999
 75 60 50 45 44 49 57 69 79 88 9510110610911211611912212512712612211510624 926TM1919127999999999999999999999 339 44999999999999999999999
 96 83 70 59 51 47 48 54 64 76 87 9810611211511511411211211211411511511424 927TM1429115213911599999999999999 519 46181211299999999999999
110103 92 77 63 51 45 45 51 63 78 92105114118117112106100 98 9810210811424 928TM1417118999999999999999999999 631 441923 9799999999999999
117116109 97 80 62 48 41 42 51 66 85102114120120114103 92 85 83 86 9410624 929TM 018117143012199999999999999 721 411956 8399999999999999
117123122114 98 78 57 43 39 43 56 76 97113123124118105 89 76 70 70 78 9224 930TM 122124144212499999999999999 759 392022 6999999999999999
109123129126115 96 72 52 41 41 50 67 90111124127122109 90 71 59 56 62 752410 1TM 2 8129145112899999999999999 830 402048 5699999999999999
 95116130133127112 90 66 49 43 49 62 83107125131127114 95 72 53 44 47 582410 2TM 24813315 313199999999999999 859 432114 4499999999999999
 78102123135134124106 83 62 51 51 62 80102124135133120101 76 53 37 35 432410 3TM 325136152013599999999999999 925 502142 3499999999999999
 60 85110129135131118 99 77 62 58 64 79 99121136138128108 84 57 36 27 312410 4TM 4 1135153913999999999999999 951 582210 2799999999999999
 45 67 94118131133125110 92 75 67 69 80 97118135142135117 93 66 41 26 242410 5TM 4371331559142999999999999991015 672238 2399999999999999
 33 52 76102121129127118103 88 77 76 84 97115132143140126103 77 50 30 222410 6TM 5141291619143999999999999991037 7523 8 2299999999999999
 26 40 60 85107120123119110 98 88 84 88 98112128141143133114 89 63 40 262410 7TM 5531231641143999999999999991057 842339 2399999999999999
 24 32 48 68 90107115116112105 96 92 93101111124136142137122101 77 54 362410 8TM 63811617 4142999999999999991114 91999999999999999999999
 28 30 39 54 72 90102107108106102 99 99104111120130137137127111 91 70 512410 9TM 748108173013899999999999999 015 271129 9899999999999999
 38 33 36 44 56 71 85 94 99103104104104107112118124130132128118103 86 69241010TM1758132999999999999999999999 1 2 33999999999999999999999
 53 43 39 40 45 54 66 77 86 94101106108111113116119121123123119111100 87241011TM1835124999999999999999999999 215 39999999999999999999999
 74 61 50 44 41 42 48 58 70 82 93103110114115115113112111112113112109103241012TM14 911520 811399999999999999 413 41175211199999999999999
 94 83 69 57 46 39 38 43 53 68 83 98109116118115109102 98 96 99103108111241013TM1347118231911299999999999999 544 381851 9699999999999999
111105 93 78 61 46 37 35 41 54 72 91107117121117107 95 84 78 78 85 96109241014TM1359121999999999999999999999 645 341927 7799999999999999
118121116103 84 63 46 36 36 45 62 83104118125122110 92 74 61 56 61 74 93241015TM 051121141212599999999999999 731 3520 0 5699999999999999
113126130124110 88 65 48 41 45 57 77101120129128117 97 71 49 37 36 46 66241016TM 153130142313099999999999999 8 8 412033 3599999999999999
 93118133137130113 90 67 53 52 59 75 97121135136126107 79 48 25 17 21 37241017TM 247137143613799999999999999 840 5121 8 1799999999999999
 63 96123137139130113 90 71 63 67 78 96119139146138120 93 59 27  7  4 13241018TM 338139145614699999999999999 9 8 632145  399999999999999
 34 65 99125136136127110 90 77 76 84 98117138152149134109 78 42 12 -2 -1241019TM 429137152115399999999999999 934 752223 -399999999999999
 12 36 69102123130129121106 91 85 90101115134151156146125 97 64 30  6 -2241020TM 52113115501579999999999999910 1 8523 4 -299999999999999
  3 18 43 75102117122121114103 93 94102114128144155153137114 87 55 26  9241021TM 6171221621156999999999999991028 922347  599999999999999
  5 12 27 51 78 99109113113108100 97101111122134146151143126104 79 52 30241022TM 7251131655151999999999999991057 97999999999999999999999
 18 17 24 38 58 79 94102105106104100101107115124133140139130114 96 75 54241023TM 847106173014199999999999999 034 16112710099999999999999
 38 30 30 35 46 62 78 90 97101103103102104109114119124127125117105 91 76241024TM1024104181012799999999999999 132 2912 010299999999999999
 61 49 42 40 43 52 64 76 87 95101104105105105106107109111112111107100 91241025TM19 6112999999999999999999999 250 40999999999999999999999
 81 70 59 51 47 48 54 64 76 88 97104108109106102 99 96 95 96 98100101 99241026TM1237109215010199999999999999 422 4718 3 9599999999999999
 95 88 78 67 57 51 50 56 66 80 93103110113110103 95 86 81 79 81 87 94100241027TM13 0113999999999999999999999 535 501857 7999999999999999
103102 96 85 71 59 52 52 59 71 87101112117115108 95 81 70 64 65 70 81 94241028TM 013103131611799999999999999 629 511929 6499999999999999
105110109102 88 72 59 53 56 65 80 98112120121114100 82 64 53 49 53 64 81241029TM 121110133112199999999999999 711 531957 4999999999999999
 99112117115105 89 72 60 57 63 76 93111123126120106 86 64 46 37 38 47 65241030TM 210117134812699999999999999 747 572023 3699999999999999
 87107120123118105 88 72 63 65 74 89108124131127114 93 68 44 28 24 31 47241031TM 25112414 713199999999999999 820 632050 2499999999999999
 70 96117127127118103 86 73 70 75 88105123134134122102 76 49 26 16 18 312411 1TM 329128142913699999999999999 851 692118 1599999999999999
 53 80106124130127116100 85 77 78 88102120135140131112 87 57 31 13 10 182411 2TM 4 7130145214099999999999999 920 762147  999999999999999
 36 63 91114127129123111 97 86 83 89100116133142139123 99 70 40 17  7  92411 3TM 444130151514299999999999999 947 832217  699999999999999
 23 45 73100118126125118106 95 89 91100113128140143132111 84 54 28 11  72411 4TM 5241271540143999999999999991011 892248  699999999999999
 14 31 55 82104117122120112102 95 94100110122136142137121 98 71 43 21 102411 5TM 6 912216 6142999999999999991035 942322  999999999999999
 11 22 40 64 87104113116114108101 98101108117128137138128110 86 61 36 202411 6TM 7 51161635139999999999999991058 98999999999999999999999
 14 18 30 47 68 87100107110109105101102106113120129133130117 99 78 56 362411 7TM 81811017 713399999999999999 0 2 14112510199999999999999
 24 21 26 36 51 69 85 95102106107105104105109113118123125119108 92 75 562411 8TM 942107174512599999999999999 049 2112 310499999999999999
 41 32 29 32 40 53 68 82 93101106108107105105106107109112113109101 90 772411 9TM11 2108184211399999999999999 153 29134010599999999999999
 63 50 41 37 38 43 54 68 82 94103109110108104 99 96 94 95 98101102 99 93241110TM1150110204110299999999999999 321 371712 9499999999999999
 84 73 61 51 44 43 47 57 72 86 99109113112106 96 86 79 75 77 83 91 98101241111TM1218113232110299999999999999 446 431813 7599999999999999
101 95 85 72 60 51 49 54 65 80 96109117118111 99 82 67 57 54 58 69 84 98241112TM1238118999999999999999999999 550 491856 5499999999999999
107110107 97 82 68 59 58 64 76 93110121125120107 86 63 44 33 33 41 59 81241113TM 057110125512599999999999999 640 571934 3299999999999999
102115120117106 90 75 68 69 77 91109125133130118 98 70 42 21 12 16 30 54241114TM 2 6120131513399999999999999 721 682012 1299999999999999
 82107122127124112 95 82 78 82 92107125139142132113 85 52 21  2 -3  5 24241115TM 3 5127134114299999999999999 757 782051 -399999999999999
 54 87112126131126114 99 89 89 95107123140150145129104 72 35  6-10-10  2241116TM 4 1131141215099999999999999 830 872131-1199999999999999
 26 59 92115127130125113100 94 98106119135151154144122 94 59 23 -3-13-10241117TM 454130144615599999999999999 9 3 942211-1399999999999999
  6 32 66 97116124126121109100 99105114128143155153137113 83 49 16 -4 -9241118TM 546126152215699999999999999 937 982253-1099999999999999
 -3 15 42 74 99113119120114105 99101109119132146152145127103 74 42 16  1241119TM 63812116 0152999999999999991013 992336 -199999999999999
  0  9 27 53 80 99110114114108101 98102110120131141143133115 93 67 40 20241120TM 7281151639144999999999999991053 98999999999999999999999
 11 12 22 39 62 84 99107110109104 98 97101108116125132130120104 85 63 43241121TM 817110172113299999999999999 020 101140 9799999999999999
 28 23 25 35 51 70 87 99105107106101 97 96 99103109115118116107 94 80 64241122TM 9 610718 811899999999999999 1 7 231242 9699999999999999
 48 38 35 38 46 60 76 91100105107105100 95 93 93 94 97101103102 97 89 79241123TM 953107191210399999999999999 2 0 351429 9299999999999999
 68 57 49 46 48 56 68 82 95104108108105 99 92 87 83 82 83 86 90 92 91 88241124TM10351092110 9299999999999999 3 2 461658 8299999999999999
 82 75 66 59 55 57 64 75 88100109112111105 97 86 77 70 67 69 74 80 87 90241125TM11111122346 9199999999999999 410 551810 6799999999999999
 91 89 83 75 68 63 65 72 83 96108115116112103 90 76 63 55 53 56 64 76 87241126TM1144116999999999999999999999 514 631852 5399999999999999
 95 99 98 92 83 74 70 73 80 92105116121119111 97 80 61 46 39 40 47 61 77241127TM 117 99121512199999999999999 6 9 701925 3899999999999999
 93103108106 99 89 80 77 81 89102115124126120106 87 65 44 30 26 31 44 63241128TM 215108124512799999999999999 657 771956 2699999999999999
 84102113116113104 93 85 83 89 99112125131129117 97 73 47 27 16 16 27 45241129TM 259116131413299999999999999 739 832028 1599999999999999
 69 93112121122116106 95 89 90 97109123133136127109 85 56 30 12  6 12 28241130TM 339123134413699999999999999 818 8821 0  699999999999999
 52 79103119126125116105 96 93 97106119132140137122 99 70 40 16  2  2 122412 1TM 418126141314099999999999999 854 932133  099999999999999
 33 61 89111124127123114103 97 97103114128140142133113 86 55 26  5 -3  22412 2TM 458127144414399999999999999 927 9622 7 -399999999999999
 17 42 71 97115124125120110101 98101109121135143140126102 73 42 15  0 -32412 3TM 541126151614499999999999999 958 982243 -399999999999999
  6 24 51 79101115122121115105100100105114127138142134116 91 61 32 10  02412 4TM 6261221550142999999999999991029 992321 -199999999999999
  2 13 33 60 85103113118116109102 99101107116128137136125105 81 53 27 102412 5TM 71511816271389999999999999911 3 99999999999999999999999
  5  9 22 43 67 89103111114112105 99 98100106115125131127114 96 73 48 272412 6TM 8 411417 813199999999999999 0 0  51147 9799999999999999
 15 13 19 33 52 74 92104110112108101 96 95 97102109117120116104 89 70 502412 7TM 850112175812099999999999999 043 131248 9599999999999999
 33 25 25 31 44 62 81 96106111111105 98 91 89 89 92 97104107105 97 86 712412 8TM 93011119 510799999999999999 130 241428 8899999999999999
 56 44 38 39 45 56 72 89102110112110103 93 84 78 75 76 82 89 95 96 93 872412 9TM10 31132050 9699999999999999 224 381615 7599999999999999
 78 67 58 53 54 59 70 84 99110115116110100 86 73 63 58 58 64 74 84 91 94241210TM10321162317 9499999999999999 326 531728 5799999999999999
 93 89 81 73 68 68 73 83 96109119122119110 96 77 59 45 38 39 47 61 77 90241211TM11 2122999999999999999999999 431 681824 3799999999999999
 98102101 95 87 82 82 87 96108120128129123109 89 65 42 26 19 22 34 53 74241212TM 115102113713099999999999999 532 811913 1999999999999999
 92105112112106 98 93 93 98107119131137135125107 81 52 26  9  4  9 25 49241213TM 233113121713899999999999999 626 921959  499999999999999
 76 98112120120114105100101107116128140145139125102 72 39 12 -4 -6  2 22241214TM 33312113 014599999999999999 7161002043 -799999999999999
 51 81104118125124116107104106113122135147150140122 95 62 28  2-11-10  2241215TM 424126134415099999999999999 8 21042127-1299999999999999
 26 58 88109121126124115106104108115126140151151138116 87 52 19 -4-12 -8241216TM 510127142815399999999999999 84710422 9-1399999999999999
  7 34 67 95112122125120110102102107116128143152147132108 78 44 13 -5 -9241217TM 552125151115299999999999999 9311012249 -999999999999999
 -1 18 46 77101114120120113103 97 98105115129142147140122 98 69 37 12 -1241218TM 6291211555147999999999999991016 972327 -299999999999999
  0 11 32 60 87105115117114105 96 91 94102113126137138128110 87 60 33 14241219TM 7 011716381399999999999999911 2 91999999999999999999999
  8 12 26 47 73 96109114114108 98 89 87 90 98109120128126115 98 78 55 34241220TM 725115172112899999999999999 0 3  81151 8799999999999999
 21 20 27 42 63 86103112114110102 92 84 83 86 93102111115112102 88 71 53241221TM 74811418 811599999999999999 039 191247 8299999999999999
 39 32 34 43 59 78 96109114113107 97 87 80 78 80 85 92 99102 99 91 81 69241222TM 81511419 310299999999999999 115 321355 7899999999999999
 57 48 45 50 60 74 90105114116112104 94 83 76 72 72 75 81 86 90 89 85 79241223TM 8471162022 9099999999999999 153 451525 7299999999999999
 72 65 60 60 65 74 87100112118117111101 90 79 69 63 62 64 69 75 81 84 84241224TM 9231182245 8599999999999999 236 601655 6299999999999999
 83 80 77 74 74 78 86 97108117120118110 99 86 72 60 52 50 52 59 68 77 84241225TM10 3120999999999999999999999 331 7318 0 5099999999999999
 89 92 91 89 86 86 89 96105115121123119109 96 79 63 49 40 38 42 51 64 78241226TM 123 92104712399999999999999 442 851849 3799999999999999
 90 98103103100 96 94 97103112120125126119107 90 70 51 35 27 27 34 48 66241227TM 231103113412699999999999999 554 941930 2699999999999999
 84 99109113112107102100102108117125130129120104 83 59 37 21 15 18 30 49241228TM 315113122113099999999999999 6581002010 1599999999999999
 71 92108118120117110104103105112122131135131119 98 72 46 23  9  6 13 30241229TM 35212013 513599999999999999 7531032048  599999999999999
 53 79101116124124118110104103108116127137139132115 90 61 32 10 -1  0 11241230TM 428125134714099999999999999 8401032127 -299999999999999
 33 61 88109122126123115106102102109120133142142130109 81 49 20  0 -7 -2241231TM 5 4126142914399999999999999 92010122 5 -799999999999999
