 72 43 23 18 28 51 82114139153153142124105 91 84 87 9911513214314513711824 1 1TS 933155204414699999999999999 251 171511 8499999999999999
 93 66 44 32 33 48 72100126144151147133115 98 86 82 87 9811312613413412524 1 2TS10 5151213013599999999999999 324 311557 8299999999999999
108 87 66 51 46 51 67 90114134146148140125108 93 83 79 84 9310611712312424 1 3TS1040148223112499999999999999 4 0 461655 7999999999999999
116103 88 73 64 62 69 84103123138145144135120103 88 78 74 76 84 9510611424 1 4TS1121146235811799999999999999 442 6218 5 7499999999999999
117114106 95 85 78 78 84 96112127139144141131116 98 82 69 64 65 72 84 9724 1 5TS12 9144999999999999999999999 536 771920 6399999999999999
109116118114107 98 92 90 94103116129139143140129112 92 73 57 49 50 59 7424 1 6TS 15011813 514399999999999999 651 902026 4899999999999999
 92109121128127120111102 97 98106118131141146142128108 83 59 41 32 33 4624 1 7TS 32212814 314699999999999999 818 972120 3199999999999999
 67 91115132141140132119106 99 98106119134146151145128102 72 43 22 13 1824 1 8TS 425142145815199999999999999 933 9822 8 1399999999999999
 36 64 96125146155152139122106 96 96106122140154158149126 94 58 25  2 -524 1 9TS 5141551549158999999999999991030 952254 -599999999999999
  6 31 67105138159166158141119100 91 93107128149164165151123 84 42  6-1524 110TS 5571661638166999999999999991118 902338-1999999999999999
-18 -1 32 74117151170173160136111 92 84 91110135159173171152117 72 27 -924 111TS 63817417251749999999999999912 1 84999999999999999999999
-28-25 -1 39 85130162177174155127101 83 79 91115143168180174149109 61 1524 112TS 718178181218099999999999999 023-291243 7999999999999999
-18-32-23  7 51100142170179169145115 89 74 75 92120149173182172143100 5224 113TS 75717919 018299999999999999 1 6-321326 7399999999999999
  9-19-27-11 23 69115153174176160132102 78 67 73 93122151172178164134 9124 114TS 835178194817899999999999999 149-2714 9 6799999999999999
 47 10-11-12  9 45 88130160174168148118 89 69 62 71 9312114816516815312324 115TS 912174203916999999999999999 231-141456 6299999999999999
 85 48 19  6 11 34 69108142163169158134106 79 62 58 68 8911513915315414024 116TS 949169213315599999999999999 312  51546 5799999999999999
115 84 55 35 29 39 62 92124149162161146122 95 72 57 54 64 8310512513713924 117TS1025163223613999999999999999 353 291643 5499999999999999
129110 89 69 57 56 67 86111134151157152136114 89 67 53 50 57 72 9110912124 118TS11 3157999999999999999999999 435 551749 5099999999999999
126122112 99 87 80 81 90104122137148151144130109 86 65 50 44 48 60 76 9424 119TS 0 0126114815199999999999999 525 8019 6 4499999999999999
109118122119113106101100104113125136144146140127107 84 62 45 36 36 46 6324 120TS 2 0122124814699999999999999 6381002025 3599999999999999
 83103118128130127121114110110114122132140144140128108 83 58 37 25 24 3524 121TS 35613014 314499999999999999 8341092133 2399999999999999
 54 79104125138142139130119111107109118129140146143130108 79 50 26 13 1424 122TS 5 114215141469999999999999910 71072227 1299999999999999
 28 52 83112136149152144131116104100104115130144152148131104 71 38 13  224 123TS 54315216111529999999999999911 2 992312  299999999999999
  7 27 58 93125148158155142123105 94 92100117136152158150129 96 58 24  124 124TS 6161591658158999999999999991140 912351 -599999999999999
 -5  7 34 71109140158162152132110 92 84 87102124145160162149120 83 43 1124 125TS 6451621739163999999999999991212 83999999999999999999999
 -7 -5 15 49 89126153164159142118 95 80 77 88109134155166162141107 66 2824 126TS 711164181516799999999999999 025 -81241 7799999999999999
  1 -8  3 31 70110143161163150126100 80 71 76 93119144162167156128 90 5024 127TS 737165184916899999999999999 057 -813 9 7199999999999999
 16 -2 -1 19 54 94130155164156135109 84 69 67 79102128151164162143111 7324 128TS 8 1164192216599999999999999 127 -41337 6699999999999999
 37 12  4 15 42 79117147162160144118 91 71 62 67 85110135154160151128 9524 129TS 824163195516099999999999999 155  414 7 6299999999999999
 60 31 16 18 38 69105136157162151128101 77 62 60 70 9111613815115113711224 130TS 848162203015399999999999999 222 151439 5999999999999999
 81 53 34 29 39 63 94125149159155137112 87 67 57 60 74 9511713514313812324 131TS 91216021 914399999999999999 249 281515 5799999999999999
 99 75 55 45 47 63 88115139154155144123 98 76 61 56 62 77 9611412713112624 2 1TS 937156215513199999999999999 317 441556 5699999999999999
112 94 76 64 61 69 85107129145151147132111 89 70 58 55 62 75 9110611712024 2 2TS10 5151225912099999999999999 347 611646 5599999999999999
117108 96 85 79 80 88102119134143145137122103 83 67 56 53 57 68 82 9510624 2 3TS1039145999999999999999999999 424 781753 5399999999999999
113114111105 99 96 96102112123132138138131118101 82 65 52 47 48 56 69 8424 2 4TS 044114112813999999999999999 521 951919 4699999999999999
 98110118121119115110108108113120128133135131120103 83 63 45 35 33 40 5424 2 5TS 3 4121124813599999999999999 7171072044 3299999999999999
 74 95115129135134128119111107108114123133138137127108 84 57 34 18 14 2224 2 6TS 423136142113999999999999999 9191062150 1499999999999999
 42 69 99125143151147136120106 98 99108122138148148137114 82 48 18 -1 -524 2 7TS 5101511534150999999999999991026 982243 -599999999999999
  8 35 71109140159164155135113 95 86 90105126148161162147117 77 35  1-1924 2 8TS 5481641632164999999999999991113 862330-2199999999999999
-19  1 37 81124156173171154127 99 79 73 83105134160176174153115 68 22-1424 2 9TS 6241741724177999999999999991153 73999999999999999999999
-30-24  5 48 97141171181171145111 81 63 62 79109144172186180153109 58 1124 210TS 658181181318799999999999999 013-311232 6099999999999999
-21-31-17 19 68118159182182162128 91 62 48 54 79115152180190179146100 4924 211TS 73218519 019099999999999999 054-311311 4899999999999999
  7-18-20  3 43 92139172185175146108 71 45 38 51 81119155180186170135 9024 212TS 8 3185194618699999999999999 133-221351 3899999999999999
 45 11 -4  3 31 73118156178179160127 88 54 34 33 51 8312015317217315512324 213TS 834182203417599999999999999 211 -51433 3199999999999999
 84 48 25 20 34 64102139166176167142107 71 43 30 34 54 8411714415815613924 214TS 9 3176212315999999999999999 246 191516 2999999999999999
112 83 59 46 49 66 94125151166166151124 92 61 40 31 37 56 8210913014013824 215TS 931168222014099999999999999 320 4616 5 3199999999999999
125107 89 75 72 78 95116138153159153136111 84 59 42 36 42 56 76 9711312224 216TS 959159233812399999999999999 352 7117 2 3699999999999999
123118109100 95 96102114127139147147139124105 83 63 49 42 44 53 67 83 9724 217TS1032148999999999999999999999 425 941818 4199999999999999
108115117117115113114116121127133136135130120106 88 70 55 44 41 45 55 7024 218TS 213117112613699999999999999 5241131957 4199999999999999
 87102115124129129126122119118118121126129129124113 96 76 57 42 34 35 4524 219TS 431129133212999999999999999 9 81182123 3399999999999999
 62 83105123136140138130121112106106112121129134132121101 77 52 33 23 2524 220TS 5 814015131349999999999999910301062221 2299999999999999
 39 62 89116136148148140126110 98 93 97108123137144141126101 71 42 21 1224 221TS 53414916141449999999999999911 5 9323 3 1299999999999999
 19 40 70102131150156150133113 94 83 82 93111132148155147125 94 58 27  924 222TS 5581561658155999999999999991133 812338  599999999999999
  6 21 50 86121148160158142119 95 77 70 78 96121145160162147117 80 42 1424 223TS 6201611735163999999999999991158 70999999999999999999999
  2  9 33 69108141161164151127 99 75 62 64 80106135158169162139103 62 2724 224TS 64216518 916999999999999999 0 8  21222 6199999999999999
  6  4 21 54 94131158168160137106 77 58 53 64 89120149167171155125 85 4624 225TS 7 2168184017299999999999999 036  21247 5299999999999999
 18  7 16 43 81120152168166147116 84 58 46 50 71101133159171165142107 6824 226TS 723170191217199999999999999 1 3  71313 4599999999999999
 36 17 18 37 71109144166170155127 93 62 43 40 54 81113143163167153126 9024 227TS 743170194416799999999999999 128 151340 3999999999999999
 57 33 26 38 64100134160170162138105 71 46 36 42 62 9212314816015713810924 228TS 8 3170201716199999999999999 153 2614 9 3599999999999999
 78 53 40 44 63 92124151166164146117 84 55 37 35 47 7210112814715214312324 229TS 824167205315299999999999999 218 401440 3499999999999999
 98 74 58 55 66 88115141159162151128 97 68 46 35 39 55 7910512713914013024 3 1TS 845163213414199999999999999 243 541514 3599999999999999
112 93 78 70 74 88109131149156152135111 83 59 43 38 45 61 8210311912812824 3 2TS 9 8156222812999999999999999 310 701556 3899999999999999
120109 97 89 87 93106122137146147139122100 77 58 46 42 48 61 77 9410711624 3 3TS 936148999999999999999999999 342 871653 4299999999999999
119117113107104104108116126134138137129116 98 80 63 51 45 46 53 65 80 9424 3 4TS 0 4119101613999999999999999 4291031821 4499999999999999
107117122124122119116115117121125129130127118105 88 70 54 41 36 38 48 6524 3 5TS 255124114813099999999999999 6521152012 3699999999999999
 85105122134139137130121113108109114122130133130119100 76 52 32 20 20 3224 3 6TS 41113914 413399999999999999 9231082132 1999999999999999
 54 82111135150154147133115101 93 95105121137147147134110 78 45 18  3  424 3 7TS 4501541529149999999999999991019 932227  199999999999999
 21 51 89125153167165149125100 81 74 82101127151165165148116 75 35  3-1124 3 8TS 5231681629167999999999999991058 742313-1299999999999999
 -5 20 60104144171179168141108 77 58 57 73102137166182179155115 68 24 -724 3 9TS 5551791720183999999999999991135 552355-1799999999999999
-16 -3 32 78126164185183160124 84 52 37 44 69108148179193185155110 60 1724 310TS 62518618 8194999999999999991212 37999999999999999999999
 -8 -9 13 54103149180190176143100 58 29 21 37 71115157187196182148102 5424 311TS 654190185419699999999999999 033-121250 2199999999999999
 18  2 10 40 83130168189186161120 74 35 13 14 37 76121161186190172136 9424 312TS 723191194019199999999999999 110  21328 1099999999999999
 54 29 23 39 72113152179187172139 95 52 20  6 15 42 8212415917717615612424 313TS 751187202617999999999999999 145 2214 7  699999999999999
 90 61 47 51 71102137165180176153117 75 39 15  9 22 51 8712315016215814024 314TS 817181211416299999999999999 218 461448  999999999999999
115 91 74 70 79100126151167170158132 98 64 35 19 19 33 59 8911713614414024 315TS 84217122 814499999999999999 249 701532 1799999999999999
127112 98 91 93103120138153159155140116 88 62 41 31 32 44 64 8610612012724 316TS 9 7159232512799999999999999 319 911623 3099999999999999
126121115109108111119129139145145138125107 87 68 53 44 44 51 63 79 9410624 317TS 933145999999999999999999999 3491081735 4399999999999999
115121122122122121122124127129130130126119108 94 80 66 55 50 51 58 69 8324 318TS 224123101213199999999999999 4571211920 5099999999999999
 98112123130132131128123118115115116119122121116106 91 74 59 49 45 49 6124 319TS 410133132212299999999999999 9441152058 4599999999999999
 79 99117132140141135125114105100101107117126130127116 98 76 56 41 36 4324 320TS 43714215 9130999999999999991020 992157 3699999999999999
 59 82107130145150145132115 98 87 85 92106122136143138122 98 71 46 31 2924 321TS 45915016 6143999999999999991045 852238 2899999999999999
 41 65 94123145156154140119 97 79 71 76 91113135150154144121 90 59 35 2324 322TS 52015716471549999999999999911 9 712311 2399999999999999
 29 49 80113142159162150127 99 75 60 60 74 98126150163161143113 78 46 2524 323TS 5401631723164999999999999991132 582340 2199999999999999
 22 37 66101135159168160137106 76 54 47 56 79111141164171161135100 63 3524 324TS 6 01681756171999999999999991156 47999999999999999999999
 24 31 55 90126156171168147116 81 52 37 40 60 91126156173173154122 85 5224 325TS 620172182817599999999999999 0 8 231220 3699999999999999
 32 31 48 80117150171173158127 90 55 33 28 41 70106141167176167141107 7224 326TS 63917519 017699999999999999 034 291245 2799999999999999
 46 37 47 72107141167176166139102 64 34 21 27 50 84121153171172155126 9324 327TS 659176193217499999999999999 059 371312 2199999999999999
 65 49 51 69 99132159174170149115 76 42 21 18 33 62 9913315816916214111324 328TS 71917520 616999999999999999 125 481340 1799999999999999
 85 65 60 70 93122150168171157128 91 56 29 17 23 44 7611013915716014912824 329TS 740172204216199999999999999 151 601410 1799999999999999
103 83 73 76 91114139158166160138107 73 43 25 21 32 56 8611513814914813624 330TS 8 3166212415099999999999999 218 721445 2199999999999999
119101 89 86 93109129147158157144121 92 63 40 28 29 42 64 8911313013813624 331TS 828159222113899999999999999 248 861527 2799999999999999
128117106100101108121135146150145131110 86 63 45 37 37 48 65 8510311812724 4 1TS 858150235912999999999999999 3251001624 3699999999999999
129127122117113113117124131137138134123108 89 71 55 45 42 47 58 74 9110724 4 2TS 945138999999999999999999999 4311131752 4299999999999999
121130134133129124119117117120125128129125116101 84 66 50 41 39 46 60 8024 4 3TS 220134114112999999999999999 7171171942 3999999999999999
102122138146146139127115106102105112123132135131118 98 74 51 34 28 33 5024 4 4TS 32914714 013599999999999999 9 610221 4 2899999999999999
 76105133152160156142121101 86 82 88104124142152150135109 77 47 25 17 2524 4 5TS 4 9160152115399999999999999 954 8222 1 1799999999999999
 48 81118149169172159134104 78 61 60 75101131157170168148115 77 41 17 1224 4 6TS 4421731621171999999999999991033 592247 1199999999999999
 26 57 97137168182176153117 80 50 36 43 68104142172186180155116 73 37 1624 4 7TS 5131831712186999999999999991111 362329 1499999999999999
 17 38 75119158184189171136 92 51 23 16 32 67111153184195185154112 70 3724 4 8TS 54319018 1195999999999999991148 16999999999999999999999
 23 32 60100143177193185157113 65 25  3  5 30 71119162190196181148107 6924 4 9TS 612193184719799999999999999 0 7 231225  199999999999999
 44 39 55 87126163187191173135 87 40  6 -7  3 35 7912716618818917113910324 410TS 641193193319199999999999999 044 3813 4 -799999999999999
 73 58 61 81113148176188181154112 65 24 -2 -7 10 45 8813116317917615712924 411TS 7 9189201918099999999999999 120 571343 -899999999999999
101 81 75 84106134161178180164132 92 51 18  1  3 24 57 9613115516516014324 412TS 73718121 716599999999999999 154 751423  099999999999999
122104 93 93105124146163171164144114 79 46 22 13 19 39 68 9912614415014524 413TS 8 417122 115099999999999999 228 9215 6 1399999999999999
133120109105109119134147156157147128102 74 50 34 29 36 52 75 9811813113624 414TS 833158231213799999999999999 3 31051556 2999999999999999
135129122117116119125133140143141132117 98 79 61 49 45 49 60 77 9411012224 415TS 9 5143999999999999999999999 34911517 0 4599999999999999
129131130127124122121122125127129127123114102 88 74 63 56 56 63 74 8910424 416TS 1 913110 712999999999999999 5471211829 5599999999999999
118128134136133128121116112111113116120122119112100 85 71 61 57 60 71 8624 417TS 250136125612299999999999999 84911120 4 5799999999999999
104121134142142136126114103 97 96101110120128129123109 92 74 60 54 57 7024 418TS 333143144112999999999999999 936 952110 5499999999999999
 89111131145150146134116 99 86 80 84 95112128139141132115 92 70 55 50 5724 419TS 4 215015411419999999999999910 6 802156 5099999999999999
 74 99124145157156144123 99 79 67 66 77 97120140152151137114 87 64 50 4924 420TS 4261581626153999999999999991033 652232 4799999999999999
 62 86115142160164154133105 77 57 50 58 78106134155163157137108 79 57 4824 421TS 44916417 4163999999999999991058 5023 5 4899999999999999
 55 76105135159170164144113 80 53 38 40 57 87120149168170157131 99 71 5424 422TS 5111701739171999999999999991124 362334 5199999999999999
 53 68 95127155172172156125 88 54 31 25 37 64100136164176172151121 90 6624 423TS 5321741814177999999999999991150 24999999999999999999999
 56 64 86117148170177166138101 61 31 16 20 42 77116151173179167141110 8224 424TS 554177184817999999999999999 0 3 561217 1599999999999999
 66 65 81108138164177173151116 75 38 14  9 23 54 9213116217717515713010124 425TS 616178192217899999999999999 032 631246  899999999999999
 79 71 79100128155173176161131 92 52 22  7 11 33 6810714216617416614511924 426TS 641177195917499999999999999 1 1 711317  699999999999999
 96 82 82 95118144164174167145110 72 37 14  8 19 46 8111714716416615513524 427TS 7 6174203916799999999999999 131 801351  899999999999999
113 97 90 95110132153166167154128 93 59 31 15 15 30 57 9012114515715614524 428TS 735168212615899999999999999 2 4 901430 1399999999999999
129113102100107122139154161156140114 84 55 33 22 25 41 65 9311913814814724 429TS 8 8161222814999999999999999 243 991517 2299999999999999
140128117110109115126139148151145130108 83 59 41 32 34 47 67 9011313014124 430TS 851151235414499999999999999 3361091618 3299999999999999
144140133124117114116123131138140137127110 90 69 52 42 41 49 64 8510612624 5 1TS10 0140999999999999999999999 5 41141738 4099999999999999
140146146140130119112109111117125132135131120103 83 64 50 43 47 60 8010424 5 2TS 127147115713599999999999999 7 510919 8 4399999999999999
127145155155146131114100 92 92101114128139142135119 97 74 54 43 44 57 8024 5 3TS 231156134814299999999999999 827 912025 4299999999999999
108135156165162147124100 80 69 72 86107130149156151134108 80 56 43 44 6024 5 4TS 31516615 715799999999999999 919 692125 4299999999999999
 87119149169175165141109 77 54 45 52 75105137161172166146116 84 58 45 5024 5 5TS 35217516 91729999999999999910 3 452215 4599999999999999
 70101136165182180160127 87 51 27 23 38 70109146174184176152119 86 61 5224 5 6TS 42618317 4184999999999999991043 2223 0 5299999999999999
 61 86120154180189178148106 62 25  6  8 32 71116156183191180153119 87 6724 5 7TS 4581891754191999999999999991123  42342 6299999999999999
 63 77105139170189189168130 83 38  5 -8  3 34 77124164187191177149117 9024 5 8TS 53019118421929999999999999912 3 -8999999999999999999999
 75 78 96124156180190181153110 62 20 -6-11  6 42 8713216718618516914211424 5 9TS 6 3190192818899999999999999 022 741243-1299999999999999
 93 86 93113140166183185168134 91 47 12 -7 -5 17 54 9713716617917515813424 510TS 635186201417999999999999999 1 0 861324 -999999999999999
112 99 97108127151170179173151117 77 39 12  1  8 33 6810613916116816214724 511TS 7 817921 116899999999999999 138 9614 5  199999999999999
128112105107118136154166169158135104 69 39 19 15 25 49 8011213815315715124 512TS 742169215015799999999999999 2171041449 1499999999999999
138124114110114124138151158156144123 96 68 45 32 31 42 63 8911413414614824 513TS 820158224514899999999999999 3 01101536 3099999999999999
143133123116114117125134142146143132115 94 73 55 46 46 56 73 9411513114024 514TS 9 6146235214399999999999999 3551141629 4499999999999999
143139132124118114115119125131134132126113 98 81 67 58 58 66 80 9711513024 515TS1015134999999999999999999999 5211141733 5799999999999999
139142140134125116110107109113119125127125117105 90 77 68 66 72 8410011724 516TS 1 414212 312799999999999999 7111071847 6699999999999999
132143146143135123110100 95 95101110120128129125114 99 85 74 70 75 8710424 517TS 2 2146134813099999999999999 826 941958 7099999999999999
123139150152145132115 98 85 79 82 92107122134138134122106 89 77 73 78 9224 518TS 24515215 213899999999999999 912 792056 7399999999999999
112133149158156143124101 80 67 63 71 88109130144149143128109 90 77 75 8324 519TS 319158155714999999999999999 947 632143 7499999999999999
101124145160164155135109 81 59 48 51 66 91118142157160150130108 88 77 7924 520TS 3481641642160999999999999991019 472223 7699999999999999
 92114138159169165148120 88 58 38 33 44 68 99131156168166152128104 86 7924 521TS 4161691722169999999999999991049 3323 0 7999999999999999
 86104129153170173161135100 64 35 21 24 44 76112145168176169149123 99 8524 522TS 44317418 0176999999999999991119 202335 8299999999999999
 84 96119145166177171150116 77 41 17 10 22 50 88127158177179166142116 9624 523TS 5111771837180999999999999991151 10999999999999999999999
 86 91109134158175178164135 96 55 23  5  7 27 6110113916718017615913411024 524TS 540179191618199999999999999 0 9 861225  399999999999999
 94 91101122147168179174152118 77 39 11  1 10 36 7311314817117817015112724 525TS 612179195617899999999999999 044 9113 2  199999999999999
107 96 98112134156173177165139102 63 29  7  4 18 47 8412215217017316214324 526TS 647177204017499999999999999 121 951342  399999999999999
122106100105121141160172171155127 91 55 26 10 11 28 57 9312715316616615524 527TS 725173213016899999999999999 2 21001427  899999999999999
138120108104111126144159166162145118 86 54 30 18 21 39 67 9912915116216124 528TS 810167222616399999999999999 2501041517 1899999999999999
151136120110107112125140152158154139115 87 59 39 29 33 49 7410212914915924 529TS 9 6158232716099999999999999 3501071614 2999999999999999
159150135121109105108117130142149147136117 94 70 51 42 44 58 8010613115024 530TS1020150999999999999999999999 5 61041718 4299999999999999
160160150135118104 96 96104117131141145139125105 83 65 55 55 66 8611013524 531TS 029161115314599999999999999 629 951829 5499999999999999
154163163152133112 93 81 79 87102121137146146136119 98 79 67 65 74 9311724 6 1TS 125164133014899999999999999 742 791940 6499999999999999
142160169166151127100 76 61 59 69 89114137152157149133111 91 77 74 8310224 6 2TS 214170145315799999999999999 841 582045 7399999999999999
127151169175168146116 83 56 40 39 54 80111140161168162144121100 85 82 9224 6 3TS 25717516 116899999999999999 932 372144 8199999999999999
112138162177180166138101 64 34 20 23 44 76114147170178171152128105 91 9024 6 4TS 33818117 0178999999999999991019 192236 8999999999999999
102123149172184180160126 84 45 16  5 14 40 79120155178184175154129107 9624 6 5TS 41818417531849999999999999911 3  52323 9599999999999999
 97111135160179186177150111 67 29  3 -3 12 44 8612816318318617315112710824 6 6TS 4571861841186999999999999991147 -3999999999999999999999
 99104121144168183185169138 96 53 17 -3 -2 18 53 9613716818318216714512224 6 7TS 536186192518599999999999999 0 8 991229 -599999999999999
107103111130152173183179159125 83 43 12 -1  5 30 6710814517018017415813624 6 8TS 61518420 718099999999999999 0491021311 -199999999999999
117106106117136157174179170146112 72 37 14  7 18 45 8211915016917316414724 6 9TS 654179204717399999999999999 1291051352  799999999999999
128112106110123141159171171159134100 66 37 20 19 35 63 9612915316516515424 610TS 734173212616799999999999999 2 81061433 1899999999999999
137121109106112126142156164161147122 92 63 41 31 35 53 7910913615416115724 611TS 81616422 616199999999999999 2501061513 3199999999999999
145130116107107113126139151155150136114 89 66 49 44 52 70 9412014115415724 612TS 9 1155224715799999999999999 3361061555 4499999999999999
151139125113106105111122133142145141128110 90 72 61 59 68 8510712814515424 613TS 956145233215599999999999999 4331051639 5899999999999999
154147135121109102101105114124133137134125111 95 82 73 73 82 9711613414824 614TS11 8137999999999999999999999 5421011731 7299999999999999
154153145132117104 95 92 96104115125132133127117104 93 85 85 9310612313924 615TS 021155124013399999999999999 657 921832 8499999999999999
151156154144128111 95 84 80 84 94107121132137134126114103 95 9410011312924 616TS 110156141213799999999999999 8 2 801940 9399999999999999
144155159154141122101 82 70 66 72 85104123137145144136123110101 9910511824 617TS 157159152514699999999999999 853 662045 9999999999999999
135150161162154136112 87 65 53 52 62 8110612914715615514412911410410211024 618TS 240163162115799999999999999 936 51214110299999999999999
124142158166164151127 98 69 47 36 40 56 8311314016016716314913111410410424 619TS 32016717 7167999999999999991015 36223010399999999999999
114131151166172165145115 81 50 29 22 32 56 8912315317117616714912811110324 620TS 3581721749176999999999999991054 22231310299999999999999
106120140160174176163136100 63 32 13 13 29 60 9813516418018016714512310724 621TS 4371771830182999999999999991133 11235310299999999999999
102110127150170181177158125 85 46 17  3  9 32 6810914717318518016213911724 622TS 5171811911185999999999999991213  3999999999999999999999
103102114135159178185176151114 72 33  7 -1 10 39 7812015617918517615513124 623TS 558185195318699999999999999 0341011255 -199999999999999
111101104119142166182185172143103 61 25  3  0 17 49 9013116318118317014724 624TS 642186203518499999999999999 1161001339 -199999999999999
124106 99106123147169183182165135 95 55 23  7  9 29 6310314016818117816224 625TS 728184211818299999999999999 2 0 991424  599999999999999
139117101 97106125148168179176158127 91 55 28 17 23 45 7811514817117917224 626TS 81918022 117999999999999999 248 971510 1799999999999999
154132110 97 94104122143162171168151123 91 61 40 32 41 63 9412715517217624 627TS 915172224517699999999999999 342 941557 3299999999999999
166147125104 91 89 97114135152161159146123 96 72 56 52 61 8210913716017224 628TS1020162233117499999999999999 442 881648 5299999999999999
172161141118 97 83 80 87103122140151153144127107 88 75 73 81 9912214516324 629TS1139153999999999999999999999 549 801744 7299999999999999
172170157136112 89 74 68 74 89109128143150147136121106 95 92 9811213115024 630TS 019172131215099999999999999 658 681850 9199999999999999
165172168154131105 80 62 54 59 74 9612013915115414813612211110610912013624 7 1TS 110172144615499999999999999 8 6 5420 610699999999999999
153167173168152127 97 69 48 40 45 62 8711514015716316014813412111411512424 7 2TS 2 417316 616399999999999999 9 8 39212211399999999999999
139156170175169150121 88 57 35 26 33 54 8411614516517316915614012411611624 7 3TS 25917517 81739999999999999910 3 26222711599999999999999
126142160174178169147115 78 45 22 16 26 52 8612315417418017415813912211324 7 4TS 3511781758180999999999999991053 15232011399999999999999
115127146165179181169142106 67 33 13 10 26 56 9513316418118317315313211624 7 5TS 4401821840184999999999999991139  9999999999999999999999
109115130151171183182165134 95 55 24  8 11 32 6710714517218418116614412324 7 6TS 526184191718599999999999999 0 31091221  799999999999999
109106116135157176185180158124 83 45 18  8 18 45 8312315617818317415413124 7 7TS 6 9185195018399999999999999 04210613 0  899999999999999
112103105120141163180184173147111 72 38 18 16 32 6310113816618017816314124 7 8TS 649184202218199999999999999 1171021337 1499999999999999
119103 99107125147168180179163134 98 62 35 23 29 51 8412115217217816915024 7 9TS 727181205117899999999999999 151 991411 2399999999999999
127108 98 98110130151168175170150121 88 58 39 35 48 7310613816217417215824 710TS 8 5175212017599999999999999 226 961444 3599999999999999
137116100 94 99113132151164167158137110 82 60 49 52 69 9612515116817216424 711TS 845168214917399999999999999 3 3 941516 4899999999999999
147126107 95 93100114132148157157146127104 82 68 64 72 9111614016016916724 712TS 929158222017099999999999999 346 921550 6499999999999999
155137117101 91 91 98112127140148147137122105 89 81 81 9210913115016316724 713TS1023148225416799999999999999 435 901626 8099999999999999
161148129111 96 88 87 94106120132139140134123111101 96 9810812314015416224 714TS1136140233516499999999999999 533 861712 9699999999999999
163156142124106 91 82 81 86 9711112413313813613012211411011211913114315424 715TS1315138999999999999999999999 641 80181511099999999999999
161160152138120100 84 74 71 76 8710311913314214414113412712112012413314424 716TS 025161145614499999999999999 751 71194212099999999999999
154160160151136115 94 74 61 58 64 78 9811913815115615314513512612212413324 717TS 12616116 815699999999999999 853 5821 712299999999999999
144156163162153135110 84 61 46 43 52 71 9612414716316816315113712511912224 718TS 228164165916899999999999999 947 43221211999999999999999
132146160169168156133103 72 45 30 29 42 6810013316017517816915213411911424 719TS 3251701742179999999999999991035 2723 111499999999999999
119133152169178175158129 93 57 29 14 17 37 7010914517318618416914712611124 720TS 4171791822187999999999999991120 13234410799999999999999
108117137160179188181159124 82 43 14  3 11 38 7812115918519318516413811524 721TS 5 618819 01939999999999999912 4  3999999999999999999999
102103118143169189195185157116 70 30  4 -2 13 47 9113617219319618015412524 722TS 554196193719799999999999999 0251001247 -399999999999999
102 93 99120149177196199184151107 61 23  2  2 24 6310815218419819217114124 723TS 641200201319899999999999999 1 6 931329 -199999999999999
111 91 86 98122153181198198178143 99 56 23  9 16 43 8312816619119718415824 724TS 729200204819799999999999999 148 861410  999999999999999
126 98 81 81 96123154180194191169134 94 57 32 25 38 6810714617719319017224 725TS 819195212219499999999999999 232 791450 2599999999999999
143112 87 74 77 94121151174185179159128 94 66 49 49 66 9412816018218918124 726TS 911185215718999999999999999 319 731530 4799999999999999
159130101 79 69 74 91116142162171167150126101 81 72 76 9311814516818218224 727TS1010171223218499999999999999 410 691612 7299999999999999
170147120 94 74 66 70 86107130148157156145130113101 9710211613515417017724 728TS1122158231217799999999999999 5 9 661658 9799999999999999
174161140115 91 72 63 65 77 9611613414514914613912912111812113014315616624 729TS13 3149999999999999999999999 618 6318 011899999999999999
171167156137114 90 71 60 58 67 8310312313914915315114513813313213614315324 730TS 0 517115 415399999999999999 737 58194213299999999999999
161166165155138115 90 68 53 49 55 71 9311813915516316315714713813313313824 731TS 119167162816499999999999999 855 49213213299999999999999
147158166167159142117 88 63 45 38 45 64 9112014616517417216214813512612524 8 1TS 240168171917499999999999999 959 38223912499999999999999
132144159170173164144115 83 54 34 29 39 63 9512915817618117516014112511624 8 2TS 3471731756181999999999999991050 29232211599999999999999
117128146165178180168143109 73 42 25 24 40 7110714317118518417115012811224 8 3TS 4401801827186999999999999991133 22235710699999999999999
106113130153173186184167137 98 60 32 19 25 49 8512515918218918016013511324 8 4TS 5251871855189999999999999991210 19999999999999999999999
100100114137162183191184160125 84 48 25 20 36 6710614417418918616914311724 8 5TS 6 4191192119099999999999999 028 981243 1999999999999999
 98 92100120146172189192177148109 70 39 25 30 54 9012916318518917715312524 8 6TS 640193194519099999999999999 057 921314 2499999999999999
101 88 89104128156179191186165132 94 60 38 34 48 7811515117818918316313524 8 7TS 71519120 818999999999999999 126 861343 3399999999999999
107 88 82 90110137163181186175150117 83 56 45 51 7310514016918618617114524 8 8TS 749186203118899999999999999 156 821410 4599999999999999
117 93 80 80 94117143166178177161135105 78 62 60 73 9913015917918617715524 8 9TS 824179205418699999999999999 227 781437 5999999999999999
128102 83 76 82 99123146163170164147124100 82 74 80 9712315017118217916324 810TS 9 3170211818299999999999999 3 2 7615 4 7499999999999999
140114 92 79 77 86103124143156159152137119102 92 9110111914116117417716824 811TS 947159214317799999999999999 340 761534 9099999999999999
150127104 87 77 78 8810412113714714914313312111110711012013515116417016824 812TS1046149221417199999999999999 426 7616 810799999999999999
157140119100 85 78 78 86 9911412713714114113613012512312513214315316116324 813TS1220142225716399999999999999 526 77165912399999999999999
160150135117 99 85 76 74 79 9010311813014014514514313913513513714214915524 814TS1439145999999999999999999999 646 74184513499999999999999
158156149136119101 83 71 65 67 76 9211012914515515815615014213613413714324 815TS 01115816 415899999999999999 815 65205713499999999999999
151157159155142123101 78 60 50 51 62 8310813415516917216615414113012512824 816TS 151159165117299999999999999 926 4922 712599999999999999
138151163169165151127 97 68 45 32 35 51 7911314617018318317115213211811424 817TS 3101691727185999999999999991021 32225211499999999999999
121137157174183178159128 90 54 27 16 23 48 8412516118619518816714111710224 818TS 41018318 11959999999999999911 7 16233110099999999999999
102116140167188197189163124 80 40 13  6 20 53 97142179200201185156124 9824 819TS 5 21971834203999999999999991150  5999999999999999999999
 87 93115147179202208194162117 69 28  6  6 28 6911716219520820017413810324 820TS 55020819 620899999999999999 0 9 871230  399999999999999
 79 74 88117154188210213194156108 60 25  9 18 48 9214018120620819015611624 821TS 637214193721099999999999999 047 7313 9  999999999999999
 83 64 65 86121160193212210186147100 58 31 24 41 7511916219520820017313524 822TS 72421420 820999999999999999 126 621347 2499999999999999
 96 66 53 61 87124162192206199174137 97 64 47 49 7010514517920020318615424 823TS 812206203720499999999999999 2 7 531423 4599999999999999
115 80 56 50 62 89124158183192184162131100 78 71 7910213216418719719016824 824TS 9 219221 619799999999999999 250 491459 7199999999999999
136101 71 54 51 65 90121149169175168151130110 98 9710812815117318618717524 825TS 958175213618899999999999999 338 501535 9699999999999999
153124 94 71 57 57 69 8911413615215815614613512511912113114415917217717424 826TS111115822 917799999999999999 432 55161411999999999999999
162143119 96 76 64 62 70 8410312113614614914814414013813914315015716316524 827TS131414923 116599999999999999 543 62171813899999999999999
163154140122103 85 71 65 67 76 9110812514015015615615415014614414414715124 828TS1540157999999999999999999999 716 65202014499999999999999
155157154145131112 91 74 62 59 66 8010012314315816616716115214213513213524 829TS 057157163616899999999999999 849 5922 113299999999999999
142151159161155140118 93 70 55 50 57 7510112815317017617316114513012111924 830TS 24716117 817699999999999999 954 50224211899999999999999
126139155167171164145118 88 61 44 42 54 7911014216718118217115213111410624 831TS 3531711734183999999999999991041 41231210599999999999999
109123144164178181169144111 76 49 35 39 59 91127159181188181161136112 9724 9 1TS 4411821758188999999999999991118 352339 9499999999999999
 95106128154177189186167135 97 62 39 32 45 74111148177191188171143115 9324 9 2TS 5201901820192999999999999991150 32999999999999999999999
 84 90110139168189196185158121 82 50 35 38 61 96135169190194180153121 9324 9 3TS 555196184219599999999999999 0 5 831219 3499999999999999
 77 77 93120152180196195177144105 69 45 40 54 85123160186196187163130 9824 9 4TS 62719819 219699999999999999 031 751245 3999999999999999
 75 67 77101133165189197188163127 90 61 48 54 7811214917919519317314110724 9 5TS 7 0197192219699999999999999 057 671311 4899999999999999
 78 63 65 83112145174191192175146112 82 63 61 7710514017119119418015311824 9 6TS 732193194219599999999999999 124 621336 6099999999999999
 86 65 58 69 93124155177187180160131102 81 73 8010213116118419218516213124 9 7TS 8 618720 219299999999999999 152 5814 1 7399999999999999
 98 72 58 60 77103133159175177166146121100 88 8910312615217418618516914324 9 8TS 841178202318899999999999999 222 571426 8799999999999999
112 84 65 59 67 8611113715716616515313611810610210812414416417718017115224 9 9TS 922167204618199999999999999 256 59145310299999999999999
126100 78 66 64 74 9211413414915515314513312311711812613915416617216915724 910TS1014155211217299999999999999 336 63152311699999999999999
139116 95 79 70 70 79 9311012613814414614313813313113213814615416116215824 911TS1144146214716299999999999999 429 6916 813199999999999999
148133115 98 84 75 73 77 86 9911412713814514814814614414214214414715115324 912TS1431149231015399999999999999 552 73182714199999999999999
152146136122106 90 77 69 67 73 8510212013815216016215815114313613413614124 913TS1548162999999999999999999999 742 6721 413499999999999999
148153154147134115 94 73 58 52 57 72 9512114716617517516515013412311912324 914TS 136154162517699999999999999 9 5 52215711999999999999999
135150163168163147122 92 64 43 35 43 64 9613116218318918216313911710310224 915TS 3 416816571909999999999999910 1 35223510199999999999999
114135159178186180158124 86 51 28 22 36 67107148181199198180151119 93 8124 916TS 4 41861727201999999999999991047 222311 8199999999999999
 87109140172195203192163121 76 39 18 19 42 81127170199209197168130 93 6824 917TS 4552031757209999999999999991128 162346 6299999999999999
 62 77109149186210215197161114 68 33 19 28 59104151190212210187148103 6624 918TS 54321618262149999999999999912 6 18999999999999999999999
 46 49 73113158196218218195155107 64 36 31 49 85131174205215201168122 7724 919TS 629221185521599999999999999 023 441244 3099999999999999
 44 32 43 75119164200217212186146103 68 50 53 77115157192211208184144 9824 920TS 716218192421399999999999999 1 1 321320 4899999999999999
 57 31 27 45 80124166197208199173138103 79 71 8110714217619920619416312224 921TS 8 3208195220799999999999999 141 251355 7199999999999999
 79 45 28 30 52 87127162186192182160133109 96 9611013316118419619317414324 922TS 853193201919799999999999999 223 261430 9499999999999999
106 71 45 34 41 62 9212515317017416615113412011511913215016918118517615624 923TS 949174204718599999999999999 3 8 3415 411599999999999999
129 99 72 54 47 53 70 9411913915315815514813913413213614515616517016916024 924TS11 5158211817199999999999999 4 1 47154413299999999999999
144123102 82 67 61 64 75 9110912613914715015014814614414514715015315515424 925TS1329151221215599999999999999 511 61172114499999999999999
149140127111 95 81 72 69 73 84 9911513114415315815715414814213813713814124 926TS1526158999999999999999999999 652 6921 413799999999999999
145147144137124107 90 76 68 68 76 9211113215016216716415514313112312012424 927TS 1 214716 516799999999999999 830 67215312099999999999999
133144152155149134114 91 73 61 61 71 9111614116117217316314712911310510624 928TS 249155163217499999999999999 933 60222210499999999999999
117133151163167158139113 86 64 53 57 73100130157175181173155132109 94 9024 929TS 3481671655181999999999999991016 532248 9099999999999999
 99118141163176176162136105 75 55 49 60 84116149174186182165138110 87 7724 930TS 4311781716186999999999999991051 492313 7699999999999999
 81 99126155177187181159127 93 64 49 52 72103138169188190175148115 86 672410 1TS 5 71871737191999999999999991121 482337 6499999999999999
 65 80107140170189193178150114 80 57 51 64 92127162186194184158123 89 632410 2TS 5411931757194999999999999991149 51999999999999999999999
 53 62 87121156183196191169136100 71 57 62 84117152181195191169134 96 652410 3TS 613197181619699999999999999 0 2 531215 5799999999999999
 47 48 67 99136170192196183156121 90 70 66 81109143174193195178146108 712410 4TS 645197183619699999999999999 027 451241 6599999999999999
 46 39 50 78114151179193190170141109 85 75 82104134164187194184158121 832410 5TS 718194185619499999999999999 053 3913 6 7599999999999999
 53 37 40 60 92128161182188178155128103 88 88102126154178190186167135 982410 6TS 751188191719199999999999999 121 361332 8699999999999999
 65 43 37 48 73106139165179178164142120103 981041211451671821841721471142410 7TS 826180194018599999999999999 151 371358 9899999999999999
 81 56 42 44 60 851151431621691651521341191101111211371561711771721551292410 8TS 9 716920 317799999999999999 224 41142710999999999999999
100 74 55 48 54 70 931181391531581541441331251211241331461591661661581412410 9TS10 0158203216799999999999999 3 3 4815 212199999999999999
118 95 75 61 57 62 76 94113130142148148144139134132134139146153156154147241010TS1131149211215699999999999999 357 5716 313299999999999999
134117 99 83 70 64 66 74 87103120134144150152149145140137136138141144145241011TS1351152225914599999999999999 519 64185013699999999999999
143137125111 94 79 68 63 66 76 92112131148159163160152140130123122126134241012TS15 3163999999999999999999999 7 8 63204412299999999999999
142148148140125105 83 65 54 54 64 85111137160173176167150130113103103112241013TS 129149154217699999999999999 833 53213110299999999999999
129147161165158139113 83 59 44 44 58 85119152176188184166139110 88 79 84241014TS 254165161418899999999999999 932 4222 8 7899999999999999
103130158178184175150116 80 51 36 40 61 96135171193198184154117 83 60 55241015TS 3541841644199999999999999991019 352245 5499999999999999
 70100137172195200186155115 75 46 36 46 75115157190206200173133 89 53 34241016TS 44620117142069999999999999911 1 362321 3299999999999999
 37 62102146185208210190154111 73 48 44 62 97139178204209192154107 60 26241017TS 5352121744210999999999999991140 432359 1499999999999999
 14 27 61108156194214211187149108 74 57 61 85122162194210204175130 80 36241018TS 6222151813211999999999999991219 56999999999999999999999
  9  6 27 67116163197211204178142107 82 73 84111146179202206190154107 59241019TS 7 9212184320799999999999999 038  41256 7399999999999999
 21  3  8 34 75122164192201191167136109 93 93107133163187199194170132 88241020TS 757201191320099999999999999 118  21332 9199999999999999
 47 18  8 18 46 85126160181186176156133115107112127149170185188177151116241021TS 847186194318999999999999999 2 0  814 910799999999999999
 78 46 26 21 34 59 92126152167170162148133123121127139154168175172159136241022TS 942170201517599999999999999 245 21144912199999999999999
107 78 54 40 39 50 70 96121141153156152145137132131135142151157160156144241023TS1054156205316099999999999999 337 38154213199999999999999
127106 85 68 57 55 62 77 96115131143149149147142138135134136139142144142241024TS124115022 514499999999999999 442 54174213499999999999999
137126113 97 82 71 67 69 79 93109126139148152151146139132126123124127132241025TS1418152999999999999999999999 6 8 67202112399999999999999
136137132123109 94 81 72 71 77 90108126143154158156147134121111107108116241026TS 04113715 615899999999999999 740 70211410699999999999999
126137143142134119100 83 72 69 76 91112134152163165156141122104 93 90 97241027TS 225144153816599999999999999 848 692147 9099999999999999
111129145154153142123101 81 68 67 78 98123147165172166150127103 83 74 77241028TS 32715516 317299999999999999 936 662215 7499999999999999
 92114138157166162146122 96 75 65 69 86112140163176175161135106 79 62 59241029TS 4121661627178999999999999991014 652242 5899999999999999
 71 95124151170175166144116 89 70 66 77100130158177182171146113 80 55 45241030TS 4511761649183999999999999991047 6623 7 4599999999999999
 51 73105138166181180164137107 82 69 73 91120150174186180158124 87 55 36241031TS 5271831711186999999999999991117 692333 3399999999999999
 34 52 82119154179188179157127 98 79 74 86110141168185186169137 98 60 332411 1TS 6 11881733188999999999999991146 74999999999999999999999
 23 33 60 97136168187188172146116 92 80 84103131159181188178150112 72 382411 2TS 634189175518899999999999999 0 0 231214 8099999999999999
 20 20 40 73113150177188181161134108 90 87 99122149173186182162128 88 512411 3TS 7 7188181918699999999999999 028 181243 8699999999999999
 24 15 26 52 89127160179182171149124103 94 98114138162179182170143106 682411 4TS 742183184418399999999999999 058 151312 9499999999999999
 37 20 19 36 66102137163175173158138118104102111129150168177173154124 892411 5TS 820176191217799999999999999 130 17134310199999999999999
 56 32 23 29 49 791111401601671621481321171101111221381551671691601391102411 6TS 9 4167194317099999999999999 2 7 22141910999999999999999
 80 53 35 31 39 60 861141381531581541431311211171201291411531591581471282411 7TS10 0158202116099999999999999 251 3115 711799999999999999
104 78 57 44 41 49 66 891121321461521501441351271231231281361441481471392411 8TS1117152212114899999999999999 346 40162612299999999999999
125105 85 67 54 49 54 67 861071271421511531491411321231191191231301361402411 9TS124815323 914099999999999999 459 49182711899999999999999
138129115 97 79 64 55 56 65 82103126144157161156145130116105102106115127241110TS1358161999999999999999999999 627 54195810299999999999999
138143140129111 91 71 58 55 63 80104130153167170161143120 99 84 79 86102241111TS 111143144517099999999999999 748 552053 7999999999999999
123142155156146126100 76 59 54 63 83112142166179177160133102 74 57 55 69241112TS 238157152218099999999999999 853 542137 5499999999999999
 94124152169173161137107 79 60 56 68 93125157180188178152115 76 45 30 34241113TS 343173155718899999999999999 946 562218 2999999999999999
 56 91130163184186171144111 81 63 63 79108143173192192172136 92 49 18  8241114TS 4391871631194999999999999991033 612258  899999999999999
 20 51 94138174194194176145111 84 70 74 95126160187198189160116 67 24 -2241115TS 53019717 4198999999999999991117 692339 -799999999999999
 -6 14 52100147182199195174143111 87 79 88112144174194197179142 94 46  7241116TS 6192001738198999999999999991158 79999999999999999999999
-13 -9 17 60109153184197190167138110 93 91104128157182194189164124 76 31241117TS 7 7197181319599999999999999 020-141239 8999999999999999
 -1-13 -3 27 70117156181189179158132110100102117141165183187175147107 63241118TS 754189184818899999999999999 1 2-131319 9999999999999999
 25  1 -4 11 42 82122155174177166147127112106112127147166177175160131 95241119TS 842178192517899999999999999 145 -514 010699999999999999
 58 28 11 11 28 57 92125151164164154139124114112119131147160165161145119241120TS 93116620 516599999999999999 230  9144411299999999999999
 89 59 37 26 29 45 70 99126145154154146134123116115120130141149152146132241121TS1025155205115299999999999999 317 25153911599999999999999
112 88 66 49 42 46 60 81104125140148147141132124117115117123130136138135241122TS1127148215713899999999999999 4 9 4217 011599999999999999
125110 93 76 63 57 60 71 88107125138145146141132123114109108111116123127241123TS1235146234112899999999999999 510 57184610899999999999999
128124114101 87 75 69 70 79 93110127140147148142132119107 98 94 96103113241124TS1335148999999999999999999999 620 6820 8 9499999999999999
122128128122110 97 84 77 76 84 97115132146152151142127109 93 82 78 82 94241125TS 132129142115399999999999999 733 762058 7899999999999999
109123133136131119104 90 81 80 88103122140154158153138117 94 75 63 62 72241126TS 252136145815899999999999999 836 792135 6199999999999999
 90111131144147140126108 91 82 83 93111133151162162150128100 74 54 45 51241127TS 349147152916399999999999999 927 8122 7 4599999999999999
 68 93120142156157146128107 90 83 87101123145162168160140111 79 51 34 32241128TS 4351581558168999999999999991010 832238 3199999999999999
 45 70102133156166163148125103 88 85 93112136158170169153125 89 55 29 18241129TS 5151671626172999999999999991047 8423 8 1899999999999999
 24 47 80116147168173164144119 98 87 89103126150168174165140105 66 32 12241130TS 5511731654174999999999999991122 862339  899999999999999
  9 25 55 93131160175175160136112 94 88 96115140162175173155123 83 44 152412 1TS 6271771724176999999999999991155 88999999999999999999999
  2  8 31 67108144168177170151127105 92 92106128152170176166141104 63 272412 2TS 7 2177175417699999999999999 011  11228 9099999999999999
  4 -1 13 42 81121153172174162141118100 93 99116139160173172156125 86 472412 3TS 740175182717599999999999999 046 -213 2 9399999999999999
 16  0  2 22 55 94131157170168153132112 99 97106125146164171164143111 732412 4TS 81917119 317199999999999999 123 -11340 9699999999999999
 38 13  3 11 34 681041361581661601451251091001011121301481621651541321002412 5TS 9 3166194416599999999999999 2 3  31423 9999999999999999
 65 35 16 11 22 46 781111391561601541391221081011041141301451551551441232412 6TS 952160203315699999999999999 248 11151610199999999999999
 94 65 40 25 23 34 57 861161391531571501361211081011021101231361451461372412 7TS1047157213714699999999999999 338 22162310099999999999999
119 95 70 49 37 36 47 67 93119140153156149136119105 95 93 991101231331382412 8TS114615623 213899999999999999 435 351744 9399999999999999
134121103 82 63 51 49 58 75 99122142155157150135116 97 84 78 82 931091242412 9TS1244158999999999999999999999 541 4919 4 7899999999999999
134136129115 96 78 65 61 67 83104128147159161151132108 84 66 58 62 76 96241210TS 044136133716299999999999999 654 612011 5899999999999999
117134143141130112 93 78 72 76 90111135154166164150126 95 66 44 35 41 60241211TS 219144142516799999999999999 8 7 7221 6 3599999999999999
 87116140153155144126105 88 79 83 97119143163172167147116 79 45 21 14 24241212TS 336156151017299999999999999 913 792156 1399999999999999
 49 83118148165167156135112 94 85 89105128153171177166140102 61 24  1 -3241213TS 4391681553177999999999999991011 852242 -499999999999999
 12 44 84125157174175162139115 96 89 95113138162178179163130 87 43  6-14241214TS 53317716351809999999999999911 3 892327-1699999999999999
-13  9 46 91133165180178162137113 96 91101121147169181177155118 72 28 -6241215TS 6231821717182999999999999991149 91999999999999999999999
-21-14 13 54100141170181175156131108 95 94107129154173181172145105 59 18241216TS 7 8181175818199999999999999 011-211232 9299999999999999
-11-20 -7 24 67111148171177167146122103 93 97113135158174176162132 92 49241217TS 750177184017799999999999999 054-201313 9399999999999999
 13 -9-11  7 40 81121152169169155134113 98 93101118139159170167150119 80241218TS 830171192017099999999999999 136-131353 9399999999999999
 43 13 -1  4 25 59 96130154163158143123105 94 94104121140155161155136106241219TS 9 816320 116199999999999999 216 -11433 9399999999999999
 72 41 20 13 22 46 77110137153156148132114100 93 95105120136147150141122241220TS 944157204515099999999999999 255 131516 9299999999999999
 96 68 45 31 30 43 66 94121141151149139123108 96 91 94103116128136137129241221TS1021151213413899999999999999 333 2916 8 9199999999999999
112 91 70 53 45 49 62 84107128143147143132118103 93 88 90 97108118125125241222TS11 1147223812699999999999999 413 451712 8899999999999999
119108 92 77 66 62 66 79 97116133143145139128113 99 88 82 82 88 97107114241223TS1145145999999999999999999999 458 621829 8199999999999999
118116109 99 88 79 77 81 92106122135143144137125109 93 80 72 70 75 85 97241224TS 010118123614499999999999999 554 771944 7099999999999999
108116119116109100 92 89 91 99112125137144144136122103 84 68 58 56 63 76241225TS 158119132914599999999999999 7 7 892043 5699999999999999
 92108121128127120111101 96 96103115128140147145135117 94 71 52 42 42 52241226TS 325128142014799999999999999 826 952130 4199999999999999
 71 93115131139138130117105 98 98105118133145150146131108 81 54 34 26 30241227TS 42414015 515099999999999999 932 972210 2699999999999999
 46 71100125143151147135119104 96 97107123139152155146125 96 64 35 16 12241228TS 5 81511547155999999999999991024 962248 1299999999999999
 23 46 78111139155159151134115100 93 97111130148159158143116 81 45 16  1241229TS 54716016261609999999999999911 7 932325  099999999999999
  3 21 52 89125151165163149128108 94 91100118139157165159137104 64 27  0241230TS 62316617 5165999999999999991144 90999999999999999999999
-10 -1 25 62103138162170162142119 98 87 89104126150166170157129 90 48 11241231TS 659170174517199999999999999 0 2-101220 8699999999999999
