 19 22 24 25 26 25 25 23 20 16 11  7  5  3  3  4  5  6  8 10 11 12 13 1424 1 1WN 359 269999999999999999999991339  3999999999999999999999
 15 18 20 21 22 22 21 20 18 15 12  8  5  4  4  4  5  6  8  9 10 11 11 1224 1 2WN 416 229999999999999999999991349  4999999999999999999999
 13 15 17 18 18 18 17 17 15 13 11  8  5  4  4  5  6  7  9 10 11 11 11 1124 1 3WN 352 189999999999999999999991328  4999999999999999999999
 12 13 14 15 15 14 14 13 12 11  9  7  6  5  5  6  8  9 11 13 13 14 13 1324 1 4WN 320 152052 149999999999999913 7  5999999999999999999999
 12 12 13 13 12 11 10  9  9  8  7  7  6  6  6  8 10 12 14 16 17 17 17 1624 1 5WN2052 179999999999999999999991244  6999999999999999999999
 15 14 13 12 11  9  8  7  6  5  6  6  6  7  8  9 12 14 17 19 20 21 21 2024 1 6WN21 8 21999999999999999999999 919  5999999999999999999999
 19 17 15 13 10  8  6  4  3  3  3  5  6  8  9 11 13 16 19 22 24 25 25 2424 1 7WN2129 25999999999999999999999 9 1  3999999999999999999999
 23 21 18 15 12  8  6  3  2  1  1  2  5  8 10 13 15 17 21 24 26 27 28 2724 1 8WN2157 28999999999999999999999 922  1999999999999999999999
 27 25 23 19 15 11  7  3  1 -1 -1  0  2  6 10 13 16 18 21 24 27 29 30 3024 1 9WN2237 30999999999999999999999 955 -1999999999999999999999
 30 29 27 24 20 15 10  5  2 -1 -3 -3 -1  3  7 12 15 18 20 23 26 28 30 3124 110WN2335 319999999999999999999991036 -3999999999999999999999
 31 31 30 28 25 20 14  8  4  0 -3 -4 -4 -2  3  8 13 16 18 20 22 25 28 3024 111WN99999999999999999999999999991124 -4999999999999999999999
 31 31 31 31 29 25 20 13  7  2 -1 -4 -5 -5 -2  3  8 13 16 17 18 21 24 2724 112WN 050 319999999999999999999991216 -5999999999999999999999
 29 30 31 31 30 28 24 18 12  6  1 -2 -4 -5 -5 -2  3  9 12 14 15 16 18 2124 113WN 3 5 3199999999999999999999913 9 -5999999999999999999999
 25 27 28 29 29 29 27 22 16  9  4  0 -2 -4 -5 -4  0  4  9 11 12 12 13 1524 114WN 421 299999999999999999999991358 -5999999999999999999999
 19 22 24 25 25 26 26 23 19 13  7  3  0 -1 -2 -3 -1  2  6  9 11 10  9 1024 115WN 520 2620 2 11999999999999991440 -322 3  999999999999999
 13 16 19 20 21 21 21 21 19 14  9  5  3  2  1  1  1  3  6  9 11 10  9  824 116WN 611 212023 119999999999999915 5  123 5  899999999999999
  9 11 13 15 15 15 15 16 15 13 10  7  5  4  5  5  6  7  8 10 12 12 11  924 117WN 540 162047 13999999999999991254  4999999999999999999999
  8  8 10 11 11 10 10  9  9  9  8  7  6  6  7  9 10 12 13 14 15 15 15 1324 118WN 353 1121 8 1599999999999999 018  81217  699999999999999
 11  9  8  8  8  7  6  5  4  4  4  5  5  6  9 11 14 16 18 19 19 19 19 1824 119WN2058 19999999999999999999999 834  4999999999999999999999
 15 13 10  8  7  5  4  2  0  0  0  1  4  6  9 12 16 19 22 23 23 23 22 2224 120WN1941 23999999999999999999999 912  0999999999999999999999
 20 18 14 11  8  6  4  2  0 -2 -3 -1  1  5  8 12 16 20 23 26 27 26 26 2524 121WN2014 27999999999999999999999 950 -3999999999999999999999
 24 22 20 16 11  8  5  3  0 -2 -3 -3 -1  3  7 11 15 19 22 26 28 28 28 2724 122WN21 3 289999999999999999999991026 -3999999999999999999999
 27 26 24 21 16 11  7  4  2  0 -2 -2 -1  2  6 10 14 17 20 23 26 28 29 2824 123WN2212 299999999999999999999991059 -2999999999999999999999
 28 28 27 25 21 16 11  6  3  1  0 -1 -1  1  4  9 12 15 18 20 23 25 27 2824 124WN99999999999999999999999999991126 -1999999999999999999999
 28 28 28 27 25 20 15  9  5  2  1  0  0  0  3  7 11 13 15 17 19 21 23 2524 125WN 139 289999999999999999999991143  0999999999999999999999
 26 27 28 28 27 24 19 13  7  3  1  0  0  0  2  5  8 11 13 14 15 16 18 2124 126WN 246 289999999999999999999991145  0999999999999999999999
 23 25 26 26 27 25 21 16 10  4  1 -1 -1  0  1  3  6  9 11 12 12 13 14 1724 127WN 334 279999999999999999999991154 -1999999999999999999999
 19 22 23 24 25 24 22 18 12  6  2 -1 -1 -1  0  1  4  7  9 10 10 10 11 1324 128WN 411 259999999999999999999991212 -1999999999999999999999
 15 18 20 21 22 22 21 18 13  7  3  0 -1 -1  0  1  3  5  7  8  9  8  8 1024 129WN 439 229999999999999999999991225 -1999999999999999999999
 12 14 16 17 18 18 18 16 13  8  4  1  0  0  1  2  4  6  7  8  8  7  7  724 130WN 457 181930  8999999999999991218 -122 6  799999999999999
  9 11 13 14 14 15 14 13 11  8  4  1  0  1  2  4  6  8  9 10  9  8  7  724 131WN 511 151911 109999999999999912 2  02252  799999999999999
  7  9 10 11 11 11 11 10  9  7  4  2  1  2  4  6  8 10 12 12 12 11  9  824 2 1WN 516 1119 0 12999999999999991151  12352  799999999999999
  7  8  8  8  8  8  8  7  7  6  4  3  3  4  6  9 11 14 15 16 15 14 12 1024 2 2WN 250  819 3 16999999999999991142  2999999999999999999999
  8  8  7  7  6  6  5  5  4  4  4  4  4  5  8 11 14 17 19 20 19 18 16 1424 2 3WN1913 2099999999999999999999911 7  4999999999999999999999
 11 10  8  7  5  4  3  2  2  2  3  4  5  7  9 12 16 19 22 23 23 22 20 1824 2 4WN1927 23999999999999999999999 8 2  2999999999999999999999
 16 13 10  8  6  4  2  0 -1  0  1  3  5  8 10 13 17 20 23 25 25 25 23 2224 2 5WN1950 25999999999999999999999 826 -1999999999999999999999
 20 17 14 11  8  5  2  0 -2 -3 -2  0  4  7 10 13 16 20 23 25 26 26 26 2524 2 6WN2030 27999999999999999999999 9 2 -3999999999999999999999
 23 22 19 15 11  7  3  0 -3 -4 -5 -3  0  4  9 12 15 18 21 23 25 26 27 2624 2 7WN2133 27999999999999999999999 945 -5999999999999999999999
 25 25 23 20 16 11  6  2 -2 -5 -6 -6 -4  0  5 10 13 15 17 19 22 24 25 2624 2 8WN99999999999999999999999999991031 -7999999999999999999999
 26 26 26 25 21 16 11  5  0 -4 -6 -8 -7 -5  0  6 10 12 13 15 16 19 22 2324 2 9WN 024 269999999999999999999991119 -8999999999999999999999
 24 25 26 26 25 21 16  9  3 -2 -5 -7 -8 -7 -4  1  6  9 11 11 11 13 16 1924 210WN 250 2699999999999999999999912 6 -8999999999999999999999
 21 22 23 25 26 24 20 14  7  1 -3 -5 -7 -8 -6 -2  3  7  9  8  7  7  9 1224 211WN 352 261815  9999999999999991247 -82034  799999999999999
 15 18 19 21 23 23 21 17 11  4  0 -3 -4 -5 -5 -2  1  6  8  8  6  4  4  624 212WN 448 231830  9999999999999991321 -52135  499999999999999
  9 12 14 15 17 19 19 17 13  7  3  0  0 -1 -1  0  3  6  9 10  8  5  3  324 213WN 541 191851 10999999999999991325 -12232  299999999999999
  5  7  9 10 11 12 14 14 12  8  5  3  3  4  4  5  7  9 11 12 11  9  5  324 214WN 634 141911 12999999999999991134  32335  299999999999999
  2  4  5  6  6  6  7  8  8  7  5  4  5  7  9 11 12 13 15 15 15 13 10  624 215WN 738  81920 159999999999999911 8  4999999999999999999999
  4  3  3  3  3  3  2  2  3  3  4  4  5  8 12 15 17 19 19 19 18 17 15 1124 216WN1811 19999999999999999999999 630  2999999999999999999999
  8  5  4  3  2  1  0 -1 -1 -1  1  2  5  8 12 17 20 22 23 23 22 20 19 1624 217WN18 8 23999999999999999999999 749 -1999999999999999999999
 13 10  7  5  3  2  0 -2 -3 -3 -2  0  3  7 11 16 20 24 26 26 25 23 22 2024 218WN1837 26999999999999999999999 841 -3999999999999999999999
 18 15 11  8  6  4  2  0 -2 -4 -3 -1  2  6 10 14 19 22 25 26 26 25 23 2224 219WN1918 26999999999999999999999 924 -4999999999999999999999
 21 19 16 12  9  6  4  2  0 -2 -3 -2  1  4  8 12 16 19 22 24 25 25 24 2324 220WN2017 2599999999999999999999910 2 -3999999999999999999999
 23 22 20 17 13  9  5  3  1 -1 -2 -2  0  3  7 10 13 16 18 20 21 22 23 2324 221WN2335 239999999999999999999991034 -2999999999999999999999
 23 23 22 20 17 12  8  4  2  0 -1 -1 -1  2  5  8 11 13 14 15 17 18 20 2124 222WN99999999999999999999999999991056 -1999999999999999999999
 21 22 23 22 20 15 10  6  2  0 -1 -1 -1  1  3  7  9 11 11 11 12 13 15 1724 223WN 2 9 239999999999999999999991059 -1999999999999999999999
 19 20 21 22 21 18 13  7  3  0 -2 -2 -2  0  2  5  7  9  9  9  8  9 11 1324 224WN 258 221743  9999999999999991052 -21954  899999999999999
 15 17 19 20 20 19 15  9  4  0 -2 -2 -2 -1  1  3  6  8  8  7  6  6  7  924 225WN 339 201746  89999999999999911 0 -22040  699999999999999
 11 14 15 17 18 18 15 11  6  1 -1 -2 -2 -1  1  3  5  7  8  7  5  4  4  624 226WN 413 181750  89999999999999911 5 -22117  499999999999999
  8 10 12 14 15 15 14 11  7  2  0 -1 -1  0  2  4  6  8  8  7  5  3  3  424 227WN 443 161745  8999999999999991059 -12154  399999999999999
  5  7  8 10 12 13 12 10  7  3  1  0  1  3  4  7  9 10 10  9  7  4  2  224 228WN 513 131736 10999999999999991050  02235  299999999999999
  3  5  6  7  8 10 10  9  7  4  2  2  3  5  7 10 12 13 13 12 10  6  4  224 229WN 548 101734 13999999999999991046  22324  299999999999999
  2  3  4  5  6  7  7  8  7  5  4  3  5  7 10 13 15 17 17 16 13 10  7  424 3 1WN 638  81738 17999999999999991045  3999999999999999999999
  3  3  3  3  3  4  5  5  6  6  5  5  6  9 13 16 18 20 20 19 17 14 10  724 3 2WN 816  61742 2099999999999999 034  31033  599999999999999
  5  3  3  2  2  2  2  3  4  5  6  6  8 11 14 17 20 22 23 22 20 17 14 1124 3 3WN1749 23999999999999999999999 450  2999999999999999999999
  8  6  4  3  2  1  0  0  1  2  5  7  9 11 14 18 21 24 25 24 22 20 18 1524 3 4WN18 7 25999999999999999999999 639  0999999999999999999999
 12  9  7  5  3  1 -1 -2 -2 -1  2  5  8 11 14 17 20 23 24 25 24 22 20 1924 3 5WN1840 25999999999999999999999 741 -2999999999999999999999
 16 14 11  8  5  2  0 -2 -4 -4 -2  1  5  9 12 15 17 20 22 23 23 23 21 2024 3 6WN1932 23999999999999999999999 833 -4999999999999999999999
 20 18 16 12  8  4  1 -2 -4 -6 -6 -3  1  5  9 12 14 16 18 19 21 21 21 2124 3 7WN2251 21999999999999999999999 923 -6999999999999999999999
 21 21 20 17 13  8  3 -1 -4 -6 -7 -7 -4  1  5  9 11 12 12 14 15 17 18 1924 3 8WN99999999999999999999999999991010 -7999999999999999999999
 20 21 22 21 17 13  7  2 -2 -5 -7 -7 -6 -3  2  6  8  9  8  8  9 11 13 1524 3 9WN 2 3 221642  9999999999999991055 -71846  899999999999999
 17 18 20 22 20 17 11  6  1 -3 -5 -6 -6 -4  0  4  8  8  7  5  4  5  7 1024 310WN 3 6 221645  8999999999999991134 -620 2  499999999999999
 12 14 16 19 20 19 15  9  4  0 -2 -3 -3 -2  0  4  8  9  8  5  1  0  1  424 311WN 4 4 2017 2  99999999999999912 1 -321 1  099999999999999
  6  8 10 13 16 17 16 12  7  4  2  1  1  2  3  6  9 11 11  8  3 -1 -2 -124 312WN 5 1 171723 119999999999999911 2  12158 -299999999999999
  1  3  5  7 10 12 14 12  9  6  5  5  6  7  8 10 12 14 14 12  8  2 -1 -224 313WN 6 1 141742 14999999999999991019  52259 -299999999999999
 -2  0  1  2  4  6  8  9  9  7  7  8 10 12 14 15 16 17 18 16 13  8  3 -124 314WN 710  91746 189999999999999910 0  7999999999999999999999
 -2 -1 -1  0  0  1  3  5  6  7  7  8 11 15 18 20 21 22 21 20 17 13  8  424 315WN1643 22999999999999999999999 015 -2999999999999999999999
  1  0  0  0 -1 -1 -1  0  2  4  6  8 11 16 20 23 25 25 24 23 21 18 14  924 316WN1644 25999999999999999999999 518 -1999999999999999999999
  6  3  2  1  1  0 -1 -1 -1  1  4  6 10 14 19 23 26 27 26 25 22 20 18 1424 317WN1710 27999999999999999999999 655 -1999999999999999999999
 11  8  5  4  3  2  0 -1 -1  0  2  5  8 12 16 20 24 26 26 25 23 21 20 1824 318WN1744 26999999999999999999999 755 -1999999999999999999999
 15 12  9  7  5  4  2  1  0 -1  1  3  6 10 13 17 20 22 24 24 22 21 20 1924 319WN1826 24999999999999999999999 843 -1999999999999999999999
 18 16 13 10  7  5  4  2  1  0  0  2  5  8 11 14 16 18 19 20 20 19 19 1924 320WN1931 20999999999999999999999 920  0999999999999999999999
 19 18 16 13 10  7  4  3  1  1  1  1  3  6  9 11 13 14 14 15 16 16 17 1724 321WN9999999999999999999999999999 945  1999999999999999999999
 18 18 18 16 13  9  5  3  1  1  1  1  2  5  7  9 10 11 10 10 11 12 13 1424 322WN 110 18999999999999999999999 939  1999999999999999999999
 16 17 18 17 15 11  6  3  1  0  0  1  2  4  6  8  9  9  8  7  7  8  9 1124 323WN 2 6 181613  999999999999999 920  01939  799999999999999
 13 14 16 17 15 12  8  4  1  0  0  1  2  4  6  8  9  8  7  5  4  4  5  724 324WN 252 171614  999999999999999 926  02021  499999999999999
  9 11 13 15 15 13 10  5  2  1  1  1  3  4  6  8  9  9  7  4  2  2  2  424 325WN 333 151615  999999999999999 931  12059  299999999999999
  5  8 10 12 13 13 10  7  4  2  2  3  4  6  8 10 11 11  9  5  2  0  0  124 326WN 412 131611 1199999999999999 931  22137  099999999999999
  2  4  7  9 11 12 11  8  6  4  4  5  7  9 11 13 14 13 11  8  4  1 -1  024 327WN 452 121610 1499999999999999 931  32218 -199999999999999
  0  2  4  7  9 11 11 10  7  6  6  7  9 12 14 16 17 17 15 11  7  3  0 -124 328WN 538 111615 1799999999999999 934  523 4 -199999999999999
 -1  0  2  4  6  9 10 10  9  8  8  9 12 15 17 19 20 20 18 15 11  6  2  024 329WN 637 101621 2099999999999999 940  8999999999999999999999
  0  0  0  2  4  6  8 10 10 10 10 11 13 17 20 22 23 23 21 18 15 10  6  224 330WN1623 23999999999999999999999 0 0  0999999999999999999999
  1  0  0  1  2  3  5  7  9 10 11 12 14 18 21 24 25 25 23 21 18 14 10  624 331WN1627 25999999999999999999999 128  0999999999999999999999
  3  2  1  1  1  1  2  4  7  9 11 12 14 17 21 24 26 26 25 23 20 17 14 1024 4 1WN1641 26999999999999999999999 334  1999999999999999999999
  7  5  3  2  1  0  0  1  3  6  9 11 13 16 19 22 25 26 25 23 21 19 17 1424 4 2WN17 9 26999999999999999999999 545  0999999999999999999999
 11  8  6  4  2  0 -1 -1 -1  1  5  8 11 13 16 19 21 23 23 23 21 20 18 1724 4 3WN1750 23999999999999999999999 7 2 -1999999999999999999999
 15 12 10  7  4  2 -1 -2 -3 -2  0  4  8 11 13 15 17 18 19 20 19 19 18 1824 4 4WN1856 20999999999999999999999 759 -3999999999999999999999
 17 16 14 10  7  4  1 -2 -3 -4 -3  0  4  8 10 11 12 13 14 15 15 16 16 1624 4 5WN9999999999999999999999999999 849 -4999999999999999999999
 17 18 17 15 11  7  3  0 -2 -3 -3 -2  2  6  9 10 10  9  8  8 10 11 12 1324 4 6WN 059 181512 1099999999999999 933 -318 9  899999999999999
 15 17 18 17 15 10  6  3  1 -1 -1 -1  1  5  8 10 10  7  5  3  3  5  7  824 4 7WN 212 181518 109999999999999910 8 -11924  399999999999999
 10 13 16 17 17 14 10  6  4  3  3  3  4  6  9 12 12 10  5  1 -1 -1  1  324 4 8WN 316 181537 129999999999999910 7  32024 -199999999999999
  5  7 11 14 16 16 13 10  7  6  7  7  8  9 12 14 15 14  9  4 -1 -3 -3 -224 4 9WN 419 161559 1599999999999999 9 4  62123 -399999999999999
  0  2  5  8 12 14 14 12 10 10 11 12 13 14 16 18 19 18 15  9  3 -2 -4 -424 410WN 526 141618 1999999999999999 851 102225 -499999999999999
 -3 -2  0  3  7 10 12 13 12 12 13 16 18 20 21 22 22 22 20 15  9  3 -2 -324 411WN 643 131620 2299999999999999 837 122335 -399999999999999
 -3 -3 -2  0  2  5  8 11 12 13 14 17 21 23 25 26 26 25 24 20 15  9  3  024 412WN1522 269999999999999999999999999999999999999999999999999
 -2 -2 -1 -1  0  2  5  8 10 12 14 17 21 24 27 29 29 28 26 23 20 15  9  524 413WN1528 29999999999999999999999 046 -2999999999999999999999
  2  1  1  1  1  1  2  5  7 10 12 15 19 23 27 29 30 29 27 25 22 19 14 1024 414WN1555 30999999999999999999999 153  1999999999999999999999
  7  4  3  3  3  3  2  3  5  8 10 13 16 20 24 27 29 29 27 25 23 21 18 1424 415WN1626 29999999999999999999999 552  2999999999999999999999
 11  8  6  5  5  4  4  3  4  6  8 11 14 17 20 23 25 26 25 24 22 20 19 1724 416WN17 0 26999999999999999999999 656  3999999999999999999999
 14 12  9  7  6  5  5  4  4  5  6  9 11 14 16 19 20 21 21 21 20 19 18 1824 417WN1734 22999999999999999999999 741  4999999999999999999999
 16 14 12  9  7  6  5  4  4  4  5  7 10 12 14 15 16 17 17 17 16 16 16 1624 418WN18 0 17999999999999999999999 8 3  4999999999999999999999
 16 16 14 11  8  6  5  4  4  4  5  6  8 10 12 13 13 13 12 12 12 13 13 1424 419WN1547 13999999999999999999999 736  419 1 1299999999999999
 15 15 15 13 10  7  5  4  4  5  5  6  8 10 11 12 11 10  9  8  8  9 10 1124 420WN 055 1515 1 1299999999999999 730  41932  899999999999999
 12 14 14 13 11  8  6  5  4  5  6  7  9 10 12 12 11  9  7  5  5  5  6  824 421WN 155 141451 1299999999999999 737  420 9  599999999999999
  9 11 13 13 12 10  7  6  6  6  8  9 11 12 13 13 12 10  7  4  3  2  3  424 422WN 247 131444 1399999999999999 742  52047  299999999999999
  6  9 11 12 12 11  9  7  7  8 10 11 13 15 16 16 15 12  8  5  2  1  1  224 423WN 335 131440 1699999999999999 745  72128  199999999999999
  3  6  9 11 13 12 11 10  9 10 12 14 16 18 19 20 18 16 11  7  3  0  0  024 424WN 425 131446 2099999999999999 752  92211  099999999999999
  1  3  6 10 12 13 13 12 11 12 14 17 19 21 22 23 22 20 15 10  5  1  0 -124 425WN 519 131458 2399999999999999 8 3 112257 -199999999999999
  0  1  4  7 11 13 14 14 14 14 16 19 21 23 25 26 25 23 19 14  9  4  1  024 426WN15 9 269999999999999999999992345  0999999999999999999999
  0  0  2  5  8 12 14 15 16 16 17 20 23 25 27 28 28 26 23 19 13  8  4  224 427WN1514 289999999999999999999999999999999999999999999999999
  1  1  1  3  6  9 12 15 16 17 18 20 23 26 28 30 29 28 25 22 17 12  8  424 428WN1517 30999999999999999999999 039  1999999999999999999999
  3  2  2  2  3  5  8 12 14 16 17 19 22 25 28 30 30 28 26 24 20 17 12  824 429WN1532 30999999999999999999999 152  2999999999999999999999
  5  4  3  2  2  3  5  7 11 14 15 17 19 23 26 28 29 28 26 24 22 19 16 1224 430WN16 0 29999999999999999999999 344  2999999999999999999999
  9  6  5  4  2  2  2  3  6 10 12 15 16 19 22 24 26 26 25 23 22 20 18 1624 5 1WN1636 26999999999999999999999 523  2999999999999999999999
 13 10  7  5  4  2  1  1  3  6  9 12 14 15 17 19 21 22 22 21 20 19 19 1824 5 2WN1724 22999999999999999999999 628  1999999999999999999999
 16 13 10  8  6  4  2  1  1  3  6  9 12 13 14 15 16 17 17 17 17 17 17 1724 5 3WN21 0 17999999999999999999999 719  1999999999999999999999
 17 16 14 11  8  6  4  3  3  3  5  8 11 13 13 12 12 11 11 12 12 13 13 1424 5 4WN1347 13999999999999999999999 758  31714 1199999999999999
 16 17 16 14 11  9  7  6  6  6  7  9 11 14 14 13 11  8  7  6  7  8  8 1024 5 5WN 1 5 171353 1499999999999999 8 6  61845  699999999999999
 12 14 16 16 14 12 10  9 10 10 11 12 13 16 17 17 13  9  5  3  2  3  4  524 5 6WN 225 161413 1799999999999999 715  91949  299999999999999
  7 10 13 16 16 15 13 13 13 14 16 16 17 19 21 21 18 13  8  3  0  0  0  124 5 7WN 341 161436 2199999999999999 7 1 132052  099999999999999
  2  5  9 13 15 16 16 16 16 18 20 21 22 23 24 25 24 19 13  7  2 -1 -2 -124 5 8WN1457 2599999999999999999999922 0 -2999999999999999999999
  0  1  4  8 13 16 17 18 18 20 23 25 27 28 28 28 28 25 20 13  6  2 -1 -124 5 9WN15 0 2899999999999999999999923 4 -1999999999999999999999
 -1  0  2  5  9 13 16 18 19 21 24 27 30 31 32 31 31 29 25 20 13  7  3  124 510WN14 1 329999999999999999999992357  0999999999999999999999
  0  1  2  3  6 10 14 17 19 21 23 27 30 33 34 34 32 31 29 25 19 13  8  424 511WN1420 349999999999999999999999999999999999999999999999999
  3  3  3  4  5  7 11 14 17 19 21 24 28 31 34 34 33 32 30 27 23 18 13  924 512WN1452 34999999999999999999999 042  3999999999999999999999
  6  5  5  6  6  7  9 11 14 17 19 21 25 28 31 33 32 31 29 27 25 22 17 1324 513WN1526 33999999999999999999999 129  5999999999999999999999
 10  8  7  7  7  7  8  9 12 14 16 18 21 24 27 29 30 29 28 26 25 23 20 1624 514WN1559 30999999999999999999999 231  7999999999999999999999
 13 10  9  8  8  8  8  9 10 12 14 16 18 20 22 24 26 26 25 24 23 22 20 1824 515WN1628 26999999999999999999999 527  8999999999999999999999
 15 12 10  9  8  8  8  8  9 10 12 14 15 17 19 20 21 21 21 20 20 19 19 1824 516WN1642 21999999999999999999999 534  8999999999999999999999
 16 14 12 10  9  8  8  9  9 10 11 13 14 15 17 17 17 17 17 16 16 16 16 1624 517WN1558 17999999999999999999999 527  8999999999999999999999
 15 14 13 11  9  9  9  9 10 11 12 13 14 15 16 16 15 14 13 13 12 12 13 1324 518WN1422 16999999999999999999999 531  920 5 1299999999999999
 14 14 13 12 10 10 10 10 12 13 14 15 15 16 16 16 14 12 11  9  9  9 10 1124 519WN 031 141339 1699999999999999 532 102017  999999999999999
 12 13 13 13 12 11 11 12 13 15 16 17 18 19 18 17 15 12  9  7  6  6  7  824 520WN 158 131311 1999999999999999 530 112047  699999999999999
 10 11 13 14 13 13 13 14 16 18 19 21 22 22 22 20 17 13 10  7  5  4  4  624 521WN 310 1413 1 2299999999999999 529 132122  499999999999999
  8 10 12 14 15 15 15 16 18 20 22 24 25 26 26 24 21 17 12  8  5  4  3  424 522WN1314 2699999999999999999999922 0  3999999999999999999999
  5  8 12 14 16 17 17 18 20 22 25 27 28 29 29 28 25 21 16 10  6  4  3  324 523WN1335 309999999999999999999992239  3999999999999999999999
  4  6 10 14 17 19 19 20 21 23 26 29 31 32 32 32 29 25 20 14  9  6  4  324 524WN1354 329999999999999999999992323  3999999999999999999999
  3  4  7 11 15 19 21 21 22 24 27 30 32 33 34 34 32 29 25 19 14  9  6  424 525WN14 7 349999999999999999999999999999999999999999999999999
  3  4  5  8 12 16 20 22 22 24 26 29 32 34 35 35 34 32 28 24 18 13  9  624 526WN1418 35999999999999999999999 012  3999999999999999999999
  5  4  4  6  9 12 16 20 21 22 24 27 30 33 35 35 34 32 30 27 23 17 13  924 527WN1439 35999999999999999999999 114  4999999999999999999999
  7  5  5  5  6  8 12 16 19 20 21 23 26 30 32 33 33 32 30 28 25 21 17 1224 528WN15 9 33999999999999999999999 236  4999999999999999999999
  9  7  6  5  5  5  8 11 15 17 18 20 22 25 28 30 31 30 28 27 26 23 20 1624 529WN1545 31999999999999999999999 357  5999999999999999999999
 12 10  8  7  5  5  6  8 11 14 16 17 18 20 23 25 27 27 26 25 24 23 21 1824 530WN1626 27999999999999999999999 5 0  5999999999999999999999
 15 12 10  9  7  6  6  7  9 12 14 16 16 17 18 20 21 22 22 21 21 20 20 1924 531WN1710 22999999999999999999999 548  6999999999999999999999
 17 15 13 11 10  9  9  9 10 12 14 16 17 17 16 16 16 16 17 16 16 16 17 1724 6 1WN12 7 172331 1799999999999999 618  91449 1699999999999999
 17 16 15 14 13 12 13 13 13 14 16 18 19 19 17 15 13 12 12 12 12 12 12 1324 6 2WN1222 19999999999999999999999 523 122039 1299999999999999
 15 16 17 16 16 16 16 17 18 19 20 21 22 23 21 18 14 11  9  8  8  8  8  924 6 3WN 142 171246 2399999999999999 428 1621 8  899999999999999
 11 14 16 17 18 18 19 21 23 24 25 25 26 27 26 23 19 13  9  7  5  5  5  524 6 4WN1312 279999999999999999999992151  5999999999999999999999
  7 10 14 17 19 20 22 24 26 28 30 30 30 31 31 29 25 19 13  8  5  4  4  424 6 5WN1334 319999999999999999999992233  4999999999999999999999
  5  7 11 15 19 21 23 25 28 31 33 34 34 34 34 33 31 25 19 13  8  6  4  424 6 6WN1245 349999999999999999999992310  4999999999999999999999
  4  5  8 12 17 21 23 25 28 31 34 36 37 37 37 36 35 31 26 19 13  9  6  524 6 7WN1236 379999999999999999999992340  5999999999999999999999
  5  6  7 10 14 19 22 24 26 29 32 35 37 38 38 37 36 35 31 25 19 13 10  824 6 8WN1319 389999999999999999999999999999999999999999999999999
  7  7  8  9 12 16 20 23 25 27 29 32 35 37 38 38 37 36 33 30 24 18 13 1024 6 9WN14 2 38999999999999999999999 0 9  7999999999999999999999
  9  9  9 10 11 14 17 20 22 24 26 28 31 34 36 36 36 35 34 31 28 22 17 1324 610WN1443 36999999999999999999999 043  9999999999999999999999
 11 10 10 11 11 12 15 18 20 21 22 24 27 30 33 34 34 33 32 31 29 25 20 1624 611WN1521 34999999999999999999999 124 10999999999999999999999
 13 11 11 11 11 12 13 15 17 19 20 21 23 26 28 30 30 30 29 28 27 25 21 1824 612WN1553 30999999999999999999999 214 11999999999999999999999
 14 12 12 11 12 12 13 14 16 17 18 19 20 22 24 26 26 26 26 25 24 23 21 1824 613WN1610 26999999999999999999999 257 11999999999999999999999
 15 13 12 12 12 13 13 14 15 16 17 18 19 20 22 23 23 23 22 21 21 20 19 1824 614WN1555 23999999999999999999999 314 12999999999999999999999
 16 14 13 13 13 14 15 16 17 17 18 18 19 19 20 20 20 19 19 18 17 17 17 1624 615WN15 2 20999999999999999999999 3 6 13999999999999999999999
 15 15 14 14 14 15 17 18 19 20 20 20 20 20 20 19 18 17 16 15 14 14 14 1424 616WN1143 20999999999999999999999 240 142111 1499999999999999
 15 15 15 15 16 17 19 21 22 23 24 24 23 22 21 20 18 16 14 12 12 12 12 1324 617WN1014 249999999999999999999992048 12999999999999999999999
 14 15 16 17 18 19 21 23 25 27 28 28 27 26 24 22 19 16 13 11 10 10 10 1124 618WN1036 2899999999999999999999921 4 10999999999999999999999
 13 15 17 18 19 21 23 26 28 30 31 32 31 30 29 26 22 18 14 11  9  8  8  924 619WN1110 329999999999999999999992133  8999999999999999999999
 12 15 17 20 21 23 25 27 30 32 34 35 35 34 33 30 26 21 17 13 10  8  7  824 620WN1147 3599999999999999999999922 9  7999999999999999999999
 10 13 17 20 23 24 26 28 31 33 36 37 37 37 36 34 31 26 21 16 12  9  7  724 621WN1222 379999999999999999999992252  7999999999999999999999
  8 11 14 19 22 25 26 28 30 33 36 38 39 39 39 37 35 31 25 20 15 11  9  724 622WN1256 399999999999999999999992341  7999999999999999999999
  7  8 11 15 20 24 26 27 29 31 34 37 39 39 39 39 37 35 30 25 19 14 11  824 623WN1328 399999999999999999999999999999999999999999999999999
  7  7  8 11 16 20 24 25 26 28 30 34 37 38 39 39 38 37 34 29 24 18 13 1024 624WN14 2 39999999999999999999999 039  7999999999999999999999
  8  7  7  8 11 16 20 23 24 25 26 29 33 36 37 37 37 36 35 32 28 22 17 1324 625WN1440 37999999999999999999999 144  7999999999999999999999
 10  9  7  7  8 12 16 19 21 22 22 24 27 31 33 34 34 34 34 32 30 25 20 1624 626WN1518 34999999999999999999999 245  7999999999999999999999
 13 11  9  8  8 10 13 16 19 20 20 20 22 25 28 30 31 30 30 30 29 26 22 1824 627WN1556 31999999999999999999999 338  8999999999999999999999
 15 13 12 11 11 11 12 15 18 19 20 19 19 21 23 25 26 26 26 25 25 25 23 2024 628WN1625 26999999999999999999999 420 11999999999999999999999
 17 16 15 15 14 14 15 16 19 20 21 20 19 19 20 21 21 21 21 20 20 21 20 2024 629WN 959 211637 2199999999999999 432 141253 1999999999999999
 18 17 17 18 18 19 20 20 21 23 24 24 22 21 19 18 18 17 17 16 16 16 16 1724 630WN1028 24999999999999999999999 140 172028 1599999999999999
 18 18 19 20 22 23 25 26 26 27 27 28 27 25 22 19 17 15 14 13 12 12 12 1424 7 1WN1056 289999999999999999999992111 12999999999999999999999
 16 18 20 22 24 26 29 31 32 32 32 32 32 30 27 23 19 16 13 12 11 10  9 1024 7 2WN10 0 329999999999999999999992153  9999999999999999999999
 13 16 20 22 25 28 31 33 35 36 36 36 35 35 33 29 24 19 15 13 11 10  9  924 7 3WN 912 369999999999999999999992232  8999999999999999999999
 10 14 18 22 25 28 31 34 37 39 39 39 38 38 37 35 30 25 19 15 12 11 10  924 7 4WN10 1 399999999999999999999992310  9999999999999999999999
 10 12 16 20 24 27 30 33 36 38 40 41 41 40 40 39 36 31 25 19 15 13 11 1124 7 5WN11 6 419999999999999999999992344 10999999999999999999999
 10 11 14 18 23 26 29 31 33 36 38 40 41 41 41 40 39 36 30 24 19 15 13 1224 7 6WN1223 419999999999999999999999999999999999999999999999999
 12 12 13 16 20 24 27 28 30 32 35 37 39 40 40 40 40 38 35 29 23 18 15 1324 7 7WN1437 40999999999999999999999 013 12999999999999999999999
 13 13 13 15 18 22 25 26 27 28 30 33 36 38 39 39 39 39 37 33 27 21 17 1424 7 8WN1554 39999999999999999999999 029 13999999999999999999999
 13 13 14 14 16 19 22 24 25 25 26 29 32 34 36 37 37 37 36 34 29 24 19 1624 7 9WN1634 37999999999999999999999 042 13999999999999999999999
 14 14 14 14 15 17 20 22 23 23 23 25 28 30 32 33 34 34 34 32 30 25 21 1724 710WN1648 34999999999999999999999 1 3 14999999999999999999999
 15 14 14 15 16 17 18 20 21 21 21 22 24 27 29 30 30 30 30 29 28 25 21 1824 711WN1644 30999999999999999999999 118 14999999999999999999999
 16 15 15 16 17 18 19 20 21 21 21 21 22 24 26 26 27 27 27 26 25 23 21 1824 712WN1625 27999999999999999999999 115 15999999999999999999999
 16 16 16 17 18 20 21 22 22 22 21 21 21 22 23 24 24 23 23 23 22 21 20 1824 713WN 817 221517 2499999999999999 056 1611 7 2199999999999999
 17 17 18 19 21 22 24 25 25 24 24 23 22 22 22 22 22 21 20 20 19 19 18 1824 714WN 743 25999999999999999999999 035 172359 1799999999999999
 17 18 19 21 23 25 27 28 29 28 27 26 25 24 23 22 20 19 18 17 17 17 17 1724 715WN 755 299999999999999999999992040 17999999999999999999999
 18 19 20 22 25 28 30 32 33 32 32 30 28 27 25 22 20 18 17 15 15 15 15 1724 716WN 819 339999999999999999999992029 15999999999999999999999
 18 20 22 24 27 29 32 34 36 36 36 34 33 31 28 25 22 19 17 15 13 13 14 1624 717WN 849 369999999999999999999992052 13999999999999999999999
 18 21 23 25 28 30 33 36 38 39 39 38 37 35 32 29 25 21 18 15 13 12 12 1424 718WN 924 399999999999999999999992127 12999999999999999999999
 16 20 23 26 28 31 33 36 38 40 40 40 40 39 37 34 29 25 20 17 14 12 11 1124 719WN1012 419999999999999999999992210 11999999999999999999999
 14 17 22 25 28 30 32 35 37 39 41 41 41 41 40 38 34 29 24 20 16 13 11 1024 720WN1117 419999999999999999999992258 10999999999999999999999
 11 14 18 23 26 29 30 32 34 37 39 41 41 41 41 41 38 34 29 23 18 14 11 1024 721WN1259 419999999999999999999992351  9999999999999999999999
  9 10 14 18 23 26 28 29 30 32 35 38 40 41 41 41 41 38 34 28 22 17 13 1124 722WN1456 419999999999999999999999999999999999999999999999999
  9  9 10 14 19 23 25 26 26 27 30 33 36 38 39 40 40 40 37 32 26 20 15 1224 723WN16 7 40999999999999999999999 045  9999999999999999999999
 11  9  9 11 15 19 23 24 24 23 25 28 31 34 36 36 37 38 37 34 29 23 18 1524 724WN17 6 38999999999999999999999 135  9999999999999999999999
 13 12 11 11 13 17 21 23 23 22 21 22 26 29 31 32 33 34 34 33 31 26 21 1824 725WN 726 2318 2 3499999999999999 218 11 950 2199999999999999
 16 15 14 14 15 17 20 23 24 22 20 20 21 24 26 27 28 28 29 29 29 26 23 2024 726WN 748 241859 2999999999999999 250 141049 2099999999999999
 18 18 19 19 19 20 22 24 25 25 23 21 20 20 22 23 23 23 23 24 24 24 23 2124 727WN 811 252013 2499999999999999 031 181157 202359 209999999
 20 21 22 24 25 26 27 28 28 28 27 24 22 20 20 20 20 20 19 19 19 19 20 2024 728WN 830 289999999999999999999991914 19999999999999999999999
 21 22 25 27 29 31 32 32 32 32 31 29 26 24 21 20 19 18 17 16 15 15 16 1824 729WN 721 329999999999999999999992017 15999999999999999999999
 20 23 26 29 32 35 37 37 37 36 35 34 32 29 25 22 20 18 16 15 13 12 13 1524 730WN 655 3799999999999999999999921 5 12999999999999999999999
 19 22 25 29 33 36 39 41 41 40 39 38 37 34 31 27 23 20 18 16 14 12 12 1324 731WN 730 419999999999999999999992149 12999999999999999999999
 16 20 24 28 32 35 39 41 42 42 41 40 40 39 36 32 28 24 20 18 16 14 13 1324 8 1WN 818 429999999999999999999992229 13999999999999999999999
 15 19 23 27 30 33 36 39 41 42 42 41 41 41 40 37 33 28 24 20 18 16 15 1424 8 2WN 928 4299999999999999999999923 6 14999999999999999999999
 15 17 21 25 28 31 33 35 37 39 41 41 41 41 42 41 38 33 28 23 19 17 16 1524 8 3WN1351 429999999999999999999992337 15999999999999999999999
 15 16 19 23 26 29 30 31 33 35 37 39 40 41 41 42 40 37 32 26 21 18 17 1624 8 4WN1450 429999999999999999999992355 16999999999999999999999
 16 16 18 21 24 27 28 28 29 30 32 35 37 38 39 40 41 39 35 29 24 19 17 1624 8 5WN1539 419999999999999999999992345 16999999999999999999999
 16 16 17 19 22 25 26 26 26 26 28 31 33 35 37 38 39 38 36 32 26 21 17 1624 8 6WN1620 399999999999999999999992346 16999999999999999999999
 16 16 17 18 20 23 24 25 24 24 24 27 29 32 33 35 36 36 35 32 27 22 18 1624 8 7WN 642 251651 3699999999999999 858 232352 1699999999999999
 16 16 17 18 20 22 23 24 23 22 22 23 26 28 30 31 32 33 32 31 27 23 19 1724 8 8WN 653 241713 3399999999999999 935 222347 1799999999999999
 17 17 18 20 21 23 24 24 23 22 21 22 23 25 27 28 29 29 29 28 26 23 20 1824 8 9WN 649 241728 29999999999999991011 212336 1899999999999999
 18 19 20 22 24 25 26 26 25 23 22 21 22 23 24 25 25 26 26 26 24 23 21 1924 810WN 619 261743 26999999999999991053 212325 1999999999999999
 19 21 23 25 27 28 29 29 27 26 24 22 22 22 23 23 23 23 23 23 23 22 21 2024 811WN 6 9 291632 23999999999999991149 222310 2099999999999999
 21 22 25 27 30 32 33 32 31 29 27 25 23 23 22 22 21 21 21 21 21 21 21 2124 812WN 619 339999999999999999999991839 21999999999999999999999
 22 24 27 30 32 35 36 36 35 33 31 28 26 24 23 22 21 20 19 18 19 19 20 2224 813WN 635 3699999999999999999999919 9 18999999999999999999999
 23 25 28 31 34 37 39 39 38 37 35 33 30 27 25 23 21 19 18 17 17 17 19 2124 814WN 655 399999999999999999999991946 17999999999999999999999
 24 26 29 32 35 38 40 41 41 40 38 36 34 32 29 26 23 20 18 16 15 15 17 1924 815WN 721 419999999999999999999992028 15999999999999999999999
 22 26 29 31 34 37 39 41 41 41 40 39 38 36 33 30 26 22 19 17 15 14 14 1624 816WN 8 2 419999999999999999999992113 13999999999999999999999
 20 24 27 30 32 35 37 39 40 41 41 40 40 39 37 34 30 26 21 18 15 13 12 1324 817WN 910 4199999999999999999999922 0 12999999999999999999999
 16 20 24 28 30 32 33 35 37 39 40 40 40 41 40 38 35 30 25 20 16 13 11 1124 818WN13 3 419999999999999999999992250 11999999999999999999999
 12 15 20 24 27 29 30 31 32 35 37 38 39 40 41 41 39 34 29 23 18 14 12 1024 819WN1427 419999999999999999999992338 10999999999999999999999
 10 12 16 21 24 26 27 26 27 29 32 34 36 38 39 40 40 38 33 27 21 17 14 1224 820WN1529 419999999999999999999999999999999999999999999999999
 11 11 13 18 22 25 25 24 23 23 25 29 32 34 35 37 39 39 36 31 25 20 16 1424 821WN 539 251626 3999999999999999 021 11 818 2399999999999999
 13 13 14 17 21 24 25 24 21 20 20 23 26 28 30 32 34 36 35 32 28 23 19 1824 822WN 557 251721 3699999999999999 057 13 917 2099999999999999
 17 17 17 19 21 25 27 26 23 20 18 19 21 23 25 26 28 30 31 31 29 25 22 2124 823WN 618 271820 3299999999999999 111 171013 182310 219999999
 21 22 22 23 25 27 29 29 27 23 19 18 18 20 21 22 23 24 25 27 27 25 23 2324 824WN 639 291930 27999999999999991115 182248 2399999999999999
 24 26 28 29 30 31 32 32 31 28 24 20 19 18 19 19 19 19 20 21 22 23 23 2424 825WN 649 329999999999999999999991238 18999999999999999999999
 25 28 32 34 36 36 36 36 35 33 30 26 22 20 19 19 18 17 17 17 17 19 21 2324 826WN 530 369999999999999999999991842 16999999999999999999999
 25 29 33 37 39 41 41 40 38 37 35 31 28 25 22 21 19 18 16 15 15 16 18 2124 827WN 528 419999999999999999999991950 15999999999999999999999
 24 28 32 36 40 42 43 42 41 39 38 36 33 30 27 24 22 20 18 16 15 14 16 1924 828WN 558 439999999999999999999992043 14999999999999999999999
 22 26 30 34 38 41 43 43 42 41 40 39 37 35 32 28 25 22 20 18 16 15 15 1724 829WN 640 439999999999999999999992129 15999999999999999999999
 20 24 28 31 35 38 40 41 41 41 40 39 39 38 36 33 29 25 22 20 18 17 16 1724 830WN 738 4199999999999999999999922 9 16999999999999999999999
 19 22 26 29 31 34 35 37 38 39 39 39 39 40 39 36 32 28 24 21 19 18 17 1724 831WN13 0 409999999999999999999992240 17999999999999999999999
 18 21 24 27 29 30 31 32 33 35 36 37 38 39 40 39 36 31 26 22 19 18 17 1724 9 1WN14 1 409999999999999999999992254 17999999999999999999999
 18 19 22 25 27 28 28 28 28 30 32 34 35 37 38 39 37 34 29 24 20 18 17 1724 9 2WN1450 399999999999999999999992222 17999999999999999999999
 18 19 21 23 26 26 26 25 24 25 27 30 32 34 36 37 37 35 31 25 21 18 17 1724 9 3WN 458 261532 3799999999999999 748 242220 1799999999999999
 18 19 20 22 24 25 25 23 22 22 23 26 28 30 32 34 35 34 31 27 22 19 17 1724 9 4WN 5 8 2516 9 3599999999999999 833 222226 1799999999999999
 18 19 21 23 24 25 25 23 21 20 20 22 24 27 29 31 32 32 31 28 23 20 18 1824 9 5WN 516 251641 3299999999999999 911 202227 1899999999999999
 19 21 22 24 25 26 26 24 22 20 19 20 22 23 25 27 29 30 29 27 24 21 19 2024 9 6WN 510 261713 3099999999999999 949 192224 1999999999999999
 21 23 25 27 28 29 28 26 23 21 19 19 20 21 22 24 26 27 27 26 25 22 21 2124 9 7WN 455 291750 27999999999999991029 192221 2199999999999999
 23 25 28 30 31 32 31 29 26 23 20 19 19 20 21 22 23 24 25 25 25 23 22 2324 9 8WN 453 321845 25999999999999991117 192217 2299999999999999
 25 28 30 33 34 35 35 33 30 26 23 21 20 20 20 20 21 22 23 23 24 24 24 2424 9 9WN 5 2 359999999999999999999991228 20999999999999999999999
 26 29 32 35 37 38 38 36 33 30 26 23 22 21 20 20 19 20 20 21 22 23 24 2524 910WN 512 3899999999999999999999916 0 19999999999999999999999
 27 30 33 36 39 40 40 39 36 34 30 27 25 23 21 20 19 19 18 19 20 22 24 2624 911WN 524 409999999999999999999991756 18999999999999999999999
 28 30 33 37 39 41 41 40 38 36 34 31 28 26 24 22 20 18 17 17 17 19 21 2424 912WN 542 4199999999999999999999919 7 17999999999999999999999
 27 29 32 35 38 40 41 40 39 38 36 34 32 30 27 24 22 19 17 15 15 15 18 2124 913WN 612 4199999999999999999999920 2 15999999999999999999999
 24 27 30 32 35 37 39 39 39 38 37 36 35 33 31 28 24 21 18 15 13 13 14 1724 914WN 7 4 399999999999999999999992051 13999999999999999999999
 20 24 27 29 31 33 34 36 37 37 37 37 37 36 35 32 28 23 19 16 13 12 11 1324 915WN1027 379999999999999999999992138 11999999999999999999999
 16 21 24 27 28 28 29 30 32 33 34 35 36 37 37 35 32 27 22 17 14 12 11 1124 916WN1334 379999999999999999999992223 11999999999999999999999
 13 17 21 24 25 25 24 25 26 28 30 32 33 35 37 37 35 31 25 20 16 14 12 1224 917WN 4 9 251438 3799999999999999 626 2423 2 1299999999999999
 13 15 19 23 25 24 22 20 20 22 24 27 29 31 34 36 36 34 29 24 19 17 15 1524 918WN 413 251537 3699999999999999 740 202330 1599999999999999
 15 16 19 23 26 26 23 20 17 17 18 21 23 25 28 31 34 34 31 27 23 20 19 1924 919WN 431 261636 3499999999999999 839 162223 1999999999999999
 19 20 22 24 27 28 27 22 18 15 14 16 18 20 22 25 28 31 31 29 26 23 22 2324 920WN 453 281738 3199999999999999 936 142154 2299999999999999
 24 25 26 28 30 31 31 27 22 17 14 14 15 16 18 19 22 25 27 28 27 25 25 2624 921WN 514 311851 28999999999999991037 132140 2599999999999999
 28 30 32 33 34 35 35 32 28 22 17 15 14 15 15 16 17 19 21 24 25 25 26 2824 922WN 522 359999999999999999999991151 14999999999999999999999
 31 34 36 38 38 38 38 36 33 28 23 19 17 16 15 15 16 16 17 19 21 23 25 2724 923WN 416 399999999999999999999991434 15999999999999999999999
 31 35 39 41 42 42 40 39 37 33 29 24 21 19 18 17 16 16 15 16 18 20 23 2624 924WN 412 4299999999999999999999918 6 15999999999999999999999
 29 33 38 41 43 44 42 40 39 37 34 30 26 23 21 20 19 17 16 15 15 17 20 2324 925WN 439 449999999999999999999991917 15999999999999999999999
 27 31 35 39 41 43 42 41 39 37 36 34 31 28 25 23 21 20 18 16 16 16 18 2124 926WN 515 439999999999999999999992012 16999999999999999999999
 24 28 31 34 37 39 40 39 38 37 36 36 34 32 29 26 23 21 20 18 17 16 17 1924 927WN 558 409999999999999999999992057 16999999999999999999999
 22 25 28 30 32 34 35 36 35 35 35 35 35 34 32 29 25 23 20 19 18 17 17 1824 928WN 7 3 369999999999999999999992132 17999999999999999999999
 20 23 26 27 28 29 30 31 31 32 32 33 34 35 34 31 28 24 21 19 18 17 17 1824 929WN1257 359999999999999999999992141 17999999999999999999999
 19 22 24 25 26 26 25 25 26 27 29 30 32 33 34 32 29 25 21 19 17 17 17 1824 930WN1352 349999999999999999999992049 17999999999999999999999
 19 21 23 25 25 24 22 22 22 23 25 26 28 30 32 32 30 27 23 19 17 17 17 182410 1WN 338 251439 3299999999999999 720 222048 1799999999999999
 19 21 23 24 25 23 21 19 19 19 21 23 25 27 29 30 30 28 24 20 18 17 18 192410 2WN 344 251521 3099999999999999 8 5 192056 1799999999999999
 20 22 24 25 25 24 22 19 17 16 17 19 21 23 26 28 29 28 25 22 19 18 19 212410 3WN 347 2516 2 2999999999999999 845 1621 1 1899999999999999
 22 24 26 27 27 26 23 20 17 15 15 16 18 20 23 25 27 27 26 23 21 20 21 222410 4WN 342 271644 2799999999999999 926 1521 5 2099999999999999
 25 27 28 30 30 29 26 22 18 16 15 15 16 18 20 22 25 26 26 25 23 22 22 242410 5WN 337 301731 269999999999999910 9 152110 2299999999999999
 27 29 31 33 33 32 29 26 21 17 15 15 15 16 18 20 22 24 25 25 25 24 24 262410 6WN 343 331830 25999999999999991056 152115 2499999999999999
 29 32 34 36 36 35 33 29 25 20 17 15 15 15 16 18 20 22 24 25 25 25 26 272410 7WN 354 369999999999999999999991156 15999999999999999999999
 30 33 36 38 38 38 36 33 28 24 20 17 16 16 16 17 18 20 22 23 25 26 26 282410 8WN 4 3 389999999999999999999991325 16999999999999999999999
 30 34 37 39 40 39 38 35 32 28 24 20 18 17 17 16 16 17 18 20 23 25 26 272410 9WN 411 409999999999999999999991519 16999999999999999999999
 30 33 36 39 40 40 38 36 34 31 27 24 21 19 18 17 16 16 16 17 19 22 24 26241010WN 424 409999999999999999999991722 15999999999999999999999
 28 31 34 37 39 39 38 36 34 32 30 28 25 22 20 18 17 15 14 14 15 18 21 23241011WN 449 399999999999999999999991837 14999999999999999999999
 26 28 31 33 35 37 37 36 34 33 32 30 28 25 23 20 18 15 13 12 12 14 16 20241012WN 528 379999999999999999999991932 12999999999999999999999
 23 25 27 29 31 32 33 33 32 32 32 31 31 29 26 23 19 16 14 12 11 11 13 16241013WN 631 339999999999999999999992019 11999999999999999999999
 20 22 24 25 26 27 28 29 29 29 30 30 31 31 29 26 22 18 15 13 11 11 11 14241014WN1220 3199999999999999999999921 0 11999999999999999999999
 17 21 23 23 23 22 22 22 24 25 26 27 29 31 31 29 26 22 18 15 13 13 13 14241015WN 249 231338 3199999999999999 537 222133 1399999999999999
 16 20 23 23 22 20 18 17 18 19 21 23 25 27 30 30 29 25 21 18 17 16 16 17241016WN 251 231445 3099999999999999 657 172119 1699999999999999
 18 21 24 25 24 21 17 14 13 14 15 17 19 22 26 28 29 28 25 22 20 20 20 21241017WN 3 9 251550 2999999999999999 758 132036 2099999999999999
 22 24 26 28 28 25 20 15 11 10 11 12 14 16 20 24 27 28 27 25 23 23 25 26241018WN 332 2917 0 2899999999999999 858 102026 2399999999999999
 27 28 30 31 32 30 26 20 14 10  9  9 10 12 14 18 22 25 26 26 26 26 28 30241019WN 353 321820 269999999999999910 3  92015 2599999999999999
 32 33 34 35 36 35 32 26 19 14 10  9  9 10 11 13 16 20 23 25 26 27 29 32241020WN 4 4 369999999999999999999991117  9999999999999999999999
 35 37 38 39 39 38 36 32 26 20 15 12 11 11 11 12 13 15 19 22 24 26 28 31241021WN 3 7 399999999999999999999991241 10999999999999999999999
 35 39 41 42 41 40 38 36 32 26 21 16 14 13 13 13 13 13 15 18 21 24 26 29241022WN 3 5 429999999999999999999991450 13999999999999999999999
 33 37 40 42 42 41 39 37 35 31 26 22 18 16 15 15 14 14 14 15 18 21 23 26241023WN 332 429999999999999999999991727 14999999999999999999999
 29 33 37 40 41 40 38 37 35 33 30 26 23 20 18 17 16 15 15 14 16 18 21 23241024WN 4 6 419999999999999999999991835 14999999999999999999999
 26 29 32 35 37 37 36 35 34 33 31 29 26 23 21 19 18 17 16 15 15 16 18 21241025WN 442 379999999999999999999991928 15999999999999999999999
 23 25 28 30 32 33 33 32 31 31 30 30 28 26 23 21 19 17 16 16 15 16 17 19241026WN 521 3399999999999999999999920 6 15999999999999999999999
 21 23 24 26 27 28 28 28 28 27 28 28 28 27 24 22 19 17 16 16 16 16 16 18241027WN1117 2899999999999999999999920 2 16999999999999999999999
 20 21 23 23 23 23 23 23 23 24 24 25 26 26 25 23 20 18 16 16 16 16 17 18241028WN1237 2699999999999999999999919 6 16999999999999999999999
 19 21 22 22 21 20 19 19 19 20 21 22 23 24 24 23 21 18 17 16 16 17 18 19241029WN 236 221339 2599999999999999 7 6 1919 5 1699999999999999
 20 22 23 23 21 19 17 16 15 16 17 18 20 22 23 23 22 20 18 17 17 18 20 21241030WN 229 231434 2399999999999999 749 151911 1799999999999999
 22 23 24 24 22 20 17 14 13 13 14 15 17 19 21 22 22 21 19 18 18 20 22 23241031WN 224 241526 2299999999999999 832 131917 1899999999999999
 25 26 27 26 25 22 18 14 12 11 11 12 14 17 19 21 22 22 21 20 20 21 24 262411 1WN 214 271618 2299999999999999 917 111925 2099999999999999
 28 29 30 30 28 25 21 16 13 11 10 10 12 14 17 20 22 23 23 22 22 23 25 282411 2WN 216 301714 239999999999999910 3 101936 2299999999999999
 30 32 33 33 32 29 24 19 15 12 10 10 10 12 15 18 21 23 24 24 23 24 27 292411 3WN 230 339999999999999999999991051 10999999999999999999999
 32 34 35 36 35 32 28 23 18 14 11 10 10 11 13 16 19 22 24 25 25 25 27 302411 4WN 247 369999999999999999999991140 10999999999999999999999
 33 35 37 38 37 35 31 27 22 17 14 12 11 11 12 13 16 19 22 24 25 26 27 292411 5WN 3 1 389999999999999999999991234 11999999999999999999999
 32 35 37 38 38 36 34 30 26 21 17 14 12 11 11 12 13 16 19 22 24 25 26 282411 6WN 310 389999999999999999999991345 11999999999999999999999
 31 34 36 38 38 36 34 32 28 24 20 17 14 13 12 11 11 12 14 17 20 22 24 252411 7WN 324 389999999999999999999991528 11999999999999999999999
 28 31 34 36 37 36 34 32 30 27 23 20 17 14 13 12 11 10 11 13 16 19 21 222411 8WN 348 3799999999999999999999917 0 10999999999999999999999
 24 27 30 33 34 34 32 31 29 28 25 22 19 16 14 13 11 10  9 10 12 15 18 202411 9WN 421 3499999999999999999999918 3  9999999999999999999999
 21 23 25 28 29 30 30 29 28 27 26 24 22 19 16 14 12 10  9  9 10 12 15 17241110WN 5 6 309999999999999999999991851  9999999999999999999999
 19 20 21 23 24 25 25 25 25 25 25 24 23 21 19 16 14 12 11 10 10 11 13 16241111WN 611 259999999999999999999991928 10999999999999999999999
 18 20 20 19 19 19 20 20 20 21 21 22 23 23 21 19 16 14 13 12 12 13 14 16241112WN 133 201219 2399999999999999 4 7 191937 1299999999999999
 19 21 21 19 17 15 14 14 15 16 17 18 20 22 22 21 19 17 16 16 16 17 18 19241113WN 129 211351 2299999999999999 617 141847 1699999999999999
 21 23 24 22 18 14 11 10 10 11 11 13 15 18 21 22 22 20 19 19 20 22 22 23241114WN 148 241514 2299999999999999 727 101831 1999999999999999
 24 26 27 27 23 18 12  9  7  7  7  8 10 13 17 20 22 23 22 22 24 26 27 28241115WN 212 27999999999999999999999 835  7999999999999999999999
 29 30 31 31 29 24 17 11  7  5  5  5  6  8 12 16 20 23 24 24 26 28 31 32241116WN 235 31999999999999999999999 951  5999999999999999999999
 34 34 35 35 34 30 24 17 11  7  5  5  5  6  8 12 16 20 23 25 26 29 32 34241117WN 250 3599999999999999999999911 6  5999999999999999999999
 36 37 38 37 37 35 30 24 17 11  8  6  6  6  7  9 12 16 20 23 25 27 30 34241118WN 149 3899999999999999999999912 8  6999999999999999999999
 37 39 39 39 38 37 34 30 24 17 12  9  8  7  8  8 10 13 17 20 23 25 27 31241119WN 2 2 399999999999999999999991310  7999999999999999999999
 34 37 39 39 38 37 36 33 29 23 17 13 11 10 10  9 10 11 13 17 20 22 24 27241120WN 236 3999999999999999999999915 4  9999999999999999999999
 30 34 36 38 37 36 35 33 31 27 22 17 14 12 11 11 11 11 12 14 17 19 21 23241121WN 312 389999999999999999999991636 11999999999999999999999
 25 29 32 34 34 33 32 31 30 28 24 20 17 14 13 12 12 11 11 12 14 16 18 20241122WN 348 349999999999999999999991733 11999999999999999999999
 22 24 27 29 30 30 29 28 27 26 25 22 18 16 14 13 12 12 12 12 13 14 16 17241123WN 421 3099999999999999999999918 5 12999999999999999999999
 19 21 23 24 25 25 25 24 24 23 23 21 19 17 15 13 13 12 12 13 13 14 15 16241124WN 443 2599999999999999999999917 8 12999999999999999999999
 18 19 20 21 21 21 21 20 20 19 19 19 18 17 15 14 13 13 13 14 14 15 16 17241125WN 418 219999999999999999999991650 13999999999999999999999
 18 18 19 19 18 17 17 16 16 16 16 16 16 16 15 14 13 13 14 15 16 17 18 18241126WN 211 1912 6 1699999999999999 9 1 161647 1399999999999999
 19 19 19 18 17 15 14 13 12 12 12 13 14 15 15 15 14 14 15 16 18 20 21 21241127WN 121 201356 1599999999999999 837 121643 1499999999999999
 22 22 21 20 17 15 12 10  9  9 10 10 12 13 15 15 15 15 16 18 20 22 24 25241128WN 048 22999999999999999999999 854  9999999999999999999999
 25 25 24 22 20 16 12 10  8  7  7  8 10 12 14 16 17 17 18 19 22 24 26 28241129WN 023 25999999999999999999999 924  7999999999999999999999
 29 29 28 26 23 19 14 10  8  6  6  6  8 11 13 16 18 19 19 21 23 26 28 30241130WN 039 29999999999999999999999 959  6999999999999999999999
 31 32 32 30 27 22 17 12  9  6  5  5  6  9 12 15 18 20 21 22 24 26 29 312412 1WN 1 7 329999999999999999999991037  5999999999999999999999
 33 34 34 33 30 26 21 16 11  8  6  5  5  7 10 13 17 20 22 23 24 26 29 312412 2WN 135 349999999999999999999991118  5999999999999999999999
 34 35 35 35 33 30 25 20 15 10  7  5  5  5  7 10 14 18 21 22 23 25 27 302412 3WN 2 0 3599999999999999999999912 6  5999999999999999999999
 33 35 36 35 34 32 29 24 19 13 10  7  5  5  5  7 10 14 18 20 22 23 24 272412 4WN 219 3699999999999999999999913 3  5999999999999999999999
 31 33 35 35 34 33 30 27 22 17 12  9  7  5  5  5  7 10 14 17 19 20 21 242412 5WN 238 359999999999999999999991414  5999999999999999999999
 27 30 33 33 33 32 30 28 25 20 15 11  8  6  5  4  5  6  9 13 16 17 18 202412 6WN 3 3 339999999999999999999991526  4999999999999999999999
 22 26 29 30 31 30 29 27 25 22 18 13 10  8  6  5  4  4  6  9 12 15 16 172412 7WN 335 319999999999999999999991625  4999999999999999999999
 18 21 24 26 27 27 26 25 24 22 19 15 12  9  8  7  6  5  5  7 10 13 14 152412 8WN 412 279999999999999999999991710  5999999999999999999999
 16 17 19 21 22 22 22 21 21 20 19 17 14 11 10  9  8  7  7  8 10 12 14 152412 9WN 451 229999999999999999999991734  7999999999999999999999
 16 15 15 16 17 17 17 17 16 16 16 16 15 13 12 11 11 11 11 12 12 14 16 17241210WN 524 172353 18999999999999991618 11999999999999999999999
 18 17 15 14 13 12 12 12 11 11 12 13 14 14 14 13 13 14 15 16 17 18 19 20241211WN1257 14999999999999999999999 852 111525 1399999999999999
 21 21 19 15 12 10  8  7  7  7  7  8 10 13 14 15 16 17 18 20 22 23 23 24241212WN 018 21999999999999999999999 920  7999999999999999999999
 25 25 24 20 15 11  7  5  4  3  3  4  6  9 13 16 17 19 21 23 26 27 28 28241213WN 045 25999999999999999999999 958  3999999999999999999999
 29 29 29 26 21 15 10  6  3  2  1  1  2  5 10 14 17 20 22 24 27 30 32 32241214WN 112 299999999999999999999991040  1999999999999999999999
 32 32 32 31 27 22 15  9  5  2  1  0  1  2  6 11 15 19 21 24 27 30 33 34241215WN 027 329999999999999999999991122  0999999999999999999999
 35 35 35 34 32 28 22 15  9  5  3  1  1  1  4  7 12 17 20 22 25 28 31 34241216WN 010 3599999999999999999999912 6  1999999999999999999999
 35 36 36 35 35 32 28 21 15  9  5  3  3  2  3  5  9 13 17 20 22 24 27 30241217WN 1 3 369999999999999999999991251  2999999999999999999999
 33 35 35 35 34 34 31 26 20 14  9  6  4  4  4  5  7 10 14 17 19 20 22 25241218WN 153 359999999999999999999991339  4999999999999999999999
 29 32 33 33 33 32 31 29 24 18 12  8  6  5  5  5  6  8 11 14 16 17 18 21241219WN 238 339999999999999999999991424  5999999999999999999999
 24 27 29 30 30 30 29 28 25 20 15 10  7  6  6  6  6  7  9 11 13 15 15 17241220WN 318 309999999999999999999991437  6999999999999999999999
 19 22 25 26 26 26 26 25 23 20 16 12  9  7  6  6  7  7  8 10 12 13 14 14241221WN 349 269999999999999999999991421  6999999999999999999999
 16 18 20 22 22 22 22 21 20 18 16 12  9  7  7  7  7  8  9 10 11 12 13 13241222WN 4 7 229999999999999999999991415  7999999999999999999999
 14 15 17 18 18 18 17 17 16 15 13 11  9  8  7  8  8 10 11 12 13 13 13 14241223WN 358 1899999999999999999999914 3  7999999999999999999999
 14 15 15 15 15 15 14 13 12 11 10 10  9  8  8  8 10 11 13 14 15 16 16 15241224WN 3 5 152119 16999999999999991338  8999999999999999999999
 15 15 15 14 13 12 11 10  9  8  8  8  8  8  8  9 11 13 15 17 19 19 19 19241225WN2114 199999999999999999999991059  8999999999999999999999
 18 17 16 14 12 10  9  7  6  5  5  6  7  8  9 10 12 14 17 20 22 23 23 23241226WN2146 23999999999999999999999 944  5999999999999999999999
 22 20 19 16 13 10  8  6  4  3  3  4  6  8 10 11 13 16 18 21 24 26 26 26241227WN2227 27999999999999999999999 928  3999999999999999999999
 26 24 22 19 16 12  8  6  3  2  2  3  5  7 10 12 15 17 19 22 25 27 29 29241228WN2314 29999999999999999999999 943  2999999999999999999999
 29 28 26 23 19 15 10  7  4  2  1  1  3  6 10 13 15 17 20 22 25 28 30 31241229WN99999999999999999999999999991012  1999999999999999999999
 31 31 30 27 24 19 14  9  5  2  0  0  1  4  8 12 15 17 19 21 24 26 29 31241230WN 0 4 319999999999999999999991050  0999999999999999999999
 32 32 31 30 27 23 18 13  8  4  1  0  0  1  4  9 13 16 18 20 21 24 27 29241231WN 025 329999999999999999999991135 -1999999999999999999999
