 81 48 24 14 21 42 74108138155159149131110 92 83 84 9511313214715314612824 1 1X6 94415921 015399999999999999 3 6 141523 8299999999999999
102 72 47 31 28 40 64 94123145155152139120101 87 81 84 9511112713814013324 1 2X61017155214614199999999999999 340 271610 8199999999999999
116 93 70 52 43 46 60 83109132147152145131113 95 83 78 81 9010411712612824 1 3X61053152224412899999999999999 416 4217 7 7899999999999999
122109 92 75 63 58 63 77 98119137147148140125107 90 78 72 73 81 9310611524 1 4X61135149999999999999999999999 458 581817 7199999999999999
119117109 97 85 76 73 78 90107124138146145136121102 84 70 62 61 68 80 9524 1 5X6 0 9119122514699999999999999 553 731931 6199999999999999
108116119116108 98 90 86 89 98111126139146144135118 96 75 57 47 46 54 6824 1 6X6 157119132214699999999999999 7 7 862038 4599999999999999
 87106120128128121111100 93 93100113128141148147135115 89 62 41 29 28 3924 1 7X6 329129142114999999999999999 832 922134 2799999999999999
 59 85110130141142134120105 95 93100114131147155152136110 78 46 22  9 1124 1 8X6 433143151515599999999999999 945 932222  899999999999999
 27 55 88120144156155142123105 93 90 99117138156164158137104 65 28  1-1024 1 9X6 52315716 6164999999999999991042 9023 8-1099999999999999
 -3 20 56 97134159169163145121 99 87 87100123148167174163136 95 50 10-1724 110X6 6 71691655174999999999999991130 852353-2599999999999999
-25-12 19 63109148172178166142114 91 80 84103131159179182166132 85 36 -624 111X6 6481791742183999999999999991213 80999999999999999999999
-31-34-13 25 74123162182181163134103 81 74 84108140169188187165125 74 2324 112X6 728184182919099999999999999 037-351255 7499999999999999
-17-37-33 -6 38 90138172186178154121 91 72 69 84113147176192186160116 6424 113X6 8 8186191619299999999999999 120-381338 6899999999999999
 15-20-33-23 10 56107151178184170141107 79 64 66 8511615017718917915010624 114X6 84618520 418999999999999999 2 3-331422 6299999999999999
 57 14-14-20 -3 32 78124161180177157126 94 68 58 64 8511514717117916713724 115X6 924181205417999999999999999 246-2015 9 5799999999999999
 97 55 20  2  2 23 58100139166176167143112 82 61 53 61 8211013915816315124 116X610 1176214716399999999999999 327 -11559 5399999999999999
126 92 60 35 24 30 51 83118148165168155130101 74 55 49 57 7610112514114524 117X61038169225014599999999999999 4 9 241656 4999999999999999
137118 94 71 55 50 58 77103130151161158144120 94 69 52 46 51 66 8710712324 118X61118161999999999999999999999 452 5018 2 4599999999999999
129126116101 87 77 75 82 97116134148154150136115 90 66 49 40 42 53 71 9124 119X6 01113012 515499999999999999 542 751918 4099999999999999
108119123120113104 97 95 98107120133143148145133113 89 64 44 32 31 40 5624 120X6 2 512313 814899999999999999 656 952038 3099999999999999
 78 99116127130127120112106105109117129140146145134115 88 61 37 22 18 2724 121X6 358130142214799999999999999 8451042147 1899999999999999
 46 71 98121137142139130118108102104113126140149149138116 86 54 27 10  724 122X6 5 714215321509999999999999910161022242  699999999999999
 18 42 74106132149153146132115101 95 98110127144155155141114 79 43 14 -224 123X6 5511531628157999999999999991111 952327 -499999999999999
 -1 16 47 84119146160159146125105 91 87 94112134153164160140107 67 29  124 124X6 6251611715164999999999999991151 86999999999999999999999
-11 -3 22 60100136159166157137113 91 80 81 96119144164171160133 94 51 1424 125X6 655166175517199999999999999 0 5-111223 7999999999999999
 -9-13  4 37 79120152168166149123 97 78 72 81102130156173173155120 77 3424 126X6 722169183117599999999999999 040-141253 7299999999999999
  2-13 -6 19 59102140164170158134105 81 68 70 86113142166176168142103 5924 127X6 74817019 517699999999999999 112-131321 6799999999999999
 20 -4 -8  9 42 84126156170165144115 87 67 62 72 95124152171173157125 8424 128X6 812170193817499999999999999 141 -91350 6299999999999999
 43 13 -1  6 32 69111146166168153126 96 71 59 61 7810413315716816314010624 129X6 836169201116999999999999999 210 -11420 5899999999999999
 68 34 14 12 28 59 97133159168159137107 79 61 55 64 8511213815616014812224 130X6 9 0168204516099999999999999 237 101452 5599999999999999
 90 57 34 24 31 54 86120149163162145119 91 67 54 55 68 9011513614814613124 131X6 924165212314999999999999999 3 4 241528 5399999999999999
107 80 56 42 41 54 79109137155160151130104 78 60 52 56 71 9111312913613224 2 1X6 95016022 813699999999999999 333 3916 8 5299999999999999
118 98 78 63 56 62 77100124144154152138116 92 71 56 51 57 70 8810511812324 2 2X6101915423 812399999999999999 4 3 561658 5199999999999999
120111 98 85 76 75 81 95113131143147142128108 86 67 54 50 53 64 78 9310624 2 3X61055147999999999999999999999 441 7418 4 5099999999999999
113115112105 98 93 92 97106118130138140135123105 85 67 52 44 44 51 64 8024 2 4X6 049115114814199999999999999 539 921930 4399999999999999
 96109117121119114108104104108116125133137135125109 88 66 46 33 29 34 4824 2 5X6 3 612113 913799999999999999 7321042057 2999999999999999
 68 91112127135135129119109103104110121132141142134116 91 62 36 17 10 1624 2 6X6 429136144014399999999999999 92910322 4 1099999999999999
 34 61 93122143152150138122106 95 94103119137151155147124 92 55 21 -2-1024 2 7X6 5181531551156999999999999991036 942257-1099999999999999
  0 25 62102137161168160140116 94 83 84 99122148166172159130 89 44  4-2124 2 8X6 5581681649172999999999999991123 812344-2799999999999999
-26-10 25 71118156177179162133102 78 68 76 98130161183186168131 82 30-1124 2 9X6 63418017401879999999999999912 4 68999999999999999999999
-34-33 -8 35 88138174189181154118 83 60 55 70101140175196195170126 72 1924 210X6 7 9189182819899999999999999 027-371244 5599999999999999
-21-37-28  6 55110158187192174139 98 63 44 46 69106149184202195165116 6124 211X6 742193191520399999999999999 1 8-371324 4299999999999999
 12-20-28-10 30 82134174193187159118 76 44 32 41 7011115418619818615310524 212X6 81419420 119899999999999999 148-2814 4 3299999999999999
 54 13 -9 -7 18 61110155183190173138 96 57 32 26 41 7311415317918617013724 213X6 845190204718699999999999999 225-111446 2599999999999999
 95 54 24 13 23 52 92134167183178154117 77 44 26 26 44 7511214516516615124 214X6 915184213616899999999999999 3 1 131530 2399999999999999
123 90 61 43 42 57 84118149170174161134100 66 40 27 30 48 7510513114514524 215X6 945175223114799999999999999 335 401618 2699999999999999
133113 92 75 67 71 87109134153163160144119 90 62 42 33 36 50 71 9411312424 216X61015164234612799999999999999 4 8 671715 3299999999999999
127121111100 93 91 96108123137148151145131111 88 66 49 39 39 48 62 79 9624 217X61052151999999999999999999999 444 911831 3899999999999999
108116118117114111110112117124131137138135126112 93 74 56 44 38 41 50 6524 218X6 2 6118115213899999999999999 5481102011 3899999999999999
 83100114123128128125120117115116120125130132129118102 81 60 42 32 30 3924 219X6 430128135413299999999999999 9 81152138 3099999999999999
 56 78101121135141139131121111104104109119130138138128109 84 57 34 21 1924 220X6 51514115311399999999999999910351032235 1899999999999999
 31 54 82111135149151143128111 97 90 93104121138149149136111 79 47 21  924 221X6 5431521630150999999999999991114 902317  899999999999999
 12 31 61 96128151160155139116 95 81 78 88107131151162157137105 67 32  824 222X6 6 81601714162999999999999991143 782352  199999999999999
  1 13 41 78116147164165150125 98 77 67 72 91118146166172160131 91 50 1724 223X6 63116717501729999999999999912 9 67999999999999999999999
 -1  2 24 60102139164172161136105 77 60 59 74101133161177175154117 73 3324 224X6 653172182317999999999999999 022 -21234 5899999999999999
  6 -1 13 44 86128160175170147115 82 58 49 58 82115149174182170140 98 5524 225X6 714175185518299999999999999 050 -213 0 4999999999999999
 21  4  9 33 72115152174176158126 90 60 43 45 63 94130162180178157121 7924 226X6 734178192618299999999999999 117  31326 4299999999999999
 41 17 12 29 61103142170179167138102 67 43 36 47 7310814316917716713910124 227X6 755179195717799999999999999 142 111353 3699999999999999
 63 35 23 30 55 92131162177172149114 78 48 33 35 55 8512015016816815012024 228X6 815178203017099999999999999 2 7 221421 3299999999999999
 86 56 38 38 54 84119151171173157127 91 58 37 30 41 65 9612715116015313324 229X6 83617521 416099999999999999 232 361452 3099999999999999
105 78 58 51 59 80110139161169161138106 73 47 33 34 49 7410212814414713824 3 1X6 859169214414899999999999999 258 511526 3299999999999999
119 97 78 68 69 82103128149161159144119 90 63 43 35 40 56 7810112113213324 3 2X6 924162223713499999999999999 325 6716 7 3599999999999999
125112 98 88 84 89101118136149153146130107 83 61 46 40 45 57 74 9310811824 3 3X6 954153999999999999999999999 357 8417 3 4099999999999999
122120114108103101105113124134141142135122105 85 66 52 44 44 50 63 78 9424 3 4X6 0 6122103714299999999999999 4451011832 4399999999999999
107117123125123119116114116120126131134132125112 95 75 57 43 35 36 45 6124 3 5X6 252125121213499999999999999 7 11142024 3599999999999999
 82103122135141139132122113108108114123133138137127109 84 58 35 20 17 2724 3 6X6 417141142213999999999999999 9281072145 1799999999999999
 48 77108135153159152137119102 92 93103121140153156146122 89 53 22  2 -124 3 7X6 4591591545157999999999999991027 912241 -299999999999999
 14 43 82122154172172158132104 82 72 78 97125153173177162131 88 43  7-1324 3 8X6 53317416441779999999999999911 8 722326-1599999999999999
-12 11 50 98142174187178152116 81 58 52 66 96134170192194173133 82 32 -524 3 9X6 6 51871735196999999999999991147 52999999999999999999999
-20-11 21 68121165192194173135 92 54 34 36 61100146185206202174127 73 2424 310X6 636196182220799999999999999 0 8-211224 3299999999999999
 -8-15  3 43 95147185201191157111 64 29 16 28 61108156194210200167118 6524 311X6 7 620119 821099999999999999 047-1613 2 1699999999999999
 22  0  2 29 73125170197199176134 84 39 11  7 26 6611516219520418915310724 312X6 735202195320599999999999999 124 -21341  599999999999999
 62 30 18 30 62106151185198187154108 60 22  3  6 32 7312016118618917113824 313X6 8 3198203819199999999999999 159 181420  199999999999999
 99 65 45 44 62 95133167188188167130 86 44 15  4 14 42 8012115317016915124 314X6 831190212517299999999999999 233 4215 1  499999999999999
124 96 75 66 73 93121150172179170145110 72 39 19 15 27 52 8411613915014824 315X6 857179221715199999999999999 3 4 661545 1499999999999999
135117100 90 89 99116136154165164150126 97 68 44 30 29 40 59 8310612313124 316X6 924166233013299999999999999 334 881637 2899999999999999
131125117110107109116127139148150146134116 95 74 56 45 42 48 61 77 9310724 317X6 954150999999999999999999999 4 61061748 4299999999999999
117122124123122121121123127131134134132125115101 85 70 58 51 50 56 67 8124 318X6 2 9124104613499999999999999 5161211935 4999999999999999
 97112123131134133129124119117116118122126126122113 98 80 64 51 45 47 5824 319X6 414134134112799999999999999 9371162113 4599999999999999
 75 96116133143145139129117107101101108118129136135125107 84 61 44 36 3924 320X6 44614515251379999999999999910261002212 3699999999999999
 54 78104129147154151138120102 89 85 91105124140150148133109 79 52 33 2724 321X6 5101541620151999999999999991054 852252 2799999999999999
 37 59 89121147161161149127102 82 71 74 88111136156164156134102 67 39 2324 322X6 53116317 1164999999999999991119 712325 2299999999999999
 25 43 73109142164170160137107 80 61 58 70 94125153171173157127 89 53 2824 323X6 5521711737175999999999999991144 572354 2099999999999999
 20 31 59 96134163176171148116 82 56 45 52 74107142170182175150113 73 4024 324X6 61217718 91829999999999999912 8 45999999999999999999999
 23 26 48 84124159179179160127 89 56 37 36 54 86124159182186169136 96 5824 325X6 631182184118799999999999999 021 221233 3499999999999999
 34 28 42 73112151177185171140100 62 34 25 36 63102142173187181156119 8024 326X6 651185191218899999999999999 047 271258 2599999999999999
 50 36 41 65101140171186179153114 72 38 20 22 43 7811915618018416913910324 327X6 711186194418599999999999999 113 351324 1899999999999999
 70 49 47 62 92129162182183163128 87 48 22 15 27 56 9413316417817415312324 328X6 732185201617999999999999999 138 461352 1599999999999999
 91 67 57 65 87118150174181170142103 64 32 16 19 38 7010814116317016013724 329X6 754182205217099999999999999 2 4 571422 1599999999999999
110 86 72 72 86110138162175171151119 82 49 26 19 28 51 8211514115615714524 330X6 818176213315899999999999999 231 701456 1999999999999999
126105 90 84 90105127149164167156133102 70 44 29 27 39 60 8711313314414324 331X6 844167222714599999999999999 3 1 841538 2699999999999999
134121109101100106120135149157154141120 94 69 49 37 37 46 63 8410412113124 4 1X6 917157235913499999999999999 337 991635 3699999999999999
134131125119114114117125134141145142133117 97 77 60 48 43 47 57 73 9110824 4 2X610 7145999999999999999999999 44011318 3 4399999999999999
123133137137132127121119119123129134136133125110 92 72 55 43 40 45 59 7824 4 3X6 22313712 113699999999999999 7191191955 4099999999999999
101123140150151144132119109104106115126137143141129108 83 58 38 28 31 4724 4 4X6 338152141414499999999999999 9111042117 2899999999999999
 72103133155166164150128106 89 82 88104126147160162148122 89 55 29 16 2124 4 5X6 41916715351639999999999999910 3 822214 1699999999999999
 43 76115150174181170145113 82 63 59 72 98131162180182164130 89 49 20 1024 4 6X6 4531811634183999999999999991044 5823 0 1099999999999999
 20 50 91135172191189166129 88 53 35 38 62 99142178198196172132 85 43 1724 4 7X6 5241931725200999999999999991122 342342 1199999999999999
 13 31 68114159191201186151104 58 25 13 25 58105154191209202172128 80 4224 4 8X6 55420118132099999999999999912 0 13999999999999999999999
 22 26 52 93141181203201173128 76 30  2 -1 20 62114163199211198165120 7724 4 9X6 624205185921199999999999999 021 211238 -399999999999999
 47 36 48 79121164195205190152102 50 10-10 -4 25 7112316919820318615311324 410X6 654205194420499999999999999 058 361317-1199999999999999
 78 58 56 75107146180199196171128 78 32  0-11  3 36 8212916818918817014024 411X6 723200202919199999999999999 134 551356-1199999999999999
108 84 74 80101131162185192179148106 61 24  2 -1 17 50 9113116017417015324 412X6 752192211617499999999999999 2 8 731437 -299999999999999
130108 94 91102122146167179177159128 90 54 27 13 16 34 63 9712814815715324 413X6 82018022 815799999999999999 241 911520 1299999999999999
140125112105108118133150162166158140114 84 57 38 29 34 49 72 9812013514224 414X6 851166231714299999999999999 3161051610 2999999999999999
140134126119117119126135144150149142127108 87 67 53 46 49 59 76 9411112424 415X6 927150999999999999999999999 4 11171714 4699999999999999
132135134131127124123125128132134135131123111 96 81 68 59 57 63 74 8910524 416X6 110135103413599999999999999 5481231845 5799999999999999
119131138140138132126119115115117121126128127120108 93 78 65 59 61 70 8524 417X6 258140131212899999999999999 8481142019 5999999999999999
104122137146148143132119108100 99104113125134137132119101 81 64 56 57 6824 418X6 344148145513799999999999999 943 982124 5599999999999999
 87110132149157154142124105 90 82 85 96113132145150143126102 78 59 51 5524 419X6 4141571554150999999999999991016 822210 5099999999999999
 71 96124148163164153133107 84 69 66 76 96121145160162150126 97 70 52 4824 420X6 4381651638163999999999999991044 662246 4899999999999999
 59 83113143165173165144115 84 61 51 56 75104135161173169150120 88 62 4924 421X6 5 11731716174999999999999991110 512318 4899999999999999
 52 71101135163178176157125 90 58 40 38 53 83119152175182170144110 78 5624 422X6 5231791751182999999999999991136 362348 5199999999999999
 51 63 90125157179184169139100 62 34 24 33 59 96136169186184165133 98 7024 423X6 54518418251889999999999999912 2 24999999999999999999999
 56 60 81114148176188180153114 72 36 16 17 36 71114153181190180154120 8824 424X6 6 7188185819099999999999999 016 561230 1499999999999999
 67 63 76103137168187187167130 87 46 17  7 18 47 8813116618618717014110924 425X6 630189193218999999999999999 045 621258  799999999999999
 83 71 75 95125157180188176147106 62 27  7  8 27 6210414417218417815712824 426X6 65518820 818499999999999999 114 701329  599999999999999
101 84 80 92115144169184181160125 84 45 17  7 15 41 7711615017117616514424 427X6 721185204717699999999999999 144 8014 3  799999999999999
120100 90 93108131156174179168142107 69 37 17 14 27 53 8812214916416515424 428X6 751179213416699999999999999 216 901442 1399999999999999
136118104100106121141159170169154128 95 63 38 24 24 38 62 9212114215415524 429X6 825171223415699999999999999 2541001529 2299999999999999
147134121113111116128142154160157143120 93 67 46 34 34 46 66 9011413414624 430X6 9 9161235915099999999999999 3461101630 3399999999999999
150146138129121117119125135144149147138121100 78 58 45 42 48 63 8410712824 5 1X61018149999999999999999999999 5111171751 4299999999999999
144152152146136125116112114120130139144141131114 92 71 54 45 47 59 7910324 5 2X6 134153121114499999999999999 7111121922 4599999999999999
128148160162154139121105 95 94102117133146151146131108 82 60 46 44 55 7724 5 3X6 24016314 115199999999999999 835 942038 4399999999999999
106136160172172157134107 84 71 72 85107133155166164147120 89 62 45 43 5624 5 4X6 326174152016799999999999999 929 702138 4299999999999999
 83117150175185177153120 85 57 45 50 71103139167182180160128 93 63 46 4724 5 5X6 4 31851621184999999999999991013 442228 4499999999999999
 65 96134168190192175140 98 58 30 21 33 64105147180196190167131 94 65 5124 5 6X6 4381941715196999999999999991055 212313 5199999999999999
 57 80115154185200192164121 72 31  6  4 24 63111157190203194167130 94 6924 5 7X6 51120018 5203999999999999991136  22355 6199999999999999
 61 72 99136172197202185147 98 48  9-10 -4 25 70120166195204191162126 9524 5 8X6 5442031852204999999999999991216-10999999999999999999999
 76 74 91120155185201196170127 76 29 -4-14 -1 33 8013017019419718115312224 5 9X6 617202193819999999999999999 035 731256-1499999999999999
 97 85 90109138169191197184151107 59 18 -6 -9 10 46 9213717118818616914324 510X6 650198202418999999999999999 113 851337-1099999999999999
118101 96105125151175189187167133 91 49 17  1  5 27 6210314016617717215624 511X6 724190211017799999999999999 151 961419  099999999999999
135117106106117136157173180172150118 81 47 24 15 22 44 7611014015916515924 512X6 759180215816599999999999999 22910515 3 1599999999999999
146130118112114125140155165167157136108 79 53 35 31 40 60 8711413715115524 513X6 838167225315599999999999999 3121121550 3199999999999999
150140129120116119127137148154153144127105 82 62 49 47 55 72 9411613414524 514X6 925154999999999999999999999 4 61161644 4799999999999999
149146139130122118118122129136141141136124107 89 73 63 60 66 79 9711613224 515X6 0 0149103314299999999999999 5281171749 6099999999999999
144148147140131122114111112117124131135133126114 99 84 73 68 72 8310011824 516X6 114148121913599999999999999 71611119 3 6899999999999999
135147152150142130116105 98 98104114125134137134123108 92 79 72 75 8610424 517X6 21415214 113799999999999999 833 972013 7299999999999999
124142154159154141123104 89 82 83 93108125139146144132115 96 81 74 77 9124 518X6 257159151414799999999999999 921 812110 7499999999999999
111133153164164153133109 86 70 64 71 87110133150158153138117 96 80 75 8224 519X6 33216616 815899999999999999 958 642156 7599999999999999
 99123147165172166147119 89 64 50 50 63 88118145163169160141116 93 79 7724 520X6 4 21721653169999999999999991031 482237 7699999999999999
 89111138162176176161132 98 65 41 33 40 63 96131160176177163138111 89 7924 521X6 43017817321789999999999999911 2 332313 7999999999999999
 83101127155176183174148112 73 41 22 21 39 70109146174185180160132105 8724 522X6 4571831810186999999999999991132 192348 8299999999999999
 82 93116144170186184165131 89 49 21  9 18 44 8212516118418917715312410024 523X6 52618718471909999999999999912 4  9999999999999999999999
 87 89105132160182190179151110 66 29  7  4 21 54 9713917218918717014411724 524X6 556190192519099999999999999 022 861239  399999999999999
 97 90 99119147173188188168134 91 48 16  1  6 30 6711015017718818116113524 525X6 62819020 618899999999999999 057 901315  199999999999999
112 98 97110132158180189181155118 75 37 11  3 14 41 8012115517718317315324 526X6 7 3189204918399999999999999 133 951356  399999999999999
129110101105120142165181184171143105 66 33 13 10 24 53 9012715717417616524 527X6 742184213817799999999999999 2141011440  999999999999999
146127112106111126146165176176161133 99 64 36 20 20 35 63 9612915516917024 528X6 827178223417199999999999999 3 11061530 1899999999999999
160144127114109113126143159168166153129 99 69 45 31 32 46 7110113015316624 529X6 923169233616899999999999999 4 11091627 3099999999999999
167158143127114107109119133148158159149130105 79 57 44 44 56 7710413215324 530X61036160999999999999999999999 5161071732 4399999999999999
166168159144125109 99 98105119135148154150137116 92 71 57 55 64 8310913524 531X6 03916812 715499999999999999 639 971843 5499999999999999
157170171161143120 98 84 80 87102123142154157148130107 85 69 64 72 9011524 6 1X6 137172134215799999999999999 752 801954 6499999999999999
142164177176162137108 81 63 58 67 87114140159166160143120 96 79 73 80 9824 6 2X6 22717815 416699999999999999 852 582058 7399999999999999
124152174184179159128 92 61 41 37 49 76109142166177173155130105 87 81 8824 6 3X6 311184161217799999999999999 944 362156 8099999999999999
108136164184190179152113 73 39 19 19 37 70110148175187182162136110 92 8824 6 4X6 3521901710187999999999999991031 172249 8799999999999999
 98120148175192192174140 97 53 19  3  8 32 71116156184194186164137111 9624 6 5X6 43219418 2194999999999999991117  22336 9399999999999999
 94107131160184196191166126 80 36  6 -6  5 35 7812516418919518416113411124 6 6X6 51219718501969999999999999912 0 -6999999999999999999999
 99101117143170190197185154112 65 24 -1 -6 10 45 9013517119119217815412824 6 7X6 552197193519499999999999999 020 981243 -799999999999999
109102108127152177192192175141 98 53 18 -1  1 22 5910314417418818516814524 6 8X6 632195201718999999999999999 1 21021325 -399999999999999
122108105115135159180190184163127 86 47 18  6 14 39 7611615217518217415724 6 9X6 711190205718299999999999999 14110514 7  699999999999999
135117107109122141162178183173149115 78 45 23 18 31 57 9212815717317416424 610X6 751183213717599999999999999 2211071447 1899999999999999
146127113108112126144161173173161137106 74 48 33 34 49 7610713715916916624 611X6 833175221616999999999999999 3 21081528 3199999999999999
154138122111108114127142156164162149127100 74 55 46 50 67 9212014416016524 612X6 918165225816599999999999999 3481081610 4699999999999999
160147132118109107113123137148154151140121100 79 65 60 67 8310512914816024 613X61013154234416299999999999999 4451071655 6099999999999999
162155143128115106103107116128138144143135121104 88 77 74 81 9611513515124 614X61123145999999999999999999999 5541031747 7499999999999999
160161153140124109 99 94 97105117129137140136126112 98 88 86 9210512214024 615X6 033162125314099999999999999 7 8 941848 8699999999999999
155162161152137118101 88 82 84 94108124136143142134121108 98 94 9911112824 616X6 124163142314399999999999999 813 811955 9499999999999999
146159166163151131108 87 72 66 71 84103124141151152144130115104 9910411724 617X6 212166153515299999999999999 9 5 662059 9999999999999999
134152166170164146122 94 70 55 51 59 7810413015116216215213611810610210824 618X6 255170163116499999999999999 949 50215510299999999999999
122142161173174162139108 76 51 37 37 52 7811014116317417115713711810510324 619X6 3361751717175999999999999991028 35224310299999999999999
112130151171180177158128 91 57 32 21 28 50 8312115417618417615813511510324 620X6 41418117591849999999999999911 7 21232610299999999999999
104117139163181187177151114 74 38 15 10 24 53 9313416718719017715412911024 621X6 4531871840190999999999999991146 10999999999999999999999
102107125150174190190174141 99 57 22  4  5 25 6110514617819319117314812324 622X6 533192192119499999999999999 0 61011227  299999999999999
105101112133160184196191168131 86 43 11 -2  5 32 7211715818619618816714024 623X6 61519620 219699999999999999 04710113 9 -299999999999999
116102103117142169190198189161120 74 34  7 -1 12 43 8512916719019418215824 624X6 659198204519599999999999999 1281011352 -199999999999999
132110100104122147173192196183152111 67 31  9  6 23 57 9914117319019017424 625X6 745197212819299999999999999 2131001437  599999999999999
150124105 98105123148173189190175144105 66 34 18 20 40 7311315017718918424 626X6 835192221118999999999999999 3 1 981524 1699999999999999
166142117100 95102121145167181181166138104 70 44 33 38 58 9012615817918624 627X6 931183225618699999999999999 355 951612 3299999999999999
178159134111 94 89 96113136157170171159136108 80 60 52 58 7810613716317924 628X61035173234318399999999999999 455 8917 3 5299999999999999
182172152127103 86 80 86101123144158163156139116 94 78 72 78 9511914516624 629X61152163999999999999999999999 6 1 8018 0 7299999999999999
179179168147121 95 76 68 72 86108130148158156146129111 97 91 9510912915024 630X6 032181132315899999999999999 711 6819 6 9199999999999999
169179178165142114 86 64 54 56 71 9411914215716215614312711310610711813524 7 1X6 125180145616299999999999999 819 53202010599999999999999
154171180178164138107 75 51 39 41 57 8311314116117016715513912411411312224 7 2X6 220181161417199999999999999 921 38213511299999999999999
138157174183180163134 98 64 37 25 28 47 7811314616918017716414512811611524 7 3X6 3151841717180999999999999991017 24223911499999999999999
124141161179187182161128 89 52 25 13 20 44 8011915517918818316614512511424 7 4X6 4 718718 71889999999999999911 7 13233111299999999999999
114125145167185192182157120 78 40 15  7 19 48 8813016518719318316213911924 7 5X6 4571921849193999999999999991153  7999999999999999999999
110113128151174191194181151110 67 30  8  7 25 5910214417619319217615312924 7 6X6 542195192719499999999999999 0151091235  599999999999999
111106114133158181195194175141 98 55 23  8 13 38 7611915818419318616514024 7 7X6 62519720 119399999999999999 0541061314  799999999999999
118104104118140166187196189165127 85 47 21 14 27 57 9613717018818917515224 7 8X6 7 5196203319199999999999999 1301031351 1499999999999999
127108100106123148172189193179151113 74 42 25 26 46 7911815417918818116224 7 9X6 74319321 218899999999999999 2 41001425 2399999999999999
137115101 99109129153174186184166136101 67 43 35 44 6910313816718318317024 710X6 821187213118599999999999999 239 981458 3599999999999999
148124106 96 99112133155172178172152123 92 66 51 51 66 9212415417518217524 711X6 9 117822 118299999999999999 317 961531 4999999999999999
158136114 99 94 99114133152165167158139115 91 72 65 70 8811314116417717724 712X6 944168223217999999999999999 359 9416 5 6599999999999999
166147126107 95 92 98112129145155156148132113 95 84 82 9010713015216817524 713X6103715723 717599999999999999 448 911642 8199999999999999
171158139118101 90 88 94106121135145147142131118106 98 9810712214015716824 714X61148147235017199999999999999 547 881729 9799999999999999
171165151133113 96 85 81 86 9711212613714314313712811811211211813014415724 715X61325144999999999999999999999 654 81183211299999999999999
166168161147128108 89 76 71 75 8610212013514615014714013112312112413314524 716X6 04316815 415099999999999999 8 4 71195812199999999999999
157166168161146125101 80 64 58 62 75 9511813915516116015113912912312413224 717X6 144168161616299999999999999 9 7 58212112399999999999999
145159169172164146121 93 67 49 42 49 67 9312214916717517115914312812012124 718X6 24617217 91759999999999999910 1 42222412099999999999999
131147164176179169147115 81 51 32 27 38 62 9613216218118717816114012311524 719X6 3431791752187999999999999991049 27231311499999999999999
118132153173187188174145107 68 35 15 14 31 6410514517719519518115713211424 720X6 4341891831197999999999999991134 12235610899999999999999
108116136161185199197177141 97 53 19  3  7 32 7111816119220419817714812124 721X6 52320019 9205999999999999991218  2999999999999999999999
104102116141171197209203176134 85 40  8 -4  8 40 8513417620320919516713524 722X6 610209194720999999999999999 03710113 0 -499999999999999
108 94 98117148181206215203171125 75 31  4 -1 18 5510415219020920718615424 723X6 657215202321199999999999999 118 931342 -299999999999999
120 95 86 95119153186209215198163116 68 30 10 12 36 7712516920021019917324 724X6 745215205921099999999999999 2 1 861423  899999999999999
138106 84 80 93120154186206207188153109 67 37 25 34 6210214618220320518724 725X6 834209213420799999999999999 245 7915 4 2599999999999999
157123 93 76 75 91119151180196195176144107 74 52 48 61 8912616218920119524 726X6 92519822 920199999999999999 333 731545 4799999999999999
173143110 84 70 72 88114143168182180164139111 87 74 75 8911514517219019424 727X61023183224619499999999999999 424 691627 7299999999999999
183161132102 79 67 68 82105131153165166156139121105 9810111313315517418524 728X61135167232818699999999999999 523 661714 9799999999999999
185173152125 98 77 64 64 75 9411613615115715414613512512012113014315817124 729X61312157999999999999999999999 632 63181711999999999999999
178177167148124 98 76 61 57 64 8010112314215415915715014213513313614415524 730X6 02317915 915999999999999999 751 57195613399999999999999
166173174167150126 99 74 56 48 53 68 9111714115916916916315214213513313924 731X6 138175163417099999999999999 9 9 48214213399999999999999
149162172177171154129 98 69 48 38 42 59 8711814716918018017015413912812624 8 1X6 2571771727181999999999999991013 37224812699999999999999
132146162177183177158129 94 61 37 28 35 58 9112716018219018516914812911824 8 2X6 4 318318 51909999999999999911 4 28233311699999999999999
117128147168186192183159124 84 49 27 21 35 6410314317519319518216013511624 8 3X6 4561921837196999999999999991146 21999999999999999999999
107112129154179196198184154113 71 38 20 22 44 8012216118920019317214511924 8 4X6 54019919 620099999999999999 0 81071224 1899999999999999
103100113136165190204200179142 98 58 29 19 31 6110214518019920018315612724 8 5X6 619205193220299999999999999 0401001257 1999999999999999
104 93 99118147176199206195167126 83 47 27 28 49 8512716719420219216813724 8 6X6 655206195620299999999999999 110 931328 2599999999999999
109 91 89102127158186203202184150109 70 43 34 45 7411315318520119717814824 8 7X6 730205202020299999999999999 139 881356 3499999999999999
117 94 83 89108137167190200192167132 95 64 47 49 6910214017419519918616024 8 8X6 8 3200204320099999999999999 2 9 831424 4699999999999999
128101 83 81 93116145171188190177150118 87 66 60 71 9612916218719719117024 8 9X6 83819221 619799999999999999 241 801451 6099999999999999
141111 89 78 82 98122149170180177161136109 88 76 79 9512115117619119117724 810X6 916181213019399999999999999 315 781518 7699999999999999
153124 99 83 78 85102125147163169163148128109 96 9310011814116418118718024 811X610 0169215718799999999999999 353 781548 9299999999999999
162138113 93 81 79 8710312314115315715214212811711011112013515316917817824 812X61057157223017999999999999999 439 78162310999999999999999
168151129108 91 81 79 86 9911513014214714714313612912612713414415616617124 813X61228148231617199999999999999 539 79171512699999999999999
169160145127107 91 80 76 80 9010411913314415015114814413913814014515316024 814X61445151999999999999999999999 7 0 7619 113899999999999999
165165159147129110 90 75 67 68 76 9111113114816016516315614814113713914624 815X6 032166161216599999999999999 829 6621 813799999999999999
155164168166154135111 87 66 53 51 61 8110713515917518017516314813512813024 816X6 21016917 018099999999999999 940 50221712899999999999999
140155170179178165142110 78 51 35 34 48 7611114717619219418216214012311624 817X6 3271801737195999999999999991034 3223 311699999999999999
121138160182194193176145105 65 33 17 21 43 8012316419420720218115212510624 818X6 4261961811207999999999999991120 16234310299999999999999
103115140171197211207183143 95 50 18  5 16 47 9314218521121620117113510524 819X6 51721218442179999999999999912 3  5999999999999999999999
 89 92113146183212225215184137 84 38  9  3 23 6211416520422321719115311324 820X6 6 5225191622399999999999999 021 881243  299999999999999
 84 74 84114154194223231216178127 74 32 10 14 41 8713918721822520917413024 821X6 651232194822699999999999999 1 0 741322  999999999999999
 91 67 63 81117160200226229208168118 70 36 24 36 6911616420422321919215224 822X6 738231201922499999999999999 139 6214 0 2499999999999999
108 73 55 58 82120163200220218194156111 73 50 48 6610114418421221920417224 823X6 825222204921999999999999999 221 531437 4699999999999999
130 90 61 49 58 84121161191206201178146111 84 72 77 9813116619521020718624 824X6 914206211921199999999999999 3 4 491513 7299999999999999
152114 80 57 51 62 87120152177187182164141118102 9810712715217719520019024 825X610 9187215120099999999999999 352 511549 9899999999999999
168138106 78 61 57 66 8711313915816716615614313012312313114616317818618624 826X61121168222718799999999999999 447 56162912299999999999999
175156132106 83 68 63 69 8310312314015215615515114614214214515316116917424 827X61319157232417499999999999999 557 63173514199999999999999
173166152134113 92 76 67 67 76 9010912814415616216316015515114814815115724 828X61543163999999999999999999999 731 66202614899999999999999
162166165157142122100 80 66 61 65 7910012314616317317517016014914013613824 829X6 117166164317599999999999999 9 3 6122 813699999999999999
146157167171167153130103 78 59 51 56 73 9912915617618518317115413712512224 830X6 3 217117171869999999999999910 8 51225112299999999999999
128142160175182178160132 99 69 48 42 51 7510814317219019418316314012010924 831X6 4 81831744194999999999999991054 42232310899999999999999
111124146170188194185160126 88 56 38 38 56 8712616318920119517514712110224 9 1X6 45519418 9201999999999999991131 362351 9699999999999999
 97106128157184201202185153112 73 44 33 43 7010915018420320318715812610024 9 2X6 53420418312069999999999999912 3 33999999999999999999999
 87 90109139172198210203177138 96 59 38 38 58 9313517520120919716913510324 9 3X6 6 8210185320999999999999999 017 861231 3599999999999999
 82 78 91119154187208212196162120 80 51 41 52 8112216319521020518114611024 9 4X6 641213191321199999999999999 043 771258 4199999999999999
 82 70 76 99133169198212206181144103 70 52 54 7511115118720820919115812024 9 5X6 713212193421199999999999999 110 691324 5099999999999999
 87 67 65 81110146180202207193163126 92 68 62 7510314017620221019817013324 9 6X6 745208195421099999999999999 137 641349 6299999999999999
 97 70 60 67 90123158186199196176146113 88 76 8010113116519220620117914624 9 7X6 818200201520699999999999999 2 5 601414 7599999999999999
110 80 62 61 75102134164184190180159133108 93 9110312615418119719918515824 9 8X6 852190203720099999999999999 235 591439 9099999999999999
125 93 71 61 67 8511113916317617616514712711110510912414616918619218616724 9 9X6 93217821 019299999999999999 3 8 6115 510599999999999999
139110 85 70 66 74 9211513815516416315414112912112112814115817318218117124 910X61023164212818399999999999999 348 66153612099999999999999
152128105 86 74 73 80 9411213014315115315014513913613714215016016817216924 911X6115015322 717299999999999999 441 72162113699999999999999
160145126108 91 80 76 79 8810211713114315115515515315014814715015415816224 912X61436156233316299999999999999 6 5 76183814799999999999999
162157148134117 99 84 74 71 75 8610312314215816817116716015114314014114724 913X61557171999999999999999999999 755 71211114099999999999999
155162165160147128104 82 64 55 58 72 9512315017218518617616014312912312724 914X6 153165163518799999999999999 917 5522 712399999999999999
139156171180178163137105 73 49 38 42 62 9513216719220219617715112510810524 915X6 31918117 7202999999999999991013 37224510499999999999999
115137164187200197176141100 61 33 23 34 64105150188211213197166130101 8524 916X6 4182011738215999999999999991059 232322 8399999999999999
 87108141177206219212183140 91 48 22 18 38 76126174210225216186145104 7324 917X6 5 922018 8225999999999999991140 172358 6399999999999999
 63 75106148191222233219183133 82 41 20 25 54100152198226229207166118 7524 918X6 5562331837231999999999999991219 19999999999999999999999
 49 47 68109158203232237217176125 76 42 31 45 80129179216232222188140 9024 919X6 64223919 723399999999999999 036 451256 3199999999999999
 51 32 39 69114165208232232207165117 77 53 52 7311215819922522820516411424 920X6 728235193623099999999999999 114 311333 4999999999999999
 67 35 25 39 74121169206223217191154115 85 73 8010514118021022221318314024 921X6 81522420 522399999999999999 154 2514 8 7299999999999999
 93 54 30 28 47 82125166195206198175146118100 9710913316419120921019316124 922X6 9 3206203321299999999999999 236 261442 9699999999999999
121 82 52 36 39 58 8912515717818517916214312711912113315317419119819117224 923X6 95918521 319899999999999999 322 35151711899999999999999
144112 82 60 49 53 68 9312014316016616415614713913714014916117218018117324 924X61113166213718199999999999999 415 49155813799999999999999
158137113 91 74 65 65 75 9111012914415315715815515215015015215616116416424 925X61332158223616499999999999999 526 64173115099999999999999
160152139122104 88 77 72 75 8510011713414916016516616215615014514314414824 926X61535166999999999999999999999 7 7 7221 614399999999999999
153156155148135118 99 82 72 70 77 9211213515516917617416515213912912612924 927X6 118156161617699999999999999 844 6922 212699999999999999
138150161165161147126102 80 66 62 71 9111714516818218417615913912111111024 928X6 3 3165164318599999999999999 946 62223310999999999999999
120137157172178172153126 96 71 57 57 72 99131162184193187169144119100 9324 929X6 4 117817 6193999999999999991029 5523 0 9399999999999999
100119144170187190178152118 85 61 51 59 82116152181198197181153121 95 8124 930X6 44419117282009999999999999911 3 512325 7999999999999999
 82 99127158185200197176143105 73 53 52 70102140175199205192164129 95 732410 1X6 5202011748205999999999999991133 502350 6799999999999999
 67 79106141175200207195167129 91 63 53 63 90127166196209201176139101 702410 2X6 55320718 82099999999999999912 1 53999999999999999999999
 56 61 84119158191209207187152113 80 61 62 82116155189209208187152110 742410 3X6 625211182821199999999999999 015 551227 5999999999999999
 51 48 64 96136174202211200172135100 75 68 80108144180205211196165123 822410 4X6 657211184821199999999999999 040 461253 6899999999999999
 52 40 48 74112152186205205186155121 93 79 82102134169197209202176138 962410 5X6 72920719 920999999999999999 1 6 401318 7899999999999999
 61 40 39 57 89128165191201192170140111 93 891021261571862032031851521122410 6X6 8 1201193120599999999999999 134 371343 8999999999999999
 75 48 38 46 701041401711881901771541291091011051221471731921981881631292410 7X6 836191195319999999999999999 2 3 3814 910199999999999999
 93 63 46 44 58 841151461691791761631441261151141231401611791891861701442410 8X6 916179201819099999999999999 236 43143811399999999999999
113 83 61 51 54 69 931201441601671631531411311261281371511651761791721552410 9X610 8167204817999999999999999 315 50151212699999999999999
131106 83 67 60 64 76 95116135149156156152146141138140145153161166166159241010X61136157213116799999999999999 4 8 60161113899999999999999
146129109 91 77 69 69 76 89106123139150157159157153148144143145148152155241011X61359159231715599999999999999 531 68185614399999999999999
154148137121103 86 73 67 68 77 93114135153167172170162150138130128132140241012X61513172999999999999999999999 721 66205212899999999999999
150158159152138116 93 72 59 56 65 84111140166182187179162141121109107116241013X6 142159155218799999999999999 845 55214110699999999999999
133153170177172154126 94 66 48 44 57 83119155184199198180152121 95 82 85241014X6 3 7177162520199999999999999 943 442219 8199999999999999
103132163187198191167131 91 58 39 39 58 93136176204213200171131 92 65 55241015X6 4 71981655213999999999999991030 362256 5599999999999999
 67 97136176205216204173130 86 52 37 43 71113159198219217192150102 60 36241016X6 4582161725222999999999999991112 362333 3299999999999999
 34 56 97145190220226209172126 82 52 44 58 92138183216226212174123 72 32241017X6 5472271756227999999999999991152 43999999999999999999999
 14 22 54102155200227228206166121 82 60 60 81119164203225223196150 95 45241018X6 633231182622799999999999999 012 131230 5799999999999999
 12  3 19 58110163204224221195157117 87 74 82108145184213223210174125 72241019X6 720226185622399999999999999 051  213 8 7499999999999999
 28  4  3 26 68118166200214206181148117 97 93106132165195213212190151104241020X6 8 7214192721599999999999999 131  01344 9399999999999999
 58 24  8 14 39 79124163189197188168143122111113127150175195202193169132241021X6 857197195820299999999999999 214  7142111099999999999999
 92 55 30 21 30 55 89125156174179172157141129124129141159175186186174151241022X6 952180203218799999999999999 259 2115 012499999999999999
121 89 62 44 39 48 68 94122145159164161153144137135139147156165170167157241023X611 2164211217099999999999999 351 39155213599999999999999
140118 95 75 61 57 62 76 95116135148155157154150145141140142146150153152241024X61250157222415399999999999999 457 57174914099999999999999
147137123106 90 77 70 71 79 93110128143154160160155148140133129130133138241025X61430160999999999999999999999 624 69202812999999999999999
143145142133119102 87 76 73 78 90108128147161167166157144130118112112120241026X6 055145151916799999999999999 755 73212511199999999999999
131143151152144129110 90 76 71 76 91112136157171175168152132112 98 93 99241027X6 238153155017599999999999999 9 1 712159 9399999999999999
113132150162164154134110 87 72 68 77 97124151172182179163139112 90 77 78241028X6 339164161618399999999999999 948 682228 7699999999999999
 91114140162175173158133105 81 68 69 84110141169186188175149117 87 66 60241029X6 4241761639189999999999999991026 662254 6099999999999999
 69 92123154177186179157127 97 75 67 75 98130162186195186162127 90 61 46241030X6 5 318617 1195999999999999991059 672320 4599999999999999
 49 69101138170190192177150117 88 72 72 89118152181197195174140 99 62 39241031X6 5381941723199999999999999991129 702347 3399999999999999
 33 47 77116155185198192170138106 83 74 84108141173195200186154112 70 382411 1X6 6121981746201999999999999991158 74999999999999999999999
 24 29 54 92134171194199185158126 98 82 83101130162189201194168128 84 462411 2X6 64520018 920199999999999999 013 231226 8199999999999999
 22 18 34 67109150182197193174144115 94 88 97120150179197198179145102 602411 3X6 718198183320099999999999999 041 171254 8799999999999999
 29 15 22 46 83125162186193182160132109 96 98114139166188196186160121 802411 4X6 752193185919699999999999999 111 151323 9599999999999999
 44 22 18 32 61 991371671831831691471251081031111291531751881871701401022411 5X6 830185192719099999999999999 143 17135410399999999999999
 65 37 23 26 45 751101421651751711581401231131141241411601751811741541242411 6X6 913175195818199999999999999 220 23142911299999999999999
 90 60 39 31 38 57 841141411591651621511381271211231321451591681701601412411 7X610 8166203817099999999999999 3 3 31151612199999999999999
115 88 63 47 41 48 64 871121351511581581511421341281281331411501571571502411 8X61125159213715899999999999999 358 41163412799999999999999
136116 94 73 58 51 54 66 851071291461571601571491391301241241281351431482411 9X61258160232314899999999999999 511 51183612399999999999999
147139125106 86 68 58 56 64 81103127148163169165154139123111106109118132241110X614 9169999999999999999999999 640 5620 810699999999999999
144151150140121 99 77 61 55 61 78103131156174179172154130106 88 81 86102241111X6 123152145617999999999999999 8 1 5521 4 8199999999999999
124146162166157137110 82 62 54 60 80109142170187189174146112 80 59 54 65241112X6 249166153419099999999999999 9 5 542149 5499999999999999
 91123154176183173149117 85 62 55 64 88123159187199192167128 86 50 30 30241113X6 35418316 920099999999999999 958 542230 2799999999999999
 50 85127166191198185156120 86 64 60 74103141177201206189152105 57 21  5241114X6 4491981643207999999999999991045 592311  599999999999999
 13 42 86135177202206189157120 88 70 70 89122160193210205177132 79 31 -1241115X6 5412071718211999999999999991128 672352-1199999999999999
-11  5 42 92144185208207187154118 90 78 84107141177203211196160110 57 12241116X6 6292101752211999999999999991210 78999999999999999999999
-14-16  7 49101151188206201179147116 95 89100125157187205204182141 90 41241117X6 717207182720799999999999999 034-181250 8899999999999999
  3-16-10 17 61110155186198190168140115101100115139167190200191164123 76241118X6 8 419819 420099999999999999 116-161330 9999999999999999
 33  3 -7  3 33 74118156179186176156134116107111126148170185188175147109241119X6 852186194118999999999999999 2 0 -7141110799999999999999
 69 34 12  8 21 49 86123153170172163147130118114119132149165174173158133241120X6 941173202117599999999999999 245  7145511499999999999999
101 68 42 27 26 40 65 95125148160161153141129120118122132144155160157144241121X6103516221 916099999999999999 332 24155011899999999999999
123 98 73 53 43 44 56 77102125143153154149139129122118120126133141145143241122X61138155221414599999999999999 425 42171111899999999999999
135120101 82 67 58 59 69 85106126141150152148140129120113111113119127133241123X61248152235413599999999999999 526 57185711199999999999999
135131122108 93 79 70 69 77 91109127143152155150139126112102 97 98105115241124X61349155999999999999999999999 636 692019 9799999999999999
125133134129117102 88 78 75 82 95113133149158159151136117 99 85 79 82 93241125X6 143134143516099999999999999 748 752110 7999999999999999
109125137142138126110 93 82 79 85100121142158165162148126101 79 65 62 70241126X6 3 3142151116599999999999999 849 782148 6199999999999999
 87109131147153147132113 94 82 81 90108132153168171160138109 80 57 45 47241127X6 4 0153154317199999999999999 939 802221 4499999999999999
 63 88117143160163154135112 92 82 84 97120145166176171152122 87 56 34 29241128X6 4461641612176999999999999991022 812251 2899999999999999
 39 64 97130157171170155132107 89 82 89109134160177180166137100 62 32 16241129X6 5251731641181999999999999991059 822322 1599999999999999
 19 39 72110146171180172152125101 86 86 99123150173184177154117 76 38 12241130X6 6 218017 9184999999999999991134 842353  599999999999999
  5 17 46 85126160180182168144117 95 86 92111138164182185169137 95 52 182412 1X6 63718317391869999999999999912 7 86999999999999999999999
  0  2 23 58101141171184179160133108 92 90102125152175186180156118 74 332412 2X6 713184181018699999999999999 025 -21240 8999999999999999
  5 -5  5 33 73116153176182171149124103 93 96113138163181184170140 99 572412 3X6 750182184318599999999999999 1 0 -51314 9299999999999999
 21  0 -2 15 47 87128159176176162139117101 96104123147168180177158125 842412 4X6 830178192018199999999999999 137 -41351 9699999999999999
 45 16  1  5 27 60 991351611721681531321131011011111301511681751671451122412 5X6 91317220 117599999999999999 217  11434 9999999999999999
 75 41 17  9 17 39 721071391601671611471281121031041141301481611651561352412 6X610 2167204916599999999999999 3 1  9152610299999999999999
105 73 44 25 20 29 51 811131401571631571431271121031021101231391501541472412 7X61057163215215499999999999999 352 20163410199999999999999
130105 77 53 37 33 41 61 88116141157162156143126109 97 94 981101251381442412 8X61157162231614599999999999999 449 331756 9499999999999999
142130111 88 66 51 46 53 70 94120143158163157143122102 86 78 80 921081252412 9X61257163999999999999999999999 556 461916 7899999999999999
138142137122102 81 65 58 62 77 99125148163168160141115 89 68 57 58 71 93241210X6 056142135116899999999999999 7 8 582023 5699999999999999
116136148148136117 96 78 69 71 84106132155170173160136103 70 45 32 35 53241211X6 229149143917399999999999999 820 682118 3299999999999999
 81112140157161151131108 88 76 77 91114141165178177158127 87 49 21  9 16241212X6 345161152418099999999999999 925 7522 9  999999999999999
 39 75113147168173163141115 93 82 83 98123151174185178153114 69 28  0-10241213X6 44817316 8185999999999999991023 812256-1099999999999999
  2 33 75119156178182169145118 95 85 89106133162183189176144100 51  9-16241214X6 5431821650189999999999999991114 842341-2299999999999999
-21 -3 34 80127164184185169143116 95 87 95115143171188189170133 85 36 -4241215X6 63218717331919999999999999912 1 87999999999999999999999
-25-23  1 41 90137171186183164137110 93 90101124152177190185160120 71 24241216X6 718187181519099999999999999 026-271244 8999999999999999
-10-25-17 12 55103145173183175153127104 91 93107132158179186176147106 59241217X6 8 1183185618699999999999999 1 9-251325 9099999999999999
 18-10-17 -3 28 71115152173176163141117 99 91 97114137161176178163133 93241218X6 841177193718099999999999999 151-1814 5 9199999999999999
 51 17 -3 -3 15 48 88127155168166151129108 95 92100118139158169166148118241219X6 919169201817099999999999999 231 -51445 9199999999999999
 82 47 21 10 15 37 69104136156162155139119102 93 93102119137152158151133241220X6 95616221 115899999999999999 310  91529 9199999999999999
106 76 49 31 26 36 58 87117141154155145129112 98 91 92101115130141144137241221X61034156215014499999999999999 349 261620 9099999999999999
121 99 75 55 44 44 56 77102126144151149138123107 95 88 89 96107119128131241222X61114152225213199999999999999 429 431724 8799999999999999
126114 97 80 66 59 62 73 92113132144149145134118103 90 82 81 86 95107116241223X612 0149999999999999999999999 515 591841 8099999999999999
121120113102 90 79 74 77 86102119134145147142131114 97 82 72 69 73 82 95241224X6 021121125214799999999999999 611 741955 6999999999999999
108117121119111101 91 86 87 94107122136146148142128109 88 69 57 53 58 71241225X6 2 7121134614899999999999999 723 852055 5399999999999999
 88106121129129122112101 93 92 98110125140149150141123100 75 53 40 38 46241226X6 332130143615199999999999999 840 912143 3799999999999999
 64 87111130140140132119105 95 93100113130146154153139116 87 58 35 23 24241227X6 432141152215599999999999999 945 932224 2199999999999999
 38 63 93121142152150138120104 93 92101118138154161154135105 71 39 16  7241228X6 51815316 4161999999999999991036 9123 2  799999999999999
 14 37 69104135156162155138117 99 89 92105126148163166154127 91 52 19 -1241229X6 5571621643167999999999999991118 892340 -599999999999999
 -4 11 41 80119150167168155133109 92 86 93112137159172170150116 74 33  1241230X6 6341701722173999999999999991157 86999999999999999999999
-14-10 14 51 94134163174168149123 99 85 84 98121148170179170143103 57 16241231X6 7 917418 117999999999999999 017-151233 8299999999999999
