 17 20 34 54 77 98112118116108 98 89 85 86 93103113120120112 97 78 58 4024 1 1XT 713118173212199999999999999 011 171218 8599999999999999
 30 28 35 51 70 90107116117111102 91 83 80 82 89 98106110109101 87 72 5624 1 2XT 738117181611099999999999999 042 2713 5 8099999999999999
 45 40 42 52 67 85102113118115107 96 86 78 76 77 83 90 96 99 98 91 82 7024 1 3XT 8 51181911 9999999999999999 111 4014 4 7599999999999999
 61 54 53 58 68 83 98110117118112102 90 80 72 69 70 74 80 86 89 90 87 8124 1 4XT 8331192035 9099999999999999 142 531518 6999999999999999
 75 70 67 68 74 83 95107116120117109 97 85 74 65 60 60 63 69 76 82 86 8724 1 5XT 9 412023 6 8799999999999999 215 671638 5999999999999999
 86 84 82 81 82 87 95104114120120116106 93 79 65 55 48 47 51 58 68 78 8724 1 6XT 939121999999999999999999999 3 1 811745 4799999999999999
 93 96 96 95 94 94 97103111118122122115104 89 72 55 42 34 33 38 49 64 7824 1 7XT 142 96102212399999999999999 422 941840 3299999999999999
 92101107108106104103104109116122126124116103 84 63 43 27 19 19 28 43 6224 1 8XT 249108111412699999999999999 5561031928 1899999999999999
 82 99111117117114109107108113120126130128118101 78 53 29 12  5  7 20 4024 1 9XT 332118121113099999999999999 7131072015  499999999999999
 64 88107119124122117111108109115123132136132120 99 71 42 16 -1 -7 -1 1624 110XT 41112413 713699999999999999 81310821 0 -799999999999999
 41 69 95114125127123115109106109116127137141136120 95 63 32  5-10-13 -324 111XT 448127135914199999999999999 9 11062144-1499999999999999
 18 46 76102119127126119110103101106117130142145137118 89 56 23 -2-15-1424 112XT 523128144914599999999999999 9441012226-1699999999999999
  1 26 56 85108122126121111101 94 95103116132143145134112 82 49 18 -3-1224 113XT 5551261539146999999999999991026 9423 6-1299999999999999
 -6 12 39 69 96114123122113101 90 85 88 98114130140140127105 75 44 18  224 114XT 62312416281429999999999999911 9 842343 -299999999999999
 -1  9 29 57 84106119122116103 89 78 75 80 92109124133131118 96 69 43 2324 115XT 6471221719133999999999999991154 75999999999999999999999
 13 16 30 51 77100116122119108 93 77 67 65 72 84100114121118106 88 67 4724 116XT 7 9122181312199999999999999 017 131244 6599999999999999
 34 31 38 53 74 96113123123115100 83 67 58 57 63 75 89101107105 96 83 6824 117XT 730124191510799999999999999 048 311340 5699999999999999
 56 50 52 62 77 95112123127122109 93 75 60 51 49 54 64 76 87 93 93 89 8224 118XT 7531272033 9499999999999999 115 501447 4999999999999999
 74 69 68 73 83 96111123129127119105 88 71 55 45 42 44 52 63 73 81 85 8624 119XT 8201292258 8699999999999999 138 6816 5 4299999999999999
 86 84 83 85 91 99110120128130126117103 86 68 52 40 34 34 41 51 63 74 8324 120XT 853130999999999999999999999 148 831726 3399999999999999
 89 93 96 97 99103109116123128129125116103 86 67 48 34 26 25 31 43 57 7224 121XT 9411299999999999999999999991837 24999999999999999999999
 85 96103106107108109112117122126128125117104 86 65 44 27 17 16 24 38 5724 122XT10541289999999999999999999991936 15999999999999999999999
 75 92104112114113110109110114119125128127119105 84 60 37 18  9 10 20 3924 123XT 4 0114121812899999999999999 7 11092025  899999999999999
 61 83101113118117112107104105109117125130130121104 80 53 28 10  3  7 2224 124XT 419118132513199999999999999 81910421 8  399999999999999
 44 70 93109118119115107100 97 99106117127133131120 99 72 44 19  4  1 1024 125XT 441120141813499999999999999 9 7 972146  099999999999999
 29 55 81102116120117108 98 91 90 95105118130135130115 91 62 34 12  1  324 126XT 5 212015 213599999999999999 944 902220  099999999999999
 18 41 69 94111119118110 98 88 82 84 92106121132134125106 80 51 25  8  424 127XT 5221201542135999999999999991017 822250  499999999999999
 12 32 58 84105117119112100 87 77 75 80 92108123131129116 95 68 42 21 1124 128XT 5411191619131999999999999991050 752319 1099999999999999
 13 27 50 76 99114119115103 89 76 69 70 79 93109122126120104 82 58 36 2224 129XT 5591191656126999999999999991123 682345 1999999999999999
 19 28 46 70 93111120118108 93 77 66 62 67 79 94108117118109 93 72 52 3724 130XT 6181201734119999999999999991156 62999999999999999999999
 30 34 47 67 89108119120112 98 81 67 59 59 66 78 92104110108 98 83 66 5224 131XT 638121181411099999999999999 0 9 301232 5899999999999999
 44 44 52 67 86105118122117104 88 72 59 54 56 64 76 88 98101 98 89 78 6624 2 1XT 65712219 110199999999999999 031 421313 5499999999999999
 58 56 60 71 86102115122120111 96 79 64 54 51 54 61 72 82 89 92 90 85 7824 2 2XT 71812220 3 9299999999999999 051 5614 1 5199999999999999
 72 70 71 78 88101113121122116104 88 72 59 50 47 49 55 64 73 80 84 86 8524 2 3XT 74112222 3 8699999999999999 1 7 7015 5 4799999999999999
 84 83 84 87 93102111118122119111 99 84 69 56 46 41 41 46 53 63 72 79 8624 2 4XT 8 8122999999999999999999999 1 5 831630 4199999999999999
 90 93 95 97100104110115120121117109 97 83 67 53 41 33 30 33 41 53 65 7824 2 5XT 8461219999999999999999999991756 30999999999999999999999
 89 98104107108109110113116119120118111100 85 67 49 33 22 17 20 30 45 6324 2 6XT 95212099999999999999999999919 6 17999999999999999999999
 81 96108114115114111110111114118122122117105 88 66 43 23  9  4  8 21 4124 2 7XT 351115113312299999999999999 7 711020 3  499999999999999
 64 87104116120118113107105106111118125128124111 90 64 36 13 -3 -7  1 1924 2 8XT 4 8120125812899999999999999 8151042051 -799999999999999
 44 71 95113121121115106 98 95 99107120131136131115 90 59 29  4-10-11  124 2 9XT 43012214 213699999999999999 9 0 952134-1299999999999999
 24 53 82105119123117106 93 85 84 91105122136141134115 87 54 23  0-11 -724 210XT 452123145714199999999999999 939 832213-1199999999999999
 10 37 68 95114122119107 91 77 70 72 83102123138142132111 81 49 20  2 -324 211XT 5121221549142999999999999991017 692249 -399999999999999
  7 28 57 86109121121111 94 74 60 55 61 77 99121135137126104 75 46 23 1124 212XT 5311231639138999999999999991057 552320 1199999999999999
 14 28 52 80105121124117100 78 58 45 44 53 72 95116128127115 95 70 47 3224 213XT 5481251728129999999999999991138 432348 2899999999999999
 28 36 54 78103121128123108 87 63 44 35 36 48 68 90108117115104 87 68 5324 214XT 6 61281819117999999999999991221 34999999999999999999999
 46 49 61 80102120130129118 99 75 53 36 30 33 46 63 82 97103101 93 81 7024 215XT 625131191510499999999999999 011 4613 8 2999999999999999
 63 63 71 85102119130133126111 90 68 48 34 29 33 43 58 73 85 90 90 86 8124 216XT 6471332026 9199999999999999 029 6214 3 2999999999999999
 77 76 81 90103116127133130120104 85 65 48 36 31 33 41 52 64 74 80 83 8424 217XT 712133999999999999999999999 038 761513 3199999999999999
 85 86 89 95104113122127129124114100 84 67 52 40 34 32 36 44 55 65 74 8124 218XT 7421299999999999999999999991644 32999999999999999999999
 87 92 96100105110115119122122118110100 87 72 57 43 33 29 30 37 48 60 7324 219XT 8251229999999999999999999991815 29999999999999999999999
 85 94101105107108109110112114115114111103 92 77 59 42 29 23 24 31 45 6124 220XT10 91159999999999999999999991924 22999999999999999999999
 78 92103109110107104102101103107112115114109 96 79 58 38 23 16 18 29 4724 221XT 345110122511599999999999999 7421012014 1699999999999999
 67 86101110112109102 96 92 92 96104113119120113 97 76 51 30 15 11 17 3324 222XT 351113133612099999999999999 831 912054 1199999999999999
 55 78 97110114111103 92 84 81 83 92104117124123113 94 69 42 21 10 10 2224 223XT 4 5114142612599999999999999 9 5 812128  999999999999999
 43 68 91108115114105 92 79 72 71 78 92108122128124109 86 59 33 16 10 1624 224XT 42011615 712899999999999999 934 702158 1099999999999999
 34 58 84104115116108 94 78 65 61 65 77 95113126128120101 75 49 27 15 1624 225XT 43511715441299999999999999910 3 612226 1499999999999999
 29 51 77100115118112 97 79 63 53 53 62 79 99117126125112 90 65 42 26 2124 226XT 4501191621127999999999999991031 522251 2199999999999999
 29 48 72 96113120116102 83 63 49 44 49 64 83104118123117101 80 57 40 3124 227XT 5 612016561239999999999999911 0 442315 3199999999999999
 34 48 69 92111122120108 89 67 49 39 39 50 67 88106116117107 91 72 54 4424 228XT 5221221733118999999999999991129 382336 4299999999999999
 43 52 69 90109121123114 96 74 53 39 34 39 53 71 90105111108 98 83 68 5724 229XT 5401241811111999999999999991159 342356 5399999999999999
 53 58 71 88106120125119104 83 61 43 33 33 41 56 74 90100104 99 90 79 7024 3 1XT 5571251854104999999999999991232 32999999999999999999999
 65 67 76 89104118124122111 92 71 51 37 32 34 44 57 72 85 93 95 92 86 8024 3 2XT 6161251951 9599999999999999 013 651311 3199999999999999
 77 77 83 92104115122123116102 83 64 47 36 33 35 43 54 66 77 84 87 88 8724 3 3XT 6371242145 8899999999999999 023 7614 3 3399999999999999
 86 87 91 97104112119122119109 95 78 62 48 38 33 34 39 47 57 67 75 82 8724 3 4XT 7 0122999999999999999999999 0 0 861524 3399999999999999
 92 95 99102106111115118118114105 94 80 65 51 40 32 29 30 36 45 57 69 8124 3 5XT 7321189999999999999999999991714 29999999999999999999999
 91 99105108109109110111113113111106 98 86 72 56 40 28 20 19 24 35 50 6824 3 6XT 8441139999999999999999999991843 18999999999999999999999
 84 98108112112109105103103105109112112107 96 79 59 39 21 11  8 15 30 5024 3 7XT 323112112711299999999999999 7271031944  899999999999999
 72 92107114114109101 94 90 92 98108116120117105 85 60 35 15  3  3 14 3324 3 8XT 33011513 512099999999999999 811 902032  299999999999999
 58 83103115117110 98 86 77 74 80 93108122129125111 87 58 31 11  2  5 2124 3 9XT 344117141112999999999999999 847 742113  299999999999999
 45 73 97113119113 99 81 66 57 58 70 89110128135130112 86 56 29 12  8 1724 310XT 35911915 613599999999999999 923 562149  899999999999999
 37 64 91112121118104 83 61 44 38 45 62 87112130136129109 82 54 32 21 2324 311XT 415121155613699999999999999 959 382221 2099999999999999
 37 60 87110123124112 90 64 40 26 24 36 58 86112129132123103 78 55 39 3524 312XT 4311251645133999999999999991037 232249 3599999999999999
 43 61 86109126130121101 74 46 23 13 16 32 58 86109123123113 96 75 59 5124 313XT 4491301733125999999999999991115 132314 5199999999999999
 54 67 86108126134130113 88 59 32 14  8 15 34 58 84104113112103 89 75 6624 314XT 5 81351822114999999999999991156  82334 6499999999999999
 65 74 89107125135135124103 76 49 26 12 10 20 37 60 81 96102100 94 85 7824 315XT 5301371916102999999999999991239 102350 7699999999999999
 76 80 91106121132136130114 93 68 45 27 18 18 27 41 59 75 86 91 91 88 8524 316XT 5541362028 91999999999999991328 162355 8499999999999999
 84 86 93104115125131130120105 86 66 47 34 27 26 33 43 56 68 77 83 86 8724 317XT 6211319999999999999999999991430 26999999999999999999999
 89 91 95102109116122123119111 98 84 69 54 43 36 33 35 42 52 62 71 79 8524 318XT 64912399999999999999999999916 0 33999999999999999999999
 90 95 98101105108111112112109104 96 86 75 63 51 41 35 34 38 47 57 69 8024 319XT 7261139999999999999999999991741 34999999999999999999999
 90 97101103102101100100101102102102 98 92 83 70 55 42 33 31 34 44 57 7224 320XT 31210310 310299999999999999 6421001855 3199999999999999
 86 97104105103 98 92 89 88 90 95100104104 99 88 72 55 39 29 27 33 46 6324 321XT 251105123410599999999999999 747 881946 2699999999999999
 81 95105108105 97 87 79 75 76 83 92103110111104 90 71 50 33 25 25 36 5324 322XT 259108133911199999999999999 818 752025 2499999999999999
 73 92105111109 99 86 73 65 63 68 80 95108116116106 88 65 44 29 24 30 4524 323XT 311111142611799999999999999 845 622058 2499999999999999
 66 88105113112103 87 70 57 51 53 64 82100115121117103 82 59 39 28 29 4024 324XT 32411415 612299999999999999 912 502127 2799999999999999
 60 82103115116108 91 71 53 41 40 49 66 87107121123115 97 75 53 38 33 4024 325XT 338117154312499999999999999 939 392155 3399999999999999
 56 78100115120113 97 75 53 36 29 34 49 71 95114123121109 90 68 51 42 4424 326XT 35412016201249999999999999910 6 292220 4199999999999999
 56 75 97115123119104 82 57 36 24 23 34 54 79101117122116101 83 65 53 5124 327XT 4111231656122999999999999991033 222244 5099999999999999
 58 74 95113124124112 90 64 40 23 16 22 39 62 86106117117109 94 78 65 6024 328XT 42812617321189999999999999911 1 1623 6 6099999999999999
 64 76 93111124127118 99 74 48 27 15 15 26 46 69 91106113110101 88 77 7024 329XT 4471271811113999999999999991130 142326 6999999999999999
 71 79 92108122128123108 86 60 37 20 14 19 33 52 73 91102106102 95 86 8024 330XT 5 612818571069999999999999912 3 142343 7899999999999999
 78 83 93106118126125115 97 73 50 31 19 17 24 38 56 73 87 95 98 96 92 8824 331XT 52712720 0 98999999999999991241 172355 8699999999999999
 86 89 95105115122125119106 87 66 46 31 23 22 29 40 54 68 79 87 91 93 9324 4 1XT 5501259999999999999999999991332 22999999999999999999999
 93 95 99104111117120119112 99 82 65 48 36 28 27 30 38 48 60 71 80 88 9324 4 2XT 6161219999999999999999999991449 27999999999999999999999
 97100102105107110113114112106 96 83 70 56 43 34 29 28 32 40 52 65 78 8924 4 3XT 6521149999999999999999999991638 28999999999999999999999
 98103106106104103102103104104103 98 90 79 66 51 38 28 24 26 35 48 64 8124 4 4XT 226106 84710499999999999999 6 01021810 2499999999999999
 95104109108103 96 91 88 89 94 99104105101 90 75 57 40 27 21 23 34 51 7124 4 5XT 216109114210599999999999999 711 881912 2099999999999999
 89104111111103 92 80 72 70 75 85 98109114112101 83 61 41 26 21 26 41 6124 4 6XT 227112131311499999999999999 748 7020 0 2199999999999999
 83102113115107 92 74 59 50 51 62 79 99115123120108 87 63 43 30 28 37 5524 4 7XT 241115141712399999999999999 824 502040 2899999999999999
 78100115120113 97 74 52 35 29 35 52 76101120129125110 89 65 47 38 41 5424 4 8XT 256120151112999999999999999 9 0 292116 3899999999999999
 75 98116125122106 82 54 29 14 13 25 48 77105124131125109 88 68 54 51 5924 4 9XT 31312616 213199999999999999 937 122147 5199999999999999
 75 97117130131118 95 65 34 11  0  3 21 48 79106123128121105 87 71 64 6624 410XT 3331321651128999999999999991015 -12215 6399999999999999
 78 96116132137130110 81 49 19 -1 -7  2 23 52 82106119121113100 86 76 7524 411XT 3551371739121999999999999991054 -72240 7499999999999999
 82 96114130140138123 98 68 37 11 -3 -4  8 30 57 84103112112105 95 86 8224 412XT 4201401829113999999999999991134 -623 4 8299999999999999
 86 96110125137140131113 87 58 31 11  2  4 18 38 62 83 97103103 98 92 8824 413XT 4471401924104999999999999991216  12325 8899999999999999
 89 95105118129135133121102 78 54 32 17 12 16 28 46 64 80 91 96 96 94 9224 414XT 5161352038 969999999999999913 3 122342 9199999999999999
 91 94101110119126127122110 93 74 54 38 28 24 27 37 50 64 77 86 91 93 9424 415XT 54712799999999999999999999914 0 24999999999999999999999
 94 95 98103108113117116110101 88 74 60 47 38 34 36 42 51 63 74 83 89 9424 416XT 6211179999999999999999999991517 34999999999999999999999
 96 97 98 99100102103104104101 95 87 78 67 56 47 41 40 43 51 62 74 84 9224 417XT 7111049999999999999999999991647 40999999999999999999999
 98100100 98 94 92 90 91 92 94 95 94 91 84 75 64 52 44 41 44 52 64 77 9024 418XT 12110110 8 9599999999999999 623 9018 2 4199999999999999
 99103104100 93 85 79 77 78 82 88 94 97 97 91 81 67 54 44 41 45 55 70 8524 419XT 1331041224 9899999999999999 715 771857 4199999999999999
 98106108104 94 82 72 64 63 67 76 87 98104104 97 84 68 53 44 43 50 63 8024 420XT 148108133010599999999999999 747 631940 4299999999999999
 96108112109 98 83 67 55 49 51 60 75 91104111110100 84 67 53 46 48 59 7524 421XT 2 4112141911299999999999999 815 492016 4699999999999999
 93108116114104 87 67 50 38 36 44 59 79 98112117113100 83 66 54 51 58 7224 422XT 22011615 111799999999999999 843 362049 5199999999999999
 90107118120111 93 71 49 32 24 28 42 63 86107119121113 98 81 66 58 60 7124 423XT 239121154112199999999999999 910 242119 5899999999999999
 87105120125118102 78 52 30 17 15 25 45 70 95114123121110 95 79 68 65 7224 424XT 258125161912399999999999999 938 142147 6599999999999999
 86103119128125111 88 61 34 15  7 12 28 53 79103118123118106 91 79 73 7524 425XT 31812816571239999999999999910 7  72214 7399999999999999
 85101117128130120 99 72 44 20  6  4 15 35 61 87107118119113101 89 81 8024 426XT 3391311737120999999999999991038  32240 8099999999999999
 87 99114127132127111 86 57 31 11  3  7 21 44 69 92108115114107 98 90 8624 427XT 4 31321821115999999999999991110  323 4 8699999999999999
 89 98110123131131120 99 73 46 23  8  5 13 29 51 73 92104109108103 96 9224 428XT 4281321915109999999999999991147  52327 9299999999999999
 93 98107118127130125110 89 64 40 21 11 11 20 35 55 74 89 99103103101 9824 429XT 4551302030104999999999999991230 102352 9699999999999999
 96 99104112120126125117101 81 59 39 25 17 18 26 39 55 71 85 94 9910110124 430XT 5261262222102999999999999991324 17999999999999999999999
100100102106112117119117109 95 79 61 45 32 26 25 30 41 54 68 81 92 9910324 5 1XT 6 6119235510499999999999999 0301001434 2599999999999999
104103102101102104107109108103 94 81 68 54 42 34 31 34 42 54 68 82 9410224 5 2XT 713109999999999999999999999 24910116 1 3199999999999999
106106102 98 93 91 91 93 97100100 96 89 78 65 52 42 37 37 45 57 72 8810024 5 3XT 028106 93310099999999999999 530 901722 3699999999999999
108110106 97 87 78 73 72 77 85 94101102 99 89 76 61 49 43 43 51 65 82 9824 5 4XT 050110115110299999999999999 633 721825 4299999999999999
109114111101 86 70 58 51 53 62 77 92105111109100 86 70 57 51 53 62 78 9624 5 5XT 1 9114131811199999999999999 717 511915 5099999999999999
111119119109 92 70 49 35 30 36 51 72 93110119118108 93 76 65 60 65 77 9424 5 6XT 129120142312099999999999999 757 301958 6099999999999999
111124127120103 78 51 28 14 13 24 45 71 97116125123112 97 82 73 72 79 9324 5 7XT 151127151912599999999999999 836 122036 7199999999999999
111126134131117 92 62 32  9 -1  2 18 44 74101120127124113 99 87 81 84 9424 5 8XT 215134161112799999999999999 916 -22111 8199999999999999
109125137140130109 80 47 17 -3 -9 -1 19 48 79105121126122111 99 91 89 9524 5 9XT 24314017 012699999999999999 956 -92144 8999999999999999
107122136144140125 99 68 35  8 -8 -9  3 26 55 84106119121117108 99 94 9524 510XT 3131441749122999999999999991037-112215 9399999999999999
103116130141144135116 89 58 28  5 -5 -3 12 35 63 88106114115111104 97 9624 511XT 3451441838116999999999999991118 -62248 9699999999999999
100109122133141139127106 79 51 26  9  3  8 23 45 69 90103109109106100 9724 512XT 42014119301109999999999999912 1  32323 9699999999999999
 97103112123131135130116 96 72 49 29 17 14 21 35 54 74 90101105105102 9824 513XT 4561352026106999999999999991246 14999999999999999999999
 96 98103111119124125118106 88 69 50 35 27 26 33 45 62 78 91 9910310310024 514XT 535125212710399999999999999 0 5 961336 2599999999999999
 98 96 97101106111114113107 97 84 69 55 44 37 37 43 53 67 81 9210010310324 515XT 621114222710399999999999999 1 8 961433 3699999999999999
101 97 94 93 94 97100102102 99 92 83 73 62 53 47 46 50 60 72 85 9610310524 516XT 730102231510699999999999999 3 1 931540 4699999999999999
105101 96 90 86 84 85 87 91 93 94 91 86 79 70 61 55 53 57 66 78 9110110724 517XT 941 94235010999999999999999 514 841648 5399999999999999
109106 99 91 82 75 71 72 76 82 89 93 95 92 86 77 68 61 59 63 73 86 9810824 518XT1154 95999999999999999999999 622 711749 5999999999999999
113112105 94 81 69 60 57 59 67 78 89 97102100 94 84 73 66 65 71 82 9510724 519XT 020113131510299999999999999 7 4 571840 6599999999999999
116118112101 85 67 53 44 43 50 62 78 93105110108100 88 78 72 72 80 9210524 520XT 046118141111099999999999999 737 431925 7199999999999999
117122120109 91 71 51 36 30 33 45 63 83101113117113103 91 82 77 80 9010324 521XT 112122145811799999999999999 8 9 2920 5 7799999999999999
116125126118101 78 54 33 21 19 27 45 68 91110121122116105 93 85 84 9010124 522XT 137127154112399999999999999 841 182042 8499999999999999
115126132127112 89 62 37 18  9 12 27 49 76100117125124116105 95 89 91 9924 523XT 2 4132162212699999999999999 913  92117 8999999999999999
112125134134123103 75 47 22  6  3 11 31 57 84106121126123114104 96 94 9824 524XT 23113517 512699999999999999 947  22150 9499999999999999
109122133138133117 91 62 33 11  0  1 15 37 64 90110122124120111103 98 9924 525XT 3 11381750124999999999999991023 -12222 9799999999999999
106117129138139128108 80 50 24  6 -1  5 21 45 71 9411111912011610910210024 526XT 33314018391219999999999999911 2 -1225510099999999999999
103112123134139135121 98 71 43 19  5  3 11 29 52 76 9611011611611210610224 527XT 4 71391932117999999999999991144  2233310199999999999999
102106115125133135128113 90 64 39 20 10 10 20 37 58 79 9710811311310910424 528XT 4451362028114999999999999991229  9999999999999999999999
101102106114122128128120105 84 62 41 26 18 20 30 45 64 83 9810811211110724 529XT 530129212011299999999999999 0221011319 1899999999999999
102 99 98102107114119118112 99 83 64 47 35 30 32 40 54 71 8810111011211124 530XT 62811922 511299999999999999 134 981414 2999999999999999
105 98 93 91 92 96102107108105 97 85 71 58 48 43 44 52 65 80 9510711311424 531XT 752108224011599999999999999 312 901515 4399999999999999
110102 92 83 78 76 80 86 94100101 98 91 81 70 61 57 58 64 76 9110411411824 6 1XT 950101231211999999999999999 445 761620 5699999999999999
116109 96 82 69 60 58 62 71 83 94101103100 93 83 75 70 71 77 8910211512224 6 2XT1155103234212499999999999999 552 581722 7099999999999999
124118106 88 69 52 41 39 46 59 75 91104110110104 95 87 82 83 9010111412524 6 3XT1328111999999999999999999999 645 391819 8299999999999999
130128118100 77 53 34 23 23 33 50 72 93109117118113104 96 92 9410211312524 6 4XT 014131143811999999999999999 732 221910 9299999999999999
134137131116 92 65 38 18  8 11 25 47 73 9711512412411911010210010311112324 6 5XT 050137153612599999999999999 817  8195810099999999999999
134142141131111 83 53 25  6 -1  5 23 49 7710211912712712111210610410911824 6 6XT 127143162712899999999999999 9 1 -1204310499999999999999
130141147143128104 74 42 16 -1 -4  6 27 55 8410712212812611911110610611224 6 7XT 2 7147171312899999999999999 944 -4212610599999999999999
123135145148140122 96 65 34 10 -2 -1 12 35 64 9111112312612211510810410724 6 8XT 2481481756126999999999999991026 -322 710499999999999999
114125137146145135114 87 57 30 10  2  6 22 46 73 9711312112211711010410224 6 9XT 32914718351239999999999999911 8  2224910299999999999999
106115126137143139126105 79 52 28 13  9 17 35 58 82102115119118112104 9924 610XT 4101431912119999999999999991148  92333 9999999999999999
 99104114124133136130116 96 72 49 30 20 20 31 48 70 9110711511711310610024 611XT 4521361946117999999999999991228 19999999999999999999999
 96 96102110120126127120106 88 68 49 36 30 33 45 62 81 9811111611511010224 612XT 536127202011699999999999999 021 9513 7 3099999999999999
 96 92 93 98105112116116109 98 83 67 53 44 42 47 59 74 9110511411611310724 613XT 626117205311699999999999999 119 921348 4299999999999999
 99 92 88 88 91 96102106106101 92 81 70 60 55 55 61 72 8610011111711711224 614XT 729106212811899999999999999 232 871432 5499999999999999
104 95 87 81 80 81 86 91 96 98 96 91 85 77 70 67 67 73 83 9610811712011824 615XT 9 3 9822 412099999999999999 359 801522 6699999999999999
111101 90 80 72 69 70 75 82 89 94 96 95 92 87 81 78 79 84 9310511512112224 616XT1113 96224112399999999999999 515 691622 7899999999999999
118108 96 82 69 60 56 58 65 75 85 95101103101 97 92 88 89 9410211212112624 617XT13 3103231812699999999999999 610 561726 8899999999999999
124117104 88 71 56 46 43 47 58 72 87 99108112111106100 96 9710211011912724 618XT1412112235713099999999999999 655 431826 9699999999999999
130126115 98 78 58 42 32 32 39 54 73 9110711712111811210610210310811712624 619XT15 4121999999999999999999999 735 31192110299999999999999
133133126111 90 66 44 27 20 23 35 54 77 9811512512712311610910610811412424 620XT 036134154812799999999999999 814 20201110699999999999999
133138136125105 80 53 30 15 10 17 34 57 8310612213013012511711110811211924 621XT 116138163113199999999999999 854 10205510899999999999999
130139143137122 98 69 41 18  5  4 15 36 63 8911212613213012411511010911424 622XT 157143171413299999999999999 934  3213610999999999999999
124136145146137117 90 59 31 10  0  3 18 42 70 9611612813112812011210810924 623XT 2381461756132999999999999991016  0221610899999999999999
116128140147146133111 82 51 24  6  0  7 24 50 7810211912812912311510710524 624XT 3211481836130999999999999991058  0225810599999999999999
108117129141147142127103 75 45 21  7  5 15 35 61 8610812212712511810810124 625XT 4 61471912127999999999999991139  5234410099999999999999
100105115128138142136120 97 70 44 24 15 16 29 49 73 9611412312512011110124 626XT 4541421944126999999999999991220 14999999999999999999999
 94 94 99110122131133127112 91 68 47 32 27 32 45 65 8710612012512311510424 627XT 547134201312599999999999999 035 9313 0 2799999999999999
 93 86 86 91101112120123117105 89 71 55 45 44 51 64 8210111612512612011024 628XT 650123203912799999999999999 136 851340 4399999999999999
 96 84 77 75 79 88 99108112109101 90 78 67 62 63 70 83 9911412512912711824 629XT 8 811221 612999999999999999 246 751420 6199999999999999
104 89 75 66 63 66 74 85 95102104101 95 88 82 79 81 8910011312513213312724 630XT 953104213813399999999999999 4 1 6315 5 7999999999999999
116100 82 66 55 49 51 60 72 85 95102105104101 97 95 9710411312313213713524 7 1XT1212105221613799999999999999 513 491559 9599999999999999
128114 96 76 57 43 36 38 47 62 78 9310411111411211010810911412213013714124 7 2XT14 411423 414199999999999999 617 3617 810899999999999999
138129113 92 69 47 31 24 27 38 56 76 9511011912312211811511612012613414124 7 3XT1512123999999999999999999999 713 24182511599999999999999
144140129111 88 62 38 21 15 20 34 55 7810011612612912712211811812112713624 7 4XT 0 1144155912999999999999999 8 5 15193811799999999999999
143146142130109 82 54 30 14  9 17 34 58 8410712313113212712111611612012724 7 5XT 059146163813299999999999999 852  9203911599999999999999
137146149143128105 76 47 23  9  8 19 39 66 9311412713313112411611111211724 7 6XT 153149171113399999999999999 937  7212811199999999999999
127138147149141124 98 68 40 19  8 11 26 49 7710212013013112611710910510724 7 7XT 2431501740132999999999999991017  8221110599999999999999
115127139147147136116 90 61 35 17 12 19 37 63 89111125130127119109101 9924 7 8XT 32814918 6130999999999999991055 122251 9999999999999999
103113127139145142129107 81 54 32 20 20 32 53 78102119128128122111100 9424 7 9XT 4111451830129999999999999991130 192330 9399999999999999
 94100112125136139133118 97 73 50 34 28 33 48 70 93113125129124114102 9224 710XT 45313918531299999999999999912 2 28999999999999999999999
 88 90 98110122130131123108 88 68 50 40 40 49 66 87107122129127119107 9424 711XT 536131191612999999999999999 011 881232 3999999999999999
 86 83 86 95106116122121112 99 83 67 56 52 56 67 84103119129130124113 9924 712XT 622122194013099999999999999 056 8313 1 5299999999999999
 88 80 78 82 90100108112111104 94 82 72 66 66 73 8510011612713212811910624 713XT 71611320 613299999999999999 146 781329 6599999999999999
 93 82 75 73 77 84 92100104104100 93 87 81 79 82 8910011312413113212511424 714XT 829104203313299999999999999 247 731358 7999999999999999
100 87 76 69 67 69 76 84 92 98100100 98 96 93 93 9610311212213013313012224 715XT102810121 413399999999999999 357 671432 9399999999999999
110 96 81 70 61 58 60 67 76 86 9510110510710710610610811312012713213412924 716XT1322107214313499999999999999 5 7 58153110699999999999999
120107 91 75 62 52 48 50 57 69 82 9510611311711811611511611912413013413524 717XT1443118223513599999999999999 6 9 47171511599999999999999
130120105 87 68 52 40 36 39 49 65 82 9911312212712612312112012212713213724 718XT1524127233813899999999999999 7 4 36184712099999999999999
137132121103 82 59 40 28 24 30 44 63 8510512113113313112612212012212813524 719XT1559133999999999999999999999 754 24195612099999999999999
141142136122101 75 50 29 16 15 23 41 65 9111312813613613112411911812112924 720XT 042142163213799999999999999 840 14204811899999999999999
138146147139122 97 68 40 19  8  9 22 44 71 9812013413813512711911311311924 721XT 14014817 413899999999999999 925  7213211299999999999999
130142151151141120 92 60 32 12  4  9 26 52 8110712713713713011911010510724 722XT 23315217331389999999999999910 7  4221310599999999999999
116130145153152139116 85 54 27 10  6 16 37 65 94117132137133122108 98 9524 723XT 32315418 0137999999999999991047  62254 9599999999999999
100113129144152149134109 80 50 27 15 17 30 54 82108127136135125110 96 8624 724XT 4131531823136999999999999991124 142336 8599999999999999
 85 93108126140147142126103 76 51 33 28 34 51 75100122134137129115 98 8324 725XT 5 41471843137999999999999991158 28999999999999999999999
 75 76 86102119133137132118 97 75 56 46 46 57 75 97118133139135122105 8624 726XT 55813819 313999999999999999 022 741229 4599999999999999
 72 65 68 78 94110122126121110 94 79 67 63 68 81 98117133141140131115 9624 727XT 658126192414299999999999999 113 651256 6399999999999999
 77 64 58 61 70 84 98109114112105 96 87 82 83 9010311713214214513912610924 728XT 810114194914599999999999999 211 581321 8299999999999999
 89 72 59 53 54 61 73 87 98104106104101 98 9810110911913114014614413612324 729XT 959106201914699999999999999 319 521338 9899999999999999
106 87 69 56 48 47 53 63 76 88 9710410811011111211612212913714314514213424 730XT2059145999999999999999999999 438 46999999999999999999999
122105 87 69 53 43 40 44 54 68 82 9610711511912212312412713213714114314124 731XT22 3143999999999999999999999 555 40999999999999999999999
134123107 88 68 50 37 33 37 48 64 82 9911312312812912712612612913313714124 8 1XT1545129233714299999999999999 7 2 33182012699999999999999
141137126110 88 65 45 31 26 31 45 64 8610612113013313112612212112312713424 8 2XT16 0133999999999999999999999 758 26195712199999999999999
141144140129110 86 60 38 25 22 30 47 70 9411512913513412812011411311612424 8 3XT 059144162013599999999999999 846 22205111399999999999999
134143147142129107 80 53 32 21 21 34 55 8110512413413613012011010410411124 8 4XT 2 0147164113699999999999999 926 19213010499999999999999
122135146149142125100 72 45 27 20 26 43 68 95117131136132122109 99 95 9824 8 5XT 24914917 11369999999999999910 2 2022 5 9599999999999999
108123138148148137117 91 63 40 26 25 37 58 85110128136134125111 97 88 8724 8 6XT 3321491719136999999999999991034 242238 8699999999999999
 94108124139146143129107 81 56 38 31 37 53 77103123135136129114 98 85 7924 8 7XT 41214717371379999999999999911 3 312312 7999999999999999
 82 93109125138142135119 97 73 54 42 42 54 73 97119134138133119102 86 7524 8 8XT 4511421755138999999999999991129 412345 7399999999999999
 73 79 93109125134134125108 88 70 57 52 59 74 94115132140137125108 90 7624 8 9XT 5311351814140999999999999991154 52999999999999999999999
 68 70 79 93109121127125115100 84 72 65 67 78 94113129139140131116 97 8024 810XT 612127183314199999999999999 021 681216 6599999999999999
 69 65 69 79 92106116119116107 96 86 79 79 85 97112127138141136123106 8824 811XT 7 0119185414199999999999999 059 651236 7899999999999999
 73 65 63 68 78 90101108111109104 97 92 91 94102113125135141139130115 9824 812XT 8 1111191514199999999999999 143 631250 9199999999999999
 82 69 62 61 66 74 84 9410110510610510310310410911612413213813913412410924 813XT 950106194114099999999999999 240 61124710399999999999999
 93 79 67 60 58 61 67 76 86 9510110711011211511712012513013513813713112024 814XT2014138999999999999999999999 356 58999999999999999999999
107 92 78 65 56 51 52 57 67 78 9010211111812312512612712913113413613513024 815XT2111136999999999999999999999 524 51999999999999999999999
121109 94 77 62 49 42 41 47 58 73 9010611912713213213012812712813113413624 816XT1534132225713699999999999999 638 40185312799999999999999
133126114 96 76 56 40 30 29 37 52 72 9311312713513713412812312112312813524 817XT1546137999999999999999999999 737 2920 112199999999999999
140140133118 97 72 48 30 20 21 32 51 7610112113514013712912011411211712624 818XT 03214116 614099999999999999 826 19204411299999999999999
137146147139122 96 67 41 21 13 18 33 58 8611213014013913111810710110211124 819XT 141148162614199999999999999 910 13212110099999999999999
125141152153143122 93 62 35 18 14 23 44 71100124138141133119103 90 86 9124 820XT 238154164614199999999999999 949 142158 8699999999999999
105125143155155142118 88 58 34 22 23 37 61 90117135142137123103 85 73 7224 821XT 33015717 4142999999999999991025 202236 7199999999999999
 82101123143154152137113 84 58 39 33 40 59 85112133143142129109 86 68 5924 822XT 4201551721144999999999999991057 332316 5899999999999999
 61 75 97121140148144129107 82 62 51 52 64 84109131145147137118 94 70 5424 823XT 5101481739147999999999999991125 502358 4899999999999999
 48 54 71 93116132138134120102 84 71 67 74 89109130146151145129106 81 5924 824XT 6 21381758151999999999999991150 67999999999999999999999
 46 43 51 68 89108122126122113100 89 84 87 97112130145153151139120 97 7324 825XT 659126182015499999999999999 043 431211 8499999999999999
 54 44 43 51 65 83 99110114113108102 98 99105116129142151153147132113 9224 826XT 810115184515399999999999999 135 421223 9899999999999999
 71 55 47 45 51 62 76 90 9910510710810710911211912813814615014814012611024 827XT1914150999999999999999999999 239 45999999999999999999999
 92 75 60 51 48 50 58 69 81 9110010611111511912312713313814214314113412424 828XT1953143999999999999999999999 4 4 48999999999999999999999
111 96 81 66 55 48 47 52 62 75 8810011011812312612712813013113313513413224 829XT2121135999999999999999999999 537 47999999999999999999999
126116103 87 69 55 45 42 47 58 73 8910511712612912912612312112112412813224 830XT1518130235413399999999999999 652 42192012199999999999999
133130122108 89 69 51 40 37 44 58 77 9611412613213112611811210911111612524 831XT1524132999999999999999999999 747 37201210999999999999999
133137136126109 87 64 45 35 35 45 63 86107124133134128117107 99 9810211224 9 1XT 116138153813599999999999999 830 342046 9799999999999999
125137142139127106 81 57 39 32 37 52 75 99120133136131119105 92 86 88 9824 9 2XT 210143155313699999999999999 9 5 322117 8699999999999999
113129142146139123 99 73 50 37 35 46 66 91115131138134122106 89 78 76 8224 9 3XT 25414616 813899999999999999 937 342146 7599999999999999
 97116134145146135115 90 65 47 40 45 61 84109129139138127109 90 74 66 6924 9 4XT 33314716241409999999999999910 5 402215 6699999999999999
 81100121138145141127106 82 61 49 49 60 80104126139141132115 94 74 61 5824 9 5XT 4101451640142999999999999991031 482244 5899999999999999
 66 83104125138142134118 97 77 62 58 64 80101123139144137121100 78 61 5324 9 6XT 4471421657144999999999999991055 582314 5299999999999999
 56 68 88109127136135125109 91 76 69 71 82100120137145142128108 85 64 5224 9 7XT 5251371714145999999999999991117 692344 4999999999999999
 49 57 73 93112125131127116103 90 81 80 87101118134144145135116 94 72 5624 9 8XT 6 41311732146999999999999991137 80999999999999999999999
 48 50 61 78 96111121123119110100 93 90 94104118132142145139124104 82 6424 9 9XT 647123175114599999999999999 016 481153 9099999999999999
 52 49 54 65 80 95107114115112107102100102109118129139143141130114 95 7624 910XT 744116181114399999999999999 053 4912 310099999999999999
 61 53 51 57 66 78 90100106109109109109110114121128135140140134123107 9024 911XT 940109183314199999999999999 140 51113610999999999999999
 75 62 55 53 56 63 72 82 9210010611011411712112412813213513613412811810624 912XT19 0136999999999999999999999 253 53999999999999999999999
 92 78 66 57 52 51 55 63 73 84 9610711612212612812912912913013012912611924 913XT1955130999999999999999999999 440 51999999999999999999999
110 98 84 69 57 47 43 45 53 65 81 9711212313013213012612312112112412612824 914XT1456132225412899999999999999 612 43191812199999999999999
125118106 90 71 53 40 34 36 46 63 8310312013113513212511711010811111812724 915XT15 2135999999999999999999999 715 34195410899999999999999
133134128114 93 70 49 33 27 32 46 68 92114130137135125112100 93 9410211524 916XT 041135151513799999999999999 8 4 272027 9399999999999999
130141144137119 95 68 45 30 27 36 55 81106127138138128111 93 80 75 80 9424 917XT 148144153113999999999999999 845 2721 1 7599999999999999
114134148151141121 94 66 44 33 35 49 72 99123138141133115 92 71 58 57 6824 918XT 244151154614299999999999999 922 322136 5699999999999999
 89114138152153141119 92 67 49 44 51 69 94120139146140122 97 71 50 40 4424 919XT 33515416 214699999999999999 955 442213 4099999999999999
 61 87115139151150137115 91 70 59 61 73 94118139150148133108 79 52 33 2824 920XT 4251521620150999999999999991024 582251 2899999999999999
 37 58 86115136145142129111 91 78 74 81 97118138152154144122 94 64 39 2424 921XT 5141461640155999999999999991050 742331 2399999999999999
 24 37 59 87112130136132121107 94 88 91102118137152158152135110 81 54 3324 922XT 6 513617 3158999999999999991112 88999999999999999999999
 24 27 41 62 86107121125122114106100100107119134147156156145125101 75 5224 923XT 7 2125172715799999999999999 015 231130 9999999999999999
 36 30 34 47 65 84100110114114111108107111119130141149152148135116 95 7424 924XT 817114175515299999999999999 1 3 30113910799999999999999
 56 44 40 43 52 66 80 93101107109110112114119126133140143143137126111 9524 925XT1825144999999999999999999999 2 4 40999999999999999999999
 79 65 55 49 50 55 64 75 86 9610310911411712012312612913113213112712011124 926XT19 3132999999999999999999999 329 49999999999999999999999
100 88 75 64 56 52 54 61 71 83 9510611412012212212111911911912012112111924 927XT1428122213512199999999999999 5 9 52182311999999999999999
115107 96 82 69 57 51 52 58 70 8510011212112512411911310810510510911411924 928XT1417125999999999999999999999 627 51192510599999999999999
122121114102 86 69 55 48 50 59 74 92109121128127121111100 93 90 9410211224 929XT 016123142712899999999999999 720 481958 9099999999999999
122128128119104 84 65 52 47 51 65 84103120130131125112 97 85 78 78 8610024 930XT 125129144113299999999999999 8 0 472026 7799999999999999
115128135132120101 80 61 50 49 58 76 97117131135129116 98 80 68 64 70 842410 1XT 213135145513599999999999999 834 482054 6499999999999999
103122135139133117 96 75 58 52 57 71 92113130138134121101 80 62 53 55 672410 2XT 254139151113899999999999999 9 5 522121 5299999999999999
 86109129140140130112 90 71 60 59 70 88110129140139127107 83 61 47 43 512410 3XT 332142152714199999999999999 933 582148 4399999999999999
 69 93117134142138124105 86 72 66 72 86106126140143134115 90 65 45 36 392410 4XT 4 9142154414399999999999999 959 662215 3599999999999999
 53 76101123137140132117100 84 76 77 87105124139145140123 99 72 49 34 322410 5XT 44514016 3145999999999999991024 752243 3199999999999999
 41 60 84108127136134125111 97 87 84 91104121137146144131109 82 57 38 302410 6XT 5211361621146999999999999991046 842312 2999999999999999
 33 47 68 92113127131127118106 97 92 95105119133144145137118 94 68 47 332410 7XT 6 013116411469999999999999911 6 922343 3199999999999999
 31 39 55 76 97113122124120112105100101107118130140144140126105 82 59 432410 8XT 64412417 2144999999999999991123100999999999999999999999
 35 36 46 62 80 96109115117114110107107111118127135141140131115 95 74 562410 9XT 746117172314199999999999999 019 34113510799999999999999
 44 39 42 51 64 78 92102108111112112113115119125130135136132122108 91 74241010XT1747136999999999999999999999 1 6 39999999999999999999999
 59 49 45 46 52 62 73 85 95103110114117119121123126128129128124116105 92241011XT1813129999999999999999999999 215 45999999999999999999999
 79 66 56 50 48 50 56 67 79 91102112119123124123121119119119119118114108241012XT1354124999999999999999999999 359 48999999999999999999999
 99 88 75 62 52 46 46 51 62 76 92107118125126123117111106104106110115117241013XT1347127231211799999999999999 535 45185810499999999999999
116110 98 83 67 53 44 43 49 63 80 99115126129125116104 93 87 87 93104115241014XT1357129999999999999999999999 641 421929 8699999999999999
124126121108 90 70 54 44 44 53 70 91111126133130118101 83 70 65 70 83101241015XT 050126141113399999999999999 730 4320 2 6599999999999999
119132137131115 94 73 56 49 52 65 85107126136135124104 80 59 47 45 56 76241016XT 155137142713799999999999999 812 492036 4499999999999999
101124140144136119 97 76 62 59 66 83104125140142133113 85 57 36 26 30 47241017XT 250144144414399999999999999 848 592112 2599999999999999
 73103129144147137119 98 81 72 73 85104125142149143125 97 65 36 17 12 21241018XT 34214715 414999999999999999 921 712150 1199999999999999
 44 75106131144144134118100 87 84 90105124142154153139114 82 48 21  6  6241019XT 431146152715599999999999999 951 842229  499999999999999
 21 47 78108130139138128114101 95 96106122140154158150130101 68 37 14  4241020XT 5211401553158999999999999991018 942310  499999999999999
  9 26 53 82108125132129122112104102108120135149157155142119 90 60 33 16241021XT 61313216211589999999999999910431022353 1199999999999999
 11 18 36 60 85105118123121116110107109117128140150153147131108 82 57 36241022XT 71012316511539999999999999911 6107999999999999999999999
 24 22 30 46 66 85101111115114112110110114121130139144143135120101 80 60241023XT 825115172414499999999999999 040 22112810999999999999999
 45 36 35 42 54 69 85 97105110111112111113116121126131133130123111 97 82241024XT18 0133999999999999999999999 136 35999999999999999999999
 68 56 48 47 50 59 71 83 95103109112113113113113115116118119117113106 98241025XT1854119999999999999999999999 249 47999999999999999999999
 88 77 66 58 54 56 62 72 84 95105112116116114110106104103103105107108106241026XT1239116215210899999999999999 417 5418 610399999999999999
102 95 85 74 64 59 58 64 74 87100111118120117111103 95 89 87 89 95102107241027XT1258120999999999999999999999 534 581857 8799999999999999
110109103 92 79 67 60 60 67 79 94108119124122115103 90 79 73 73 79 89101241028XT 013110131612499999999999999 632 591929 7299999999999999
112117116108 95 81 68 62 64 73 88105119127128120107 89 73 61 57 62 73 89241029XT 122118133412899999999999999 716 621959 5799999999999999
106119125122112 96 81 69 66 71 84100117129132127112 93 72 54 45 46 56 73241030XT 211125135313299999999999999 754 662027 4499999999999999
 95114127131125112 96 81 72 72 81 97114129136133120 99 75 52 37 33 39 56241031XT 254131141313699999999999999 828 712054 3299999999999999
 79103123133134125110 94 82 77 82 94111128138139128108 82 56 35 24 26 392411 1XT 332135143314099999999999999 9 0 772122 2399999999999999
 61 88112130137133122107 93 85 85 94109125138143136117 92 63 38 22 17 252411 2XT 410137145414399999999999999 929 842151 1799999999999999
 44 70 97120133136130118104 94 91 95107122136144141127103 75 47 25 14 162411 3XT 447136151714599999999999999 956 912220 1499999999999999
 30 53 80105124133132124113103 97 98106118133143145135115 88 59 34 18 142411 4XT 5251331540145999999999999991022 962252 1399999999999999
 21 39 63 88110124129126119110103101106116128139144140125102 75 48 28 172411 5XT 6 712916 51449999999999999910461012326 1699999999999999
 18 29 48 71 93110120123120114109106107114123133141141131114 90 65 42 272411 6XT 6571231631142999999999999991110105999999999999999999999
 21 24 37 55 75 93107115118116113110109113119127134137133121104 82 60 422411 7XT 8 411817 013799999999999999 0 6 21113710999999999999999
 31 27 32 43 59 76 92103111114115113112113115120125128129123112 97 79 622411 8XT 939115173412999999999999999 053 27121811299999999999999
 47 38 35 39 48 61 75 89101109114116115114113113114116118118114106 95 822411 9XT1111116182911899999999999999 154 35142411399999999999999
 68 56 47 43 45 51 62 76 90102111117118116112107103102102104107107105 99241110XT1153118204110799999999999999 315 43171510299999999999999
 90 79 67 57 51 50 55 65 79 94107116121120114104 95 87 83 84 90 97104107241111XT1218121231910899999999999999 440 501815 8399999999999999
106101 91 78 67 59 56 61 72 87103116124125118106 90 75 65 62 66 77 91104241112XT1238125999999999999999999999 549 561857 6299999999999999
113117113102 89 75 67 65 71 83 99115126131126113 93 71 52 42 41 50 67 88241113XT 056117125913199999999999999 644 641935 4099999999999999
108121127123112 97 83 75 75 83 97114129137135123102 76 49 29 20 23 39 62241114XT 2 4127132113799999999999999 730 742014 2099999999999999
 89113129134130118103 91 85 88 98113129141144136117 89 57 29 10  4 13 33241115XT 3 2134134714599999999999999 811 852053  499999999999999
 62 93118133138132120107 97 94100112128143151148133107 74 40 13 -3 -4  9241116XT 354138141615199999999999999 848 942134 -699999999999999
 34 66 97121135137131120108102103111124140152155146125 96 61 28  4 -8 -4241117XT 444137144815599999999999999 9221012215 -899999999999999
 13 40 72101122132133126117108105109119133147155153140116 85 51 22  2 -5241118XT 534133152215699999999999999 9551052258 -599999999999999
  3 22 49 79104120127126120113107107114124137148153147130105 76 46 21  7241119XT 62312815581539999999999999910291072341  499999999999999
  4 14 34 59 84104117121120115109106108115125136144145136119 96 70 45 26241120XT 71312116361469999999999999911 7106999999999999999999999
 16 17 28 46 68 89104113116115110106105107114122130135133124108 89 68 48241121XT 8 4116171613599999999999999 025 15115310599999999999999
 34 28 31 41 57 75 92105111113112108104103105109115120122120112100 85 69241122XT 85711318 312299999999999999 112 28125710399999999999999
 55 45 41 44 53 66 82 96106112113111107102 99 99101104107108107102 95 84241123XT 94911319 910999999999999999 2 4 411443 9999999999999999
 74 63 56 53 55 63 74 88100109114114111105 99 93 90 88 90 93 96 98 97 94241124XT10351142117 9899999999999999 3 5 531656 8899999999999999
 88 81 73 66 63 64 71 81 94106114117116111102 92 83 77 74 75 80 87 93 97241125XT11141172348 9899999999999999 412 6218 9 7499999999999999
 98 95 89 82 75 71 72 78 89101112120121117108 95 82 69 61 59 63 71 82 93241126XT1148121999999999999999999999 518 701852 5999999999999999
101105104 98 89 82 77 79 86 97110120125124116102 84 67 53 45 46 54 67 83241127XT 115105121812599999999999999 615 771926 4599999999999999
 98109114112105 95 87 83 86 94106119127129123110 91 69 50 36 31 36 50 69241128XT 212114124713099999999999999 7 5 831958 3199999999999999
 89107118122118109 99 91 89 94104116127133131120100 76 52 32 22 22 32 51241129XT 258122131513499999999999999 748 892029 2099999999999999
 75 98116126127121111101 94 95101113125135137129112 87 60 35 18 11 17 33241130XT 338127134413799999999999999 827 9421 1 1199999999999999
 57 83107123130129121110101 98101110122134140137123100 72 43 20  7  6 182412 1XT 417131141314199999999999999 9 3 982134  599999999999999
 39 66 92114127131127118108102101107118130140142134114 87 57 30 10  2  62412 2XT 456131144314399999999999999 93610122 8  299999999999999
 22 47 74100118128129123114107103105113125137143141127103 74 45 20  5  22412 3XT 53712915151449999999999999910 81032244  199999999999999
 11 30 56 82105119126125119111105104109118130140142135117 92 63 36 15  42412 4XT 62012615481429999999999999910411042323  399999999999999
  6 18 39 64 88107118123120114108104105111121131138137126107 82 55 31 152412 5XT 7 71231624139999999999999991117104999999999999999999999
  9 14 28 48 71 92108117119117111105103105111120128132129117 98 75 52 322412 6XT 75511917 513299999999999999 0 3  912 310399999999999999
 20 17 24 38 58 78 96109116117114108103100102107114120122118108 91 72 532412 7XT 842117175512299999999999999 046 1713 510099999999999999
 38 30 29 36 50 67 85101111116116111104 98 94 94 97102108110108101 89 752412 8XT 92411719 611099999999999999 134 291433 9499999999999999
 60 49 43 43 50 62 77 93106115118115108 99 90 84 81 82 87 93 98100 97 912412 9XT10 0118205510099999999999999 227 421612 8199999999999999
 82 72 63 58 58 64 75 88102114120120115104 91 78 68 63 63 69 78 88 95 98241210XT10331212317 9899999999999999 328 571726 6299999999999999
 97 93 85 78 73 73 78 87100112121125123113 99 81 63 50 43 44 52 66 81 94241211XT11 6125999999999999999999999 435 721823 4299999999999999
103106105 99 92 87 86 90 99111122130131125111 91 68 46 30 23 26 39 57 78241212XT 110106114113199999999999999 540 861911 2399999999999999
 96110116116110103 98 97101110121131137136126107 82 54 29 13  7 13 30 54241213XT 226117121913899999999999999 640 961957  799999999999999
 79101117124124118110105104109119130140144139125101 71 41 15 -1 -4  6 27241214XT 32612513 114499999999999999 7341042042 -499999999999999
 55 83107122129127120113108109115125136146148140121 94 61 29  4 -9 -8  6241215XT 416129134414899999999999999 8231082127-1099999999999999
 30 61 90112125130126119111108110117129141149149137115 85 52 21 -1-11 -6241216XT 5 1130142815099999999999999 9 81082210-1199999999999999
 11 38 69 96116126127122114107105109118131143149146131107 77 44 16 -2 -7241217XT 542128151215099999999999999 9511052251 -799999999999999
  2 22 49 78102117124123116108102102107118131142146139123 98 68 39 15  2241218XT 61812415551469999999999999910341012331  199999999999999
  2 14 36 62 88107118121117109101 96 98105116128137138129112 88 61 37 18241219XT 6511211638138999999999999991117 96999999999999999999999
 11 15 29 51 75 97111118117111102 94 91 94101112122128127117100 79 57 38241220XT 722118172112899999999999999 0 9 1112 4 9199999999999999
 26 23 31 46 66 87104114117113105 96 89 87 89 96105113116114105 90 73 57241221XT 75111718 811799999999999999 045 231258 8799999999999999
 43 36 38 47 62 81 98111117116110100 91 84 82 83 89 95101104102 95 84 72241222XT 82011719 510499999999999999 120 3614 4 8299999999999999
 61 53 50 54 63 77 93107116118114106 96 87 79 75 75 79 84 89 92 92 89 83241223XT 8521182029 9399999999999999 156 501528 7599999999999999
 76 69 65 64 68 77 90103113119118113103 92 81 72 66 65 67 72 78 84 87 88241224XT 9261192253 8899999999999999 237 641654 6599999999999999
 87 84 80 78 78 81 89 99110118121118111100 87 74 62 55 52 55 61 70 80 87241225XT10 4121999999999999999999999 331 771759 5299999999999999
 93 95 94 92 89 89 92 98107115121123119109 96 80 64 50 42 39 44 54 67 80241226XT 117 95104612399999999999999 444 891848 3999999999999999
 92101105105102 98 97 99104112120124124118106 90 70 51 36 28 28 36 50 68241227XT 229105113112599999999999999 6 1 971930 2799999999999999
 85100110114113109104102103109116124128127118102 81 58 37 22 16 19 32 51241228XT 314114121712899999999999999 7 710220 9 1699999999999999
 72 93109119121118112106104106112121129132128116 96 71 45 23  9  6 14 31241229XT 35212113 213299999999999999 8 21042047  699999999999999
 55 80102117124124119112106104108116126134136129112 88 59 32 10 -1  0 13241230XT 428125134513699999999999999 8471042125 -299999999999999
 35 61 88109122126123116108103103109120131139139127106 78 47 20  1 -6 -1241231XT 5 3126142714099999999999999 92710222 4 -699999999999999
