 40 21 13 18 35 60 87112129135130118103 90 82 83 89101113122124118104 8324 1 1Z5 9 2135194912599999999999999 2 8 131429 8299999999999999
 60 40 28 26 35 53 77101120130131122109 95 84 79 80 87 97107114114108 9524 1 2Z5 932132203611599999999999999 241 251516 7999999999999999
 77 60 46 39 41 53 71 92111125130126116102 89 79 75 76 81 90 9810410410024 1 3Z510 4130213910599999999999999 315 391618 7599999999999999
 90 78 65 57 54 58 70 86103118126128122111 97 84 74 68 68 72 80 88 94 9724 1 4Z510401282316 9899999999999999 354 541733 6899999999999999
 96 91 84 76 70 69 74 83 97110121126125118106 92 78 66 59 57 61 68 78 8824 1 5Z51122127999999999999999999999 443 691848 5799999999999999
 95 99 99 95 90 85 83 86 93103114122126124116103 86 69 55 45 43 47 58 7224 1 6Z5 123100121212699999999999999 555 831951 4399999999999999
 86 99108110108103 97 93 93 98106115123127124115 99 78 58 40 29 27 34 4924 1 7Z5 3 311013 812799999999999999 728 932043 2799999999999999
 69 90108119124121114105 98 96100107118126130126114 93 69 44 23 12 12 2424 1 8Z5 4 512414 313099999999999999 854 962130 1199999999999999
 44 71 97119133136131120108 99 95 99109121132135129113 87 57 28  6 -4 -124 1 9Z5 453136145513599999999999999 957 952215 -599999999999999
 16 44 76107131144145136121106 95 93 99112127139141132110 79 44 12-10-1824 110Z5 5351461544142999999999999991046 932259-1899999999999999
 -9 14 48 85118142152149135117100 90 90100117135146146133106 70 32 -1-2224 111Z5 6141531632148999999999999991128 892343-2799999999999999
-26-12 17 56 95129150156147129108 91 84 88103122141151149131100 61 21-1024 112Z5 65315617191529999999999999912 8 84999999999999999999999
-27-26 -7 27 68107137154154140119 97 82 78 87105126145153147126 92 53 1524 113Z5 73115618 715399999999999999 026-291248 7899999999999999
-13-25-18  6 42 82118143153147130106 86 73 74 85105127144150141118 85 4724 114Z5 8 6153185615099999999999999 1 8-251330 7299999999999999
 14 -7-13 -1 25 61 98128146149137117 93 75 66 69 83103123137141131109 7924 115Z5 841150194714199999999999999 149-131414 6699999999999999
 47 21  6  7 22 49 81112135145141126104 82 66 60 64 78 9611412712912010124 116Z5 913145204212999999999999999 228  515 4 6099999999999999
 76 52 34 27 32 48 72 99122137140131114 93 73 59 54 58 70 8710211311510924 117Z5 945140214811599999999999999 3 6 2716 1 5499999999999999
 96 79 63 53 51 58 73 93113128136134122105 85 66 54 48 51 61 74 88 9810424 118Z51017136231910499999999999999 344 5117 9 4899999999999999
102 96 87 79 74 75 81 93107120129132127116 99 80 62 49 42 42 49 61 74 8724 119Z51053132999999999999999999999 425 741827 4199999999999999
 96101102100 96 94 94 98105113121126127123112 96 78 59 43 33 31 37 48 6424 120Z5 140102114212899999999999999 526 931946 3199999999999999
 80 95106112113111108106106108113119123125122112 96 76 54 36 24 20 26 4024 121Z5 350113125412599999999999999 7341062053 2099999999999999
 59 80100115123125122116110106106109116122126124113 96 72 48 27 13 10 1824 122Z5 447125141012699999999999999 9331052147 1099999999999999
 36 60 87110126134133125115106100100106115125130127115 93 66 39 16  3  324 123Z5 5221341513130999999999999991031 992231  199999999999999
 15 39 68 97121136140134122108 97 92 95105118130135130114 88 57 27  5 -524 124Z5 55214016 31359999999999999911 7 922310 -599999999999999
  0 19 48 81111132142140128112 96 87 86 94108124136139130108 78 44 15 -424 125Z5 6181431645140999999999999991136 852344 -899999999999999
 -8  4 29 62 96124140143134117 98 84 78 83 96115132142140125 99 65 31  524 126Z5 64414317231439999999999999912 3 78999999999999999999999
 -8 -4 15 46 80112134143138123102 84 74 74 84102122138143136116 85 51 2024 127Z5 7 8143175814399999999999999 016 -81230 7299999999999999
  0 -5  7 33 66 99126140140128108 87 72 67 73 88109128140140127103 71 3924 128Z5 731142183314299999999999999 046 -51257 6799999999999999
 14  2  6 25 54 87116135141132114 92 73 63 64 75 93113130137132115 89 5924 129Z5 75314119 713799999999999999 114  21326 6299999999999999
 32 15 12 24 48 77107129139135121 99 78 63 58 63 78 97115127130121102 7724 130Z5 814139194413099999999999999 141 121358 5899999999999999
 52 33 24 29 46 71 98122135137126107 85 67 56 56 64 79 97112120119109 9124 131Z5 836138202312199999999999999 2 8 241434 5599999999999999
 70 52 41 40 50 69 92114130135129114 94 74 59 53 55 64 79 94106111109 9924 2 1Z5 858135211111199999999999999 234 391515 5299999999999999
 85 70 59 55 59 71 88107123131130120103 84 67 55 50 53 62 74 87 9710110024 2 2Z5 922132221910199999999999999 3 1 5516 7 5099999999999999
 94 86 78 72 72 78 89102116125127122111 95 77 62 52 47 48 55 66 77 87 9324 2 3Z5 950127999999999999999999999 333 711715 4799999999999999
 96 96 93 90 88 89 93100109117122122116105 91 75 60 48 41 40 44 54 65 7824 2 4Z5 022 97102812299999999999999 418 881841 3999999999999999
 90 99104106105103102102105109114117118114105 91 75 57 42 31 27 30 40 5524 2 5Z5 3 9106113711899999999999999 62010220 5 2799999999999999
 73 91106116120119114109104103105110115118117110 95 76 53 33 17 10 14 2724 2 6Z5 414121131811999999999999999 8531032112 1099999999999999
 48 73 98118130134129119108 99 96 99107117124126118100 75 47 20  1 -6 -124 2 7Z5 45213414391269999999999999910 1 9622 5 -699999999999999
 18 46 79109132143143132116100 90 87 94108123135137126104 73 38  7-14-2024 2 8Z5 5261441541137999999999999991044 872251-2099999999999999
 -9 16 52 90123144152145127106 87 77 79 92112132146147133104 67 28 -5-2524 2 9Z5 5591521634148999999999999991120 772334-2899999999999999
-26 -9 24 64105136154154139115 90 72 65 73 93118141155153134101 60 19-1224 210Z5 6311561724156999999999999991156 65999999999999999999999
-27-22  2 39 82121148157149126 98 72 56 56 70 95123147158153130 94 52 1424 211Z5 7 1157181215999999999999999 015-281233 5499999999999999
-11-19 -7 22 62102135154154137109 78 55 44 49 68 96125147155146122 86 4824 212Z5 730156185915599999999999999 053-191310 4499999999999999
 17  0  0 18 49 86121145153143120 89 60 41 36 46 68 96123141146135111 8024 213Z5 757153194814699999999999999 129 -21350 3699999999999999
 49 27 19 26 47 77109134148146129102 72 47 33 33 45 67 9311613013212110124 214Z5 822149203813299999999999999 2 2 191432 3199999999999999
 77 57 45 44 56 77102125140143134113 86 60 40 31 33 45 65 8610411511610824 215Z5 845144213711799999999999999 232 431520 3099999999999999
 95 81 70 66 71 83100118132138134120100 77 55 40 33 35 45 60 77 9110010324 216Z5 9 713823 110399999999999999 258 661616 3299999999999999
100 95 89 86 87 93103114124130129122109 92 73 56 43 36 36 42 53 65 77 8824 217Z5 928130999999999999999999999 316 861732 3599999999999999
 95 99101101102104108112117121122120114104 91 76 61 48 38 34 36 43 54 6824 218Z5 9531229999999999999999999991910 34999999999999999999999
 81 94104111114115114113112111112112112110105 95 82 66 50 37 29 28 34 4624 219Z5 456115113611299999999999999 9 91112039 2799999999999999
 63 82100113122124121115109103101102106110113111102 87 68 47 30 20 19 2724 220Z5 45512414 71139999999999999910131012138 1899999999999999
 44 66 90111125130128120108 98 91 90 96105115120119108 89 64 40 21 10 1224 221Z5 5111311518121999999999999991037 902221 1099999999999999
 26 49 76103123134134125111 95 84 80 84 96110123129125109 85 55 29 10  324 222Z5 53113516 6130999999999999991059 802257  399999999999999
 11 32 61 92118134139131115 96 79 71 72 83101120134137127105 75 43 17  224 223Z5 5511391646137999999999999991122 702328  099999999999999
  3 18 46 78109132141137121 99 78 64 61 70 89111131142139123 95 62 30  824 224Z5 6101411721142999999999999991144 612356  199999999999999
  1 10 34 66 99126141141127105 80 61 53 58 74 98122139145136113 82 48 2124 225Z5 63014317541459999999999999912 8 53999999999999999999999
  6  8 26 55 89119139143133111 85 61 47 47 59 82108130143143127100 68 3824 226Z5 648144182714599999999999999 023  51232 4599999999999999
 18 13 24 49 80111135144138119 92 65 46 39 46 65 90116135142135115 86 5724 227Z5 7 614419 014299999999999999 048 131259 3999999999999999
 34 23 28 46 74104129142141125100 72 48 35 36 50 72 98121134135123101 7524 228Z5 725144193413699999999999999 112 231327 3499999999999999
 52 38 37 48 71 97122138142131108 81 55 37 31 38 55 79102120128125111 9124 229Z5 743142201112999999999999999 136 361357 3199999999999999
 70 55 49 55 71 93115132139133115 91 65 44 32 32 42 61 8210211511911410124 3 1Z5 8 2139205411999999999999999 2 0 491431 3199999999999999
 86 72 65 66 75 91109125134132120100 77 55 39 32 35 46 63 81 9610610810524 3 2Z5 821134215210899999999999999 224 641512 3299999999999999
 97 88 81 79 83 93105118126128122108 89 69 51 39 34 37 46 59 73 86 9510024 3 3Z5 842128234410199999999999999 248 7916 9 3499999999999999
100 99 96 94 95 99105112118121119112100 85 69 54 42 36 35 40 49 61 74 8624 3 4Z5 9 8121999999999999999999999 316 941737 3599999999999999
 95103107109109108108108110112113111107100 89 75 60 45 34 28 28 35 47 6324 3 5Z5 32910910 011399999999999999 5531081929 2899999999999999
 81 98111120123120115109104101102105109110108 99 85 66 46 28 17 13 20 3524 3 6Z5 4 2123125711099999999999999 9151012051 1399999999999999
 57 83106124133133126114101 92 89 93102112120121112 95 70 43 19  3 -1  824 3 7Z5 430135143712199999999999999 956 892148 -199999999999999
 30 60 92120138144138122103 85 75 76 86103121134136125102 70 36  8 -9-1024 3 8Z5 4581441541137999999999999991028 742234-1299999999999999
  5 34 71107135150149134110 84 65 58 65 83109132148149134104 67 29  0-1424 3 9Z5 52615116341509999999999999911 1 582315-1499999999999999
 -9 13 48 89125149156145120 89 61 44 43 58 85116143158156136102 62 25 -124 310Z5 5531561723159999999999999991135 422354 -999999999999999
 -8  3 32 70110141157153132100 66 39 27 33 56 88123150162156132 97 58 2624 311Z5 6191581811162999999999999991210 27999999999999999999999
  7  7 26 58 95130152157142113 76 43 21 16 29 57 92126150158149124 90 5724 312Z5 644157185715899999999999999 030  51246 1599999999999999
 33 24 32 54 86119144155148125 91 55 26 10 12 31 61 95125144148136113 8624 313Z5 7 8155194414899999999999999 1 3 241323  999999999999999
 62 47 47 59 83110135149149133105 71 39 17  9 16 36 65 9511913313312310524 314Z5 730151203413599999999999999 133 4514 2  999999999999999
 85 71 66 71 86106127141145136116 88 58 32 17 14 23 42 67 9110911811811124 315Z5 750145213011999999999999999 159 661444 1399999999999999
100 89 84 85 93106120132138134121101 76 53 34 24 23 32 47 66 83 9710410624 316Z5 8 7138225310699999999999999 220 831534 2399999999999999
104100 97 97101108116124128127120108 91 73 56 42 34 33 38 48 61 74 85 9424 317Z5 820128999999999999999999999 228 971641 3399999999999999
100103105107109111114116118117114108100 89 77 64 53 44 40 40 45 54 65 7724 318Z5 8121189999999999999999999991823 39999999999999999999999
 90100108114116116114111108105104103102 99 94 85 74 61 49 41 37 39 47 6024 319Z5 42311699999999999999999999920 8 37999999999999999999999
 76 93107117122121116108100 94 92 93 97103105103 95 82 65 48 36 30 33 4324 320Z5 42012214 81059999999999999910 7 922113 3099999999999999
 61 82102118126127120108 95 85 79 81 88 99110116113102 84 62 42 28 23 3024 321Z5 4331281515116999999999999991018 792156 2399999999999999
 46 69 94115129132126112 94 78 69 68 76 91108121126121104 81 55 33 21 2124 322Z5 45013316 0126999999999999991035 672230 1999999999999999
 34 56 84110129137132117 96 75 61 56 62 78100120133134123101 72 45 25 1824 323Z5 5 71371637135999999999999991056 5623 0 1899999999999999
 25 45 73103127139138124101 76 55 45 48 63 86112132142137119 92 62 36 2224 324Z5 5251411712142999999999999991117 452327 2099999999999999
 23 38 64 95122140143131108 80 54 38 35 47 70 98125142146135111 81 52 3224 325Z5 5431431745146999999999999991140 352353 2699999999999999
 26 35 58 87116138145138116 87 57 34 26 32 52 81111135147144127100 71 4724 326Z5 6 014518181479999999999999912 4 26999999999999999999999
 35 38 54 81110134146142124 95 63 36 21 21 36 62 93121140146137116 89 6424 327Z5 617146185214699999999999999 019 341230 1999999999999999
 47 44 55 77103128144145131105 73 42 21 14 23 44 73103127140139126104 8124 328Z5 635146192614299999999999999 043 441257 1499999999999999
 63 55 59 75 98121139144136114 84 53 27 14 15 29 54 82109128135130115 9624 329Z5 65414420 413599999999999999 1 8 551326 1399999999999999
 79 68 67 77 94114132140137121 95 66 39 21 14 20 38 62 8810912212511910724 330Z5 714141204812699999999999999 133 6614 0 1499999999999999
 93 82 78 82 94109124133134124105 80 55 33 21 19 28 44 65 8610311311511124 331Z5 734135214911599999999999999 2 0 781440 1999999999999999
104 96 91 91 96106116125128124112 93 72 52 36 26 26 33 46 63 79 9310310824 4 1Z5 757128234110999999999999999 229 901536 2599999999999999
109107104102103106111116119118113103 89 73 57 43 34 30 33 42 54 69 83 9624 4 2Z5 823119999999999999999999999 31510217 3 3099999999999999
106112115115113110108107108108108106102 93 82 67 53 40 31 29 33 43 58 7624 4 3Z5 226115 93010899999999999999 7131071854 2999999999999999
 95110121126124118109101 96 94 96101106108105 95 80 62 43 28 21 22 34 5324 4 4Z5 314126125910899999999999999 855 942020 2099999999999999
 76101121133135129115 99 86 78 78 86 98111120121111 92 68 43 23 13 16 3024 4 5Z5 345136143312299999999999999 929 772120 1399999999999999
 55 85113134144140125103 81 64 58 64 80101122135136124101 71 42 20 10 1624 4 6Z5 41314415361389999999999999910 1 5822 7 1099999999999999
 36 67100129147149136112 82 56 41 39 53 78108134149149133105 71 41 20 1424 4 7Z5 4401501630151999999999999991034 382249 1499999999999999
 26 51 85119144154147124 91 57 31 20 26 48 81116144158155136105 71 42 2624 4 8Z5 5 615517201599999999999999911 9 192328 2599999999999999
 27 44 73107137154155137105 67 32 10  5 19 49 87123150161155133102 71 4924 4 9Z5 53115718 8161999999999999991144  5999999999999999999999
 40 47 68 97127150157147120 83 44 12 -3 -1 20 54 93127150157148126 99 7424 410Z5 556157185515799999999999999 0 4 401221 -599999999999999
 59 57 69 92119142154152132100 62 26  1 -7  2 27 61 97127145148138118 9724 411Z5 620155194314999999999999999 037 561258 -799999999999999
 80 73 77 91112133148151139115 81 46 17  0 -2 11 37 68 9912213513512611124 412Z5 643151203213799999999999999 1 8 731337 -399999999999999
 97 88 87 94109125139145140123 98 67 39 17  7  9 24 47 73 9711512312311624 413Z5 7 5145212712499999999999999 136 861418  699999999999999
107 99 96 99107118129135134125108 85 61 39 24 19 23 36 54 74 9210511211324 414Z5 725136224311399999999999999 2 1 9615 5 1999999999999999
111107104104108113119124125121111 97 80 62 47 36 32 35 44 58 73 86 9710524 415Z5 742125999999999999999999999 22710416 5 3299999999999999
109110110109109110111113113111108101 92 81 69 57 48 43 43 48 57 69 82 9324 416Z5 118110 74011399999999999999 3341091730 4299999999999999
103110114115113110106103100 99 99 99 98 94 88 79 68 57 49 46 48 55 67 8124 417Z5 24711599999999999999999999919 8 46999999999999999999999
 95108116120118113104 96 89 86 86 90 96101102 98 88 75 61 50 44 46 54 6824 418Z5 312120134510299999999999999 922 852021 4499999999999999
 85103117124125118106 93 81 73 72 78 88100109112107 95 79 61 48 42 45 5724 419Z5 333125145411299999999999999 938 722111 4299999999999999
 75 96115127131125111 93 76 63 58 63 76 93110121123115 98 77 58 45 41 4824 420Z5 353131154212399999999999999 959 582149 4199999999999999
 65 88110128136132118 97 74 56 46 48 60 80103122132130118 97 73 54 43 4524 421Z5 4121361622133999999999999991022 452223 4299999999999999
 58 80104126138139126104 77 52 37 33 43 64 90116134141134116 92 68 51 4624 422Z5 4311401659141999999999999991045 332253 4699999999999999
 54 73 98122139143134112 83 54 31 22 27 45 73103129144145133111 86 64 5324 423Z5 4501441735146999999999999991110 212322 5299999999999999
 55 69 91117137146141122 92 60 31 15 13 27 53 85116139149144127103 80 6424 424Z5 5 91461810149999999999999991136 122351 5999999999999999
 59 67 86110132146146131103 70 37 14  5 12 34 65 98127144148139119 96 7724 425Z5 53014718461499999999999999912 3  5999999999999999999999
 67 70 83104126142147138115 83 49 20  4  3 18 44 77108132144143130111 9224 426Z5 551147192414599999999999999 019 671233  299999999999999
 78 75 82 98118136145141124 97 64 33 11  2  7 26 55 8611313213913512210524 427Z5 61414520 613999999999999999 048 7513 6  199999999999999
 91 84 85 95111127139140130109 81 50 25  9  5 15 36 63 9011312713112611624 428Z5 639141205513199999999999999 119 831344  599999999999999
103 94 92 96106119130135131118 96 70 44 24 13 13 23 42 66 8910812012412124 429Z5 7 713522 012499999999999999 154 921430 1199999999999999
114106101100103111119126127121108 89 67 46 30 21 21 30 45 65 8510211412024 430Z5 741127233212099999999999999 242 991530 2099999999999999
120116111107105106109113116117112102 88 71 54 39 30 28 33 45 61 80 9711124 5 1Z5 832117999999999999999999999 4131051648 2799999999999999
120123122116110104100 99101104107108104 95 82 66 51 39 32 34 43 58 77 9724 5 2Z5 1 7123103710899999999999999 645 991819 3299999999999999
114125130127118107 95 87 83 86 92101108111107 96 80 62 46 36 34 42 58 8024 5 3Z5 2 5130125511199999999999999 8 4 831939 3499999999999999
103122134136129114 96 78 67 64 70 83100114123122111 92 71 51 39 37 46 6424 5 4Z5 244137142412399999999999999 849 642042 3699999999999999
 89114133143140125102 77 56 44 45 57 78103124136136123102 78 57 44 43 5424 5 5Z5 316143153013799999999999999 928 432134 4299999999999999
 76103128144148138114 84 54 32 23 29 49 78109134147147132109 83 62 51 5324 5 6Z5 34614916261499999999999999910 6 222220 5099999999999999
 68 92119141152148129 98 62 30 10  6 19 47 82116143155152136112 87 68 6124 5 7Z5 4151531719156999999999999991044  523 2 6199999999999999
 68 85110134151155142115 78 40 10 -5 -3 17 50 88123148158153135112 90 7624 5 8Z5 44315518 8158999999999999991122 -72341 7399999999999999
 74 83103126146155151130 98 59 22 -3-12 -3 22 57 95128149155148131110 9324 5 9Z5 51215618561559999999999999912 0-12999999999999999999999
 84 86 99118137151153141116 81 43 12 -8-10  4 31 6610112914514814012410724 510Z5 540154194314999999999999999 018 841239-1199999999999999
 96 92 98111128142149145128100 67 34  8 -4 -1 16 43 7510512713813913011724 511Z5 6 9150203114099999999999999 052 921320 -599999999999999
105 99 99106119132141142133114 88 58 31 12  6 12 29 54 8210612313012912224 512Z5 638143212013199999999999999 126 9814 1  699999999999999
112104101104111121130134131121102 79 55 34 21 18 26 42 64 8610511812312224 513Z5 710134221612399999999999999 2 31011446 1899999999999999
116110105103106111117122123119109 94 76 57 42 33 31 39 53 70 8810411411824 514Z5 745123232311999999999999999 2521031537 3199999999999999
118114109105103104106109111112109102 91 77 63 51 44 43 49 60 75 9010311324 515Z5 838112999999999999999999999 4221031639 4399999999999999
118118115110104 99 97 96 97 99101102 99 93 83 72 61 54 52 56 65 78 9210624 516Z5 035118104010299999999999999 649 961751 5299999999999999
115121121116108 99 91 85 83 85 89 95100102 99 92 81 70 61 58 60 69 82 9724 517Z5 130121125510299999999999999 8 3 8319 4 5899999999999999
111121126123115103 89 78 70 69 74 83 95104110108101 89 76 66 62 65 74 8924 518Z5 2 9126141911099999999999999 842 6920 6 6299999999999999
106120129130123109 92 74 61 55 57 67 83100113120118109 94 80 69 65 70 8224 519Z5 239131151812099999999999999 913 542057 6599999999999999
 99116130135131118 98 75 55 43 41 49 66 88109124130126114 97 81 71 69 7724 520Z5 3 613516 513199999999999999 942 402140 6999999999999999
 92111128138138127106 80 55 35 27 31 47 71 98121136139132116 97 81 73 7524 521Z5 3311401647140999999999999991010 272219 7399999999999999
 87105124138143136117 90 60 34 18 16 28 51 81110133145144133114 95 82 7724 522Z5 3561431726146999999999999991039 152255 7799999999999999
 83 98118135145144129102 70 39 16  6 11 30 59 92122142150145130111 93 8324 523Z5 42214618 5150999999999999991110  52330 8299999999999999
 83 93111130144148139116 85 51 22  3 -1 11 37 69103131147151142125106 9224 524Z5 4491481845151999999999999991144 -1999999999999999999999
 86 90104122138148145129102 68 35  9 -4 -1 17 45 7911213614814713611910324 525Z5 519148192714999999999999999 0 4 861220 -599999999999999
 92 91 98113130143147139118 88 55 24  3 -4  4 25 55 8711613614514213011524 526Z5 551147201314599999999999999 041 901259 -499999999999999
101 94 96105120134142142130107 77 46 20  4  0 11 33 62 9211813414013612524 527Z5 62714421 314099999999999999 120 941343  099999999999999
112102 97100109122132138134121 98 71 44 22  9  9 20 42 68 9511713213613224 528Z5 7 8138215813699999999999999 2 6 971432  799999999999999
122111102 99101108118126130126113 94 70 47 29 19 19 30 49 73 9711713013324 529Z5 8 0130225813399999999999999 3 5 991527 1799999999999999
130121110101 97 97102109117121119110 95 75 56 40 31 31 40 57 7810011813024 530Z5 913121235713399999999999999 426 961630 2999999999999999
133130120108 97 89 87 90 97105112114110100 85 68 53 44 43 50 65 8410412224 531Z51055114999999999999999999999 557 871740 4299999999999999
133135130118103 87 76 71 73 82 94106114116110 98 83 68 57 54 60 73 9211124 6 1Z5 050136124411699999999999999 711 711851 5499999999999999
128137138129113 93 73 58 52 56 68 85103117124122112 97 81 70 66 70 8310124 6 2Z5 134139141512499999999999999 8 8 521959 6699999999999999
120135143140126104 78 55 38 33 40 57 80105124134134125109 93 81 76 80 9324 6 3Z5 214143152913699999999999999 856 3321 1 7699999999999999
111129143147139119 92 61 35 19 17 28 51 80109132144144134118101 89 85 9024 6 4Z5 251147163014699999999999999 941 162156 8599999999999999
103122139149149135110 77 44 18  4  5 22 51 84116140152151139122105 94 9224 6 5Z5 3281511724153999999999999991024  32245 9199999999999999
 99113131146153147128 98 62 28  4 -6  1 23 55 91123146155152139122106 9724 6 6Z5 4 415318131569999999999999911 6 -62330 9699999999999999
 97106122139151153142118 85 49 17 -3 -8  3 29 64 9912914915514913511810524 6 7Z5 4401531858155999999999999991147 -9999999999999999999999
 99102113129144152149134107 73 38 10 -5 -4 12 40 7410713314815014212711224 6 8Z5 517152194015199999999999999 010 991228 -799999999999999
102100106118133145149142124 96 63 32  9 -1  5 24 53 8511413514414313311924 6 9Z5 555149202014599999999999999 047 9913 8 -199999999999999
106100100108121134143143133113 85 56 29 13  8 18 39 66 9511913413913512424 610Z5 633144205813999999999999999 123 991348  899999999999999
111101 98101110121131137134123103 78 52 31 20 21 33 54 7910412313313412724 611Z5 713137213513499999999999999 2 2 981427 1999999999999999
116105 98 96100108118125128124113 95 73 53 38 31 35 48 68 9111112513112924 612Z5 758128221413199999999999999 248 9615 8 3199999999999999
121111101 95 94 97103111117119115105 90 73 58 47 44 49 63 8110011612612924 613Z5 852119225612999999999999999 347 931551 4499999999999999
126117107 98 91 89 90 95102107110108102 91 78 66 59 57 63 75 9110712012824 614Z510 9110234012999999999999999 5 4 881641 5799999999999999
129124115103 93 84 80 80 85 92 99104106103 96 86 77 71 70 75 8610011312424 615Z51152106999999999999999999999 625 801739 6999999999999999
130129123112 98 85 74 68 69 74 83 94103109109105 97 88 82 80 84 9410611924 616Z5 026131133511099999999999999 729 681846 8099999999999999
128133130121107 89 73 61 55 56 65 78 93107116119115107 98 90 88 9110011224 617Z5 1 9133145411999999999999999 817 541955 8899999999999999
124133135130117 98 77 58 45 40 45 59 78 98116127130125115104 96 93 9610624 618Z5 150136155213099999999999999 858 402057 9399999999999999
118130138138128110 86 62 41 29 28 38 57 82106126138139132120107 98 9510024 619Z5 229139164014099999999999999 936 272151 9599999999999999
111125137142138124100 72 45 25 15 19 35 60 89117137147146136121107 98 9724 620Z5 3 61421723148999999999999991014 152237 9699999999999999
104118132143146137117 88 57 29 10  4 13 35 66 99127146154149136119105 9724 621Z5 34414618 5154999999999999991053  42319 9799999999999999
 99109125140149147133108 76 42 15 -1 -2 13 40 7410813615315614813211410124 622Z5 4231501846156999999999999991133 -42359 9699999999999999
 96102115131146152147128 99 64 30  5 -7 -3 17 48 8311714215515514312610924 623Z5 5 41521927157999999999999991214 -8999999999999999999999
 98 96104120137149153143121 89 54 22  0 -8  1 24 57 9312514615515113711924 624Z5 54715320 815599999999999999 039 951257 -899999999999999
103 94 96106122139149150138114 82 48 19  1 -2 11 36 6910213114815214512924 625Z5 633151205015399999999999999 122 941341 -399999999999999
111 97 91 95106122137145144131107 77 46 22  9 10 25 50 8111213514814813824 626Z5 723146213114999999999999999 2 8 911426  799999999999999
121104 92 87 91102117131138137124103 76 51 31 22 26 42 66 9412013814614324 627Z5 820139221114799999999999999 3 1 871512 2299999999999999
131114 97 85 81 84 95108121129128119102 81 60 46 40 46 61 8210612714014424 628Z5 927130225214499999999999999 4 3 8116 1 4099999999999999
138124107 90 77 72 74 83 96110119122117105 90 75 64 61 66 79 9711613214124 629Z51051122233414399999999999999 511 711654 6199999999999999
142134119100 81 67 60 61 70 83 98111118119113103 91 83 80 84 9410812313524 630Z51234119999999999999999999999 622 591758 8099999999999999
142140131114 93 72 56 46 47 55 71 89106119125123117108100 96 9710411512824 7 1Z5 020142141912599999999999999 729 451915 9699999999999999
138143140128109 86 62 43 33 33 43 61 8410612313313513012111210610511011924 7 2Z5 110143154413599999999999999 829 31203910599999999999999
131140144140126104 78 51 30 20 21 34 57 8411013114314514012911811110811224 7 3Z5 2 2144164614599999999999999 924 19215110899999999999999
122134143147141124 99 69 40 19  9 13 30 57 8811713915115214413111810910824 7 4Z5 2541471734153999999999999991013  9224610799999999999999
113124137147149141121 92 59 30 10  3 11 33 63 9712614715615314212711310524 7 5Z5 3431501815156999999999999991058  3232910499999999999999
105114127142151151138115 83 50 21  4  1 14 40 7410713515215614913511810624 7 6Z5 4301521851157999999999999991139  0999999999999999999999
100104116131146153150134107 73 40 15  2  5 23 53 8711914215415314112410824 7 7Z5 513153192315599999999999999 0 51001218  199999999999999
 98 97105119136148153145126 96 63 33 12  6 15 38 6910212914715214513011224 7 8Z5 554153195315299999999999999 038 961255  699999999999999
 98 92 95106122138148149138115 86 55 29 15 15 30 55 8611613814814713511824 7 9Z5 633150202114999999999999999 110 921329 1399999999999999
101 90 88 95108124138145142127104 76 49 30 23 30 49 7510312814314613912424 710Z5 712145204814699999999999999 144 8814 1 2399999999999999
106 92 85 86 95109123134138132116 94 70 50 38 37 48 69 9411813614414113024 711Z5 753138211414499999999999999 221 841433 3699999999999999
113 97 86 81 84 94107119128129122107 89 70 56 50 54 68 8811012914014213524 712Z5 839129214214399999999999999 3 4 8115 5 5099999999999999
121105 90 80 78 81 90102112119120114103 89 75 67 66 72 8610412213514113824 713Z5 936120221214199999999999999 355 781540 6599999999999999
128114 98 84 76 73 76 84 94104111113110103 94 86 81 82 8910111512813613824 714Z51055113224613999999999999999 457 731622 8199999999999999
133122108 92 79 69 66 68 76 86 97106111112110104 99 96 9610211112113013624 715Z51247112233013699999999999999 6 6 661721 9699999999999999
136130118103 87 72 61 56 58 66 78 9110411411912011711210810710911512313024 716Z51438120999999999999999999999 714 56185010799999999999999
135134128116 99 80 63 50 45 47 56 71 8910712113013212812211611211211612324 717Z5 026135155013299999999999999 814 44202811199999999999999
131136136129114 94 72 52 37 31 35 48 68 9211413214114313712811811211111524 718Z5 129137163914399999999999999 9 7 31214011099999999999999
124133140140131113 89 62 39 23 17 25 43 69 9812414315215114112811510810824 719Z5 229141172015399999999999999 955 17223110799999999999999
115126139146145133111 81 51 25  8  6 18 42 7410713615416015414012310910224 720Z5 3231471758160999999999999991041  5231310299999999999999
105116131146154150134107 73 39 12 -3 -1 17 47 8311914716216315213311410024 721Z5 4141541834164999999999999991124 -42352 9699999999999999
 96103118137153160153133101 64 28  2 -8 -1 22 57 9613115616616114512210224 722Z5 5 216019 91669999999999999912 7 -9999999999999999999999
 90 90102122143159163153129 94 56 21 -1 -6  6 34 7211014216216615413310924 723Z5 551163194316699999999999999 030 891248 -799999999999999
 90 82 86102124145160162149123 87 51 21  4  5 22 53 9012515116416014311924 724Z5 639163201616499999999999999 110 821328  299999999999999
 95 79 74 82100123144157157142116 83 51 28 18 24 44 7510813815716115113024 725Z5 730158204716199999999999999 152 7414 7 1899999999999999
105 83 70 68 78 97119138149147133110 83 58 42 39 48 69 9712514715715413924 726Z5 824150211715799999999999999 238 671446 3899999999999999
117 93 73 63 63 73 91111128137136125108 88 71 62 63 74 9311613615015314524 727Z5 925138214715399999999999999 329 611524 6199999999999999
128106 84 67 57 58 67 82100115125127121110 98 88 84 88 9811212814214814724 728Z51043127221914999999999999999 428 5616 4 8499999999999999
137120 99 79 63 53 52 59 72 8810311412012111711210710510711412413314114424 729Z5123612123 114499999999999999 538 51165810599999999999999
141131115 96 77 60 49 45 50 61 76 9310812012612812612312012012212713213724 730Z51456128999999999999999999999 656 45184212099999999999999
140137129115 97 76 57 43 37 40 51 68 8810812413513913813412812312212312824 731Z5 0 5140161614099999999999999 812 3721 112299999999999999
134138138131118 98 75 53 36 28 31 43 64 8911313314514914513712711911611724 8 1Z5 132139165914999999999999999 916 28221111699999999999999
124133140142136120 97 71 46 27 20 25 41 67 9612314315415414613312011010824 8 2Z5 24614217311559999999999999910 7 20225110899999999999999
112123136145148139120 94 64 37 19 14 24 45 7510713415215815313912210810024 8 3Z5 34414818 0158999999999999991050 142323 9999999999999999
101111126142152152140117 86 54 27 13 13 29 56 90122146158158146127109 9624 8 4Z5 4321531826160999999999999991128 112351 9299999999999999
 92 99114132149157153136108 75 43 20 12 19 41 73107136155159151133112 9424 8 5Z5 51315718501599999999999999912 2 12999999999999999999999
 85 88100119140155159150128 97 63 35 18 18 33 60 93125148158155139117 9624 8 6Z5 550159191315999999999999999 018 851233 1699999999999999
 82 79 87105126145157156142116 84 54 32 24 31 52 8211414015615714512410124 8 7Z5 627158193515899999999999999 046 7913 1 2499999999999999
 82 73 76 90110131147154148130103 74 50 36 36 51 7510513215115714913110824 8 8Z5 7 3154195515799999999999999 115 731329 3499999999999999
 86 72 69 77 93114133145147137118 93 69 53 47 55 73 9912514515515213711624 8 9Z5 740148201615599999999999999 146 691355 4799999999999999
 93 75 66 68 79 96115131139138126108 88 71 62 64 76 9611813915115214212424 810Z5 820140203615399999999999999 220 651421 6299999999999999
102 82 68 63 68 80 97113126131128118104 90 80 77 83 9611413214515014413124 811Z5 9 8131205915099999999999999 259 631448 7799999999999999
112 92 75 65 63 68 80 94108118122120114105 97 93 9410111312613814414313524 812Z51011122212314599999999999999 346 621518 9399999999999999
121103 86 72 63 61 66 76 8810010911511711611210910811011512213113713913624 813Z512 0117215513999999999999999 446 61155910899999999999999
127114 99 83 70 61 58 60 67 78 9110311312012312412312112012212512913313424 814Z51444124225113499999999999999 6 6 58174912099999999999999
131125114 99 84 69 57 50 50 56 68 8310011512713513713413012512212212412824 815Z51555137999999999999999999999 732 49203512299999999999999
131132128118103 84 65 48 38 36 43 58 7910212313914714814213212211611511824 816Z5 041132163214899999999999999 844 36214511499999999999999
126133138136125106 83 58 37 24 22 32 53 8011013515215815414212711310610724 817Z5 21313817 415899999999999999 939 21222510599999999999999
115128141148146132109 79 48 23 10 10 26 54 88122149164165154135115100 9424 818Z5 3181491735166999999999999991027  823 0 9499999999999999
100115134151160156138108 72 37 11  0  6 29 63102137162171165146122 99 8524 819Z5 41216018 51719999999999999911 9  02334 8399999999999999
 84 96118142161169162139104 64 29  5 -1 11 40 79119152171172157132103 8124 820Z5 5 21691835174999999999999991150 -2999999999999999999999
 71 76 95122149169174163136 98 58 25  7  8 27 60100137164174166143112 8324 821Z5 55017519 317499999999999999 010 701228  599999999999999
 64 59 71 95125153171173158129 92 56 30 20 27 51 85122153170170153125 9224 822Z5 639174193017299999999999999 046 5913 5 2099999999999999
 66 51 52 68 95126151166166149122 89 61 43 41 53 7911014116216915913610624 823Z5 728168195616999999999999999 125 501340 4099999999999999
 75 53 44 50 68 95122145156154139116 91 72 63 67 8210513115216316114512024 824Z5 820157202016499999999999999 2 7 441413 6399999999999999
 90 64 47 42 50 68 92116134142140130114 98 88 86 9310712614415515814913124 825Z5 919143204315899999999999999 253 421443 8699999999999999
107 81 60 47 44 51 67 8610512012812912411711010610811512513714615114813724 826Z5103713021 615199999999999999 347 44151210699999999999999
120100 80 63 51 48 52 63 78 9410711712312512412312312412813313814114113724 827Z51310125213214299999999999999 456 48154212399999999999999
129116100 84 68 57 50 51 57 69 83 9811212313013413513413213113113113113224 828Z51555135225213299999999999999 626 5020 913199999999999999
131126118106 91 74 60 50 46 50 60 76 9411312813914414313813212512112012224 829Z51620144999999999999999999999 8 0 46214912099999999999999
126130130125114 97 77 58 45 39 42 55 75 9812113814815014513412311310811024 830Z5 137131164315199999999999999 9 8 39221610899999999999999
117126135138134120 99 75 52 37 32 38 56 81108133149155151139123108 99 9724 831Z5 25713817 515599999999999999 956 322240 9799999999999999
104117133144147140121 95 67 43 29 28 41 64 94123146157157145126107 92 8624 9 1Z5 3491471726159999999999999991035 2723 3 8699999999999999
 91105124142154154141117 87 57 34 25 31 51 80112139157161151132109 89 7824 9 2Z5 43115517471619999999999999911 7 252327 7699999999999999
 78 91111134152161155136107 75 47 30 28 42 68100131153162157139114 89 7224 9 3Z5 5 716118 6162999999999999991137 272351 6899999999999999
 68 76 96121144160163151127 95 64 41 32 39 60 90122148162161145120 93 7124 9 4Z5 54216418251639999999999999912 4 32999999999999999999999
 60 64 80104131152163160142115 84 57 42 42 57 83114142159163151128 99 7324 9 5Z5 616164184316399999999999999 016 601230 4099999999999999
 57 54 65 87114139156161151130103 76 57 51 60 80107135155163155135108 8024 9 6Z5 65016119 116399999999999999 042 541255 5199999999999999
 58 49 54 71 95121143154153140118 94 74 64 67 81103128149160157142117 8924 9 7Z5 725155191916199999999999999 1 9 491319 6499999999999999
 64 50 48 58 78102125142148143129110 91 79 77 85102123143155157146125 9924 9 8Z5 8 2148193715799999999999999 139 471343 7799999999999999
 74 55 47 51 64 84106125136139133120106 95 90 9310411913614815314713110924 9 9Z5 845139195615399999999999999 212 4714 7 9099999999999999
 86 66 53 49 55 69 8710511912812912511710910410410911913014114614413411824 910Z5 942129201514699999999999999 251 49143110399999999999999
 99 80 64 55 53 59 70 84 9911111812212212011711611812112713313813813412424 911Z51128122203713999999999999999 344 5315 011699999999999999
111 96 80 68 59 56 58 65 76 8810111112012512812912812812712812913012912624 912Z51457129211013099999999999999 5 5 56174812799999999999999
121112100 86 73 61 54 51 55 64 77 9311012413514014113713112512112012112324 913Z51535141999999999999999999999 654 5121 512099999999999999
125124120109 95 77 60 47 40 42 52 69 9111413414715214813912611510810811324 914Z5 02312516 315299999999999999 819 39213610799999999999999
122130135133121102 78 55 36 27 29 44 68 97125148160160149132113 99 93 9724 915Z5 212135163016199999999999999 918 2622 6 9399999999999999
109126142150147132107 76 47 25 16 23 44 75110141162168160141116 93 79 7724 916Z5 31715016561689999999999999910 5 162236 7699999999999999
 89110135155165159139108 72 39 18 13 26 53 90127157172170152124 94 70 6024 917Z5 4101651723173999999999999991047 1323 9 5999999999999999
 65 86115145167175166141105 67 36 19 20 39 72111146170176163136101 69 4824 918Z5 4591751749176999999999999991126 172343 4499999999999999
 44 58 86121153175180167138102 65 39 29 37 62 97133162176171148114 77 4724 919Z5 54718018151769999999999999912 3 29999999999999999999999
 32 35 56 89126157176177161133 99 68 50 48 62 89121151171173158129 91 5624 920Z5 635179183917499999999999999 019 311238 4799999999999999
 31 23 33 58 92128156170168152126 98 77 67 72 89115141162171163141108 7224 921Z5 72417119 317199999999999999 057 231311 6799999999999999
 42 24 23 36 62 95125148159155141121102 90 88 97113134153164162148123 9224 922Z5 815159192516599999999999999 137 211342 8899999999999999
 61 38 27 29 43 67 9411913714414213212011010510811713114415415614913210924 923Z5 914145194415799999999999999 220 2614 910599999999999999
 83 59 42 35 38 51 70 9111012413113112812312012012313013814414714413512024 924Z5103713220 014799999999999999 311 35143211999999999999999
101 82 65 52 47 48 56 70 8510011212112612812912913013113313513513413012424 925Z51956135999999999999999999999 417 46999999999999999999999
114102 89 75 64 57 54 58 66 78 9110511712713413613613413012712412212112024 926Z51526137999999999999999999999 553 54999999999999999999999
119116109 99 86 73 62 55 55 61 72 8710512113414114213813012111310910811124 927Z51543142999999999999999999999 736 54214010899999999999999
117122123119109 94 77 62 52 50 57 71 90111130143147144133120106 97 94 9824 928Z5 15012316 214799999999999999 845 502155 9499999999999999
108120130134129116 96 75 57 47 46 57 76100124142151150139121103 88 81 8424 929Z5 258134162115299999999999999 931 452214 8199999999999999
 95112129141144135117 93 68 50 43 47 64 89116139153155145126103 83 71 7024 930Z5 34414416401569999999999999910 7 422235 6999999999999999
 80 99122142152151136113 85 61 46 44 55 78106133152159152133107 82 64 582410 1Z5 4231531658159999999999999991038 432258 5899999999999999
 65 84109135153160152132104 76 55 46 52 71 98127150161157140113 84 61 482410 2Z5 45816017161619999999999999911 7 462321 4799999999999999
 51 67 93122147162162148124 95 69 54 53 67 91120145160161147121 90 62 432410 3Z5 5321641734163999999999999991133 522345 3999999999999999
 39 51 74105134156165159140113 87 67 60 67 87113139158163153130 99 67 432410 4Z5 6 51651751163999999999999991159 60999999999999999999999
 33 38 57 86117144160162151129104 82 71 72 86108133153162157138109 76 482410 5Z5 63916318 916299999999999999 010 321224 7099999999999999
 31 30 43 67 98127149158155140119 98 84 80 88105127147158158144119 88 582410 6Z5 714159182816099999999999999 037 291249 8099999999999999
 36 28 34 52 78107132148152145130112 97 90 93104121139152155147127100 712410 7Z5 751152184715699999999999999 1 6 281314 9099999999999999
 47 33 31 42 62 87112131142142135122110102100106118132144150146132111 852410 8Z5 83414319 715099999999999999 138 30134010099999999999999
 62 44 36 38 50 69 91111125133133128120113110112118127136142142134119 992410 9Z5 932134192714399999999999999 216 35141011099999999999999
 79 60 48 42 45 56 71 88104116124127126124121120121124129132134130123111241010Z51114127194813499999999999999 3 8 4215 012099999999999999
 96 80 66 55 49 50 56 67 80 95108119127131132130128125123123123122121117241011Z51350132999999999999999999999 427 49999999999999999999999
111101 89 76 63 54 49 51 58 71 87104120133140141137130121114110109111116241012Z51443141999999999999999999999 616 49203910999999999999999
119118113102 87 70 55 45 43 49 64 84107128143150148138123108 97 92 95104241013Z5 028119151415099999999999999 745 4321 6 9299999999999999
116127132129116 97 74 53 39 36 44 63 89117141155158148130107 87 75 74 84241014Z5 2 8132154115899999999999999 847 352136 7399999999999999
102123140148144128103 75 50 35 34 46 71102132155165159140113 84 62 52 58241015Z5 31114916 816599999999999999 937 3222 8 5299999999999999
 77104133155163157136107 75 49 36 39 57 86120149167168152124 89 57 37 33241016Z5 4 51631634170999999999999991020 352242 3299999999999999
 47 75110143166174164140107 76 53 45 53 76107139163172163138101 63 32 17241017Z5 45517417 11729999999999999911 0 452318 1699999999999999
 21 43 78117152173177165138107 79 61 59 73 98129156171170151118 77 39 13241018Z5 5441781726173999999999999991138 582355  599999999999999
  5 16 45 83123155173174160134107 85 75 79 95120146165171160134 96 56 23241019Z5 6331761752171999999999999991214 74999999999999999999999
  4  3 20 51 89126154167165151129108 94 90 98116137156166163145115 78 43241020Z5 723168181716799999999999999 033  11248 9099999999999999
 16  5  9 29 60 94125147156154141125111104105115130146157159149128 99 67241021Z5 814157184116099999999999999 113  4132010499999999999999
 39 20 14 21 41 68 96121137144142133123116114117126137146150146134114 89241022Z5 91314419 415099999999999999 156 14135311499999999999999
 64 43 30 27 35 52 73 95114127133132129124121121124129134138137132120105241023Z51028133192413899999999999999 245 27143312199999999999999
 86 68 53 44 42 47 59 75 92107118125128128127125124124124125125123119112241024Z51230129192212599999999999999 345 42164912499999999999999
102 90 77 66 57 54 56 63 75 89102115124129131130126121117113110110110111241025Z514 213123 111199999999999999 5 8 54205911099999999999999
110106 99 88 77 67 61 60 64 74 88103117128134135131122112103 97 95 97103241026Z51438135999999999999999999999 642 592059 9599999999999999
109114114109 98 85 72 63 60 64 75 91108125136140136126112 98 86 80 82 90241027Z5 13411515 214099999999999999 756 602119 8099999999999999
102114123125118105 89 73 62 60 66 80 99119135144143133116 96 79 68 66 74241028Z5 243125152414599999999999999 848 592141 6699999999999999
 89108124134134125108 88 71 61 61 72 90112133146149140122 99 76 59 52 57241029Z5 331136154514999999999999999 928 6022 4 5299999999999999
 73 96119137145141127106 85 68 62 67 83105128146153147130104 77 54 41 42241030Z5 41114516 51539999999999999910 3 622227 4099999999999999
 55 79107132149153144125102 81 68 67 78 98122143155153138113 82 53 34 29241031Z5 4481531625156999999999999991035 662252 2999999999999999
 38 60 90121145157156142120 97 79 72 77 93116138154157146122 91 58 33 202411 1Z5 52415816441589999999999999911 5 722318 2099999999999999
 24 42 71104134154161154136113 92 80 79 90110132150158152132102 68 37 182411 2Z5 55816117 5158999999999999991133 782345 1399999999999999
 14 26 51 84117143158159147127106 90 84 90105125144156155140114 80 47 222411 3Z5 63316017271579999999999999912 2 84999999999999999999999
 11 15 34 63 97127148156152138119102 92 92102119137151154146124 94 62 332411 4Z5 7 9157174915599999999999999 014 111230 9199999999999999
 15 12 22 45 75106131147150143129114102 97102113129143150147132108 78 492411 5Z5 749151181415099999999999999 045 1113 0 9799999999999999
 27 15 17 32 56 84110131142142135123112105104111122134142144136118 94 682411 6Z5 835143184014499999999999999 121 15133410499999999999999
 44 27 21 26 41 63 88110126135135130122114110111116124132136134124108 872411 7Z5 934136191113699999999999999 2 3 21142011099999999999999
 65 46 33 29 34 48 66 871061211291321291241191151141161201241261231151032411 8Z51055132195412699999999999999 256 29154411499999999999999
 87 69 54 43 38 41 51 66 841021171281331321281221161111091101121141141122411 9Z51226133214311599999999999999 4 8 38181710999999999999999
105 93 80 65 53 45 45 51 65 82101118131138138132121110100 94 93 97104110241110Z51329139999999999999999999999 536 441941 9399999999999999
114113106 93 78 63 51 47 52 64 83104124139145142131114 96 82 74 75 83 97241111Z5 019115141114599999999999999 659 472025 7399999999999999
111123126121108 90 71 56 50 54 68 89113134148151142123 99 75 58 51 57 72241112Z5 156126144415199999999999999 8 7 5021 3 5199999999999999
 95117134141137121100 78 61 55 60 77100126146156153136108 77 50 33 30 42241113Z5 3 5141151515799999999999999 9 3 552141 2999999999999999
 67 97126147155149131107 84 68 63 71 90115140157161149123 89 53 25 11 14241114Z5 4 3155154516199999999999999 952 632219 1099999999999999
 34 66103136157164156136112 89 75 74 85106131153164160139106 67 30  4 -4241115Z5 4561641615164999999999999991037 732257 -499999999999999
  6 33 70110143164168158137113 94 84 86100122144161164152125 87 47 12 -8241116Z5 5471691645165999999999999991119 832337-1299999999999999
-11  6 37 77116147164166154134113 98 93 99114135153163159141109 70 32  3241117Z5 6371671716163999999999999991158 93999999999999999999999
-12 -8 13 46 85121147160159147129113102101110125142155159149127 94 58 24241118Z5 725161174715999999999999999 018-12123610199999999999999
  2 -7  2 24 57 92122143152149138124112106108117131144151149136113 83 51241119Z5 814152182015299999999999999 059 -7131310699999999999999
 24  8  5 16 38 67 97121137143139130119111109112121131139142137123101 76241120Z5 9 4143185314299999999999999 142  4135410999999999999999
 50 30 19 20 31 51 76100119131134131124116111110113118125129129124111 94241121Z5 957134193113099999999999999 227 18144611099999999999999
 74 54 40 33 35 46 63 83102117126128126120114110108108111114117116112104241122Z51057128202511799999999999999 317 33161410899999999999999
 91 77 62 52 47 49 57 71 88103116124127125119113107102 99 99101104105105241123Z512 1127222210699999999999999 414 461832 9999999999999999
101 94 83 73 63 58 59 66 78 92106118126128125119109100 91 86 85 88 93 99241124Z51257128999999999999999999999 522 581948 8599999999999999
103104100 93 83 74 68 67 73 83 97111123130131126115101 88 77 71 71 77 87241125Z5 043104133913199999999999999 635 672029 7099999999999999
 98107112110103 92 81 74 73 78 89104118130135133123107 88 71 59 55 59 71241126Z5 213112141313699999999999999 742 7221 1 5599999999999999
 87103116122120111 98 86 78 77 84 96112127137139131115 93 71 52 42 42 52241127Z5 314122144214099999999999999 838 772130 4099999999999999
 71 93113128133129117102 88 81 82 91106123137143139125102 75 50 33 27 34241128Z5 4 213315 914399999999999999 925 802158 2799999999999999
 52 77104126140142134119102 89 83 87 99116133144145134113 84 54 30 17 18241129Z5 44214215351469999999999999910 5 832227 1599999999999999
 32 57 87116138148147135117100 89 87 94110128142149143124 96 64 34 13  6241130Z5 52014916 2149999999999999991042 862257  699999999999999
 15 36 67100129147153147131113 97 89 92103120138148148135110 77 44 17  22412 1Z5 5571531630150999999999999991117 892329  099999999999999
  2 17 45 79112138152153142125107 95 92 98113130145150143124 94 60 28  52412 2Z5 6341541659150999999999999991150 91999999999999999999999
 -4  3 25 56 90121143152148135118103 94 95105121137147147135111 79 45 172412 3Z5 712152173014999999999999999 0 3 -41224 9499999999999999
  0 -3 10 35 67100127144148142128112100 96100112127140146141124 98 66 352412 4Z5 75314918 414699999999999999 040 -413 0 9699999999999999
 12  0  3 19 45 76106129142143135122109100 98104115128138140132113 87 582412 5Z5 837144184314099999999999999 119 -11342 9899999999999999
 32 13  6 12 29 55 84110129139138130118107100 99105114125131131122105 812412 6Z5 926140192913299999999999999 2 3  61435 9999999999999999
 56 34 20 15 23 40 64 89112129136135127115105 98 971011081161211211141002412 7Z51019137203112299999999999999 252 151546 9799999999999999
 81 60 42 31 28 35 50 72 94115129135133125113102 93 89 90 961031101131102412 8Z5111413522 211399999999999999 347 281715 8999999999999999
101 87 70 55 45 42 47 61 79100118131136133123110 95 83 75 75 80 89 991072412 9Z512 8136235911099999999999999 452 421837 7499999999999999
110107 97 84 71 60 56 59 70 87106123135138133121103 83 67 57 55 62 76 92241210Z51256138999999999999999999999 6 4 561940 5599999999999999
106115117112100 87 75 69 71 80 95113129140141133115 92 67 47 36 35 46 65241211Z5 144118134014299999999999999 718 692031 3499999999999999
 88109124130126115101 88 80 80 89103121136145143130107 77 48 26 15 18 34241212Z5 3 6130142114699999999999999 829 792118 1599999999999999
 59 88115134142139127111 97 88 88 97112129144149143124 95 61 30  7 -2  6241213Z5 41214215 115099999999999999 931 8722 3 -299999999999999
 27 58 93123144152147134117102 93 94104120137150152141116 83 45 13 -8-12241214Z5 5 71521541153999999999999991025 922247-1399999999999999
  0 27 63100131151157150135117103 96 99110127144153151135106 69 32  1-16241215Z5 5571571621154999999999999991113 962330-1899999999999999
-16  1 32 70108137154157147131114101 97103116134148154147127 95 57 21 -6241216Z5 64215717 1154999999999999991155 97999999999999999999999
-18-12  9 43 80115140153152140123107 98 97106121137149151140117 84 48 15241217Z5 724154174015199999999999999 012-181233 9699999999999999
 -6-13 -2 22 56 91121141148143130114101 95 98109123137145143130105 73 41241218Z5 8 3148182014699999999999999 052-131310 9599999999999999
 14 -1 -2 13 38 70101125139141133119105 95 93 98109123134138133118 94 65241219Z5 84014219 013899999999999999 132 -31348 9399999999999999
 38 18  9 14 30 56 84110128136133123110 98 91 91 97107118126128121106 85241220Z5 914136194312899999999999999 2 9  91431 9099999999999999
 61 40 26 23 31 49 72 96116129131126115103 93 88 88 94102110116116110 97241221Z5 949132203211799999999999999 246 231524 8799999999999999
 79 61 46 38 39 49 66 87106121128127120109 98 88 83 83 87 93100105105101241222Z51024129213910699999999999999 324 381634 8399999999999999
 92 79 67 57 53 56 66 81 98113123127124116105 93 83 77 75 77 82 89 95 98241223Z511 41272322 9899999999999999 4 6 531758 7599999999999999
 97 93 85 77 70 68 71 79 92105117125126122113101 87 75 67 63 65 70 79 88241224Z51148127999999999999999999999 458 681913 6399999999999999
 95 99 99 95 89 83 81 83 89 99110120126127121110 95 79 64 54 50 52 60 73241225Z5 126100123712799999999999999 6 8 8120 8 5099999999999999
 87 99107109107101 95 90 90 95103113123128127120106 87 68 50 39 36 41 54241226Z5 259109132512899999999999999 731 902052 3699999999999999
 72 91107118121118110102 96 94 98106117126131128117 99 76 53 34 24 23 34241227Z5 359121141013199999999999999 846 942131 2299999999999999
 52 76 99118129131126115104 97 95100110122131134128112 89 62 36 18 10 14241228Z5 444132145213499999999999999 945 9522 8 1099999999999999
 31 56 84111130139138129115103 95 95102115128137137126105 76 46 19  3 -1241229Z5 5221401532138999999999999991031 942245 -199999999999999
 10 33 63 95123140146140127111 98 92 95106121135142138122 95 62 30  4 -9241230Z5 5591461611142999999999999991110 922322-1099999999999999
 -7 10 39 74107133147148137121104 92 89 96111128141145137115 84 48 16 -7241231Z5 6341491651146999999999999991146 89999999999999999999999
