 70 41 20 12 20 41 70102128144146137119100 84 76 77 8810412113413813111424 1 1Z6 941147205413899999999999999 3 1 121521 7599999999999999
 90 63 41 27 26 38 61 88114134142139127110 92 79 74 77 8710211612512711924 1 2Z61014143214112799999999999999 335 2516 8 7499999999999999
104 83 63 47 39 43 57 78102122136139133119103 87 76 71 74 83 9510711511624 1 3Z61050139224211699999999999999 411 3917 6 7199999999999999
110 98 83 68 58 54 60 73 91111126135135127113 97 82 71 66 67 74 85 9610524 1 4Z61131136999999999999999999999 453 541815 6599999999999999
109107100 89 79 71 69 74 85100115127133132124109 92 76 63 56 56 63 74 8724 1 5Z6 010109122013499999999999999 548 691929 5599999999999999
 99107110107100 91 84 81 83 92104117128133132122106 87 67 51 42 42 49 6424 1 6Z6 159110131713499999999999999 7 4 812034 4199999999999999
 81 99112119119113103 93 87 87 94105119130136134122103 79 55 36 26 26 3724 1 7Z6 328120141413699999999999999 830 872128 2599999999999999
 56 80104122132132124111 98 89 87 94106122135142138123 98 69 40 18  8 1124 1 8Z6 43013415 914299999999999999 942 872217  799999999999999
 27 53 84114136146144132114 97 86 85 93109128144150143122 91 56 23  0 -924 1 9Z6 5191471559150999999999999991039 8423 3 -999999999999999
 -1 22 55 93126149158151134111 92 81 81 94115137154158147120 83 42  7-1624 110Z6 6 31581647158999999999999991126 792348-2299999999999999
-22 -8 22 62104140161165153130104 84 74 79 97122147164165148116 73 28 -824 111Z6 6441661735166999999999999991210 74999999999999999999999
-28-29 -9 27 73117151169167149121 94 75 69 78101130156171168146109 62 1724 112Z6 724170182217299999999999999 032-311253 6999999999999999
-17-33-28 -2 39 87130160172163140110 83 66 65 79105136161173166140100 5324 113Z6 8 417219 917399999999999999 116-341336 6399999999999999
 11-19-30-19 12 56102141165169155128 97 72 59 61 80108138161169159131 9124 114Z6 843170195816999999999999999 159-301420 5899999999999999
 48 10-13-17 -1 32 75117149165162143114 85 62 53 59 7910713515516014812124 115Z6 920166204916099999999999999 242-1815 7 5399999999999999
 84 47 17  2  4 23 56 94129152160151129101 74 55 49 56 7610212614314613524 116Z6 957160214414799999999999999 324  01557 4999999999999999
112 82 53 31 23 29 49 78109136151152140117 91 67 50 45 52 70 9211312713124 117Z61035153224813199999999999999 4 5 231654 4599999999999999
123106 85 64 51 47 55 73 96120138146143130108 84 62 47 41 46 60 79 9811224 118Z61115146999999999999999999999 448 4718 0 4199999999999999
118115106 93 80 72 71 77 90107123135140136123103 81 59 43 36 38 49 65 8324 119Z6 01211812 214099999999999999 540 701916 3699999999999999
 99109114112105 97 91 89 92100110122131135131120102 80 57 39 29 28 37 5224 120Z6 2 811413 413599999999999999 657 892035 2799999999999999
 72 92108118121119112104 99 98101108118128133131121102 79 54 33 20 17 2624 121Z6 359121141713399999999999999 848 972143 1799999999999999
 44 68 93114128133130121110100 95 97104116128136135124103 76 47 23  9  724 122Z6 5 61331526136999999999999991016 952238  699999999999999
 19 41 71100124139142135122106 94 88 91102118133142140126101 69 37 12 -124 123Z6 5481431622142999999999999991110 882322 -299999999999999
  1 18 46 81113137149147134115 97 84 81 88104124141149144124 94 58 24  024 124Z6 62214917 8149999999999999991148 81999999999999999999999
 -8  0 24 59 96128148154145125103 84 74 77 90111134150154143118 82 43 1124 125Z6 651154174815599999999999999 0 1 -81220 7499999999999999
 -8-10  7 38 77114142155152135111 88 72 68 77 97122144157155137105 66 2824 126Z6 718156182415899999999999999 035-111249 6899999999999999
  1-11 -3 22 58 98131152156144121 95 74 63 66 82106132152159150125 89 5024 127Z6 744157185815999999999999999 1 7-111318 6299999999999999
 16 -4 -6 11 43 81118145156150130104 79 62 58 68 89116140155155139109 7224 128Z6 8 8156193115799999999999999 136 -71347 5899999999999999
 37 11  0  8 32 67104135152153138114 87 65 55 58 73 97123143152145124 9224 129Z6 83215520 515299999999999999 2 5  01417 5499999999999999
 58 29 13 12 28 57 92124146153144123 97 72 56 51 60 7910412614114313110824 130Z6 856153204014499999999999999 232 101449 5199999999999999
 79 50 30 23 31 52 82113137149147131107 82 61 50 51 64 8410612413313111724 131Z6 920150211913499999999999999 259 231525 4999999999999999
 95 71 50 39 39 53 75102127142145136117 93 71 55 48 52 66 8410311712311924 2 1Z6 94514622 512399999999999999 327 3716 6 4899999999999999
106 89 71 58 53 59 74 94116133140137124105 83 64 51 47 52 65 80 9610711224 2 2Z6101314123 911299999999999999 358 531655 4799999999999999
110101 90 79 71 71 77 90106121132134128115 97 78 61 49 45 49 59 72 86 9724 2 3Z61049135999999999999999999999 436 7018 1 4599999999999999
104106104 98 91 87 87 91100110121127128123111 95 76 59 47 40 40 47 60 7424 2 4Z6 053106114012999999999999999 536 861926 3999999999999999
 89102110113111106101 98 98101108116123126123113 97 78 58 41 30 27 32 4624 2 5Z6 3 711313 212699999999999999 732 972051 2799999999999999
 65 86105119127126120110102 96 97102112122129129121104 80 54 31 15 10 1624 2 6Z6 426127143213099999999999999 928 962158  999999999999999
 33 59 88115134142139128112 98 89 88 96111127139141131110 80 47 17 -3 -824 2 7Z6 5151421543141999999999999991034 872252 -899999999999999
  2 26 61 97129150156147129106 87 77 79 93114136152155142114 76 36  2-1924 2 8Z6 5541561642156999999999999991121 762339-2399999999999999
-22 -6 27 69112146164164148121 93 72 64 71 92121149166167149114 69 24-1224 2 9Z6 63016617331699999999999999912 2 64999999999999999999999
-31-28 -4 37 85129161173165140106 75 55 52 67 95130160177174150109 60 1324 210Z6 7 5173182217899999999999999 023-321241 5199999999999999
-20-33-23  9 55105147172175157124 87 57 41 44 65100138168181174144100 5124 211Z6 73917719 918299999999999999 1 4-331321 4099999999999999
  8-19-24 -6 31 79125160176169142105 68 40 30 40 67104141169178165134 9024 212Z6 811176195617899999999999999 143-2514 1 3099999999999999
 46 11 -7 -4 20 59103143167171155123 85 51 29 25 39 6910614016216615112024 213Z6 842172204316799999999999999 221 -91443 2499999999999999
 82 47 22 13 24 50 87124153166160137104 68 39 24 24 41 7010313214814913424 214Z6 912166213315199999999999999 257 131527 2299999999999999
109 80 55 40 40 54 79110137154157144119 88 58 35 24 28 44 69 9611813113124 215Z6 941157223013299999999999999 331 381615 2499999999999999
120102 83 69 63 68 82102123139147143129106 80 55 37 29 33 45 65 8510211324 216Z61011147234911699999999999999 4 5 631713 2999999999999999
115111102 93 87 86 91101113126134136130117 99 79 59 44 35 35 43 56 72 8724 217Z61046136999999999999999999999 442 851829 3499999999999999
 99107109109106104103105109114120124125122113100 83 66 50 39 34 37 46 6024 218Z6 215110114712599999999999999 55210320 8 3499999999999999
 77 93106115120120117112108106107110114119120116106 91 72 53 37 28 28 3624 219Z6 430120134912099999999999999 9201062133 2799999999999999
 52 73 95113126131129122112102 96 96101110119125124115 97 74 50 30 19 1924 220Z6 5121321524126999999999999991036 952231 1799999999999999
 30 52 78105126138140132118102 90 84 86 97112127136134121 98 69 40 19  924 221Z6 5401411623136999999999999991112 842313  899999999999999
 13 31 59 91120140148142127106 87 75 73 83100121139147141122 92 58 27  724 222Z6 6 414817 7147999999999999991140 732347  299999999999999
  2 14 41 75110137152151137113 89 70 63 68 86110135151155142115 79 42 1424 223Z6 62715317431559999999999999912 5 63999999999999999999999
  0  4 25 59 97130152157146123 95 70 56 56 70 95124148160157136102 62 2724 224Z6 649157181716199999999999999 017 -11230 5499999999999999
  5  0 14 44 83120148160154133103 74 53 46 55 78108137158163151122 84 4624 225Z6 710160184916499999999999999 045 -11256 4699999999999999
 17  4 10 34 70109141159159142113 81 54 40 42 60 89121148162159139105 6824 226Z6 730162192016399999999999999 111  31322 3999999999999999
 35 15 12 29 60 97132156162150123 90 60 39 34 45 69101131153159148123 8924 227Z6 750162195215999999999999999 137 111350 3399999999999999
 55 30 21 29 53 87122149161155133102 69 43 30 33 51 8011113715215013410724 228Z6 811161202615399999999999999 2 2 211418 3099999999999999
 76 50 35 36 52 80112140156156141113 81 52 33 28 38 60 8911713714413811924 229Z6 83115821 214499999999999999 227 331449 2899999999999999
 94 70 53 47 56 76103129148153144123 94 64 42 30 31 45 68 9411613013312524 3 1Z6 853153214313499999999999999 253 471523 2999999999999999
108 88 72 63 65 77 96119137146144129106 80 55 38 32 37 51 71 9311012012124 3 2Z6 918147223812299999999999999 321 6216 5 3299999999999999
115103 91 82 78 83 95110125136139132117 96 74 54 41 36 40 52 68 85 9910924 3 3Z6 947139999999999999999999999 354 7817 1 3699999999999999
113111106100 96 95 98105115123129129123110 94 76 59 46 39 39 46 57 72 8624 3 4Z6 012113103213099999999999999 446 951829 3899999999999999
100110115117115111107106107110115120122120113101 85 67 50 37 31 33 42 5724 3 5Z6 25011712 812299999999999999 7 81062019 3199999999999999
 77 97114127132130122113104 99 99104113122126125114 97 74 50 30 17 16 2624 3 6Z6 411132141612799999999999999 928 982139 1599999999999999
 46 73102127143147141126108 93 84 85 95112128140141131108 77 45 18  1  024 3 7Z6 4541471538142999999999999991025 832236 -299999999999999
 14 43 79115144159159144120 94 74 66 72 90116141157159145115 76 36  4-1324 3 8Z6 52816116381619999999999999911 6 662322-1499999999999999
-10 12 50 93134162172163137104 73 52 48 62 90125156174174153116 69 26 -624 3 9Z6 6 11721729177999999999999991143 47999999999999999999999
-19 -9 22 67114154176177156121 81 48 31 34 57 94135169186181154110 61 1924 310Z6 632180181718799999999999999 0 4-191221 3099999999999999
 -8-13  5 43 91137170183172140 98 56 26 15 27 58101144177189179147102 5524 311Z6 7 218319 318999999999999999 043-141259 1599999999999999
 18 -1  3 29 70117156179180157118 73 33  9  7 26 63107149177184168135 9324 312Z6 731183194918499999999999999 120 -21337  599999999999999
 53 26 17 29 59 99139168179167137 94 51 18  2  7 31 6911114716917015312224 313Z6 759179203517299999999999999 155 171417  199999999999999
 87 58 41 42 59 88123153169168148114 74 38 12  4 14 39 7511114015415213624 314Z6 826171212315599999999999999 229 391458  499999999999999
112 87 68 62 68 86112137155161151128 96 62 34 16 13 25 48 7710612713613424 315Z6 853161221813799999999999999 3 1 621542 1299999999999999
123107 92 83 83 92107125140148146134112 86 60 39 27 26 36 54 76 9611212024 316Z6 919149233412199999999999999 332 821635 2599999999999999
120115108102 99101108117126133135131120103 84 65 50 40 38 43 54 69 85 9924 317Z6 948135999999999999999999999 4 7 991747 3799999999999999
108114116115114112112113116119121121119113103 91 76 62 51 44 44 50 61 7524 318Z6 212116104312199999999999999 5371121932 4499999999999999
 91105116123125124119114109106105108111115115111101 87 71 56 44 40 43 5424 319Z6 4 5125133711599999999999999 94010521 6 4099999999999999
 71 90109124133134128118107 97 92 92 99109118124122112 95 74 53 38 32 3724 320Z6 4391351518124999999999999991022 9122 5 3299999999999999
 51 74 99121137143139126109 92 81 78 84 98114129136133119 96 69 45 29 2524 321Z6 5 41431613137999999999999991050 772246 2599999999999999
 35 57 85114137149148135115 92 74 65 68 82104126143148140119 89 58 33 2124 322Z6 5261501655148999999999999991115 652319 2099999999999999
 24 42 71104133152156146123 96 71 55 53 65 89116141156156140112 77 45 2424 323Z6 5471571730158999999999999991139 522348 1899999999999999
 19 31 57 92126151162155134103 73 50 41 48 70101132156165157133 99 63 3424 324Z6 6 716218 31659999999999999912 3 41999999999999999999999
 21 25 47 80116147164163144114 79 49 33 33 51 81116147166168151120 84 5124 325Z6 627166183616999999999999999 016 201228 3199999999999999
 29 26 40 70106140162168154125 88 54 30 23 33 60 95131158170163139105 7024 326Z6 64616819 817099999999999999 042 251254 2299999999999999
 44 32 39 62 96131157169161136100 63 33 17 20 40 73110143164167152124 9124 327Z6 7 7169194016899999999999999 1 8 321321 1699999999999999
 62 44 43 59 87120149166165146114 76 41 19 13 25 52 8712315016215813811024 328Z6 727168201416399999999999999 134 421349 1399999999999999
 82 61 53 60 81110139159164153126 91 55 28 14 17 35 65 9912914915514512524 329Z6 749165205115599999999999999 2 1 531420 1399999999999999
100 79 66 67 80102127149159154135106 72 42 23 17 25 46 7510512914314313324 330Z6 813159213414599999999999999 229 651454 1699999999999999
116 97 83 78 83 97117136149151140119 91 62 39 25 24 35 55 8010412213213224 331Z6 840152223113399999999999999 3 0 781537 2399999999999999
125113101 93 92 98110124136142139127108 84 61 43 33 32 41 57 76 9611112124 4 1Z6 913142999999999999999999999 340 921635 3199999999999999
125123117111106105107114122128131129120106 88 69 53 42 38 41 51 66 8410124 4 2Z6 0 512510 513299999999999999 45010518 3 3899999999999999
115125129128123117111108108111116121124121113100 82 64 48 37 35 40 54 7324 4 3Z6 21712912 312499999999999999 7271081950 3599999999999999
 95116132141141133121108 98 94 96104116126131128116 97 73 50 32 24 28 4424 4 4Z6 330142141113199999999999999 910 942111 2499999999999999
 69 98126146155151137116 95 79 74 79 95116135147147134109 77 47 24 14 1924 4 5Z6 41315515301499999999999999910 0 7422 8 1399999999999999
 41 73109141162167156131101 73 55 53 66 91122149165165147115 77 41 16  824 4 6Z6 4471681629167999999999999991040 522255  899999999999999
 19 48 87128160176173150115 77 46 31 35 57 93132164181177154116 73 36 1424 4 7Z6 5191771720182999999999999991118 302337 1099999999999999
 11 30 65108149176184169135 91 49 20 11 23 56 99143176190182154112 69 3624 4 8Z6 55018418 8191999999999999991156 11999999999999999999999
 19 24 49 89132167186182155113 65 24  0 -1 20 59107152182192179147106 6724 4 9Z6 620187185519299999999999999 016 181234 -499999999999999
 41 33 45 75114152178186170135 88 41  6-10 -4 25 6711515618118516813710024 410Z6 649186194118699999999999999 054 331313-1199999999999999
 70 52 52 70100135165180176152112 66 25 -2-10  3 35 7712015517317215412624 411Z6 718181202717599999999999999 130 501352-1099999999999999
 98 76 67 74 93121149168173160131 92 52 19  0 -1 16 47 8512114815915614024 412Z6 747173211516099999999999999 2 5 671433 -399999999999999
119 99 86 84 94112134152162159141113 79 47 22 11 14 31 58 9011813714514124 413Z6 81616322 914599999999999999 239 831517 1099999999999999
129115103 97 99108122137147150142125101 74 50 33 26 30 44 66 9011112513224 414Z6 846150231913299999999999999 317 9716 8 2599999999999999
131124117110107109115123131136135128115 97 78 60 47 41 43 53 69 8710311624 415Z6 924136999999999999999999999 4 71071713 4099999999999999
124127125122117114113113116119122122119112100 87 72 60 52 51 56 67 82 9824 416Z6 1 7127103812299999999999999 6 51131841 5099999999999999
112123129131128122115108104104106110115118116109 97 83 68 57 52 55 64 8024 417Z6 246131131011899999999999999 8441032011 5299999999999999
 98115129137138131121108 97 90 89 95104115123125120107 90 71 57 50 52 6324 418Z6 335138144812699999999999999 937 892116 4999999999999999
 82104125140146142130112 94 80 74 77 89106122134137129113 90 68 52 46 5124 419Z6 4 61461547137999999999999991010 7422 2 4699999999999999
 68 92117139151152140120 96 75 62 60 71 90113134147147135113 86 62 47 4424 420Z6 4321531632149999999999999991038 592239 4499999999999999
 56 79107135153160151130102 75 54 45 52 71 98127149159154135107 78 55 4424 421Z6 45516017101599999999999999911 5 452312 4499999999999999
 49 68 97127152164161142112 79 51 34 34 50 78111142162166154129 98 69 5124 422Z6 5171651746167999999999999991131 322342 4699999999999999
 47 60 86118147166168153124 88 53 29 21 30 56 91127156171168149119 88 6324 423Z6 5391691820172999999999999991158 21999999999999999999999
 51 57 77107139163172163138101 62 30 13 15 34 68107143167175164139108 7924 424Z6 6 1172185517599999999999999 011 511225 1299999999999999
 61 58 71 97128156171170150116 76 39 14  6 17 45 82122154172172155128 9824 425Z6 625173193017499999999999999 041 571255  699999999999999
 75 65 70 89117146166172160131 93 54 22  5  7 26 58 9713315917016314411724 426Z6 65017220 617099999999999999 110 651326  499999999999999
 92 77 74 85107133156168164144111 73 38 14  5 14 38 7110813915816315313324 427Z6 716169204716399999999999999 142 7314 0  599999999999999
110 92 83 86100121143159163152128 95 60 32 14 12 24 49 8111313815215314324 428Z6 746163213515499999999999999 216 821440 1199999999999999
126109 97 92 98111129146155153139115 85 56 33 21 21 34 57 8511213214414524 429Z6 821155223614699999999999999 256 921528 1999999999999999
137125113104102106117130141146142129108 84 60 41 30 30 41 60 8310612513724 430Z6 9 7146999999999999999999999 3511011630 2999999999999999
141138129120111107108114122130135134126110 91 70 52 40 37 43 58 7810012024 5 1Z6 0 0141102013699999999999999 5191071750 3799999999999999
135143143136126114105101102109118127131129120103 83 63 48 40 42 53 73 9724 5 2Z6 129144121313299999999999999 7131001918 3999999999999999
121140151151143127109 94 85 84 93107123135140134119 97 73 52 40 39 51 7324 5 3Z6 234152135914099999999999999 832 832034 3899999999999999
101129150161159145121 96 74 63 64 77 99124144154150134108 79 54 39 39 5324 5 4Z6 320162151515499999999999999 925 622133 3799999999999999
 79111142164171163139107 74 50 39 45 66 97130156169165145115 82 55 41 4324 5 5Z6 35817116171699999999999999910 9 392223 4099999999999999
 61 92127158176177159126 86 49 24 18 31 60100138168181174151118 84 58 4624 5 6Z6 4331791710181999999999999991050 1723 8 4699999999999999
 53 76109144172184175148107 62 25  3  3 24 61106148177187178151117 84 6224 5 7Z6 5 618418 0187999999999999991131  02350 5699999999999999
 56 68 94128160182184167131 85 39  5-10 -3 25 67114155181188174147114 8524 5 8Z6 5391861848188999999999999991211-10999999999999999999999
 69 69 85113145171184178152111 65 23 -5-13  1 33 7712215918018216613911024 5 9Z6 612185193518499999999999999 031 671252-1399999999999999
 88 78 83102129156175179166135 93 50 14 -6 -8 11 45 8812815917417215513124 510Z6 645180202117599999999999999 110 781333-1099999999999999
108 92 88 97116140161172169150118 79 42 14  0  5 26 59 9713115516415914424 511Z6 71917321 716499999999999999 148 881415  099999999999999
124107 97 98108125144159163156135105 71 41 20 13 20 42 7210413114815414824 512Z6 754163215715499999999999999 228 9615 0 1399999999999999
135120108103105115128142151151142123 97 70 46 31 28 36 56 8110712914214524 513Z6 834152225214599999999999999 3131031547 2799999999999999
140130119111107109116125135140139131115 95 73 55 44 42 50 66 8710812613724 514Z6 922141235814099999999999999 4101071642 4199999999999999
140137129120112108108111118124129129124113 98 81 66 56 54 60 73 9110912524 515Z61034130999999999999999999999 5341071745 5399999999999999
135139137131121112104101102106113120124123116104 89 75 65 62 66 77 9311124 516Z6 1 9140121812499999999999999 7171011858 6299999999999999
127138143140132119106 95 89 89 95105116124127123113 98 83 71 66 69 81 9824 517Z6 2 7143135712799999999999999 829 8820 6 6699999999999999
117134145148143129112 94 81 74 76 86101117130135132121104 87 73 68 72 8624 518Z6 25114815 913699999999999999 916 7421 4 6899999999999999
105126144153152141122 99 77 63 58 65 81103124140146141127107 87 73 69 7724 519Z6 32615416 314699999999999999 953 582150 6999999999999999
 94116138154160152134107 79 57 44 46 60 83111136152156147129105 85 73 7224 520Z6 3561601648157999999999999991025 432231 7199999999999999
 85106130152164162146119 87 57 36 29 38 60 91124150164164149126101 82 7324 521Z6 4241651728166999999999999991056 2923 8 7399999999999999
 78 96120146164169159134100 64 35 19 20 37 68104138163172166147121 96 8024 522Z6 45116918 6173999999999999991127 172343 7699999999999999
 77 88109136159172169149117 78 42 17  8 17 43 79118151172176164140113 9124 523Z6 52017318441779999999999999912 0  8999999999999999999999
 80 83 99124150169174163135 98 58 25  6  4 21 53 9213116117617415713210724 524Z6 550175192217799999999999999 018 801234  399999999999999
 89 84 92112138161174171152119 80 41 13  1  7 29 6510514116617516814912524 525Z6 62217520 317599999999999999 053 841311  199999999999999
103 90 90102124148166173164140105 66 32  9  3 14 40 7611414616617016114124 526Z6 657173204817199999999999999 131 881352  299999999999999
120102 94 97111132152166168154128 94 58 29 11  9 23 50 8511914716216415424 527Z6 737169213716599999999999999 213 931438  899999999999999
136117103 98102116134151161160145120 88 57 32 18 19 33 59 9112214515815924 528Z6 823162223316099999999999999 3 3 981528 1699999999999999
149134117105100104115131145153151139116 89 62 40 28 29 43 66 9512214415624 529Z6 920154233415799999999999999 4 31001626 2799999999999999
156148133117104 98 99108122135144145136118 95 71 51 40 40 51 72 9812414424 530Z61036146999999999999999999999 518 971730 3899999999999999
156157149133115 99 90 88 95109124136142138126106 84 64 52 50 59 7810212724 531Z6 03715812 714299999999999999 639 881840 4999999999999999
148159160150131109 89 75 72 79 94114132143145136119 97 77 63 59 67 8510924 6 1Z6 133161134014699999999999999 750 721950 5999999999999999
134154165163149125 98 73 56 52 61 81106131148154148132110 88 72 67 75 9324 6 2Z6 22216615 015499999999999999 848 522055 6799999999999999
117143163171165145115 82 53 36 33 46 72103134156165160143119 96 80 75 8324 6 3Z6 3 617116 816599999999999999 939 322152 7599999999999999
102128153171175164137101 64 33 17 18 36 68105140164174168149124100 85 8224 6 4Z6 34717617 6174999999999999991026 152244 8199999999999999
 92113139163177176158126 85 46 16  3  9 33 70111148172180172151125102 8924 6 5Z6 4271791758180999999999999991111  32332 8799999999999999
 88101124150171181174150112 70 31  4 -4  8 36 7711915517718217014812310224 6 6Z6 5 61811846182999999999999991155 -4999999999999999999999
 92 95110134158176180167138 99 56 20 -1 -4 13 45 8712816117817816414111824 6 7Z6 546180193118099999999999999 016 921238 -599999999999999
101 95102119142164177175158126 86 46 16  0  3 24 58 9913716417517115513324 6 8Z6 625178201317699999999999999 058 951321 -199999999999999
112100 98108126148166174167146114 76 41 16  7 15 39 7311114316417016214524 6 9Z6 7 5174205417099999999999999 139 9714 3  799999999999999
124108 99101113131150164167157134103 69 40 21 18 30 55 8812114716216215224 610Z6 745168213416499999999999999 219 991443 1799999999999999
135117105100104117133149159158146123 95 66 43 30 32 47 7210212914915815524 611Z6 828160221415899999999999999 3 11001524 2999999999999999
143128113103100105117131144150148135115 90 67 49 42 47 63 8711313514915424 612Z6 914151225615499999999999999 34910016 6 4299999999999999
149137123109101 99104114126136141138127110 91 72 59 56 62 78 9912113914924 613Z61010141234215199999999999999 446 991651 5699999999999999
151145133119106 97 95 98107117127132132124111 95 80 71 69 76 9010812714124 614Z61123133999999999999999999999 554 951743 6999999999999999
150150142130115101 91 87 89 97108119127130125116103 90 82 80 86 9911513224 615Z6 031151125213099999999999999 7 7 871844 8099999999999999
145151150141126109 92 80 75 78 87101115127133132124112100 91 88 9310512124 616Z6 120152142113399999999999999 810 751951 8899999999999999
137149154150138120 99 80 66 61 66 79 97116132141141134121107 97 93 9811024 617Z6 2 7154153114299999999999999 9 0 612055 9399999999999999
127143154157150134110 85 64 50 47 56 75 99123142152151142126110 99 9610224 618Z6 249158162715399999999999999 943 472150 9699999999999999
116134150161160148126 97 69 46 34 36 51 75105133154163160146128110 98 9724 619Z6 3291621713163999999999999991023 332238 9699999999999999
106123143159167162143115 82 51 29 21 28 50 81115146166172164146125107 9724 620Z6 4 716717561729999999999999911 2 212321 9699999999999999
 98111131153168172161136102 65 34 14 11 25 53 9012715817517716414312010224 621Z6 4461721836178999999999999991141 10999999999999999999999
 95101118141162175174157127 88 50 20  4  7 27 6110113916718117716013611324 622Z6 526177191718199999999999999 0 3 951222  399999999999999
 98 95105126150171180174151116 75 37 10  0  8 33 7111214917418217415412924 623Z6 6 8180195918299999999999999 044 9513 5  099999999999999
107 95 96110133157176181170144106 65 29  6  1 13 43 8212315717718016814624 624Z6 652181204218199999999999999 126 941349  099999999999999
121102 93 97114137161176179165136 98 59 27  9  7 24 55 9513316217717616124 625Z6 739180212517999999999999999 211 931434  699999999999999
138115 97 91 97115138160173173158129 94 58 31 17 20 39 7010714116517517024 626Z6 83017522 917599999999999999 3 0 911521 1699999999999999
153130108 92 88 95112134154166165150125 93 63 41 31 36 56 8511814716617224 627Z6 927167225417299999999999999 354 8716 9 3199999999999999
164146123101 86 82 89105125144156156145124 98 73 55 48 55 7410012815216624 628Z61033158234016999999999999999 454 8217 0 4899999999999999
168159140116 94 79 73 79 94113133146150143127107 87 73 68 74 9011213515524 629Z61151150999999999999999999999 559 731757 6899999999999999
166165154134110 86 69 62 66 80100121138146145135119103 90 85 8910212014024 630Z6 029167132214799999999999999 7 8 6219 3 8599999999999999
157165164151129103 78 58 49 52 67 88112133147150145133118105 9910111012624 7 1Z6 121166145315099999999999999 814 492018 9899999999999999
144158166163149125 96 68 46 36 39 55 7910713315115915614412911510710611424 7 2Z6 215167161215999999999999999 916 35213210599999999999999
129146161168164148121 88 57 34 24 28 47 7510813815916816515213511910910824 7 3Z6 3 91691714168999999999999991011 23223610799999999999999
116132150166172165145115 79 46 23 14 22 45 7811414616717517015413411710724 7 4Z6 4 117218 31759999999999999911 2 14232810599999999999999
107117136156171175166142107 69 36 15  9 21 49 8612415617517916914912811124 7 5Z6 4501751846179999999999999991148  9999999999999999999999
103106120141162176177163135 98 59 27 10  9 27 59 9813616517917816314011824 7 6Z6 536178192318099999999999999 0121021231  799999999999999
103 99107125148168179176157125 87 49 22  9 15 39 7411414917217917115212824 7 7Z6 618180195717999999999999999 051 991310  999999999999999
108 97 98110131155173179171148113 75 42 20 15 28 56 9313015917517516113924 7 8Z6 658179202917799999999999999 127 961347 1499999999999999
116100 93 99115138159173175162135101 66 38 24 26 45 7611214516717416714924 7 9Z6 737176205917499999999999999 2 1 931421 2399999999999999
126106 93 92102120142161170167150122 90 60 40 34 43 66 9713015516916915624 710Z6 815171212817199999999999999 237 911454 3399999999999999
136114 97 89 92105124143158163155137111 83 60 48 48 63 8811714316216816124 711Z6 856163215816899999999999999 315 891527 4699999999999999
145125105 92 87 92106123140151153144126104 82 67 61 67 8310713215216316324 712Z6 940153222916499999999999999 357 8716 0 6199999999999999
152135115 98 87 85 91104119133142143135121103 88 78 77 8510112214115516124 713Z6103414323 316199999999999999 446 851637 7699999999999999
156144127108 93 83 82 87 99113125133135131121109 98 92 9310111513114615524 714Z61147135234415799999999999999 543 811723 9199999999999999
157151138121103 88 78 76 80 9110411712813313212711911110610611212213514624 715Z61324133999999999999999999999 650 76182810599999999999999
153154147134117 98 81 70 66 71 81 9611212713614013713012211611411712513624 716Z6 03615515 214099999999999999 759 66195411499999999999999
146153154147133113 92 73 59 55 59 72 9111213114515114914113012111611712524 717Z6 137154161415199999999999999 9 1 55211811699999999999999
136148156157149132109 84 61 46 41 48 65 8911614015716315914713312011311424 718Z6 23815817 616399999999999999 955 41222111399999999999999
124138153163163153132103 73 47 30 27 38 61 9312515216917416514913011510824 719Z6 3351641749174999999999999991044 27231010899999999999999
111124143161172171157130 95 60 32 16 16 33 6310013716618118116714512210624 720Z6 4271731828183999999999999991129 14235410199999999999999
101109127151171182178158125 85 47 18  5 10 33 7011215117818918216213611224 721Z6 51618319 6189999999999999991214  4999999999999999999999
 97 96109132159181190182157119 75 35  8 -1 10 40 8212716518819217915312324 722Z6 6 4190194319399999999999999 035 941257 -199999999999999
100 88 91110138167189195182152110 66 28  5  2 19 55 9914317719319017014024 723Z6 651195202019499999999999999 116 871339  099999999999999
110 88 80 89111142172191194178145102 60 27 10 13 36 7411815818419318215724 724Z6 739195205619399999999999999 159 801420  999999999999999
125 96 78 74 87112143171188187169136 97 60 34 24 33 59 9713616818618717024 725Z6 829190213118999999999999999 243 7315 1 2499999999999999
142111 85 70 70 85111140165179176158129 96 67 48 45 58 8411815017418317724 726Z6 92218022 618399999999999999 330 681542 4499999999999999
157129100 76 64 66 82106132154166163149126101 80 69 70 8410713415817417624 727Z61021166224217799999999999999 421 631623 6799999999999999
166145118 92 71 61 63 77 98121140151152143128111 97 91 9410612414416016924 728Z61133153232417099999999999999 520 601711 9199999999999999
168156137113 89 69 59 59 70 8710812613914514213512511611211312113314615724 729Z61311145999999999999999999999 628 58181511199999999999999
163161151134111 88 69 56 54 60 75 9511513214314814613913212612412613314224 730Z6 01816315 914899999999999999 747 53195812499999999999999
152158158151135113 89 67 52 46 50 64 8611013214815715715114113212512412824 731Z6 132159163415899999999999999 9 4 46214412499999999999999
138149158160154139116 88 63 44 36 41 57 8211113815716716615714312912011724 8 1Z6 25116017251689999999999999910 9 36224911799999999999999
123135150162167160143115 84 55 35 28 35 56 8712014916917617015513712011024 8 2Z6 35816718 31769999999999999911 0 28233210899999999999999
110119136155170174165143111 76 45 26 22 35 63 9813416217818016714612410724 8 3Z6 4511741834181999999999999991143 22999999999999999999999
100105121143165179180166137101 64 35 20 23 43 7711515117518417715713210924 8 4Z6 53518119 318499999999999999 0 61001220 1999999999999999
 95 94105127153174185181160126 87 51 27 20 31 59 9713516618318316714211524 8 5Z6 614186192918599999999999999 037 931253 2099999999999999
 95 86 92110137163182187176149112 73 42 26 28 48 8112015517818517515212424 8 6Z6 650187195318599999999999999 1 6 861324 2499999999999999
 99 84 82 95119146171184183165133 96 62 39 32 43 7010614217018418016113424 8 7Z6 724186201618499999999999999 136 811352 3299999999999999
106 85 77 83101127154174181173150118 84 57 43 46 65 9613116117918116814424 8 8Z6 758181203918299999999999999 2 6 771420 4299999999999999
116 91 76 75 86108134157172172159135105 78 60 56 67 9012115017118017315324 8 9Z6 83417421 218099999999999999 238 741447 5599999999999999
127100 81 72 76 91113137156164161145123 99 79 70 74 8911414016217417316024 810Z6 912165212517599999999999999 312 721514 7099999999999999
137112 90 75 71 79 95116136149154148135117 99 88 86 9411013215216617016324 811Z6 957154215117099999999999999 349 711544 8599999999999999
146124102 84 73 73 81 9611413014014413913011810710210311212614215616316224 812Z61055144222216399999999999999 435 72161810199999999999999
152136116 97 82 73 73 80 9210712113113613613212511911711812513414515315624 813Z6122713723 615799999999999999 533 7217 911799999999999999
154145131114 96 82 73 70 74 84 9711112413413914013713312912813013514114724 814Z61442140999999999999999999999 652 70185612899999999999999
151150144132116 98 81 69 62 63 72 8610412213814815215114413713012812913524 815Z6 02215116 915399999999999999 822 6221 712799999999999999
143150153150139121100 78 60 49 49 58 7710112614816216716215013612511912124 816Z6 2 1153165716799999999999999 934 48221611999999999999999
130143156163161148126 98 69 46 33 33 47 7310513716317717816714812811310724 817Z6 3191631734179999999999999991030 3123 210799999999999999
113128148166177174157129 93 57 30 17 21 42 76116153179190184165139114 9824 818Z6 42017718 8191999999999999991117 162341 9499999999999999
 95107130157180191186163126 84 44 16  6 17 46 88133171194198183154122 9524 819Z6 5121921841199999999999999991159  6999999999999999999999
 82 85105135168193203193163120 73 33  8  4 23 6010715318720319717313710224 820Z6 6 0203191320499999999999999 019 811240  399999999999999
 76 68 78106142178203209193158111 64 28 10 14 40 8213017219920518815611624 821Z6 647209194520599999999999999 057 681319  899999999999999
 81 60 58 75108148183205206186148103 61 32 22 34 6510815218620319717213524 822Z6 734208201620399999999999999 137 561357 2299999999999999
 96 65 49 53 76111150183199196174138 98 65 45 44 61 9413316919219818315324 823Z6 821201204619899999999999999 218 481434 4299999999999999
115 79 54 44 53 78113148175187181160130 99 76 66 71 9112115217719018616624 824Z6 911187211519099999999999999 3 1 441510 6599999999999999
135100 70 51 46 57 80111140161170165149127107 93 90 9911714016217718017024 825Z610 7170214618099999999999999 348 461546 9099999999999999
150122 93 69 54 51 61 8010512814515315114213011911311312113414916116816724 826Z61119153222116999999999999999 442 51162611299999999999999
157139117 94 74 61 57 63 77 9511312913914314313913413113113414014715315724 827Z61318144231615799999999999999 552 57173413099999999999999
155149136119100 82 68 61 62 70 8310011813314314915014714313913613613814224 828Z61543150999999999999999999999 726 60203513599999999999999
147150148141127109 90 72 60 56 60 73 9311413515115916115614713612812512624 829Z6 111150164116199999999999999 859 56221012499999999999999
133143151154150137116 92 70 54 47 52 68 9212014416217016815714112511511224 830Z6 25815417151709999999999999910 4 47225111299999999999999
117130146159165160143118 88 62 44 39 49 7110113315917417716714912710910024 831Z6 4 31651742178999999999999991051 392321 9999999999999999
102114134156171176166143112 78 50 35 36 53 82117150174183177158133109 9324 9 1Z6 45017618 6183999999999999991128 332348 8899999999999999
 89 98119145168183182166136 99 65 40 31 40 66101139169185185169142113 9024 9 2Z6 5291851828187999999999999991159 31999999999999999999999
 79 83101129158181190182158122 84 52 34 35 54 87126161184190178152120 9224 9 3Z6 6 4190185019099999999999999 014 781228 3299999999999999
 74 71 84110142171189191175144106 70 45 37 48 76113150178191185162130 9824 9 4Z6 636193191019199999999999999 040 701255 3799999999999999
 73 63 69 91123155181192185162128 91 61 46 49 7010313917118918917114110724 9 5Z6 7 9192193019199999999999999 1 6 631320 4599999999999999
 77 60 59 74102135165184187173146112 81 60 56 69 9512916118318917815111824 9 6Z6 741188195019099999999999999 134 571346 5599999999999999
 85 62 54 61 83113145169181177158130101 78 68 73 9212115117518618116013024 9 7Z6 814182201118699999999999999 2 2 541411 6799999999999999
 97 70 55 54 68 93123150168173163144119 97 83 82 9311514216517918016614124 9 8Z6 850173203218199999999999999 232 531436 8199999999999999
110 82 62 55 60 77102128149161161150133115100 9510011413415416917416714924 9 9Z6 930162205517499999999999999 3 5 5515 3 9599999999999999
124 97 75 62 59 67 8410612614215014914112911811011011712914515816516415324 910Z61022150212216699999999999999 344 59153410999999999999999
136114 93 76 66 65 72 8610311913213914113813212712412513013814615315615324 911Z61149141215915699999999999999 436 64162012499999999999999
144130113 95 81 72 68 72 81 9310712113213914314214013713513513714014414724 912Z61427143232514799999999999999 558 68183613499999999999999
146142133119104 88 75 66 64 69 80 9611413114515415615314513713012712913424 913Z61551156999999999999999999999 748 64211112799999999999999
141147149144132114 93 72 57 50 53 66 8811413915916917016114612911711211624 914Z6 146149163117199999999999999 913 5022 511299999999999999
127142156163160146122 93 65 43 34 39 58 88122154176184178160136113 98 9524 915Z6 31416317 4184999999999999991010 342244 9499999999999999
105125150171181177157125 88 53 29 21 32 59 98139173193194178149117 90 7624 916Z6 4141811735196999999999999991056 212320 7599999999999999
 79 98129162188198190163123 79 41 19 16 35 71116160192204195167129 91 6524 917Z6 5 519818 5204999999999999991137 142356 5699999999999999
 56 68 97137175202210196162117 70 34 17 22 50 92140181205207186148104 6524 918Z6 5522111834209999999999999991216 16999999999999999999999
 43 41 62100145186211214194156109 65 35 26 40 74119163197210199168123 7824 919Z6 63921619 421099999999999999 033 391254 2699999999999999
 43 27 35 63106152190211209185146103 66 46 46 66102144181204204183145 9924 920Z6 725213193220799999999999999 111 271330 4399999999999999
 57 29 21 35 68112155188203196172136101 75 64 71 9512916419020019016212224 921Z6 81220320 120099999999999999 151 2114 6 6499999999999999
 80 45 25 24 42 75115152178187179158130105 89 87 9812114917318818817114224 922Z6 9 1187202919099999999999999 233 221440 8699999999999999
105 70 44 31 34 52 8211514416316916214712911410710912113915817217717115324 923Z6 956169205817799999999999999 318 30151510699999999999999
127 98 71 51 43 47 62 8510913114615215014213312612412713514515516216215524 924Z61111152213116399999999999999 411 42155712499999999999999
140121 99 79 64 57 58 67 8310111813214014414414113813613613814114514714724 925Z61324144223114899999999999999 522 56173513699999999999999
144135123108 92 78 68 64 67 77 9110812413714615115114714113513112913013424 926Z61527151999999999999999999999 7 2 6421 712999999999999999
138140139132120104 87 73 64 63 70 8410412414215516015814913712511711411724 927Z6 113141161116099999999999999 839 62215911499999999999999
126136146149144131112 90 71 58 56 65 84108133154166168159143125109 9910024 928Z6 257149163916899999999999999 942 562230 9899999999999999
109125143156161155137112 85 63 51 52 66 91121148168175169152129106 89 8424 929Z6 35616117 3175999999999999991025 492256 8499999999999999
 91109133155170172160135105 75 53 46 54 76107140166180179163137108 84 7224 930Z6 43917317251819999999999999911 0 462321 7199999999999999
 74 90117146169181177158127 92 63 47 47 64 94129160181185173147114 84 642410 1Z6 5161821745186999999999999991129 452346 5999999999999999
 60 72 97130161182188176149113 79 55 47 57 82117152178189182157123 88 612410 2Z6 54918818 5189999999999999991157 47999999999999999999999
 49 55 77110145175190188167135 99 69 53 55 75106142173189188168135 97 642410 3Z6 622191182519199999999999999 011 491224 5299999999999999
 44 42 58 88125160184192180154120 87 65 60 71 98132164186190176146108 712410 4Z6 654192184519199999999999999 037 401250 5999999999999999
 45 34 43 67103140171187186168139107 81 69 73 92122154179189182157122 832410 5Z6 72618919 618999999999999999 1 3 341315 6899999999999999
 52 34 34 51 81117151175183175153125 99 82 79 91114143169184183165135 982410 6Z6 759183192718599999999999999 131 321342 7899999999999999
 64 41 32 40 63 95129156172174161139116 98 89 941101331571741791691461142410 7Z6 835175195017999999999999999 2 1 3214 9 8999999999999999
 81 54 39 38 51 761051341551641611481301141031021101261461631711681531282410 8Z6 915164201517299999999999999 233 37143810199999999999999
 99 72 53 44 47 62 841091321471531501401281181131151231361501591621541392410 9Z610 8153204516299999999999999 313 43151511399999999999999
117 93 73 58 52 56 68 86106123136143144139133128125126130138145150150144241010Z61134144212915099999999999999 4 6 52161712599999999999999
132115 97 80 67 60 60 68 80 96113128138145146143139133130128130134138140241011Z61348146231714099999999999999 528 59185412899999999999999
139133123108 92 76 64 59 61 70 85105124142153158155146135124117115119127241012Z615 6158999999999999999999999 716 58204911599999999999999
136143144137123103 82 63 51 49 58 77103130153167171163146126108 97 95104241013Z6 139144154717199999999999999 841 492138 9499999999999999
120139154161155138112 83 57 41 39 51 77110143169182180163136107 84 72 76241014Z6 3 3161162118399999999999999 940 382216 7199999999999999
 93120149171180172149116 80 50 33 34 53 86125161186193181153116 80 56 48241015Z6 4 31801652194999999999999991027 312253 4899999999999999
 60 88125162188196184155115 75 44 31 38 64103146181200197173133 89 51 29241016Z6 4551961722201999999999999991110 312330 2699999999999999
 29 51 89134175201206189154111 71 44 37 52 84126167196205190155107 60 25241017Z6 5432071753205999999999999991149 37999999999999999999999
 10 18 49 95144184207207185148106 71 51 52 73108149184203200175132 81 36241018Z6 630210182320599999999999999 0 8  91228 4999999999999999
  7  0 17 54102151188205201176140103 76 65 72 97132167193201187154108 60241019Z6 717206185320199999999999999 047  013 5 6599999999999999
 21  0  1 24 63110153184196187164132104 85 82 95119150177192190169133 89241020Z6 8 4196192319399999999999999 128 -21342 8299999999999999
 48 18  4 11 36 73115151174181172151128108 98100114136159176182173149116241021Z6 854181195518299999999999999 210  41419 9799999999999999
 79 46 24 17 26 49 82115143161165157143127115111115127143158167167155134241022Z6 949165202816899999999999999 256 1715 011199999999999999
106 77 53 37 33 42 61 86112134147151147139130123121124132141149153150141241023Z6105815121 915399999999999999 348 33155412199999999999999
124104 83 65 53 49 55 68 87107124136143143140135130127126127131135138137241024Z61239144222313899999999999999 453 49174812699999999999999
132123109 94 79 67 61 62 71 85101118132142146145140133125119116116120125241025Z61418146999999999999999999999 619 61202111699999999999999
130131128119106 90 76 67 64 70 82100118135147152150141129116105100101108241026Z6 050131151115399999999999999 749 64211910099999999999999
119130137137130115 97 79 67 63 68 83103126145157159152137118100 87 83 89241027Z6 232138154516099999999999999 856 632154 8399999999999999
103121137147148138120 97 77 63 61 70 89114139157166162147124 99 79 68 70241028Z6 334149161116699999999999999 944 602223 6799999999999999
 83105129149159157142119 93 71 60 62 77102130155170171158133104 76 58 53241029Z6 4201601635172999999999999991022 592250 5399999999999999
 63 85114142162170162141113 85 66 59 68 90119148169177168145112 79 52 40241030Z6 4581701658177999999999999991055 592316 3999999999999999
 44 63 94128157174175161134104 77 63 64 81109140166179176156124 86 53 32241031Z6 5341771720180999999999999991125 622343 2899999999999999
 28 42 71108144170182175154124 94 72 66 75 99129159178182167137 98 60 312411 1Z6 6 81821742182999999999999991154 66999999999999999999999
 19 25 49 85124158179183169143112 86 72 74 91119149173183175150113 72 382411 2Z6 64118418 518399999999999999 010 191223 7199999999999999
 17 14 31 62101139168182177158130102 83 77 87109137163179179161129 89 512411 3Z6 715182182918199999999999999 038 131252 7799999999999999
 23 11 18 42 77116150172177167145119 97 85 87102126152171178168143107 692411 4Z6 750178185517899999999999999 1 8 111322 8499999999999999
 37 17 14 28 55 91127154169169155134112 97 92 99116139159171169153124 902411 5Z6 828171192317299999999999999 141 131354 9299999999999999
 56 31 19 22 40 681011311521621581441271111011011111271451591641571381102411 6Z6 911162195516499999999999999 217 18143010099999999999999
 79 52 33 26 32 50 771051301461531491391251141091101181311441531531451272411 7Z610 7153203615499999999999999 3 1 26151910899999999999999
103 77 55 40 35 42 57 791031241391461451391291201151141191271351421421362411 8Z61122147213714399999999999999 356 35163711499999999999999
122104 83 64 50 44 47 59 77 991191351451481441351251161111101151221291342411 9Z61252148232313499999999999999 5 9 44183411099999999999999
133126112 95 76 60 50 49 57 73 95117137150155151140125109 98 94 97106119241110Z614 3155999999999999999999999 637 4920 5 9499999999999999
131138136126109 88 68 53 48 54 71 95121144160164157139116 93 77 71 77 92241111Z6 121138145116499999999999999 758 4821 1 7199999999999999
114134148152143123 98 73 54 47 53 73101131157172172157130 98 70 51 47 58241112Z6 246152153117499999999999999 9 2 472145 4699999999999999
 83114142162168157134104 75 54 48 57 81113146171182174150113 74 42 24 25241113Z6 35116816 618299999999999999 955 482226 2299999999999999
 45 79118153176181168141107 76 56 53 67 95130162184187170135 91 48 16  2241114Z6 4461821640188999999999999991042 5223 7  299999999999999
 11 39 81126164187189172142107 77 61 62 81112147176191185158116 67 24 -5241115Z6 5371911714191999999999999991126 592348-1299999999999999
-11  5 40 87134172192190170138105 80 69 75 97129162185191176142 95 47  7241116Z6 62619417481919999999999999912 7 69999999999999999999999
-15-15  7 47 95141175190185163132103 84 79 90114144171186184162124 77 32241117Z6 713190182318899999999999999 030-181248 7999999999999999
 -1-16-10 17 58104145173182174152126102 89 90103127152173181172146107 64241118Z6 8 0182185918199999999999999 112-171328 8899999999999999
 26  0 -8  3 31 70111145166171161142120103 96100114134155168170157130 95241119Z6 848171193717199999999999999 156 -814 9 9699999999999999
 58 27  9  6 19 46 80115142157159149133117105102107120136150158156142118241120Z6 937160201715999999999999999 241  5145410299999999999999
 88 58 35 22 22 36 60 89116137148148140128116108106110119131141145141129241121Z6103114921 514599999999999999 329 20155010599999999999999
110 86 64 46 37 39 51 71 94116133141142136126116109106108113121128131129241122Z61133142221113299999999999999 421 3617 810699999999999999
121107 90 72 58 51 52 62 78 98116130138140135126116107101100102108115121241123Z61241140235212299999999999999 521 50185210099999999999999
122119110 97 82 70 62 62 70 83101118132140142136126113100 91 87 88 95105241124Z61343142999999999999999999999 631 612014 8799999999999999
115121122117106 92 79 70 68 74 87105122137145145137122105 88 76 71 74 85241125Z6 139123143014699999999999999 743 6821 5 7199999999999999
100115126130126114 99 84 74 71 78 93111130145151147133113 90 70 57 55 63241126Z6 25913015 715199999999999999 845 712143 5599999999999999
 80101122136140134120102 85 74 73 83100121141154155145124 97 70 49 39 43241127Z6 356140153915699999999999999 936 732216 3999999999999999
 58 82109133148150141122101 83 74 77 90111134152160155137109 76 48 29 25241128Z6 44215116 8161999999999999991018 742247 2599999999999999
 36 60 91122146159157142120 97 80 75 82100124147162163150123 88 53 26 13241129Z6 5211601636165999999999999991056 752317 1399999999999999
 17 37 68104137159166158139114 91 78 78 91113139159168161138104 65 31  9241130Z6 55816617 4168999999999999991130 762348  399999999999999
  4 16 44 81119150167168154131105 86 78 84102127152167168152122 83 44 142412 1Z6 63317017341709999999999999912 4 78999999999999999999999
 -2  1 22 55 95133159171165146121 98 83 81 93115140161170163139104 63 272412 2Z6 7 917118 517099999999999999 021 -31237 8099999999999999
  2 -5  5 32 69109143164168157136112 92 83 87103127150166168153125 87 482412 3Z6 746169183816999999999999999 055 -61312 8399999999999999
 16 -2 -3 14 44 82120148163162148127105 90 87 95112135154164160141110 732412 4Z6 826165191416599999999999999 133 -51350 8699999999999999
 38 12  0  4 25 57 93126150159155140120102 91 91101118138153158151130 992412 5Z6 910159195515899999999999999 213 -11433 9099999999999999
 65 35 14  7 15 36 67100129148154148134116101 93 931031181351471491401212412 6Z6 959154204515099999999999999 258  71526 9299999999999999
 93 64 38 21 17 26 47 75105130146150144131115101 92 92 991121261361391332412 7Z61054150214914099999999999999 349 171634 9199999999999999
116 93 68 47 32 29 38 56 82108130145149143130114 98 87 84 88 991131251312412 8Z61154149231513199999999999999 446 291755 8499999999999999
129118100 79 59 46 41 48 64 87111132146150144130110 91 76 69 72 83 981142412 9Z61253150999999999999999999999 553 411914 6999999999999999
126130125111 92 73 59 53 57 71 92115137150154145127103 78 59 50 52 65 85241210Z6 055130134715499999999999999 7 6 532019 4999999999999999
107126136136125107 87 71 62 65 77 98122143156158145122 91 61 38 28 31 49241211Z6 227137143515999999999999999 818 622114 2799999999999999
 75105130146148139120 98 79 69 71 84105130151163160143113 76 42 17  7 14241212Z6 343149152016499999999999999 923 6822 4  799999999999999
 37 71107137156160150129105 85 74 76 91114139160169161137101 59 22 -2 -9241213Z6 44516016 3169999999999999991020 732251 -999999999999999
  3 32 72112146165168155132107 86 77 81 98123149167171158128 87 43  6-16241214Z6 5391691646172999999999999991111 772337-2099999999999999
-19 -1 34 77121154171171155130104 86 80 87106132157172171152117 73 29 -6241215Z6 6281731727174999999999999991158 80999999999999999999999
-23-20  3 42 87129159173168149124100 84 82 93114140162173166142105 60 19241216Z6 71417318 917399999999999999 021-251241 8199999999999999
-11-23-14 13 54 98137162169160139115 94 83 85 99122146164169158130 92 50241217Z6 756169185016999999999999999 1 5-231322 8299999999999999
 13-10-16 -2 29 69109142160162149128106 89 83 88105127148161161146117 80241218Z6 836163193116399999999999999 147-1614 2 8399999999999999
 43 13 -3 -3 16 47 84119144156152137117 98 86 83 92108128145153149132104241219Z6 915156201215499999999999999 227 -51442 8399999999999999
 71 40 17  8 14 35 65 98126144149142126108 92 84 84 94109125138142136119241220Z6 952149205614299999999999999 3 6  81527 8399999999999999
 94 66 42 27 24 34 55 82109131142142133118102 89 83 84 93105118128130123241221Z61030144214513099999999999999 344 231618 8299999999999999
108 88 67 49 40 41 52 72 95117133139136126112 97 86 80 81 87 98108116118241222Z61111139225011899999999999999 424 391723 7999999999999999
114103 88 72 60 54 57 68 85105121133136132122108 93 81 74 73 78 87 97106241223Z61157136999999999999999999999 510 541839 7399999999999999
110109103 93 82 73 69 71 80 94110124133135130119104 88 74 65 62 66 75 87241224Z6 021111124813599999999999999 6 7 691953 6299999999999999
 99108112109103 93 85 80 81 88100113126134135129116 98 79 62 52 48 54 66241225Z6 2 7112134213599999999999999 721 792052 4899999999999999
 82 98112119120113103 93 87 86 91103116129137137128111 89 67 47 36 34 43241226Z6 331120143113899999999999999 838 852139 3499999999999999
 60 82104121131131123110 97 88 87 93105121134141139126104 77 51 30 20 23241227Z6 430132151614299999999999999 942 862219 2099999999999999
 37 60 88114134142139128111 96 87 86 95110128142147140121 93 62 33 13  7241228Z6 5141421557147999999999999991033 852257  799999999999999
 15 36 66 99128146151144127107 91 83 86 99118137150151139113 79 44 15 -2241229Z6 5531511636152999999999999991115 832334 -499999999999999
 -3 12 41 77113141156156143122100 85 80 88105127147157153134102 64 27  0241230Z6 6301581715158999999999999991153 80999999999999999999999
-13 -7 15 50 91127152162155136112 91 78 78 91114138157163153127 89 48 12241231Z6 7 5162175416399999999999999 012-131229 7699999999999999
