 77 44 23 19 35 66106144173186182164137111 94 90 9811613715616716715513224 1 1ZD 916187203116999999999999999 242 191451 9099999999999999
101 70 46 34 39 59 91126157176181171149124103 91 9110011613414815615414224 1 2ZD 947181211915699999999999999 314 341534 9099999999999999
121 95 71 55 51 60 82111140163175174160138116 99 90 90 9811112513714414324 1 3ZD1022176222214499999999999999 349 511630 8999999999999999
133117 97 81 71 71 81101125149165172166151132112 96 87 85 9010011312513424 1 4ZD11 2172235013699999999999999 431 691746 8599999999999999
136132121108 96 88 89 97114133152165168161147128108 91 79 74 77 8610011624 1 5ZD1149168999999999999999999999 528 871910 7499999999999999
130137138133123112104102107120137153164166160145125103 82 66 58 60 72 9024 1 6ZD 138139124716699999999999999 6481022018 5799999999999999
112132146152149139126115109111122137153165168162145121 93 67 47 38 42 5924 1 7ZD 310152135116899999999999999 8141082112 3899999999999999
 84113141161170166153135119109110121138157170174166145115 80 49 26 18 2624 1 8ZD 413170145117499999999999999 92610822 1 1899999999999999
 49 83121155178187180161137116104106119141164179183171143105 64 28  5 -124 1 9ZD 5 218715441839999999999999910241032248 -199999999999999
 13 44 87133171196201188162132108 97101120148174191192174139 93 47  8-1424 110ZD 5462021633193999999999999991114 962334-1899999999999999
-15  6 46 97148188210209188155122 97 88 99124157186202198174131 80 30 -924 111ZD 6282121720203999999999999991158 88999999999999999999999
-28-23  7 55112164202218209181143108 85 82 99131168196209200169121 66 1624 112ZD 7 821818 620999999999999999 018-291240 8199999999999999
-20-33-21 17 71130179211219202167127 93 75 79103139176202210196161110 5524 113ZD 748220185321099999999999999 1 2-331321 7499999999999999
  8-22-28 -7 37 93148191214213188149109 80 68 78107145179201205187149 9924 114ZD 826217194120699999999999999 143-2914 2 6899999999999999
 48  7-14-11 17 63116164198211200169130 94 70 65 8011014517619319317313624 115ZD 9 2211203019699999999999999 223-161445 6499999999999999
 91 48 17  5 16 48 91137176199201183150113 82 64 64 8110914016518017815824 116ZD 937203212418199999999999999 3 1  51531 6299999999999999
126 89 56 36 33 49 80117154181193188166134101 76 62 63 7810212815116316124 117ZD1012194222416499999999999999 339 321625 6199999999999999
146121 94 73 62 65 81107136162180184174152123 95 73 61 61 72 9111313314624 118ZD1047184234014899999999999999 418 611731 5999999999999999
148139124108 95 90 94107126146163173173162143119 94 72 58 55 61 77 9711824 119ZD1129175999999999999999999999 5 4 901852 5499999999999999
133141141135126118114115122134147159166165157141119 95 71 53 45 48 62 8324 120ZD 130142122816699999999999999 6181142013 4499999999999999
106128143151151145137129125126133142152160163158144122 94 66 44 32 34 4924 121ZD 332152135316399999999999999 8181252122 3199999999999999
 74103131153165167160147134124121125136148160166163149123 90 57 31 18 2224 122ZD 441168151316799999999999999 9561212218 1899999999999999
 41 72108142168180179166147128115111118132150166174170151119 80 43 17  624 123ZD 524182161117599999999999999105311123 5  699999999999999
 14 40 79121158183192183162137115102102114135158176183174147109 65 27  324 124ZD 55819216571839999999999999911331002345 -399999999999999
 -2 14 49 95140176195195177149120 99 90 97117145171187188171137 93 48 1224 125ZD 62919817351909999999999999912 5 90999999999999999999999
 -7 -3 23 67117161191201190163130101 84 83 99127158183194187162121 73 3024 126ZD 65720118 919499999999999999 021 -81233 8199999999999999
  0 -9  6 43 92141180200197175142108 83 74 83108141172191195179145100 5324 127ZD 724201184119699999999999999 053-1013 0 7499999999999999
 16 -5 -1 26 71121165193200185155118 87 70 71 90121154181193188164125 7924 128ZD 749201191319499999999999999 122 -61328 6899999999999999
 37  9  2 18 55102148182198192167131 96 72 64 7410013316318318817414410424 129ZD 813199194618899999999999999 149  11356 6499999999999999
 63 30 14 20 46 87132169192194176145109 79 63 64 8211114116617817615712524 130ZD 837196202117999999999999999 215 131425 6199999999999999
 88 54 33 29 46 78118155182192182157123 91 68 61 69 9011714316116816114024 131ZD 9 119221 016899999999999999 241 281458 6199999999999999
110 80 57 47 53 75107141169185183166137105 79 64 63 75 9511813915215514624 2 1ZD 926186214615699999999999999 3 7 471535 6299999999999999
127104 83 69 68 80102129155173179170149121 94 74 64 66 76 9311212914014324 2 2ZD 953179224614399999999999999 336 671622 6499999999999999
136123108 95 89 91103121141159169169157136112 90 74 65 65 72 8610111712924 2 3ZD1026171999999999999999999999 413 881730 6499999999999999
135134128120113110111118130144156161159148131111 91 74 63 58 61 72 8710424 2 4ZD 023135111316299999999999999 51410919 6 5899999999999999
120133140142139133127123124130139148154155148134115 94 72 55 45 44 53 7124 2 5ZD 250142123215599999999999999 7221232035 4399999999999999
 94118140155162159149136125120121130142153158156144123 95 66 42 26 23 3424 2 6ZD 412162141515999999999999999 9151192144 2299999999999999
 57 89123154175182175157136118108109121140158170171157130 94 56 24  4  124 2 7ZD 5 018215321729999999999999910221072239  099999999999999
 17 49 92136173195198183156126102 92 97117145171187187169133 87 41  4-1724 2 8ZD 5392001631190999999999999991110 922327-1999999999999999
-16  9 52104155194212207181144108 83 76 89119156188205201175130 76 25-1424 2 9ZD 6162131721206999999999999991151 75999999999999999999999
-31-23 12 66125177212222205168124 85 63 63 86126169203218208174122 63 1124 210ZD 65122218 821899999999999999 011-321230 6099999999999999
-24-34-15 30 89149197223220191146 99 62 46 56 90136181212222206166110 5224 211ZD 725225185422299999999999999 051-3513 8 4699999999999999
  4-23-22  8 59119173211224208169120 74 43 37 56 97144187213217195152 9724 212ZD 757224193921899999999999999 129-261345 3699999999999999
 45  7 -8  5 42 94148191216214187143 94 54 33 35 6210414818520520317713524 213ZD 827218202520799999999999999 2 3 -81423 3199999999999999
 88 47 22 20 42 81128170200210196162117 74 43 31 41 6910814617518918215824 214ZD 855210211218999999999999999 235 1815 3 3199999999999999
122 86 59 48 56 81117153182197194173138 98 64 42 37 49 7510713715916816124 215ZD 92119922 316899999999999999 3 5 481547 3699999999999999
141116 93 80 79 92115141166182185174151120 89 63 48 46 56 7510012314014724 216ZD 94518623 914899999999999999 333 781641 4599999999999999
144133120109105109120136152165171168156137114 91 71 58 53 58 71 8810712224 217ZD1012171999999999999999999999 4 11051759 5399999999999999
132136135132129129131136142149154156153145133117 99 81 66 56 54 61 74 9224 218ZD 114136105315699999999999999 4431291943 5499999999999999
110126138146149148145140137136137139143145144139128110 89 67 51 44 48 6124 219ZD 415149132114599999999999999 9 31362111 4499999999999999
 82106130150162165160149137126121121127137147153151139117 89 61 40 31 3524 220ZD 45116515201539999999999999910261202211 3099999999999999
 53 81113144167178175161142123109104109123141157167164146116 81 48 25 1824 221ZD 51817816171679999999999999911 01042256 1799999999999999
 28 54 91130163184188175152125102 90 91105129154173181171145106 65 31 1024 222ZD 5431891658181999999999999991126 882333  799999999999999
 10 30 66111153183196188164133102 81 75 86111143171189189170134 89 46 1424 223ZD 6 71961732191999999999999991152 75999999999999999999999
  1 12 44 89137176198198178144108 79 64 69 92126161188199189159115 68 2824 224ZD 63120118 319999999999999999 0 4  11216 6399999999999999
  4  3 27 69119164195204190157118 81 58 54 72105145179200201180141 93 4824 225ZD 653204183320399999999999999 032  01241 5399999999999999
 15  4 17 53102151188205199171130 89 58 45 54 83123162191203193163119 7324 226ZD 71420619 420399999999999999 058  413 6 4599999999999999
 34 13 16 44 88136177202204182144101 64 42 42 63 99140175196197178142 9824 227ZD 735206193519999999999999999 123 121331 3999999999999999
 58 31 24 41 78123165194204191158115 75 46 36 48 7711515318019218515912224 228ZD 75520420 819299999999999999 147 241358 3699999999999999
 83 53 39 46 73112152184199194169130 89 56 38 39 59 9212715817818116814024 229ZD 815200204318299999999999999 210 391425 3699999999999999
107 77 59 58 75105140171190192175143105 70 47 39 49 7210213215616816615124 3 1ZD 836193212316999999999999999 234 561456 3999999999999999
127101 82 76 83103131158177185176153121 88 61 47 46 59 8010512914715515224 3 2ZD 859185221315599999999999999 259 761532 4599999999999999
139122107 97 98108125145163173172159136108 82 63 53 54 64 80 9911813314124 3 3ZD 926174233414299999999999999 328 961625 5299999999999999
141136128121118119126136147157161157146128107 87 71 61 58 61 71 8510211724 3 4ZD10 4161999999999999999999999 4131181759 5899999999999999
130139143144141137134133134138144148148142132117100 81 65 54 49 53 65 8424 3 5ZD 237144113014899999999999999 7 113320 2 4999999999999999
106128147160164161151138127122123129139147151148135115 89 63 42 30 31 4524 3 6ZD 4 216414 315199999999999999 9211212126 2999999999999999
 71103136164181184173153129111101104118138158170170155127 90 54 24  9 1124 3 7ZD 44218515301719999999999999910161012224  799999999999999
 31 67111153186202198175142110 86 78 89114146176193192171132 85 40  6 -924 3 8ZD 5162031628195999999999999991056 782311-1099999999999999
 -2 29 77130177209217200164121 82 59 58 80118161196214209179131 75 26 -824 3 9ZD 5492171717215999999999999991134 562352-1899999999999999
-18  0 42 99156201225220189141 91 53 35 44 79128178214229216177122 64 1624 310ZD 62022618 3229999999999999991210 35999999999999999999999
-11-11 18 69129183219230210166111 61 27 19 40 86141191224232212167110 5624 311ZD 651230184723399999999999999 030-151246 1899999999999999
 15 -1 11 50104160204227222188136 80 34  9 14 46 97152198224224198152 9924 312ZD 719229193122899999999999999 1 5 -21322  799999999999999
 54 25 22 45 89139185215222202159105 54 17  5 19 5810815819621420717813624 313ZD 746223201421499999999999999 137 201358  599999999999999
 93 60 47 55 85126167198213205175130 80 39 14 12 33 7111615718519518515824 314ZD 810213205919599999999999999 2 7 461435 1099999999999999
124 94 76 75 92120153181198198181148106 67 36 22 27 49 8211814916917316324 315ZD 832200214717499999999999999 233 731514 2299999999999999
143120104 98105122144166181185177156127 94 66 46 39 45 62 8711313615015324 316ZD 852186224815399999999999999 258 9816 2 3999999999999999
147136125120121129141154164169166155138117 95 76 62 56 58 68 8510312113324 317ZD 911169999999999999999999999 3201191713 5699999999999999
139140139138137139142145148150150147140131119106 91 78 68 64 67 76 9110724 318ZD 054140 92615099999999999999 34113719 7 6499999999999999
122135145151153151147141136132131132134136136131121106 88 71 60 58 65 8024 319ZD 4 315313291369999999999999910 31312044 5899999999999999
100122142158165165156143129118112114121132143150148135114 89 65 50 47 5624 320ZD 42516615181509999999999999910181122147 4699999999999999
 76104133158174178169150128109 96 95104121142159167161142112 80 53 37 3724 321ZD 44717816 8167999999999999991040 942230 3599999999999999
 53 82118152177188182162134106 85 77 84104132159178182168139102 65 38 2724 322ZD 5 918816451829999999999999911 2 7723 5 2799999999999999
 35 61100140174194194175144109 80 63 65 84116150179194190166128 85 48 2624 323ZD 5311961717195999999999999991126 622335 2299999999999999
 24 44 81126167195203189157118 81 55 48 63 94134172197204188154110 67 3524 324ZD 5522031748204999999999999991150 48999999999999999999999
 22 33 66110156191207200172130 87 53 37 43 71112156190208204178137 91 5224 325ZD 613208181921099999999999999 0 3 221214 3699999999999999
 30 30 55 96143183207208185145 98 57 32 28 48 87133175203211196161117 7524 326ZD 633210185121199999999999999 029 271239 2799999999999999
 45 35 50 85130173202211196160113 68 34 20 31 6310715318920820518114210024 327ZD 653211192320999999999999999 054 3513 5 2099999999999999
 65 47 52 78118160193209202173129 82 43 21 20 43 8212716719420319116212424 328ZD 712209195620399999999999999 119 461331 1899999999999999
 89 65 61 77109148181201202182145100 58 29 19 31 6010014017319119217414424 329ZD 733204203119499999999999999 143 601358 1999999999999999
112 87 76 82105136168190197186157118 77 44 26 27 46 7711314617018117615824 330ZD 754197211118199999999999999 2 9 751428 2499999999999999
133109 95 93106128154176187183165134 98 65 43 34 40 59 8711614216016716124 331ZD 81718722 116799999999999999 236 9215 4 3499999999999999
147130116110113126143160172174166147120 91 67 51 46 52 66 8711013114615324 4 1ZD 846175232315499999999999999 3 91101557 4699999999999999
152146138131128130136144153159159152137118 97 79 64 57 57 64 78 9611513324 4 2ZD 931160999999999999999999999 4 71281730 5699999999999999
145153155153148142136133134138142146146140129114 96 78 63 54 54 63 8010224 4 3ZD 158155112714699999999999999 7221331932 5399999999999999
126147163172170161146130119114117127140150155150136113 86 61 44 38 46 6624 4 4ZD 32217214 215599999999999999 9 31142057 3899999999999999
 96129160182190184164137112 94 89 98118143165177175157125 89 55 31 24 3424 4 5ZD 4 4190152117899999999999999 951 892156 2399999999999999
 62101144180202205187154116 84 65 65 84118155186202197172131 85 46 20 1624 4 6ZD 4382071617203999999999999991030 622243 1599999999999999
 33 71119166202219210178133 87 52 36 46 79125172207222212178129 79 39 1624 4 7ZD 51021917 62229999999999999911 7 362325 1499999999999999
 19 46 92145191221226202157103 54 22 15 37 82137188223233216175123 73 3724 4 8ZD 5402271752233999999999999991144 14999999999999999999999
 23 35 71122173212230220183129 71 25  0  5 39 92151201231234210166115 7124 4 9ZD 6 9230183723699999999999999 0 3 231221 -299999999999999
 44 40 62104153196223226202155 98 43  4 -9  7 5010616220622822419615310924 410ZD 637228192123099999999999999 038 381257 -999999999999999
 74 58 66 95136178209222211177126 71 24 -3 -5 20 6511916820321720717814124 411ZD 7 422220 421799999999999999 111 581334 -899999999999999
106 84 80 96126162192210209188149101 54 18  2 10 39 8212816819420018716124 412ZD 728212204820099999999999999 141 791411  299999999999999
132109 98104123149175193199189163126 85 49 25 18 31 58 9513216217918016824 413ZD 752199213518299999999999999 210 981451 1899999999999999
149129117115125141160175183180166141111 81 55 41 39 51 7310112915116316324 414ZD 815184223316499999999999999 2381151537 3899999999999999
155144134129131138148158165166160147129108 87 70 59 58 65 8110112213915024 415ZD 840166999999999999999999999 3121291642 5799999999999999
153151147142140140141143146147147143137127115101 86 75 70 71 81 9611413124 416ZD 0 4153 91914799999999999999 4371401817 6999999999999999
144152156155152146139133129127129132136138136128116100 84 73 70 76 9010924 417ZD 22415613 413899999999999999 8571271950 7099999999999999
129146159166165157144129116109109115126138148150143127106 85 70 65 71 8824 418ZD 321166144715099999999999999 9321082057 6599999999999999
111136158173177170153131110 95 89 95110130150164166154132104 79 62 58 6924 419ZD 352177154016699999999999999 959 892145 5899999999999999
 92122151175186183166139110 86 72 74 89115144168181178159129 97 69 55 5724 420ZD 4181871620182999999999999991025 712224 5399999999999999
 75106141172192195180152116 83 61 54 66 93129163187195184157120 85 60 5224 421ZD 4411961655196999999999999991051 542257 5299999999999999
 62 90127164192203194167128 87 55 39 44 69107149184204203183148108 75 5524 422ZD 5 42031729206999999999999991117 392328 5399999999999999
 56 78114154188207205182143 98 58 32 26 44 81126170201214203174134 95 6724 423ZD 52620918 3214999999999999991144 252357 5899999999999999
 58 70101141179205211195159113 67 32 16 24 54 99148188213215196160120 8624 424ZD 5482121837217999999999999991211 15999999999999999999999
 66 68 91128167198212205176131 82 40 14 11 32 7112016620121620918214510824 425ZD 610213191121699999999999999 026 641239  999999999999999
 82 73 86116154187208209188149102 56 22  8 17 47 9113817920521119616713124 426ZD 633211194721299999999999999 054 7313 8  899999999999999
101 85 87108140173198206195166123 77 39 15 12 30 6510815018320120018115324 427ZD 658206202620399999999999999 123 841339 1199999999999999
123102 95105129158183197196177143101 62 32 19 24 46 8011915518019118616824 428ZD 724199211019199999999999999 154 951414 1899999999999999
144122109110122143166183188180158126 90 58 36 29 38 59 8912215117117917424 429ZD 75618822 617999999999999999 2291081457 2999999999999999
160143128121123133149164174175165145118 89 64 48 42 49 66 9111814316117024 430ZD 837175232317099999999999999 3161201556 4299999999999999
169160149138131130134142152159161155142122100 78 62 54 55 66 8611013415424 5 1ZD 946161999999999999999999999 4421301722 5399999999999999
167171168159147135127124127134144152154149136117 95 75 61 56 62 7910312924 5 2ZD 1 2171115115499999999999999 7 11241857 5699999999999999
154172181179167149129112103104115132149162165156137111 85 64 53 57 7410124 5 3ZD 219182134716599999999999999 8221022016 5399999999999999
133163185195189170141111 87 76 80 99127155177185178155123 90 64 51 55 7524 5 4ZD 3 919515 318599999999999999 914 762117 5099999999999999
107144178201207193162123 85 58 49 60 89128167195205196168129 92 63 51 5824 5 5ZD 34820716 120599999999999999 957 4922 8 5199999999999999
 84122163197215212187145 97 55 29 26 47 88136181212221207173131 92 65 5724 5 6ZD 4232171653221999999999999991038 242254 5799999999999999
 70102143184213223209172121 68 27  6 11 43 93148195224229209172130 93 7024 5 7ZD 4562231742230999999999999991118  52335 6799999999999999
 69 88124166202223221196149 94 42  5 -7  8 49104160205229228204166126 9424 5 8ZD 5272251828232999999999999991157 -7999999999999999999999
 80 85111148186213223211176125 69 22 -6 -9 16 6211817120922722019415712224 5 9ZD 558223191322799999999999999 013 791236-1199999999999999
 98 92105133168198216215193153102 52 13 -6  1 31 7913117720821820617914724 510ZD 628218195621899999999999999 049 921315 -699999999999999
120105106124152180201209199172131 85 43 14  5 18 51 9514117820120419016524 511ZD 658209204020599999999999999 1241031355  599999999999999
139120113121139163183196195180152115 76 43 24 22 39 7010914717519018917424 512ZD 728197212419199999999999999 1581131436 2099999999999999
154135123122132147165178183178162137106 75 51 39 41 58 8611814816917917524 513ZD 8 2183221317999999999999999 2341211521 3899999999999999
163148135128129137148159166168162148128105 82 64 56 59 73 9612214616317024 514ZD 844168231217099999999999999 3211281615 5699999999999999
167158147138132131134140146151153150142128111 93 78 70 72 8310212414415924 515ZD 955153999999999999999999999 4431311722 7099999999999999
166166159150140132126124126131137143145143134121105 90 80 79 8810412514524 516ZD 02516712 314599999999999999 7 11241837 7899999999999999
160169169164152139125114108109117128140149151146132115 97 85 82 9010712824 517ZD 137170134915199999999999999 8191081946 8299999999999999
150167176176167150130110 95 89 94107126145159164158142121100 86 83 9311224 518ZD 230177145716499999999999999 9 3 892043 8399999999999999
136160178185181165140113 89 74 72 83105133158175179169148122 99 85 84 9824 519ZD 3 8186154717999999999999999 938 712132 8399999999999999
122149174190193180155122 89 64 53 59 80112146175191191175148119 95 84 8824 520ZD 3401941630193999999999999991010 532213 8499999999999999
108136166190200194171136 97 63 42 38 54 85125164192205198176144113 92 8524 521ZD 4 920117 9205999999999999991041 372251 8599999999999999
 97122155184203205188154112 70 39 24 30 57 98143182208214200171136107 9024 522ZD 4362061747214999999999999991112 232327 8899999999999999
 91109140174199210201173131 85 45 19 14 31 6711416119821821619416112710124 523ZD 5 42101825219999999999999991145 13999999999999999999999
 91100126159190209210191154107 61 26  8 13 39 8213217720822121118515111924 524ZD 53321219 322199999999999999 0 2 911218  799999999999999
 99 97113143176201211203175132 85 42 14  5 19 53 9814618721221720217314024 525ZD 6 4212194421899999999999999 037 961254  599999999999999
114102107128158187205207190157113 68 32 11 10 30 6711315719121020919016224 526ZD 637208202721299999999999999 1131011332  899999999999999
133113107118140168190202197176141 99 59 29 15 20 44 8112316219020319918024 527ZD 714202211420499999999999999 1521071414 1599999999999999
154131116115126147170187193186164131 93 59 35 25 33 57 9112916318719619024 528ZD 75819322 619699999999999999 23611315 3 2599999999999999
173151131120119129146164178182175156127 95 66 46 39 46 68 9813216218319024 529ZD 85518223 519199999999999999 3321181559 3999999999999999
185170150133121118124137152165172169155132104 79 60 53 58 7710413416218124 530ZD1012172999999999999999999999 44911817 4 5399999999999999
189185171151132116109110121137153165168160143119 94 75 66 69 8410913716424 531ZD 0 8189114816899999999999999 6191081817 6599999999999999
183192188172150125104 91 90101121144163173171158136111 89 77 77 9111514324 6 1ZD 110192132217499999999999999 734 891928 7699999999999999
170190198192172144112 85 69 68 82109139166183186174152125101 86 86 9912324 6 2ZD 2 4198144218799999999999999 833 662034 8499999999999999
152180199204194168131 93 62 45 47 67101140174196201189164135109 94 9310824 6 3ZD 251204154820199999999999999 924 432133 9299999999999999
133164191208209191158114 71 38 24 31 5910014618420821319917214111510010124 6 4ZD 3342101645214999999999999991011 242226 9999999999999999
118145176202214209184143 95 50 19  9 23 5810615519521822120317414211710524 6 5ZD 4142151736222999999999999991056  9231410499999999999999
109129158188210217204172126 76 33  6  2 23 6411616620422422220117013911624 6 6ZD 4522171824226999999999999991139  1235810999999999999999
109118141170198214214194157109 60 21  1  4 31 7612917621022421619216113324 6 7ZD 53021619 8224999999999999991222 -1999999999999999999999
115113127152180203213206181141 93 48 16  3 13 46 9314318521221820517915024 6 8ZD 6 7213194921999999999999999 03811213 4  399999999999999
126114118136162187204207194166125 81 42 17 12 29 6511015519020920819116524 6 9ZD 644208202821199999999999999 1151141344 1299999999999999
139121115124144168188199197180151112 73 42 25 27 49 8512716519220319617624 610ZD 72220021 620399999999999999 1511151423 2499999999999999
152130118118130149169184190184166137103 71 47 38 46 7010414117219119418424 611ZD 8 2190214319599999999999999 22911615 3 3899999999999999
164142125118121132149165176179171154128 99 74 57 54 65 8912115217618818624 612ZD 848179222318999999999999999 3121171544 5399999999999999
173155136123118121131144156165167161146125101 82 70 70 8310613315917718424 613ZD 94716723 718499999999999999 4 61181629 6999999999999999
180167150133121115116123134145154158155144127109 93 84 86 9811814216417824 614ZD11 4158235518299999999999999 5211151723 8499999999999999
182177164147130116108106111122135147155155149136120106 97 9810912714816724 615ZD1236156999999999999999999999 6451061825 9799999999999999
180183176162144124107 95 92 9811112814515816215914713111710710711613415424 616ZD 04818314 316299999999999999 752 92193210699999999999999
172183185177160137113 92 79 76 8510312714916717517115914112411311212214024 617ZD 141186151217599999999999999 843 76203511199999999999999
160178189188176154126 97 73 60 61 7610113116018018918416814612711511412624 618ZD 22819016 718999999999999999 926 59213111399999999999999
146169187195191173144109 77 53 43 50 7210514217419620219317214712511411624 619ZD 31119616532029999999999999910 6 43222111399999999999999
131154179196201191165129 90 56 34 29 43 7411415619021021219717114312111224 620ZD 3512021736214999999999999991045 2923 611299999999999999
118138165190205205187154112 70 37 19 20 42 8012617120422021619516513511524 621ZD 4302071818221999999999999991125 17234811099999999999999
110122147176201212205180141 95 52 21  8 17 47 9114018521522621518915612724 622ZD 5 921218592269999999999999912 7  8999999999999999999999
110111128157187209215202171127 79 38 11  4 20 5610415419622122520917914524 623ZD 550215194122699999999999999 0291081249  499999999999999
119107113135166195213214196160114 68 29  7  7 29 6911916720422322019916724 624ZD 633216202322499999999999999 1101071332  499999999999999
135112106117142173198212209187150105 61 27 11 17 44 8613417720822021218724 625ZD 72021321 522099999999999999 1521051415 1099999999999999
155126108105119145174196207201179142 99 60 32 22 33 6210414718520921520224 626ZD 811207214821599999999999999 2381041459 2299999999999999
175144118104104119143169189198192171137100 66 45 40 54 8312115919020720724 627ZD 9 8198223021099999999999999 3281021545 4099999999999999
191165136112100100114135159178188184166138106 79 64 62 7710313616819320424 628ZD1014188231520599999999999999 427 981634 6199999999999999
200183157129106 93 92103123146167179179166144119 98 85 85 9812114817519424 629ZD1129180999999999999999999999 535 911730 8499999999999999
201195177151123 99 83 79 8810813215617217717115613611810710511513415717824 630ZD 0 2201125617799999999999999 647 79183610599999999999999
194199191173146116 89 70 64 72 9312114817018218117015413612412012714116124 7 1ZD 055199142818399999999999999 755 64195212099999999999999
180194198191171142108 77 56 48 57 8111314617319019418516815013512813214524 7 2ZD 153198154719499999999999999 857 4821 912899999999999999
163182196201192170137 99 64 41 34 46 7311014918120220619717715613813013224 7 3ZD 252201164920799999999999999 952 34221612999999999999999
145165186201204193167129 87 51 28 23 39 7211415719221321620217915413512624 7 4ZD 3472051739217999999999999991044 23231012699999999999999
130147169192206208193161119 75 39 18 18 39 7812517020422121920017214612724 7 5ZD 4362091822222999999999999991131 15235512199999999999999
121130150176199211209188152107 63 29 13 18 47 9114018421422421419016013324 7 6ZD 52121219 0224999999999999991215 12999999999999999999999
118117132157184205214206180140 94 52 22 13 27 6210915819721922120317414424 7 7ZD 6 2214193522399999999999999 0331161255 1399999999999999
121111117138166192209212198167125 80 43 21 21 43 8413117520721921218715624 7 8ZD 64121320 621999999999999999 1 71111331 1899999999999999
128110108121146174197208205185151109 69 39 27 36 6610915319021221419716924 7 9ZD 718209203621599999999999999 13910714 5 2799999999999999
139115104109127153179197203194170135 97 63 43 41 59 9313417220021120318124 710ZD 75620321 521199999999999999 2121041436 3999999999999999
151124106102112133157179192193180155123 90 65 54 61 8511915518620420519024 711ZD 836194213420799999999999999 24710215 8 5499999999999999
165137114102103115135156174183181167144116 91 75 72 8511014117119320219624 712ZD 92218422 520299999999999999 3261011540 7199999999999999
177151127109101104115133151165173170158139117100 91 9310813115718019419624 713ZD1017173223819799999999999999 4131001618 9099999999999999
185165142120105 9910111112614215616416415514112611410911312614516618319224 714ZD1128165231819299999999999999 514 9817 510999999999999999
189177158136116101 94 9410211613314915916316015114013012512813715216918224 715ZD13 1163999999999999999999999 627 93181312599999999999999
188184172153132112 95 85 83 9110612514516016917116515514413713514215416924 716ZD 0 7188144017199999999999999 740 83194013599999999999999
180186183171152129105 84 71 69 78 9712114616818218618016715314113714115324 717ZD 110186155318699999999999999 842 6921 013799999999999999
168181188186173151123 94 70 55 54 66 9012115318019720119217415413813213724 718ZD 217189164620199999999999999 936 5322 413299999999999999
151169186195193177149115 80 53 38 39 56 8812616519621321319817414913112524 719ZD 3181961730215999999999999991027 36225612599999999999999
132151175196206201180145104 65 35 21 27 51 9113718121322622019716713811924 720ZD 4122061811227999999999999991114 21234111699999999999999
116130156185208216207180138 91 49 19  8 20 5310115319722723422018915412424 721ZD 5 121618502359999999999999912 0  8999999999999999999999
107110131163196219225211176129 78 35  8  2 22 6411717021323623521217513724 722ZD 548225192823999999999999999 0231061243  199999999999999
108 97107135172206227229209169118 67 26  4  6 35 8213818922524022919815724 723ZD 63623120 424099999999999999 1 3 971324  299999999999999
119 95 90107140179212229227202160108 60 25 11 22 5810716020423123521617924 724ZD 724231204023799999999999999 143 8914 3 1199999999999999
138103 84 86109144182211225219192149102 60 34 29 49 8713418021523122519824 725ZD 813225211423199999999999999 224 821441 2899999999999999
159120 91 78 86111145179204215206180141101 69 53 57 8111715819421822320924 726ZD 9 5215214622499999999999999 3 8 781519 5299999999999999
179142107 83 76 86109140170192201193170139109 87 80 8911214417520121421124 727ZD10 1201222021599999999999999 356 761557 8099999999999999
192163129100 81 75 8410413115817818618116514412411110911913816118420020524 728ZD11 7186225620599999999999999 452 75164010999999999999999
198179153124 99 81 74 80 9611914316317417516815614413613414015316818319324 729ZD1236176234419699999999999999 6 3 74174113499999999999999
195188173150125100 81 70 72 8410512915216817717717216415515115115716617724 730ZD1435178999999999999999999999 724 69192615099999999999999
185188185173153128101 78 63 61 71 9312014717018619118817816615615015115824 731ZD 1 018816 719199999999999999 841 60212015099999999999999
169180187188179159131 99 71 53 49 60 8411715118019920619918416615014114124 8 1ZD 234189165920699999999999999 946 49223114099999999999999
150165181193196186163129 93 61 41 38 53 8312216219421321520218015613712824 8 2ZD 3461961738216999999999999991040 37231612899999999999999
131146167188203205191162122 81 48 30 32 54 9213717921022321719616714012124 8 3ZD 4392061811224999999999999991126 28235111699999999999999
116126148176200213211190154109 67 36 23 33 6410915719722222621018114812124 8 4ZD 52221418412279999999999999912 5 23999999999999999999999
107109128158189212220210182139 93 53 27 24 44 8413318021422822119516012624 8 5ZD 55922019 922999999999999999 0221061239 2299999999999999
104 98110138171201219221202166121 76 42 27 35 6611216120122422620717313624 8 6ZD 634222193422899999999999999 050 971310 2699999999999999
106 91 95117150184210221214188147103 63 39 36 57 9614318621622721518614824 8 7ZD 7 8221195822799999999999999 118 901338 3499999999999999
114 91 86100128163193212215200169129 89 59 47 56 8612817120522322019716224 8 8ZD 741216202122499999999999999 146 8514 4 4799999999999999
125 97 83 88109139171196208204184151114 83 64 64 8411815819321521920517524 8 9ZD 817209204422099999999999999 215 821430 6299999999999999
139107 87 82 94118147174192198190167137108 87 80 8911414717920421520818624 810ZD 85519921 821599999999999999 247 821456 8099999999999999
154122 96 84 8610112414917118418617615613211210010211614016719120520619224 811ZD 940187213320799999999999999 322 831524 9999999999999999
167138111 93 86 9010512414516317317416615113612411912513815717719219919324 812ZD103517522 319999999999999999 4 4 86155811999999999999999
177153128107 93 88 9210311913715316316616315614714113914315216517818718924 813ZD1159166224318999999999999999 5 3 88165113999999999999999
182167147127109 95 88 88 9610912514215616516916816415915415315616317117824 814ZD1417169235218099999999999999 629 87185015399999999999999
180176166150131112 94 82 78 82 9411313415517218318618117216115315015416224 815ZD1552186999999999999999999999 8 2 78205315099999999999999
172178180173158137112 88 70 61 64 7910313316218720120319317615814413814324 816ZD 139180164020499999999999999 915 6122 313899999999999999
155171185191187169142109 77 53 42 46 6610013917720622021619817114512812324 817ZD 3 61911718221999999999999991014 41225012399999999999999
132153178199208202179142100 61 33 23 32 6110515419722623422119215712610824 818ZD 4 720817532349999999999999911 3 23233010699999999999999
108127158191217226215184138 88 44 16 10 28 6812117521824224121617713510324 819ZD 4592261827245999999999999991147  9999999999999999999999
 89 98127168207233239222182129 75 31  6  8 36 8614419823625023720115411024 820ZD 54624019 025099999999999999 0 8 891227  499999999999999
 81 74 93133179220244245220174117 64 25  9 21 5911417221924724822217712724 821ZD 633248193225199999999999999 046 7313 5  899999999999999
 86 63 66 95141189227246241211162107 60 30 25 47 9214619723324823519915024 822ZD 71824820 324899999999999999 123 611341 2399999999999999
102 67 53 66101148193226240229196150102 65 47 54 8412817521423723821417324 823ZD 8 5240203124199999999999999 2 1 531415 4799999999999999
125 83 57 52 72108151190217225212181141105 81 75 9012115919522123021918924 824ZD 853225205823099999999999999 240 511446 7599999999999999
149107 74 56 59 7911214918120120619316814011610510812515218020421621519824 825ZD 944206212421899999999999999 323 55151710499999999999999
168133 99 75 64 68 8511214116618318617816314713513213815217018719920319624 826ZD1047187215220399999999999999 414 63155013299999999999999
179155128103 84 74 75 8710612915016517217216716115615515916517418218718724 827ZD1226173223218799999999999999 523 73164115599999999999999
181169153133113 95 82 78 82 9611413515316617517817717417016616416516817124 828ZD1517178999999999999999999999 7 0 78201316499999999999999
174174170160145125103 85 74 73 8310212515017118619319218417216015214915224 829ZD 031174162019499999999999999 833 72215914999999999999999
159169177179173157132104 79 64 61 73 9512615718420220719918216214413313224 830ZD 250180165320799999999999999 941 61223813199999999999999
141156174189194186163131 97 68 51 51 68 9813617320221621319617014312311524 831ZD 3551941720217999999999999991031 4923 711599999999999999
120138163188204207192161122 83 54 40 47 7311215619421822421018214912010324 9 1ZD 4402081746224999999999999991111 40233410099999999999999
102118146178204218213189150106 67 41 36 53 90136181214229222196159123 9724 9 2ZD 5162191810229999999999999991145 35999999999999999999999
 88 98125161196219226211178133 88 52 35 42 71116165205229230209172132 9824 9 3ZD 549226183323299999999999999 0 0 881214 3599999999999999
 79 81103140179212229225200160113 71 45 40 6010014919322423321918614410424 9 4ZD 621230185423399999999999999 025 771241 3999999999999999
 77 69 84116158196222230216183139 95 62 48 57 8913418021523222619915711424 9 5ZD 652230191523399999999999999 051 6913 6 4899999999999999
 80 64 69 94133174207224222200163120 84 63 63 8512316720522722920817112824 9 6ZD 724226193523199999999999999 117 631331 6099999999999999
 90 65 60 77110149185210219208181144108 83 75 8711715619221822621418414324 9 7ZD 757219195522699999999999999 143 601354 7499999999999999
103 73 60 67 91125161190207207191163131105 92 9611614718020621921419215724 9 8ZD 833209201521999999999999999 210 601418 9199999999999999
119 87 67 64 7810413516518719719217515112811211012014216919320720919516924 9 9ZD 912197203621099999999999999 240 63144310999999999999999
136104 81 70 74 9011313916217818317816414813412813114316117919319919317624 910ZD10 018321 119999999999999999 314 70151112899999999999999
151124100 84 79 83 9611413415216517016916215414814615015716817818518517824 911ZD1115170213618699999999999999 4 2 79155114699999999999999
163144123105 93 86 87 9410612113815216216817016916616316116116316717117224 912ZD14 2170225017299999999999999 526 86183216099999999999999
169161149133117101 89 82 82 9010512414416317818618718117116015214915115824 913ZD1539188999999999999999999999 728 8121 214999999999999999
166171171164149128105 84 69 64 71 8911514517419520620318916914813312913524 914ZD 130172161820699999999999999 855 64215412999999999999999
150169184190184166136102 72 50 44 54 8011715719321722421218615412610910824 915ZD 3 4190165122499999999999999 955 44223310699999999999999
124151181204213205178138 94 56 32 28 45 82130178216237234208170129 97 8324 916ZD 4 32131722238999999999999991042 2723 9 8399999999999999
 91119159198226234219182133 82 41 19 22 50 97153203238248232193144 98 6824 917ZD 4522351753249999999999999991124 172345 6199999999999999
 61 81123173217245248225180124 71 33 18 30 69124181227252248217167112 6824 918ZD 53825018232549999999999999912 3 18999999999999999999999
 44 48 81132187231255252221170114 65 34 30 54101157208243254235192135 8124 919ZD 623257185225499999999999999 021 421240 2899999999999999
 42 29 45 87143197238255245209159107 67 48 56 8813618722724824321216110524 920ZD 7 8255192024999999999999999 058 291314 4799999999999999
 57 28 26 52 99153201234244229193148106 79 73 9012616920823423922218313324 921ZD 753244194624099999999999999 135 231346 7299999999999999
 83 45 27 34 65110157198222226208177141113 9910412515719021622722119615724 922ZD 840227201022899999999999999 213 271416 9899999999999999
112 72 46 38 50 7911715618720420418916514212712413415417719821021119817224 923ZD 930206203321299999999999999 253 37144412399999999999999
138104 75 58 55 67 9011914817118418417516215014514715616918219119519017624 924ZD1032185205619599999999999999 341 54151414599999999999999
156132108 88 75 72 79 9411413615416617117016716416216316616917317517417124 925ZD1219171212417599999999999999 450 7216 716299999999999999
163152137121105 92 84 83 9110512314115716817517817717316816215715515515724 926ZD1512178999999999999999999999 636 82212115499999999999999
160161159151138120102 87 80 82 9511413615817618719118617516014613713413824 927ZD 059161155419199999999999999 814 79215313499999999999999
148160170173167151127102 81 71 73 8811214116919020119918616514212411511724 928ZD 255173162120299999999999999 920 70221811499999999999999
130150170186190180156125 93 70 61 67 89121156187207211199174144117100 9724 929ZD 34819016452129999999999999910 6 602243 9699999999999999
109133162188203202184152114 80 58 54 69101140178207219212187153118 91 8024 930ZD 42720517 8220999999999999991043 5423 7 8099999999999999
 87111146181207217207179139 98 66 51 57 83123166202223223201165124 89 692410 1ZD 5 12171730226999999999999991114 502332 6699999999999999
 68 88124165201222224203166122 83 57 52 70107152193221229214179135 93 642410 2ZD 5332261750229999999999999991143 512357 5499999999999999
 54 67100143186218231221191148105 72 57 65 95138182216231223193149103 662410 3ZD 6 52311810231999999999999991210 56999999999999999999999
 46 49 76118164204228230210173130 92 68 66 87126169207228228205165117 742410 4ZD 636232183023199999999999999 022 441235 6499999999999999
 45 39 56 92139183215229221193154115 86 75 86117157195221228213179133 872410 5ZD 7 8229185022999999999999999 047 3813 0 7599999999999999
 53 37 43 71113157195218222206174138107 89 911121461822102232161901491042410 6ZD 741223191022399999999999999 113 361325 8799999999999999
 66 43 39 56 901311701992132081881571281071011131381701972132131961631222410 7ZD 816213193021699999999999999 140 38135010199999999999999
 84 56 44 51 731071421741942011921711471261161191351591832002051961731402410 8ZD 854201195320599999999999999 2 9 44141711699999999999999
104 75 57 54 65 881171451691841861771621461341311381521691841921901771542410 9ZD 942187201919399999999999999 243 53144813199999999999999
126 99 78 67 66 77 95117139158170174170162153148147151159168175178174163241010ZD1056174205817899999999999999 330 65153914799999999999999
146125105 89 79 76 81 92108127145159168172171167162157154153155158162162241011ZD1317172223916299999999999999 453 76184915399999999999999
158150137121104 89 79 76 81 94113135156173184187182171157144136134140149241012ZD1452187999999999999999999999 655 76204213499999999999999
159166165157140117 94 75 64 66 79103133162187202203191169144123110111124241013ZD 128167153620499999999999999 823 63212710999999999999999
145167183188180157125 92 65 50 52 71103142179207220213189155119 93 82 90241014ZD 254189161022099999999999999 924 4922 5 8299999999999999
114149182206213200169127 86 54 40 46 73114161202228232213175129 87 60 55241015ZD 3512131641233999999999999991013 392242 5499999999999999
 75113160202229233213173124 79 47 37 51 87136186224242233200149 96 53 31241016ZD 4402341712242999999999999991056 372319 3099999999999999
 37 69120175221246244216170118 74 47 45 69112164210240245222176117 62 24241017ZD 5272481741247999999999999991136 432356 1199999999999999
 11 29 73132190233253245211163113 75 57 64 96143191228246236201146 86 35241018ZD 6132541810246999999999999991213 56999999999999999999999
  5  4 32 84144199237250236200153110 82 75 91127171211236239217173117 61241019ZD 658250183824199999999999999 033  01248 7499999999999999
 19  0  9 45 98154202232238220185145112 95 98121156192219231222192146 94241020ZD 74423919 523199999999999999 111  01321 9499999999999999
 47 17  8 25 62111160198219219200171141119113123146175200215215199167125241021ZD 830222193221799999999999999 150  8135311399999999999999
 82 47 26 26 45 79120159188202199183161141130131143162181195201194175147241022ZD 919203195820199999999999999 232 24142612999999999999999
114 81 57 45 47 64 92123153174184182171158147143146154165175181181173158241023ZD1017184202718299999999999999 319 4415 514399999999999999
137113 91 74 65 66 78 98121144161170172167161156153152154157160161161157241024ZD1142172211616299999999999999 422 64163715299999999999999
149137123106 92 82 79 84 98116136152164170171169163156149143140140142146241025ZD1343172999999999999999999999 552 79202913999999999999999
150151147137122106 91 83 84 94111132151167177180175165150135124118121129241026ZD 042151145118099999999999999 724 82211211899999999999999
141154161161151133112 92 81 80 91111135159178189188177157134114101 98108241027ZD 228162152719099999999999999 833 792141 9899999999999999
125147166177175161137110 87 75 77 92117147174193199191169140111 88 79 84241028ZD 324178155519999999999999999 923 7422 8 7999999999999999
104132161183193186164134103 80 70 78100132166193206203183151114 83 64 63241029ZD 4 619316192079999999999999910 3 702235 6199999999999999
 79110147180201205190160125 93 73 71 87117154187209213197165124 84 56 45241030ZD 4422061642214999999999999991038 6923 1 4599999999999999
 56 85125167199215210186150113 84 71 78104140178207218209180138 93 55 34241031ZD 51621617 42199999999999999911 9 712327 3299999999999999
 36 59 99146187215223208176137102 79 76 93127166200219218194154106 62 322411 1ZD 5502231727221999999999999991139 752354 2299999999999999
 22 37 72119167204224221198162123 94 80 88115153189214221206171123 76 382411 2ZD 62322617492219999999999999912 8 80999999999999999999999
 18 21 48 91140185215225213183146112 91 89107139176205219212185142 94 512411 3ZD 656225181221999999999999999 022 171236 8799999999999999
 23 15 31 66112158196217217198166133107 96104128161192211213195160115 712411 4ZD 731220183621499999999999999 050 1513 5 9699999999999999
 36 19 23 47 85129170199211204182152125108107121148176198207198173135 942411 5ZD 8 821119 120799999999999999 120 18133510599999999999999
 57 32 25 36 641011401731942001891681431241151201371601821951951801531182411 6ZD 849200193119699999999999999 153 2514 811599999999999999
 82 53 37 37 51 781111431701851871771601421301261331471631771831791641392411 7ZD 93918820 718399999999999999 232 35145012699999999999999
110 81 59 48 50 63 851121401621751781721601471381351381461561641681651542411 8ZD104717821 516899999999999999 324 4716 013599999999999999
135113 90 72 61 60 68 861081331541691761741671561451371331341391471541572411 9ZD1218176225915799999999999999 438 59181713399999999999999
153143126106 87 72 66 68 81102127151170182183176162144128116113118130144241110ZD1341184999999999999999999999 613 65195411399999999999999
157162159145124101 80 67 65 76 98126155179193195183161133107 90 86 95116241111ZD 1 8163143719699999999999999 737 642048 8599999999999999
142165179180166141111 83 65 62 74100133167194207204183149111 79 59 59 77241112ZD 233181151820899999999999999 843 612132 5799999999999999
109147180199201184153116 84 65 62 78109148184210219206173128 82 46 30 36241113ZD 336203155421999999999999999 938 612213 2999999999999999
 66110157197218218196159119 85 67 68 90126167203224223198154100 51 17  6241114ZD 4292211628226999999999999991026 652253  699999999999999
 23 63117170212232228200160118 87 73 80107147187218230218182129 72 24 -5241115ZD 51923417 1230999999999999991110 722334-1099999999999999
 -7 20 69128183222238228197156117 90 83 97128168204226227205160104 48  5241116ZD 6 62381734230999999999999991151 82999999999999999999999
-16 -8 27 81140192226235221188149115 96 96116149184213225216185137 82 31241117ZD 65323618 722599999999999999 014-171230 9399999999999999
 -3-15  1 41 95150196222225207175141115104111134165194212215199164117 67241118ZD 738227183921699999999999999 055-1513 710499999999999999
 25  0 -3 19 59109157194212210190162135117113125147173194204199178144102241119ZD 823214191220499999999999999 136 -5134311399999999999999
 60 28 12 16 40 78121160188199193174151131121123135154173186189180160129241120ZD 9 8199194718999999999999999 219 11142112099999999999999
 95 62 39 30 37 60 93129160180186178163145131126129139152164171171162145241121ZD 955186202917299999999999999 3 3 3015 712699999999999999
121 95 71 54 49 57 77104133157171175169156143134129130135142150154155149241122ZD1049175213415599999999999999 354 49161912999999999999999
138121101 83 70 66 72 88111134154166169165156145135127124124127133139143241123ZD1154169233414499999999999999 455 66183012399999999999999
143138127112 97 84 79 82 95114135153165170167158145132119110106109117128241124ZD13 5170999999999999999999999 6 7 7920 210699999999999999
139146146138124108 94 86 88 99118138157170175171159141121103 90 87 93108241125ZD 13014714 317599999999999999 719 862050 8799999999999999
126143155158150135115 98 89 90103123145166179182173155130103 81 69 69 83241126ZD 246158144618299999999999999 822 882127 6799999999999999
105132155170172161141118 99 89 93108131157177188186170143110 79 57 49 57241127ZD 340173152118999999999999999 915 892159 4999999999999999
 80112145172186184168142116 96 89 97117144171190195185159123 85 53 35 35241128ZD 423187155119699999999999999 959 892230 3299999999999999
 53 86126163189199191168138110 93 90104130160186200197175140 97 58 29 19241129ZD 5 21991620201999999999999991038 8923 1 1999999999999999
 29 58100144182204207191162130103 91 95116147177199204190159116 70 33 11241130ZD 5382081648205999999999999991114 902332  899999999999999
 10 32 70118163197213208184151119 97 92104132164192206201177137 90 46 142412 1ZD 6142141717207999999999999991148 91999999999999999999999
  1 11 42 87136179207215201173139110 95 97117148179201206192159114 66 272412 2ZD 650215174620799999999999999 0 4  11222 9399999999999999
  3  0 19 57105153190210210190159127104 96106131162189203199177138 92 482412 3ZD 728213181820499999999999999 038 -21256 9699999999999999
 15  0  6 33 74121164195207200176146119102102117144172192199188160120 762412 4ZD 8 7207185319999999999999999 114  0133210099999999999999
 38 12  5 18 48 901341711942001881641371151041091271511741881891741451072412 5ZD 849200193219199999999999999 152  5141110499999999999999
 68 35 17 16 32 631031411721901911781551311141081141301511691791771611352412 6ZD 935193202117999999999999999 234 1415 010899999999999999
101 67 41 27 30 47 761121451711851841711501301151101141261421571661651532412 7ZD1027186212616799999999999999 322 2616 411099999999999999
131103 75 53 42 45 60 861171471701811801681491301141051051131271421541582412 8ZD1124182225515899999999999999 419 41173010499999999999999
151135113 89 69 58 59 72 94122149170181180169149127107 93 88 941081271442412 9ZD1225182999999999999999999999 527 571856 8899999999999999
155157147129107 86 73 71 81101127153174185184170147119 92 73 65 71 89114241210ZD 036157132518699999999999999 642 7120 4 6599999999999999
140159168163147125102 86 81 88107132159180191188170141105 72 48 39 49 73241211ZD 2 8168141819299999999999999 756 812059 3999999999999999
107141169183181165140115 96 88 94113140168189198191167130 87 48 23 16 31241212ZD 32418415 619899999999999999 9 3 882148 1699999999999999
 63106148181198197179151122101 93100121149178198204191159115 66 25  1 -1241213ZD 42520015502049999999999999910 2 932235 -399999999999999
 20 61110158193211207185154124103 96106130160188206206186147 97 46  6-14241214ZD 5192121632208999999999999991054 962321-1699999999999999
-11 18 65119169204218210185151121102 99113139171197210204177133 80 30 -7241215ZD 6 72181713210999999999999991141 98999999999999999999999
-22-11 24 76132179210219205177143115100102121150180202208196164117 64 18241216ZD 652219175220999999999999999 0 5-221223 9999999999999999
-12-20 -2 39 92145188211213194163131108 99107129159186202202184148101 52241217ZD 733215183120499999999999999 048-2113 2 9999999999999999
 12-10-10 15 58109157192207201178147119102100113137165186196190168131 87241218ZD 81220719 919699999999999999 129-131338 9999999999999999
 44 13 -1  8 37 80127167192198186161132110 99103119143166181185175151116241219ZD 849198194818599999999999999 2 8 -11415 9999999999999999
 77 42 20 15 30 61102142172188186170145121104 99107123143161171171159136241220ZD 924189203017299999999999999 245 141454 9999999999999999
105 73 47 33 36 54 85120152174182174156134114102100108122137151158156145241221ZD 959182212115899999999999999 322 32154110099999999999999
125100 75 57 51 57 77105134158173174164146127111101 99105115127137144144241222ZD1037175222814599999999999999 4 0 511644 9999999999999999
135120102 84 72 70 78 95119142161170168157141123108 98 93 95103113125133241223ZD1120170999999999999999999999 446 691811 9399999999999999
137133124111 98 89 87 94108128147161167165154138120103 90 82 81 88100115241224ZD 0 1137121116899999999999999 545 871934 8199999999999999
128137139134125113103100104116132149162167164153136115 94 76 66 65 74 91241225ZD 14713913 916799999999999999 7 01002035 6499999999999999
111131145151149139125113106108119135151164170166152131105 79 58 48 50 64241226ZD 31215114 717099999999999999 8161062121 4799999999999999
 87115140159167163150132116108109120137156170174168149122 90 60 38 30 38241227ZD 410167145717499999999999999 92210722 2 3099999999999999
 59 90125155175181173154132114105108122143164177180168142107 70 39 19 16241228ZD 45418115401809999999999999910141042240 1599999999999999
 31 61100140172190192177152126107100108127152174186183164131 90 49 18  3241229ZD 53419316201879999999999999910591002318  299999999999999
  7 30 69114157188202196174144116 99 97110135164185193184156115 70 29  1241230ZD 6112021658193999999999999991138 962358 -999999999999999
 -9  4 36 82132174201207192164131104 91 95116147176195198180145 99 51 12241231ZD 6472071737199999999999999991216 90999999999999999999999
