 16 17 19 21 22 22 20 17 12  8  4  1 -1 -1  1  4  8 11 13 14 14 14 14 1424 1 1ZG 424 221940 14999999999999991228 -12321 1399999999999999
 13 14 15 17 18 19 18 16 13 10  6  3  2  1  2  4  7 10 12 14 14 14 13 1224 1 2ZG 5 5 191959 14999999999999991256  1999999999999999999999
 12 12 12 13 14 15 16 15 13 11  8  6  4  4  4  5  8 10 13 14 15 15 14 1324 1 3ZG 551 162015 1599999999999999 1 4 121317  499999999999999
 12 11 10 10 11 12 13 13 13 12 10  8  7  7  7  8  9 12 14 16 17 17 16 1424 1 4ZG 657 132030 1799999999999999 231 101328  799999999999999
 13 11 10  9  8  9 10 11 12 12 11 11 10 10 10 10 12 13 15 17 19 19 18 1724 1 5ZG 840 122049 1999999999999999 344  81323 1099999999999999
 15 12 10  8  7  6  7  8 10 11 12 12 13 13 13 13 14 15 17 19 21 21 21 2024 1 6ZG2115 21999999999999999999999 447  6999999999999999999999
 17 14 11  8  6  4  4  5  7  9 12 13 14 15 16 16 16 17 18 20 22 23 24 2324 1 7ZG2150 24999999999999999999999 541  4999999999999999999999
 21 17 14 10  6  3  2  2  3  6 10 13 15 17 18 18 18 19 19 21 22 24 25 2524 1 8ZG2233 25999999999999999999999 630  2999999999999999999999
 24 21 17 12  8  4  0 -1 -1  2  6 10 14 17 18 19 20 20 20 21 22 24 25 2724 1 9ZG2324 27999999999999999999999 717 -1999999999999999999999
 26 25 21 16 11  5  0 -3 -4 -3  0  5 10 14 17 19 20 20 20 20 21 22 24 2624 110ZG9999999999999999999999999999 8 5 -4999999999999999999999
 28 27 25 21 15  9  2 -3 -6 -8 -6 -1  4 10 14 17 18 19 18 18 19 19 21 2424 111ZG 019 28999999999999999999999 853 -8999999999999999999999
 27 28 28 25 20 13  6 -1 -6 -9-10 -7 -2  4 10 14 16 17 17 16 16 16 18 2024 112ZG 116 2817 4 1799999999999999 941-101946 1699999999999999
 23 26 28 27 24 19 11  4 -3 -8-11-11 -8 -2  4 10 13 15 15 14 13 13 14 1524 113ZG 213 281729 15999999999999991029-122048 1399999999999999
 18 22 25 27 26 23 17  9  2 -4 -9-11-11 -6  0  6 10 13 14 13 12 11 10 1124 114ZG 310 271756 14999999999999991115-1222 5 1099999999999999
 12 15 20 23 25 24 20 14  8  1 -4 -8 -9 -8 -3  2  7 11 13 13 11 10  9  824 115ZG 4 8 251825 139999999999999912 0 -92330  899999999999999
  8  9 13 17 20 21 21 17 12  7  2 -2 -5 -6 -3  1  6 10 13 14 13 11  9  724 116ZG 5 9 211855 14999999999999991243 -6999999999999999999999
  6  5  7 10 13 16 18 17 15 11  7  4  1  0  0  2  6 10 13 15 15 13 11  824 117ZG 617 181926 1599999999999999 048  51322 -199999999999999
  6  4  3  4  6  9 12 14 14 13 11  9  7  6  5  6  8 12 15 17 18 17 15 1224 118ZG 739 141959 1899999999999999 2 3  31356  599999999999999
  9  6  3  2  2  4  6  9 11 12 12 12 11 11 11 11 12 14 16 18 20 20 18 1624 119ZG 945 122034 2099999999999999 323  21412 1199999999999999
 13  9  6  3  1  0  1  3  6  9 11 12 13 14 14 15 15 16 18 19 21 22 22 2024 120ZG2115 22999999999999999999999 449  0999999999999999999999
 17 14 10  6  2  0 -1  0  2  5  8 11 13 15 16 17 18 18 19 20 22 23 24 2324 121ZG22 4 24999999999999999999999 6 4 -1999999999999999999999
 21 18 14 10  5  1 -1 -2 -1  1  5  8 12 15 17 18 19 19 20 20 21 23 24 2424 122ZG23 0 24999999999999999999999 7 4 -2999999999999999999999
 24 22 18 14  9  4  0 -3 -3 -2  1  5  9 13 16 17 18 18 19 19 20 21 23 2424 123ZG2356 25999999999999999999999 753 -3999999999999999999999
 25 24 21 17 12  7  2 -2 -4 -4 -2  2  6 10 14 16 17 17 17 17 18 18 20 2224 124ZG9999999999999999999999999999 835 -5999999999999999999999
 24 24 23 20 15 10  4 -1 -4 -6 -5 -2  2  7 11 13 15 15 15 15 15 15 17 1924 125ZG 049 24999999999999999999999 913 -6999999999999999999999
 21 23 23 21 18 12  6  1 -4 -6 -7 -5 -2  3  8 11 13 13 13 12 12 12 13 1524 126ZG 137 231648 1399999999999999 948 -71941 1299999999999999
 18 20 22 21 19 15  9  3 -2 -6 -8 -8 -5  0  4  8 10 11 11 10  9  9 10 1124 127ZG 220 2217 6 11999999999999991022 -82029  999999999999999
 13 16 19 20 19 16 11  5  0 -5 -7 -8 -7 -3  1  5  8 10 10  9  7  7  7  824 128ZG 3 1 201726 10999999999999991052 -82120  799999999999999
  9 12 15 17 17 16 12  7  2 -2 -6 -7 -7 -4  0  4  7  9  9  8  7  6  5  524 129ZG 340 171746  9999999999999991119 -72220  599999999999999
  6  8 11 13 15 14 12  9  4  0 -3 -5 -5 -4 -1  3  6  9  9  9  7  6  5  424 130ZG 418 1518 3  9999999999999991142 -52326  499999999999999
  4  5  7 10 12 12 12  9  6  3  0 -2 -2 -2  1  4  7  9 11 10  9  7  5  424 131ZG 459 121819 11999999999999991158 -2999999999999999999999
  3  3  4  6  8 10 10  9  7  5  3  1  1  1  3  6  8 11 12 12 11  9  7  524 2 1ZG 547 101834 1299999999999999 030  312 5  199999999999999
  3  2  2  3  5  7  8  8  8  7  5  4  4  5  6  8 10 12 14 14 14 12  9  724 2 2ZG 650  81853 1499999999999999 132  21151  499999999999999
  5  3  2  2  3  4  6  7  7  7  7  7  7  8  9 10 12 14 16 16 16 15 12 1024 2 3ZG1918 16999999999999999999999 238  2999999999999999999999
  7  4  2  1  0  1  2  4  6  7  8  9  9 10 11 12 13 15 17 18 18 17 16 1324 2 4ZG1953 18999999999999999999999 351  0999999999999999999999
 10  7  4  1 -1 -2 -1  1  3  5  7  9 11 12 13 14 15 16 17 18 19 19 18 1624 2 5ZG2043 19999999999999999999999 5 4 -2999999999999999999999
 13 10  6  2 -1 -3 -4 -4 -2  1  5  8 10 12 13 14 15 16 16 17 18 20 20 1924 2 6ZG2151 20999999999999999999999 6 8 -4999999999999999999999
 17 14  9  5  0 -4 -7 -8 -7 -4  0  4  8 11 13 14 14 14 15 15 17 18 20 2124 2 7ZG23 7 21999999999999999999999 7 4 -8999999999999999999999
 20 18 14  9  3 -3 -7-10-11-10 -6 -1  4  8 11 12 13 13 13 13 14 15 18 2024 2 8ZG9999999999999999999999999999 755-11999999999999999999999
 21 21 18 14  8  1 -5-11-14-14-12 -7 -1  4  8 10 11 10 10  9 10 11 13 1624 2 9ZG 016 211559 1199999999999999 843-151910  999999999999999
 20 22 21 18 13  6 -1 -8-13-16-16-13 -7  0  5  8  9  9  8  6  6  6  7 1124 210ZG 119 221611  999999999999999 928-162016  699999999999999
 15 19 21 21 18 12  4 -3-10-14-16-15-11 -4  2  6  8  8  7  5  3  2  2  424 211ZG 219 221631  9999999999999991012-172122  299999999999999
  8 13 18 20 20 16 10  3 -4 -9-13-14-12 -7 -1  5  8  9  8  5  2  0 -1 -124 212ZG 318 201655  9999999999999991053-142229 -199999999999999
  1  6 11 15 18 17 14  8  2 -3 -7-10-10 -7 -2  4  8 10 10  7  4  0 -2 -424 213ZG 418 181721 10999999999999991132-102333 -499999999999999
 -4 -1  3  8 12 14 14 11  7  3 -1 -4 -5 -4  0  4  9 11 12 11  7  3  0 -324 214ZG 521 151750 129999999999999912 7 -5999999999999999999999
 -5 -5 -3  1  5  9 11 11  9  7  4  3  1  1  3  6 10 13 14 14 12  8  4  024 215ZG 631 111819 1499999999999999 036 -51236  199999999999999
 -3 -5 -5 -4 -1  3  5  7  8  8  7  7  7  6  7  9 11 14 16 16 15 13  9  524 216ZG 8 6  81851 1699999999999999 144 -51238  699999999999999
  2 -2 -4 -5 -4 -2  0  3  5  7  8  9  9 10 11 12 13 15 16 17 17 16 13 1024 217ZG1927 18999999999999999999999 3 2 -5999999999999999999999
  7  3 -1 -3 -5 -5 -4 -2  1  4  6  8 10 12 13 14 15 15 16 17 18 18 16 1424 218ZG2016 18999999999999999999999 434 -5999999999999999999999
 11  8  4  0 -3 -5 -6 -5 -3  0  3  7  9 11 13 14 15 15 16 16 17 18 17 1724 219ZG2128 18999999999999999999999 556 -6999999999999999999999
 14 11  8  4  0 -3 -6 -6 -5 -3  0  4  7 10 12 13 14 14 14 14 15 16 17 1724 220ZG2249 17999999999999999999999 656 -6999999999999999999999
 16 14 11  7  3 -1 -5 -7 -8 -6 -3  1  5  8 10 11 12 12 12 12 12 13 15 1624 221ZG2355 17999999999999999999999 743 -8999999999999999999999
 17 16 13 10  5  0 -4 -7 -9 -9 -6 -2  2  5  8  9  9  9  9  9  9 10 11 1324 222ZG1549  9999999999999999999999 821 -919 3  999999999999999
 15 16 15 12  7  2 -3 -7 -9-10 -9 -6 -1  3  6  7  8  7  6  5  5  6  7 1024 223ZG 048 161541  899999999999999 854-101939  599999999999999
 13 14 15 13  9  4 -1 -6 -9-11-11 -8 -4  0  4  6  6  5  4  3  2  2  4  624 224ZG 134 151550  699999999999999 924-112017  299999999999999
  9 12 13 13 10  6  1 -4 -8-11-11-10 -6 -2  2  5  5  5  3  1  0  0  0  224 225ZG 216 1316 4  599999999999999 951-112058  099999999999999
  5  9 11 12 11  8  3 -2 -6 -9-10-10 -7 -3  1  4  5  5  3  1 -1 -2 -2 -124 226ZG 257 121618  5999999999999991015-112142 -299999999999999
  1  5  8 10 10  9  5  1 -3 -6 -8 -8 -7 -3  1  4  6  6  4  2 -1 -3 -4 -424 227ZG 337 111632  6999999999999991036 -92227 -499999999999999
 -2  1  5  8  9  9  7  3  0 -3 -5 -6 -5 -2  2  5  7  8  6  4  1 -2 -4 -524 228ZG 418  91646  8999999999999991053 -62313 -599999999999999
 -4 -2  1  5  7  8  7  5  2  0 -2 -2 -2  0  3  7  9 10  9  6  3  0 -3 -424 229ZG 5 3  817 0 109999999999999911 4 -2999999999999999999999
 -5 -4 -2  1  4  6  7  6  4  2  1  1  1  3  5  8 10 11 11  9  6  3  0 -324 3 1ZG 555  71716 1299999999999999 0 0 -51059  199999999999999
 -4 -5 -4 -2  1  4  5  6  5  4  4  4  4  5  7  9 12 13 13 12  9  6  3  024 3 2ZG 7 0  61737 1399999999999999 051 -51024  499999999999999
 -3 -4 -5 -4 -2  0  2  4  5  5  5  6  7  8  9 11 12 14 14 14 12  9  6  224 3 3ZG18 4 14999999999999999999999 149 -5999999999999999999999
 -1 -3 -5 -5 -5 -3 -1  1  3  4  5  6  8  9 10 11 12 14 14 15 14 12  9  624 3 4ZG1844 15999999999999999999999 3 1 -5999999999999999999999
  2 -1 -4 -6 -7 -7 -6 -4 -1  2  4  6  7  9 10 11 12 13 13 14 14 14 12 1024 3 5ZG1952 14999999999999999999999 429 -7999999999999999999999
  6  2 -1 -5 -8 -9-10 -9 -6 -3  1  4  6  8  9 10 10 11 11 12 13 14 14 1324 3 6ZG2132 14999999999999999999999 545-10999999999999999999999
 10  7  2 -2 -7-10-13-13-11 -8 -4  0  4  6  7  8  8  8  8  9 10 12 14 1524 3 7ZG23 4 15999999999999999999999 645-13999999999999999999999
 14 11  7  2 -4 -9-13-16-16-13 -9 -4  1  4  6  6  6  5  4  5  5  8 11 1424 3 8ZG1451  6999999999999999999999 736-161827  499999999999999
 15 15 12  7  1 -5-11-15-17-17-14 -8 -2  2  5  5  4  3  1  0  0  2  5  924 3 9ZG 017 151452  599999999999999 822-181930  099999999999999
 13 16 15 12  7  1 -6-12-16-17-16-11 -5  0  4  5  5  2 -1 -3 -4 -4 -2  224 310ZG 123 1615 7  699999999999999 9 4-172030 -499999999999999
  8 13 15 15 12  7  0 -6-11-14-15-12 -7 -1  4  7  6  4  0 -4 -6 -8 -8 -524 311ZG 225 161528  799999999999999 945-152129 -899999999999999
  0  6 11 14 14 11  6  0 -5 -8-11-10 -7 -1  4  8  9  7  3 -1 -6 -9-11-1124 312ZG 328 151554  9999999999999991022-112226-1199999999999999
 -7 -2  5 10 12 12 10  6  1 -2 -5 -5 -4  0  5  9 11 11  8  3 -2 -7-10-1224 313ZG 430 131621 11999999999999991057 -52322-1299999999999999
-12 -8 -3  3  7 10 10  8  6  3  1  0  0  3  6 10 13 14 12  8  3 -2 -6-1024 314ZG 536 101649 14999999999999991125  0999999999999999999999
-12-11 -8 -4  1  5  7  8  7  6  6  5  5  6  8 11 14 15 15 13  9  4 -1 -524 315ZG 655  81719 1599999999999999 020-121134  599999999999999
 -9-10-10 -8 -4 -1  2  5  6  7  7  8  8  9 10 12 14 16 16 15 13  9  5  024 316ZG1751 16999999999999999999999 122-11999999999999999999999
 -3 -7 -9 -9 -7 -5 -2  1  3  5  7  8 10 11 12 13 14 15 15 15 14 12  9  524 317ZG1828 16999999999999999999999 237 -9999999999999999999999
  2 -2 -5 -7 -8 -7 -6 -3  0  2  5  7  9 11 12 12 13 13 14 14 14 13 11  924 318ZG1924 14999999999999999999999 4 7 -8999999999999999999999
  6  2 -1 -4 -6 -8 -8 -6 -4 -1  2  5  7  9 10 11 11 11 11 11 12 12 12 1124 319ZG21 4 12999999999999999999999 529 -8999999999999999999999
  9  6  2 -1 -4 -7 -8 -8 -7 -4 -1  3  5  7  8  9  9  8  8  8  9 10 11 1124 320ZG1525  92241 1199999999999999 629 -81817  899999999999999
 10  8  5  1 -2 -6 -8 -9 -9 -7 -3  0  3  5  6  7  6  6  5  5  5  7  8 1024 321ZG1448  72349 1099999999999999 713 -91852  599999999999999
 10  9  7  3  0 -4 -7 -9-10 -9 -6 -2  1  4  5  5  4  3  2  2  2  3  5  724 322ZG1433  5999999999999999999999 748-101921  299999999999999
  9  9  8  5  1 -3 -6 -9-10-10 -8 -4  0  3  4  4  3  1  0 -1 -1 -1  1  424 323ZG 042  91434  499999999999999 817-101950 -199999999999999
  7  8  8  7  3 -1 -5 -8-10-10 -8 -5 -1  2  4  4  3  1 -1 -3 -4 -4 -2  124 324ZG 129  91442  499999999999999 842-102022 -499999999999999
  4  7  8  8  5  2 -2 -6 -8 -9 -8 -5 -2  2  4  5  4  2 -1 -4 -6 -7 -6 -324 325ZG 213  81453  599999999999999 9 5 -92057 -799999999999999
  1  5  7  8  7  4  1 -3 -5 -7 -6 -4 -1  3  5  6  6  3  0 -4 -6 -8 -8 -624 326ZG 257  815 6  699999999999999 926 -72134 -899999999999999
 -3  2  5  8  8  6  4  0 -2 -4 -4 -3  0  4  7  8  8  6  2 -2 -5 -8 -9 -824 327ZG 341  81519  899999999999999 946 -42213 -999999999999999
 -6 -1  3  6  8  8  6  3  1  0 -1  0  2  5  8 10 10  9  5  1 -3 -6 -9 -924 328ZG 426  81535 119999999999999910 2 -12253 -999999999999999
 -8 -5  0  4  6  8  7  6  4  3  2  3  4  7 10 12 12 11  9  5  0 -4 -7 -924 329ZG 515  81553 129999999999999910 8  22336 -999999999999999
 -9 -7 -3  1  4  6  7  7  6  5  5  5  6  8 10 13 14 13 11  8  3 -1 -4 -724 330ZG 611  71614 1499999999999999 943  5999999999999999999999
 -9 -8 -6 -3  0  3  5  6  6  6  6  7  8  9 11 13 14 14 13 11  7  3 -1 -524 331ZG1640 14999999999999999999999 023 -9999999999999999999999
 -7 -8 -8 -6 -4 -1  2  4  5  6  7  8  9 10 11 12 14 14 14 13 10  6  2 -124 4 1ZG1713 14999999999999999999999 119 -8999999999999999999999
 -5 -7 -9 -9 -7 -5 -2  0  2  4  6  7  8  9 11 11 12 13 14 13 12  9  6  224 4 2ZG18 6 14999999999999999999999 231 -9999999999999999999999
 -1 -5 -8 -9-10 -9 -7 -4 -1  1  4  6  7  8  9 10 10 11 11 12 12 11  9  624 4 3ZG1940 12999999999999999999999 357-10999999999999999999999
  3 -1 -5 -8-11-12-11 -9 -6 -2  1  4  6  7  7  7  7  8  8  9 10 11 11 1024 4 4ZG2133 12999999999999999999999 513-12999999999999999999999
  7  4 -1 -5 -9-12-13-13-10 -6 -2  2  4  5  6  5  4  4  4  4  6  9 11 1224 4 5ZG1337  623 5 1299999999999999 613-131737  499999999999999
 11  9  5  0 -5 -9-12-14-13 -9 -4  0  4  5  5  4  2  0 -1 -1  0  3  7 1124 4 6ZG1329  5999999999999999999999 7 3-141838 -199999999999999
 13 12 10  6  0 -5 -9-12-12-11 -6 -1  3  6  6  5  2 -1 -4 -5 -5 -3  1  624 4 7ZG 020 131341  799999999999999 749-121934 -599999999999999
 11 13 13 11  6  1 -3 -7 -9 -9 -6 -1  4  7  9  8  4  0 -4 -7 -9 -9 -6 -124 4 8ZG 130 1314 1  999999999999999 830-102029 -999999999999999
  5 10 13 14 11  7  3 -1 -4 -5 -4 -1  4  9 12 11  9  4 -2 -7-10-12-12 -824 4 9ZG 237 141427 1299999999999999 9 9 -52123-1299999999999999
 -2  4 10 13 13 11  8  5  2  0  0  2  6 10 14 15 13  9  3 -3 -8-12-14-1324 410ZG 342 131455 1599999999999999 943  02215-1499999999999999
 -9 -3  4  9 12 13 11  9  7  5  5  5  8 11 15 17 17 14  9  3 -3 -8-12-1424 411ZG 448 131525 18999999999999991012  523 8-1499999999999999
-12 -8 -3  3  8 10 11 11 10  9  9  9 10 13 16 18 19 18 14  9  3 -3 -7-1124 412ZG 559 111557 19999999999999991024  9999999999999999999999
-12-11 -7 -2  2  6  9 10 10 11 11 11 12 13 16 18 19 19 17 14  9  3 -2 -624 413ZG1631 19999999999999999999999 0 2-12999999999999999999999
 -9-10 -9 -6 -2  2  5  7  9 10 11 12 13 14 15 16 18 18 18 16 13  8  4  024 414ZG17 8 18999999999999999999999 1 0-10999999999999999999999
 -4 -7 -8 -7 -5 -2  1  4  6  8 10 11 12 13 14 15 15 16 16 16 14 11  8  424 415ZG1750 16999999999999999999999 2 8 -8999999999999999999999
  0 -3 -5 -6 -6 -5 -3  0  3  6  8 10 11 12 12 13 13 13 13 14 13 12 10  724 416ZG1852 14999999999999999999999 327 -6999999999999999999999
  4  1 -2 -4 -6 -6 -5 -3  0  3  6  8  9 10 10 10 10 10 10 10 11 11 10  924 417ZG1417 102037 1199999999999999 439 -61711 1099999999999999
  6  4  1 -2 -4 -5 -6 -4 -2  1  4  6  8  8  9  8  7  7  6  7  7  8  9  924 418ZG1340  92219  999999999999999 536 -618 2  699999999999999
  8  6  3  0 -2 -4 -5 -5 -3 -1  2  5  7  7  7  7  5  4  3  3  4  5  7  824 419ZG1319  82333  899999999999999 619 -51836  399999999999999
  8  7  5  2  0 -3 -4 -5 -4 -2  1  4  6  7  7  6  4  2  1  0  1  2  5  724 420ZG1314  7999999999999999999999 651 -519 6  099999999999999
  8  8  7  5  2 -1 -3 -4 -3 -1  1  5  7  8  8  6  4  1 -1 -2 -2 -1  2  524 421ZG 033  81318  899999999999999 717 -41935 -299999999999999
  7  8  8  7  5  2  0 -1 -2  0  2  5  8 10  9  8  5  2 -1 -4 -4 -4 -1  224 422ZG 126  91326 1099999999999999 740 -220 6 -499999999999999
  6  8  9  9  8  5  3  1  1  1  3  7 10 11 12 10  7  3 -1 -4 -6 -6 -4 -124 423ZG 216 101338 1299999999999999 8 3  12040 -699999999999999
  4  7 10 11 10  8  6  4  4  4  5  8 11 13 14 13 10  6  1 -3 -6 -7 -7 -424 424ZG 3 4 111354 1499999999999999 825  32116 -799999999999999
  1  5  9 11 12 11  9  8  7  6  7  9 12 15 16 16 14 10  5  0 -4 -7 -8 -624 425ZG 351 121414 1799999999999999 847  62154 -899999999999999
 -3  2  7 10 12 12 11 10  9  9  9 11 13 16 18 18 17 13  8  3 -2 -5 -8 -824 426ZG 439 131438 1899999999999999 9 2  92235 -899999999999999
 -5 -1  4  8 11 12 13 12 11 11 11 12 14 16 19 20 19 16 12  7  2 -3 -6 -824 427ZG 533 1315 4 2099999999999999 853 112319 -899999999999999
 -7 -5  0  4  8 11 12 12 12 12 12 13 14 16 18 20 20 18 15 11  6  1 -3 -624 428ZG1535 209999999999999999999999999999999999999999999999999
 -8 -7 -4  0  4  7 10 11 11 12 13 13 14 16 17 19 20 19 17 14  9  5  0 -424 429ZG1613 20999999999999999999999 0 9 -8999999999999999999999
 -6 -7 -7 -4 -1  3  6  8 10 11 12 13 14 15 16 17 18 18 18 16 13  9  4  024 430ZG17 3 18999999999999999999999 1 7 -7999999999999999999999
 -4 -6 -7 -7 -5 -2  1  5  7  9 10 11 12 13 14 14 15 16 17 16 15 12  9  424 5 1ZG1815 17999999999999999999999 215 -7999999999999999999999
  0 -3 -6 -7 -7 -5 -3  1  4  7  9 10 11 11 11 11 12 12 14 15 15 14 12  924 5 2ZG1954 15999999999999999999999 327 -7999999999999999999999
  5  1 -2 -5 -7 -7 -5 -2  2  5  8 10 10 10  9  9  8  8  9 11 13 14 14 1324 5 3ZG12 9 102138 1499999999999999 433 -71630  899999999999999
 10  7  3 -1 -4 -5 -5 -3  0  4  8 10 11 10  9  7  5  4  4  5  8 11 13 1524 5 4ZG12 1 1123 9 1599999999999999 530 -61737  499999999999999
 14 12  8  5  1 -1 -3 -2  0  4  8 11 13 12 10  7  4  2  0  0  2  5 10 1324 5 5ZG1213 13999999999999999999999 619 -31835  099999999999999
 15 15 14 11  7  4  2  1  2  5  9 13 15 16 14 10  6  1 -2 -4 -4 -1  3  924 5 6ZG 030 161235 1699999999999999 7 4  11930 -499999999999999
 14 16 17 15 13 10  8  6  6  7 10 15 18 19 18 15 10  4 -1 -5 -7 -6 -3  324 5 7ZG 146 1713 2 1999999999999999 745  62022 -799999999999999
  9 14 17 18 17 15 13 11 10 10 12 16 20 22 23 20 15  9  3 -2 -6 -8 -7 -324 5 8ZG 258 181332 2399999999999999 821 102113 -899999999999999
  3  9 14 17 19 18 17 15 14 14 15 17 21 24 26 25 21 16  9  2 -3 -7 -9 -724 5 9ZG 4 5 1914 6 2699999999999999 848 1422 4 -999999999999999
 -3  3  9 14 17 19 18 18 17 17 17 19 21 24 27 27 25 21 15  8  2 -3 -6 -824 510ZG 514 191443 2799999999999999 851 172254 -899999999999999
 -6 -1  4 10 14 17 18 18 18 18 19 19 21 23 26 27 27 25 20 14  8  2 -2 -524 511ZG1522 279999999999999999999992345 -6999999999999999999999
 -6 -4  0  5 10 13 16 17 17 18 19 19 20 22 24 26 26 26 23 19 13  8  3 -124 512ZG16 3 269999999999999999999999999999999999999999999999999
 -4 -4 -2  1  5  9 12 14 16 17 18 18 19 20 21 23 24 24 23 20 17 12  7  324 513ZG1647 24999999999999999999999 040 -4999999999999999999999
  0 -2 -2 -1  2  6  9 11 14 15 16 17 18 18 19 19 20 21 21 20 18 15 11  724 514ZG1735 21999999999999999999999 138 -2999999999999999999999
  4  1  0 -1  1  3  6  9 11 13 15 15 16 16 16 16 17 17 18 18 17 15 13 1024 515ZG1834 18999999999999999999999 238 -1999999999999999999999
  7  4  2  1  1  2  4  7  9 12 13 14 15 15 14 14 14 14 14 15 15 14 13 1224 516ZG1230 1520 0 1599999999999999 334  11625 1399999999999999
  9  7  5  3  2  3  4  6  8 11 13 14 14 14 13 12 11 11 11 11 12 13 13 1224 517ZG1156 142144 1399999999999999 420  21723 1199999999999999
 11  9  7  6  5  4  5  6  9 11 13 15 15 14 13 11 10  8  8  8  9 11 12 1324 518ZG1147 152313 1399999999999999 456  418 3  899999999999999
 12 11 10  9  7  6  7  8 10 12 14 16 16 16 14 11  9  7  6  6  7  9 11 1324 519ZG1149 16999999999999999999999 524  61836  699999999999999
 14 14 13 12 10  9  9 10 11 14 16 18 19 18 16 13 10  7  4  4  4  6  9 1224 520ZG 030 141156 1999999999999999 548  919 8  499999999999999
 14 15 15 15 13 12 12 12 13 15 18 20 21 21 19 15 12  8  4  2  2  4  7 1024 521ZG 135 151210 2199999999999999 614 121942  299999999999999
 14 16 17 17 17 16 15 15 15 17 20 22 24 24 22 19 15 10  6  2  1  1  4  824 522ZG 230 181231 2499999999999999 643 152019  199999999999999
 12 16 18 19 19 18 18 17 17 19 21 23 26 26 25 23 18 13  8  4  1  0  1  524 523ZG 319 201256 2699999999999999 712 172058  099999999999999
  9 14 18 20 21 21 20 19 19 20 21 24 26 28 28 26 22 17 11  6  2 -1 -1  124 524ZG 4 8 211327 2899999999999999 736 192139 -199999999999999
  6 11 15 19 21 21 21 21 21 21 22 24 26 28 29 28 26 21 15 10  4  0 -2 -124 525ZG 5 0 2114 1 2999999999999999 746 212224 -299999999999999
  1  6 11 16 19 21 21 21 21 21 22 23 25 27 29 30 28 25 20 14  8  3 -1 -224 526ZG1441 309999999999999999999992312 -2999999999999999999999
 -1  2  6 11 15 18 20 20 21 21 21 22 24 26 28 29 29 27 23 18 12  7  2 -124 527ZG1526 299999999999999999999999999999999999999999999999999
 -2 -1  2  6 11 15 17 19 19 20 20 21 22 23 25 27 28 28 26 22 17 11  6  224 528ZG1619 28999999999999999999999 0 4 -2999999999999999999999
 -1 -2 -1  2  6 11 14 16 18 19 19 20 20 21 22 23 25 26 26 24 21 16 11  624 529ZG1721 26999999999999999999999 1 0 -2999999999999999999999
  3  0 -1  0  3  7 11 14 16 18 18 18 18 18 19 19 21 23 24 24 23 20 16 1224 530ZG1837 24999999999999999999999 158 -1999999999999999999999
  8  4  2  1  2  5  9 13 16 18 18 18 18 17 16 16 16 18 20 21 22 22 20 1724 531ZG1017 1820 9 2299999999999999 255  115 3 1699999999999999
 13 10  7  5  5  6  9 12 16 18 20 20 19 17 15 14 13 13 14 17 19 21 21 2024 6 1ZG1026 202148 2199999999999999 349  51621 1399999999999999
 18 16 13 11  9  9 10 13 17 20 22 22 21 19 16 13 11  9  9 11 14 18 20 2224 6 2ZG1045 222326 2299999999999999 439  91728  999999999999999
 22 20 18 16 15 14 14 15 18 22 24 26 25 23 19 15 11  8  6  6  9 12 17 2024 6 3ZG1110 26999999999999999999999 525 141829  699999999999999
 23 23 23 22 20 19 18 19 21 24 27 29 29 28 24 19 14  9  6  4  4  7 12 1724 6 4ZG 1 2 231140 3099999999999999 6 5 181925  499999999999999
 21 24 25 25 24 23 23 23 24 25 28 31 33 32 30 25 19 13  8  4  2  3  6 1224 6 5ZG 226 251214 3399999999999999 638 232017  299999999999999
 17 22 25 27 27 26 26 26 26 27 29 32 35 36 34 31 25 19 12  7  3  2  3  724 6 6ZG 339 271253 3699999999999999 654 2621 6  299999999999999
 12 18 23 26 27 28 27 27 28 28 30 32 35 37 37 35 31 25 18 12  6  3  2  424 6 7ZG1335 379999999999999999999992155  2999999999999999999999
  8 13 19 23 26 27 27 27 28 28 29 31 33 36 37 37 34 30 24 17 11  6  3  324 6 8ZG1420 379999999999999999999992243  2999999999999999999999
  5  9 14 19 23 25 26 27 27 27 28 29 31 33 35 36 36 33 28 22 16 10  6  424 6 9ZG15 6 369999999999999999999992331  3999999999999999999999
  4  6 10 15 19 22 24 25 25 26 26 27 28 30 32 34 34 33 30 25 20 14 10  624 610ZG1552 349999999999999999999999999999999999999999999999999
  5  5  8 12 16 19 22 23 24 24 25 25 26 27 28 30 31 31 30 27 23 18 13 1024 611ZG1637 32999999999999999999999 018  5999999999999999999999
  7  6  7  9 13 16 19 21 22 23 23 24 24 24 25 26 27 28 28 27 24 20 16 1324 612ZG1723 28999999999999999999999 1 4  6999999999999999999999
 10  9  8  9 12 15 18 20 21 22 23 23 23 22 22 23 24 24 25 25 24 21 19 1624 613ZG1816 25999999999999999999999 147  8999999999999999999999
 13 12 11 11 12 14 17 19 21 22 23 23 22 21 21 20 20 21 22 22 22 22 20 1824 614ZG10 2 231927 2299999999999999 223 111519 2099999999999999
 16 15 14 13 14 16 18 20 22 23 24 24 23 21 20 19 18 18 19 20 21 21 21 2024 615ZG10 3 2421 7 2199999999999999 252 131626 1899999999999999
 19 18 17 16 17 18 20 22 24 25 26 26 24 23 21 19 17 16 16 17 19 20 21 2124 616ZG10 9 2623 3 2199999999999999 313 161716 1699999999999999
 21 21 20 20 20 20 22 24 26 28 29 28 27 25 22 19 17 15 14 15 17 19 21 2224 617ZG1020 29999999999999999999999 331 201758 1499999999999999
 23 23 23 23 23 23 24 26 28 30 31 31 30 28 25 21 18 15 13 13 14 17 20 2324 618ZG 059 231039 3199999999999999 353 231838 1399999999999999
 25 26 26 26 26 26 26 28 29 32 33 34 34 31 28 24 20 16 13 11 12 14 18 2124 619ZG11 5 349999999999999999999991918 11999999999999999999999
 25 27 28 28 28 28 28 29 30 32 35 36 36 35 32 28 23 18 14 11 10 11 14 1824 620ZG1138 3699999999999999999999920 0 10999999999999999999999
 23 26 29 30 30 30 30 30 31 32 35 37 38 38 36 32 27 21 16 12  9  8 10 1424 621ZG1217 389999999999999999999992044  8999999999999999999999
 19 24 27 30 31 31 30 31 31 32 34 36 38 39 38 35 31 25 19 14  9  7  7 1024 622ZG13 1 399999999999999999999992130  6999999999999999999999
 14 20 24 28 30 30 30 30 30 31 32 34 37 39 40 38 35 30 23 17 11  7  5  624 623ZG1350 409999999999999999999992218  5999999999999999999999
  9 14 20 24 27 29 29 29 29 30 30 32 34 37 39 39 38 34 28 22 15 10  6  424 624ZG1441 4099999999999999999999923 7  4999999999999999999999
  5  9 14 20 24 26 28 28 28 28 28 29 31 33 36 38 38 36 32 27 20 14  9  624 625ZG1535 399999999999999999999992356  5999999999999999999999
  5  6 10 15 20 24 26 27 27 26 26 27 28 29 32 35 37 37 35 31 25 19 14 1024 626ZG1634 379999999999999999999999999999999999999999999999999
  7  6  8 12 17 21 24 26 26 26 25 25 25 25 27 30 32 34 34 33 29 25 20 1524 627ZG 745 261739 3599999999999999 046  61148 2599999999999999
 12 10 10 12 16 20 24 26 27 27 26 25 24 23 23 24 27 29 31 32 31 28 25 2124 628ZG 813 271854 3299999999999999 133  91332 2399999999999999
 18 15 14 14 17 20 24 27 29 29 28 26 24 23 21 21 22 24 26 29 30 30 28 2624 629ZG 841 292024 3099999999999999 219 141453 2199999999999999
 24 22 20 19 20 22 25 28 31 32 31 30 27 24 22 19 18 19 21 24 26 29 29 2924 630ZG 910 322214 2999999999999999 3 3 1916 9 1899999999999999
 28 27 26 25 25 26 28 30 33 35 35 34 31 28 24 21 18 16 17 19 22 25 28 3024 7 1ZG 942 35999999999999999999999 342 251721 1699999999999999
 31 31 30 30 30 30 31 33 35 37 39 38 36 33 29 24 20 17 15 15 17 21 25 2824 7 2ZG 037 311018 3999999999999999 414 301826 1599999999999999
 31 33 33 33 33 33 34 35 37 39 41 42 41 38 34 29 24 19 15 14 14 16 21 2524 7 3ZG1059 429999999999999999999991923 13999999999999999999999
 29 32 34 35 35 35 36 36 37 39 41 43 44 42 39 34 29 23 18 14 13 13 16 2124 7 4ZG1146 449999999999999999999992015 13999999999999999999999
 26 30 33 35 36 36 36 36 37 38 41 43 45 45 43 39 34 28 22 17 13 12 13 1724 7 5ZG1235 4599999999999999999999921 3 12999999999999999999999
 22 27 31 34 35 35 35 36 36 37 39 41 43 45 45 43 38 32 26 20 16 13 12 1424 7 6ZG1325 459999999999999999999992148 12999999999999999999999
 18 23 28 31 33 34 34 34 34 35 36 38 40 43 44 44 41 36 30 24 18 14 12 1224 7 7ZG1414 449999999999999999999992231 12999999999999999999999
 14 19 24 28 31 32 32 32 32 32 33 35 37 39 42 43 42 39 34 28 22 17 13 1224 7 8ZG15 0 439999999999999999999992312 12999999999999999999999
 13 16 20 24 28 30 31 31 30 30 31 32 33 35 38 40 40 39 35 30 25 20 16 1424 7 9ZG1545 409999999999999999999992350 13999999999999999999999
 13 14 18 22 25 28 29 30 29 29 29 29 30 32 34 36 37 37 36 32 28 23 19 1624 710ZG 644 301627 3899999999999999 921 29999999999999999999999
 15 15 17 20 24 27 29 29 29 28 28 28 28 29 30 32 34 35 34 32 29 25 22 1924 711ZG 712 291711 3599999999999999 024 1511 2 2899999999999999
 18 17 18 21 24 26 29 30 30 29 28 28 27 27 27 29 30 31 32 31 30 27 25 2324 712ZG 735 3018 1 3299999999999999 052 171256 2799999999999999
 21 20 21 22 25 27 29 31 31 31 30 28 27 26 26 26 27 28 30 30 30 29 27 2624 713ZG 753 3119 8 3099999999999999 113 201411 2699999999999999
 25 24 24 25 27 29 31 33 33 33 32 30 29 27 25 25 25 26 27 28 29 29 29 2824 714ZG 810 332045 2999999999999999 125 241519 2599999999999999
 28 28 28 28 30 31 33 35 36 36 35 33 31 29 26 24 24 24 25 26 28 29 30 3024 715ZG 829 36999999999999999999999 121 271621 2399999999999999
 30 31 31 31 32 33 35 37 38 39 38 36 34 31 28 25 23 22 22 24 26 28 30 3124 716ZG 855 399999999999999999999991717 22999999999999999999999
 32 33 33 34 34 35 37 38 40 41 41 40 37 34 31 27 24 22 21 21 23 26 29 3124 717ZG 930 4199999999999999999999918 8 21999999999999999999999
 33 35 35 36 36 37 38 39 41 42 43 42 41 38 34 30 26 22 19 19 20 22 26 3024 718ZG1013 439999999999999999999991857 19999999999999999999999
 33 35 36 37 37 37 38 39 40 42 44 44 44 41 38 33 28 23 19 17 16 18 21 2624 719ZG11 4 449999999999999999999991945 16999999999999999999999
 30 33 36 37 37 37 37 38 39 41 43 45 45 44 42 37 32 26 21 17 14 14 16 2124 720ZG1159 459999999999999999999992033 14999999999999999999999
 26 30 34 35 36 36 36 36 37 38 40 43 45 46 45 41 36 30 24 18 14 11 12 1524 721ZG1255 469999999999999999999992121 11999999999999999999999
 20 26 30 33 35 35 34 34 34 35 37 40 43 45 46 45 41 35 28 21 16 12 10 1124 722ZG 442 351351 4699999999999999 7 7 3422 8 1099999999999999
 15 21 26 30 33 34 33 32 32 32 33 35 38 42 45 46 44 40 34 27 20 14 11 1024 723ZG 5 4 341447 4699999999999999 8 6 322254 1099999999999999
 12 16 22 27 31 32 32 31 30 30 30 31 33 37 41 44 44 43 38 32 25 20 15 1224 724ZG 529 331545 4599999999999999 919 302338 1199999999999999
 12 14 19 25 29 32 33 32 30 29 28 27 28 31 35 39 42 42 41 37 31 26 21 1724 725ZG 556 331646 42999999999999991051 27999999999999999999999
 15 16 19 24 28 32 34 33 32 30 28 26 26 26 29 32 36 39 40 38 35 31 27 2424 726ZG 625 341753 4099999999999999 021 151211 2699999999999999
 21 20 21 24 29 32 35 36 35 32 30 27 25 24 24 26 30 33 36 37 37 35 32 3024 727ZG 656 361912 3799999999999999 1 2 201324 2499999999999999
 28 26 26 28 30 34 37 38 38 37 34 31 28 25 23 23 25 27 30 33 35 35 35 3424 728ZG 729 382054 3599999999999999 140 261438 2399999999999999
 33 32 32 32 34 36 38 40 41 41 39 35 32 29 25 23 22 23 25 28 31 34 35 3624 729ZG 8 6 41999999999999999999999 213 321558 2299999999999999
 36 36 36 36 37 38 40 42 43 44 43 41 37 33 29 26 23 21 22 24 27 30 33 3624 730ZG 849 449999999999999999999991718 21999999999999999999999
 37 38 39 39 40 40 41 43 44 46 46 45 42 38 34 30 26 22 21 21 23 26 30 3324 731ZG 941 469999999999999999999991827 21999999999999999999999
 36 38 40 40 41 41 42 43 44 46 47 47 46 43 39 34 30 25 22 20 20 22 26 3024 8 1ZG1040 479999999999999999999991924 20999999999999999999999
 34 37 39 40 40 41 41 41 42 44 46 47 48 46 43 39 34 28 24 21 19 20 23 2724 8 2ZG1140 489999999999999999999992012 19999999999999999999999
 31 35 37 39 39 39 39 39 40 41 43 46 48 48 46 42 37 32 26 22 19 18 19 2324 8 3ZG1235 489999999999999999999992055 18999999999999999999999
 28 32 35 37 37 37 37 37 37 38 40 43 45 47 47 45 40 35 29 24 20 18 17 2024 8 4ZG1325 479999999999999999999992135 17999999999999999999999
 24 28 32 35 36 35 35 34 34 35 36 39 42 45 46 45 42 38 32 26 22 18 17 1824 8 5ZG 417 361411 4699999999999999 719 342211 1799999999999999
 21 25 29 32 34 34 33 32 32 32 33 35 37 41 43 44 43 39 35 29 24 20 18 1724 8 6ZG 436 341454 4499999999999999 8 7 322243 1799999999999999
 19 23 27 31 33 33 33 31 30 30 30 31 33 36 40 42 42 40 36 31 27 23 20 1924 8 7ZG 458 331536 4299999999999999 9 0 302312 1999999999999999
 19 22 26 29 32 33 33 32 30 29 29 29 30 32 36 38 40 39 37 33 29 26 23 2124 8 8ZG 520 331618 409999999999999910 3 292336 2199999999999999
 21 23 26 29 32 33 34 33 31 29 28 28 28 29 32 35 37 37 37 35 32 29 26 2524 8 9ZG 539 3417 3 37999999999999991112 282355 2499999999999999
 24 25 27 30 33 35 35 34 33 31 29 28 27 28 29 31 34 35 36 35 33 31 29 2824 810ZG 556 351755 36999999999999991215 27999999999999999999999
 28 28 30 32 35 36 37 37 35 33 31 29 28 27 27 29 31 33 34 34 34 33 32 3124 811ZG 613 3719 1 3499999999999999 0 5 281315 272355 319999999
 31 32 33 34 36 38 39 39 38 36 34 32 29 28 27 27 28 30 32 33 34 34 34 3424 812ZG 633 399999999999999999999991417 27999999999999999999999
 34 34 35 36 38 40 41 41 41 39 37 34 32 29 27 26 26 27 29 31 33 34 35 3524 813ZG 659 419999999999999999999991526 26999999999999999999999
 36 37 37 38 39 41 42 43 43 42 40 38 35 32 29 27 25 25 26 28 30 32 34 3624 814ZG 737 439999999999999999999991638 25999999999999999999999
 37 38 39 39 40 41 42 43 44 44 43 41 38 35 31 28 25 23 23 24 26 29 32 3524 815ZG 829 449999999999999999999991743 23999999999999999999999
 37 38 39 40 40 41 41 42 44 45 45 44 41 38 34 30 26 23 21 20 22 25 29 3224 816ZG 936 459999999999999999999991839 20999999999999999999999
 35 37 38 39 39 39 40 41 42 44 45 45 44 42 38 33 28 23 20 17 17 20 24 2824 817ZG1048 459999999999999999999991930 17999999999999999999999
 32 35 37 38 38 37 37 38 39 41 43 46 46 45 42 37 32 26 20 16 14 15 18 2324 818ZG1154 469999999999999999999992018 14999999999999999999999
 28 32 35 36 36 35 35 35 35 37 40 43 46 47 46 42 36 30 23 18 14 12 14 1824 819ZG 325 361255 4799999999999999 633 3521 3 1299999999999999
 24 29 33 35 35 34 32 31 31 32 35 38 43 46 47 46 41 35 28 22 17 13 12 1524 820ZG 337 351354 4799999999999999 734 312147 1299999999999999
 20 26 30 33 34 33 31 29 28 28 29 32 37 42 45 47 45 40 34 27 21 17 14 1424 821ZG 357 341453 4799999999999999 840 282229 1499999999999999
 18 23 29 33 35 34 32 29 27 25 25 26 30 35 40 44 45 43 39 33 28 23 19 1824 822ZG 421 351554 4599999999999999 950 2523 9 1899999999999999
 19 23 28 33 36 36 35 32 28 25 23 23 24 28 33 38 42 43 41 38 33 29 26 2424 823ZG 448 361658 43999999999999991058 232348 2399999999999999
 23 25 29 33 37 39 38 36 32 28 25 22 21 23 26 31 36 39 40 39 37 34 32 3024 824ZG 518 3918 9 409999999999999912 2 21999999999999999999999
 29 29 31 35 38 41 41 40 37 33 29 25 23 21 22 25 29 33 36 38 38 37 36 3524 825ZG 549 411938 3899999999999999 024 2913 9 2199999999999999
 35 34 35 37 40 42 43 43 41 38 34 30 26 23 22 22 24 27 30 33 36 37 37 3824 826ZG 625 43999999999999999999999 053 341422 2299999999999999
 38 38 39 39 41 43 44 45 44 42 39 36 32 28 25 23 22 23 26 29 32 34 36 3824 827ZG 7 8 459999999999999999999991547 22999999999999999999999
 39 40 41 41 42 43 44 45 46 45 43 41 37 33 29 26 23 22 23 25 27 31 34 3724 828ZG 8 4 469999999999999999999991713 22999999999999999999999
 39 40 41 41 42 42 43 44 45 45 45 44 41 38 34 30 26 23 22 22 24 27 31 3424 829ZG 920 459999999999999999999991822 22999999999999999999999
 37 39 40 40 41 40 41 41 42 44 45 45 44 42 38 34 29 25 22 21 21 24 27 3124 830ZG1039 459999999999999999999991915 21999999999999999999999
 34 37 38 38 38 38 38 38 39 41 43 44 45 43 41 37 32 27 23 21 20 21 24 2824 831ZG1143 459999999999999999999991959 20999999999999999999999
 32 34 36 37 36 36 35 35 36 37 39 42 44 44 42 39 34 30 25 21 19 19 21 2524 9 1ZG 259 371236 4499999999999999 638 352035 1999999999999999
 29 32 34 35 34 33 32 32 32 33 35 38 41 43 43 40 37 32 27 23 20 18 19 2224 9 2ZG 3 1 351322 4399999999999999 713 3221 7 1899999999999999
 26 30 33 34 33 32 30 29 29 30 31 34 38 41 42 41 38 34 29 24 21 19 19 2124 9 3ZG 313 3414 5 4299999999999999 751 292136 1999999999999999
 24 28 31 33 33 32 29 28 27 27 28 30 34 37 40 40 39 36 31 27 23 21 20 2124 9 4ZG 328 331447 4099999999999999 832 2722 1 2099999999999999
 24 28 31 33 33 32 30 27 26 25 25 27 30 34 37 39 39 37 33 29 26 23 22 2224 9 5ZG 345 331530 3999999999999999 917 252223 2299999999999999
 24 28 31 33 34 33 31 28 26 24 24 24 26 30 34 36 38 37 35 32 29 27 25 2524 9 6ZG 4 1 341614 389999999999999910 4 242240 2599999999999999
 26 29 32 35 36 35 33 31 27 25 24 23 24 27 30 34 36 36 36 34 31 30 29 2824 9 7ZG 415 3617 2 36999999999999991052 232252 2899999999999999
 29 31 34 36 37 37 36 33 30 27 25 23 23 24 27 30 33 35 35 35 33 32 31 3124 9 8ZG 430 381756 35999999999999991141 232248 3199999999999999
 32 33 35 37 39 39 38 36 33 30 27 25 24 24 25 28 30 33 34 35 34 34 34 3424 9 9ZG 448 3919 6 35999999999999991233 232158 3499999999999999
 34 35 37 38 40 41 40 39 36 33 30 27 25 24 24 25 27 30 32 33 34 34 35 3524 910ZG 510 419999999999999999999991330 24999999999999999999999
 36 37 38 39 40 41 41 41 39 36 33 30 27 25 24 23 24 26 28 30 32 33 35 3624 911ZG 540 419999999999999999999991440 23999999999999999999999
 37 37 38 39 40 41 41 41 40 39 36 33 30 27 24 23 22 23 24 26 29 31 33 3524 912ZG 625 4199999999999999999999916 3 22999999999999999999999
 36 37 38 38 39 40 40 41 41 40 39 36 33 29 26 23 21 20 20 22 24 28 30 3324 913ZG 739 419999999999999999999991717 20999999999999999999999
 35 36 37 37 37 38 38 39 40 41 40 39 36 33 29 25 21 18 17 17 19 23 27 3024 914ZG 915 419999999999999999999991816 17999999999999999999999
 33 34 35 35 35 35 35 36 38 39 41 41 40 37 33 28 23 18 15 14 15 18 22 2724 915ZG1041 4199999999999999999999919 6 14999999999999999999999
 30 33 33 33 32 32 31 32 33 36 39 41 42 41 37 32 27 21 17 13 13 14 18 2324 916ZG 210 331152 4299999999999999 555 311952 1399999999999999
 28 31 32 32 31 29 28 27 28 30 34 38 42 43 41 38 32 26 20 16 13 13 16 2124 917ZG 214 321255 4399999999999999 652 272035 1399999999999999
 26 30 32 32 31 28 25 24 23 24 27 32 38 42 43 41 38 32 26 21 17 15 15 1924 918ZG 229 331358 4399999999999999 751 232117 1599999999999999
 25 30 33 34 32 29 25 22 20 19 21 25 31 37 41 42 41 37 32 27 22 19 18 2024 919ZG 251 3415 0 4299999999999999 851 192156 1899999999999999
 24 30 34 36 36 33 28 23 19 17 16 18 23 29 35 40 41 40 37 32 29 26 24 2424 920ZG 317 3616 5 4199999999999999 951 162234 2399999999999999
 26 31 35 38 39 37 33 27 22 18 16 15 17 22 28 34 37 39 39 36 33 31 30 2924 921ZG 345 391713 39999999999999991050 1523 8 2999999999999999
 29 32 36 39 41 41 38 33 28 23 18 16 15 17 21 27 31 35 37 37 36 35 34 3324 922ZG 417 411831 37999999999999991149 152335 3399999999999999
 33 35 37 40 42 43 42 38 34 28 24 20 17 16 18 21 25 29 33 35 36 36 36 3624 923ZG 451 439999999999999999999991252 16999999999999999999999
 37 37 38 40 42 43 43 42 38 34 30 25 22 19 18 18 21 24 27 30 33 35 36 3724 924ZG 530 4399999999999999999999914 5 18999999999999999999999
 38 38 39 40 41 42 43 43 41 38 35 31 27 23 21 19 19 20 23 26 29 32 34 3624 925ZG 620 439999999999999999999991532 19999999999999999999999
 37 38 39 39 39 40 40 41 41 40 38 35 32 28 25 22 20 19 20 22 25 28 31 3424 926ZG 732 419999999999999999999991655 19999999999999999999999
 35 37 37 37 37 37 37 38 39 39 39 38 35 32 28 25 22 19 19 19 22 25 28 3124 927ZG 9 9 3999999999999999999999918 0 19999999999999999999999
 33 34 35 35 34 34 34 34 35 37 38 38 37 35 31 28 24 21 19 18 19 22 25 2924 928ZG 212 351036 3899999999999999 542 341849 1899999999999999
 31 32 33 32 32 31 30 30 31 33 35 37 37 36 33 30 26 22 19 18 18 20 23 2624 929ZG 155 331139 3799999999999999 622 301927 1899999999999999
 29 31 31 31 30 28 27 27 27 29 32 34 36 36 34 31 28 24 21 18 18 19 21 2524 930ZG 150 311231 3699999999999999 655 271958 1899999999999999
 28 30 31 30 28 26 25 24 24 25 28 31 34 35 35 33 30 26 22 20 18 18 20 242410 1ZG 155 311317 3599999999999999 726 242024 1899999999999999
 27 30 31 30 28 26 23 22 21 22 24 27 31 34 35 34 31 28 24 22 20 20 21 242410 2ZG 2 5 3114 2 3599999999999999 759 212046 2099999999999999
 27 30 31 31 29 26 23 21 19 19 21 24 28 32 34 34 33 30 27 24 22 22 22 242410 3ZG 218 311446 3499999999999999 833 1921 6 2299999999999999
 28 31 32 33 31 28 24 21 18 17 18 20 24 29 32 34 34 32 30 27 25 24 24 262410 4ZG 232 331531 3499999999999999 911 172123 2499999999999999
 29 32 34 34 33 30 26 22 19 17 17 18 21 26 30 32 34 33 32 30 28 27 27 282410 5ZG 247 341618 3499999999999999 950 172138 2799999999999999
 30 33 35 36 35 33 29 25 21 18 16 16 19 22 27 30 32 33 33 32 30 29 29 302410 6ZG 3 3 3617 8 33999999999999991032 162142 2999999999999999
 31 34 36 38 37 36 32 28 24 20 18 16 17 19 23 27 30 32 33 32 32 31 31 322410 7ZG 323 3818 5 33999999999999991115 162116 3199999999999999
 33 34 37 38 38 37 35 31 27 23 20 18 17 18 20 23 27 29 31 32 32 32 32 332410 8ZG 345 3899999999999999999999912 4 17999999999999999999999
 34 35 36 38 38 38 37 34 30 26 23 20 18 17 18 20 23 25 28 29 30 31 32 332410 9ZG 411 389999999999999999999991259 17999999999999999999999
 34 35 36 37 38 38 37 35 33 29 25 22 19 17 17 17 19 21 23 26 28 29 31 32241010ZG 445 3899999999999999999999914 8 17999999999999999999999
 33 34 34 35 36 36 37 36 34 32 28 25 22 19 17 15 15 17 19 22 24 27 29 30241011ZG 541 379999999999999999999991530 15999999999999999999999
 31 32 33 33 33 34 35 35 35 34 31 28 25 21 18 15 14 13 15 17 20 24 26 28241012ZG 716 359999999999999999999991643 13999999999999999999999
 30 30 30 30 30 31 31 32 34 34 34 32 29 25 21 17 14 12 12 13 16 20 24 27241013ZG 9 5 349999999999999999999991741 12999999999999999999999
 28 29 28 28 27 27 27 28 30 32 34 34 33 30 25 21 17 13 11 11 14 17 22 26241014ZG 059 291036 3499999999999999 510 271831 1199999999999999
 28 28 28 26 24 23 22 23 25 28 32 34 35 34 31 26 21 17 14 12 13 16 20 25241015ZG 052 281151 3599999999999999 6 5 221916 1299999999999999
 28 29 29 26 23 20 18 18 19 21 26 31 35 36 35 32 27 22 18 16 15 16 20 25241016ZG 1 4 2913 0 3699999999999999 659 181958 1599999999999999
 29 31 31 29 25 20 17 14 13 15 19 25 31 35 36 36 33 28 24 21 19 19 21 25241017ZG 125 3114 8 3799999999999999 754 132038 1999999999999999
 30 33 34 33 29 23 18 14 11 10 12 17 24 30 34 36 36 33 30 27 24 23 24 26241018ZG 151 341515 3699999999999999 849 102116 2399999999999999
 31 35 37 37 34 28 22 16 12  9  8 11 16 23 29 34 36 35 33 31 29 28 28 29241019ZG 220 371622 3699999999999999 944  82149 2899999999999999
 32 36 39 40 38 34 28 22 16 11  8  8 11 16 22 28 32 34 34 33 32 31 31 31241020ZG 253 401734 34999999999999991039  82212 3199999999999999
 33 36 39 41 41 39 34 28 22 16 12  9  9 11 16 22 27 30 32 33 33 33 33 33241021ZG 329 419999999999999999999991135  8999999999999999999999
 34 36 38 40 41 41 38 34 28 22 17 13 11 10 12 16 21 25 28 30 32 32 33 34241022ZG 4 9 419999999999999999999991236 10999999999999999999999
 34 35 36 38 39 40 39 36 33 28 23 19 15 13 12 13 16 20 23 26 29 30 32 33241023ZG 455 409999999999999999999991345 12999999999999999999999
 33 34 34 35 36 37 37 37 34 31 28 23 20 16 14 13 14 16 19 22 25 27 29 31241024ZG 550 3799999999999999999999915 2 13999999999999999999999
 32 32 32 32 32 33 34 34 34 32 30 27 24 20 17 15 14 14 16 19 22 24 27 29241025ZG 7 5 349999999999999999999991615 14999999999999999999999
 30 30 30 29 29 29 29 30 31 31 30 29 26 23 20 17 15 14 15 16 19 22 25 27241026ZG 113 30 843 3199999999999999 435 291714 1499999999999999
 28 28 28 27 26 25 25 26 27 28 29 29 27 25 23 20 17 15 15 15 17 20 23 26241027ZG 052 281015 2999999999999999 533 251759 1599999999999999
 27 27 26 25 24 22 22 22 23 25 27 28 28 26 24 22 19 17 16 16 17 19 22 25241028ZG 041 271126 2899999999999999 615 221833 1699999999999999
 26 27 26 24 22 20 19 19 19 21 24 26 27 27 26 24 21 19 17 17 18 20 22 25241029ZG 041 271226 2799999999999999 648 181859 1799999999999999
 27 27 26 24 22 19 17 16 16 18 21 24 26 27 27 26 24 21 20 19 19 20 23 26241030ZG 046 271319 2799999999999999 718 161919 1999999999999999
 28 29 28 25 22 19 16 14 14 15 18 21 25 27 28 28 26 24 22 21 21 22 24 27241031ZG 056 2914 9 2899999999999999 748 141938 2199999999999999
 29 30 30 28 24 20 16 13 12 12 14 18 23 26 28 29 28 26 25 23 23 24 25 282411 1ZG 1 9 301456 2999999999999999 821 121958 2399999999999999
 31 32 32 30 27 22 18 14 11 10 12 15 20 24 27 29 30 29 27 26 25 25 27 292411 2ZG 127 321542 3099999999999999 857 102018 2599999999999999
 32 34 34 33 30 26 20 16 12 10 10 12 16 21 25 28 30 30 29 28 27 27 28 292411 3ZG 148 341630 3099999999999999 935 102033 2799999999999999
 32 34 35 35 33 29 24 19 14 11  9 10 13 17 22 26 28 29 29 29 28 28 29 302411 4ZG 212 351721 29999999999999991016  92030 2899999999999999
 32 34 35 36 34 31 27 22 17 13 10  9 10 13 18 22 25 27 28 28 28 28 29 302411 5ZG 240 3699999999999999999999911 0  9999999999999999999999
 31 33 35 35 35 33 30 25 20 15 12 10  9 10 13 17 21 24 26 27 27 28 28 292411 6ZG 311 369999999999999999999991148  9999999999999999999999
 30 31 33 34 34 34 31 27 23 18 14 11  9  9 10 13 16 20 22 24 25 26 27 282411 7ZG 348 349999999999999999999991243  9999999999999999999999
 29 30 31 32 33 33 32 29 26 22 17 13 11  9  8  9 12 15 18 21 23 24 25 262411 8ZG 435 339999999999999999999991346  8999999999999999999999
 27 28 28 29 30 30 31 30 28 25 21 17 13 10  8  8  9 11 14 17 20 22 24 242411 9ZG 543 319999999999999999999991454  8999999999999999999999
 25 25 25 26 26 27 28 29 28 27 24 21 17 13 11  9  8  9 11 14 18 21 23 24241110ZG 715 292340 24999999999999991557  8999999999999999999999
 24 23 23 22 22 22 24 25 27 27 27 25 21 18 14 12 10  9 10 13 16 20 23 24241111ZG 9 0 272328 2499999999999999 4 0 221654  999999999999999
 24 23 21 20 18 18 18 20 23 25 27 27 26 23 20 16 13 12 11 13 16 20 23 25241112ZG1035 272340 2699999999999999 5 6 181744 1199999999999999
 26 24 22 19 16 14 13 14 17 20 24 27 28 27 25 22 19 16 15 15 17 20 24 27241113ZG1159 28999999999999999999999 6 3 131830 1599999999999999
 28 27 25 21 16 13 10  9 10 14 19 24 28 29 29 27 24 22 20 19 19 22 25 29241114ZG 0 2 281318 2999999999999999 658  91913 1999999999999999
 31 31 29 25 19 14  9  6  6  7 12 18 24 28 30 30 29 27 25 23 23 24 27 30241115ZG 029 321432 3099999999999999 752  61951 2399999999999999
 34 35 34 30 25 18 12  7  4  3  6 11 17 24 28 31 31 30 28 27 26 27 28 31241116ZG 1 2 351541 3199999999999999 846  32023 2699999999999999
 35 37 37 35 31 24 17 11  6  3  2  5 11 17 23 28 30 31 30 29 29 29 29 31241117ZG 138 381648 3199999999999999 938  22041 2999999999999999
 34 37 39 38 36 30 23 16 10  5  2  2  6 11 17 23 27 29 30 29 29 29 30 31241118ZG 219 399999999999999999999991031  2999999999999999999999
 33 35 38 39 38 35 29 23 16 10  6  3  3  7 12 17 22 25 27 28 28 29 29 30241119ZG 3 3 399999999999999999999991124  3999999999999999999999
 31 33 35 37 37 36 33 27 21 15 10  7  5  5  8 12 16 21 23 25 26 27 27 28241120ZG 350 379999999999999999999991220  4999999999999999999999
 29 29 31 33 34 34 33 30 25 20 15 11  8  6  7  9 12 16 19 22 24 25 25 26241121ZG 439 349999999999999999999991318  6999999999999999999999
 26 27 27 28 30 31 31 29 27 23 19 15 11  9  8  8 10 13 16 19 21 23 23 24241122ZG 532 319999999999999999999991417  8999999999999999999999
 24 24 24 24 25 26 26 27 26 24 21 18 15 12 10  9  9 11 14 16 19 21 22 23241123ZG 634 272341 23999999999999991513  9999999999999999999999
 23 22 22 21 21 21 22 23 23 22 21 19 17 15 13 11 11 11 13 15 18 20 21 22241124ZG 756 232320 2299999999999999 358 2116 0 1199999999999999
 22 21 20 19 18 18 18 19 20 20 20 20 18 17 15 14 13 13 14 15 18 20 22 22241125ZG 937 202318 2399999999999999 5 6 171637 1399999999999999
 22 21 20 18 16 15 14 15 16 18 19 20 19 19 17 16 15 15 15 17 18 21 23 24241126ZG1113 202322 2499999999999999 553 1417 4 1599999999999999
 23 22 20 18 15 13 12 12 13 15 17 19 20 20 20 19 18 17 17 18 20 22 24 25241127ZG1239 202332 2699999999999999 628 121724 1799999999999999
 25 24 22 19 15 12 10 10 10 13 15 18 20 21 22 21 20 20 20 20 21 23 26 27241128ZG1347 222347 2899999999999999 7 0 101747 2099999999999999
 28 27 24 21 17 13 10  8  8 10 13 16 20 22 23 23 23 22 22 22 23 25 27 29241129ZG1439 23999999999999999999999 732  81815 2299999999999999
 30 29 27 23 19 14 10  7  6  7 10 14 18 21 24 25 25 24 24 23 24 25 27 30241130ZG 0 9 301524 2599999999999999 8 6  61846 2399999999999999
 31 31 30 27 22 17 12  8  5  5  7 10 15 19 23 25 26 25 25 24 25 25 27 292412 1ZG 036 3116 7 2699999999999999 844  51916 2499999999999999
 31 32 32 29 25 20 15 10  6  4  4  7 11 16 20 23 25 26 25 25 25 25 26 282412 2ZG 1 8 331653 2699999999999999 924  31936 2599999999999999
 31 32 33 31 28 23 18 12  7  4  2  3  7 11 16 20 23 24 25 24 24 25 25 272412 3ZG 143 3399999999999999999999910 7  2999999999999999999999
 29 31 32 32 30 26 21 15 10  5  2  1  3  7 11 16 20 22 23 23 23 23 24 252412 4ZG 223 329999999999999999999991052  1999999999999999999999
 27 29 30 31 31 28 24 18 13  8  3  1  1  2  6 11 15 18 20 21 21 22 22 232412 5ZG 3 6 319999999999999999999991140  0999999999999999999999
 24 26 27 29 30 29 26 22 16 11  6  2  0  0  3  6 11 14 17 19 20 20 20 212412 6ZG 354 309999999999999999999991231  0999999999999999999999
 22 22 24 26 27 28 26 24 19 14 10  5  2  1  1  3  7 11 14 17 18 19 19 192412 7ZG 449 289999999999999999999991323  1999999999999999999999
 19 20 20 21 23 24 25 24 22 18 14 10  6  4  2  3  5  9 12 15 18 19 19 182412 8ZG 556 252133 19999999999999991415  2999999999999999999999
 18 17 17 17 18 20 21 22 22 21 18 14 11  8  6  5  6  8 11 15 18 19 20 192412 9ZG 721 232147 2099999999999999 218 1715 6  599999999999999
 18 16 15 14 13 14 16 18 20 21 20 18 16 13 11 10  9 10 12 15 18 21 22 21241210ZG 9 1 2122 8 2299999999999999 345 131556  999999999999999
 20 17 15 12 10 10 11 13 16 19 20 21 20 18 17 15 14 14 15 17 20 23 25 25241211ZG1048 212235 2599999999999999 456 101644 1499999999999999
 23 20 17 13  9  7  6  7 10 14 18 20 22 22 21 20 19 18 18 19 21 24 27 28241212ZG1236 2223 7 2899999999999999 6 0  61729 1899999999999999
 28 25 21 16 11  7  4  3  4  8 12 17 21 23 24 24 23 22 22 22 23 26 29 31241213ZG1410 242345 3199999999999999 658  31810 2299999999999999
 31 30 26 21 15  9  4  1  0  2  6 12 17 22 24 25 25 25 24 24 25 26 29 32241214ZG1525 25999999999999999999999 753  01841 2499999999999999
 34 34 31 27 21 14  8  3 -1 -1  1  6 12 18 22 25 26 26 25 25 26 26 28 31241215ZG 028 34999999999999999999999 845 -1999999999999999999999
 34 35 35 32 26 20 13  6  1 -2 -2  1  6 12 18 22 24 25 25 25 25 25 26 28241216ZG 115 35999999999999999999999 936 -2999999999999999999999
 31 34 35 34 31 25 18 11  5  0 -2 -2  1  7 12 17 21 23 23 23 23 24 24 25241217ZG 2 5 359999999999999999999991025 -3999999999999999999999
 28 31 33 34 32 29 23 16  9  4  0 -2 -1  2  7 13 17 20 21 21 21 21 22 22241218ZG 254 349999999999999999999991113 -2999999999999999999999
 24 26 29 31 31 29 26 20 14  8  3  0 -1  0  3  8 13 16 18 19 19 19 19 20241219ZG 343 3199999999999999999999912 0 -1999999999999999999999
 20 22 24 26 27 27 26 22 17 11  7  3  1  0  2  5  9 13 16 17 18 18 18 18241220ZG 430 289999999999999999999991244  0999999999999999999999
 18 18 19 21 23 24 23 21 18 14 10  6  4  2  2  4  7 11 14 16 17 17 17 16241221ZG 516 242043 17999999999999991323  2999999999999999999999
 16 16 16 16 18 19 20 19 17 15 12  9  7  5  5  5  7 10 13 15 16 17 17 16241222ZG 6 5 2021 5 1799999999999999 127 161356  599999999999999
 15 14 14 13 14 15 16 16 16 15 13 11  9  8  8  8  9 11 13 15 17 18 17 17241223ZG 7 8 162120 1899999999999999 256 131418  899999999999999
 16 14 13 12 11 11 12 13 13 14 13 12 12 11 11 11 11 13 15 17 18 19 19 18241224ZG 848 142133 1999999999999999 412 111424 1199999999999999
 17 15 13 11  9  9  9 10 11 12 13 13 14 13 13 14 14 15 17 18 20 21 21 21241225ZG2149 21999999999999999999999 512  9999999999999999999999
 19 17 14 11  9  7  7  7  9 11 12 14 15 16 16 16 17 17 18 20 22 23 24 23241226ZG2211 24999999999999999999999 557  7999999999999999999999
 22 19 16 13  9  7  5  5  6  8 11 14 16 17 18 18 19 19 20 21 23 24 25 26241227ZG2241 26999999999999999999999 636  5999999999999999999999
 25 22 19 15 11  7  4  3  3  6  9 12 15 18 19 20 20 20 21 21 23 24 26 27241228ZG2318 27999999999999999999999 714  3999999999999999999999
 27 25 22 18 13  8  4  2  1  2  5  9 13 17 19 20 21 21 21 21 22 24 26 27241229ZG9999999999999999999999999999 754  1999999999999999999999
 28 27 25 21 16 11  6  2 -1 -1  1  5 10 14 18 20 21 21 21 21 21 22 24 26241230ZG 0 1 28999999999999999999999 835 -1999999999999999999999
 28 28 27 24 19 14  8  3 -1 -3 -3  0  5 10 14 17 19 20 19 19 19 20 21 24241231ZG 048 28999999999999999999999 918 -4999999999999999999999
