 69 41 23 18 29 52 82112136149149138121102 88 83 86 9811413014114213311424 1 1ZH 930151204014399999999999999 248 1815 6 8399999999999999
 89 63 42 32 34 48 71 99124141147142129112 95 84 81 86 9711112413113112124 1 2ZH10 2147212613299999999999999 322 311554 8199999999999999
104 84 64 50 45 51 66 88112131143144136122105 90 81 78 82 9210411412112024 1 3ZH1038145222712199999999999999 358 451652 7899999999999999
113100 85 71 62 61 68 83102120135142140131117100 86 76 72 75 83 9410411124 1 4ZH1119142235511499999999999999 439 6018 3 7299999999999999
114111103 92 82 76 76 82 95110125136141138128113 95 79 68 62 64 71 83 9524 1 5ZH12 7141999999999999999999999 533 751917 6299999999999999
106113115111104 95 89 88 92101114127137141137126109 89 70 55 48 49 58 7324 1 6ZH 14711513 214199999999999999 647 872022 4899999999999999
 90107119125123117107 99 95 96104116129139143139125104 80 57 39 31 34 4624 1 7ZH 31812514 014399999999999999 813 952116 3199999999999999
 67 90113130138136128115103 97 97105118133145149142124 98 68 41 21 13 1924 1 8ZH 421138145414999999999999999 927 9622 5 1399999999999999
 37 65 95123143151147135118103 94 95105122140153155145122 90 54 23  2 -424 1 9ZH 5111511544156999999999999991025 932250 -499999999999999
  7 33 67104136156162154136115 97 89 92107128148162162148118 80 39  5-1524 110ZH 5541621633164999999999999991113 892335-1899999999999999
-16  1 34 75116148166168155132108 90 83 91110135158171168148112 68 25 -924 111ZH 6351691720172999999999999991157 83999999999999999999999
-26-22  2 40 86128159173169150123 97 81 79 91115143166177170144104 57 1324 112ZH 71517418 817799999999999999 019-271238 7899999999999999
-18-30-20 10 53 99140166174164140111 86 73 75 92120148170178167137 95 4824 113ZH 754174185517899999999999999 1 2-301321 7299999999999999
  7-19-24 -8 25 69114150170171154127 97 75 66 73 93122150169173159128 8624 114ZH 832173194417499999999999999 145-2514 4 6699999999999999
 43  8-11-10 11 46 88128157169163142113 85 66 61 71 9212014616216314711824 115ZH 9 9169203416599999999999999 227-131451 6199999999999999
 81 44 18  6 13 35 69107139159163152129101 75 60 57 68 8911413715014913524 116ZH 945164212815199999999999999 3 8  61541 5699999999999999
110 80 52 34 29 39 62 91122146158156141117 91 69 55 53 63 8210412313413524 117ZH1021159223213699999999999999 349 291639 5399999999999999
124106 85 66 55 55 66 85109131147153147131109 85 65 52 49 56 72 9010711924 118ZH11 0153235712299999999999999 432 541745 4999999999999999
122118108 95 84 78 79 88102119134145147140125105 82 62 48 43 47 59 75 9324 119ZH1146147999999999999999999999 521 7719 2 4399999999999999
107116118115109102 97 97102111122133141142137123104 81 60 43 35 36 46 6324 120ZH 156118124614399999999999999 634 972022 3499999999999999
 82101116124127123117111107107112120130138141137124104 80 55 35 24 24 3524 121ZH 35012714 014199999999999999 8271062130 2399999999999999
 55 79103122135138134125115107104107116128139144140127104 76 47 25 13 1424 122ZH 45713815 91449999999999999910 01042224 1299999999999999
 29 53 82111133146147139126112101 98102114130143149145127100 68 36 13  324 123ZH 53914816 6149999999999999991055 9823 9  399999999999999
  9 29 59 93123145154150137119102 91 91100117136151155147124 92 55 23  224 124ZH 6121541653156999999999999991134 902347 -499999999999999
 -3  9 36 71108137155157147128106 89 82 87102124145158159145116 79 41 1024 125ZH 64115817341619999999999999912 6 82999999999999999999999
 -6 -3 17 50 89125150160154137113 91 77 76 88109133154164158137103 63 2624 126ZH 7 8160181016499999999999999 022 -71235 7599999999999999
  1 -6  5 33 70109140158159145121 96 77 69 75 93118143160164151124 86 4724 127ZH 733160184516599999999999999 053 -713 4 6999999999999999
 15 -1  1 21 54 93128152160151130104 80 66 66 79101127150162158139107 6924 128ZH 757160191816299999999999999 123 -31332 6499999999999999
 35 11  5 16 43 79115144158156139113 87 68 60 66 84109134152157147123 9024 129ZH 821159195215799999999999999 152  514 2 6099999999999999
 56 29 16 19 38 69103134153157146123 96 73 59 58 70 9011413614814713310824 130ZH 844157202714999999999999999 219 151435 5799999999999999
 78 50 32 28 39 63 93123146155150132107 83 64 56 59 74 9411613213913411824 131ZH 9 815521 513999999999999999 246 281511 5599999999999999
 96 71 52 43 47 62 86113136150150139118 94 73 59 55 61 76 9411212512812224 2 1ZH 933152215112899999999999999 314 431552 5499999999999999
108 90 73 62 60 67 84105126141147142127107 85 67 56 54 61 74 9010411411724 2 2ZH10 1147225511799999999999999 344 591643 5499999999999999
113104 93 82 77 78 86100117131140141133118100 80 64 54 52 57 67 80 9410424 2 3ZH1036141999999999999999999999 421 761750 5299999999999999
110111108102 96 93 94100109120130135135128115 98 79 63 51 45 47 55 68 8224 2 4ZH 042111112613699999999999999 518 931915 4599999999999999
 97108115118116112107105106110118125131132128117100 80 60 44 34 32 39 5424 2 5ZH 3 1118124713399999999999999 7131052040 3299999999999999
 73 94113126132131124115108104105112121131136134124105 80 54 32 17 14 2324 2 6ZH 419132141713799999999999999 9141042147 1499999999999999
 42 69 98123140147143131116103 96 97106121136146146133110 78 45 16 -1 -424 2 7ZH 5 61471529147999999999999991021 952240 -599999999999999
 10 37 72108138156159150130109 91 84 88104126146159159142112 73 32  0-1824 2 8ZH 54516016281619999999999999911 7 842326-2099999999999999
-17  3 39 81123154169166148121 95 76 71 82105134159173169147110 64 19-1424 2 9ZH 6201701720174999999999999991148 71999999999999999999999
-29-21  7 50 97140168176165138105 76 60 61 79109143170183175147103 54  924 210ZH 65417618 818399999999999999 0 9-291227 5899999999999999
-21-29-14 22 69117156177176155122 86 58 46 54 79114151177186173140 94 4524 211ZH 727179185518699999999999999 050-2913 6 4699999999999999
  5-18-18  5 45 93137168179168139101 66 42 37 51 81119154177181164129 8524 212ZH 759179194218299999999999999 129-211346 3799999999999999
 41  9 -4  5 33 73117153174173153120 82 50 32 33 52 8311915116916915011724 213ZH 829176202917199999999999999 2 6 -41428 3099999999999999
 79 45 23 20 35 64101137162171161135101 66 40 28 34 54 8411614215415113424 214ZH 858171211815599999999999999 242 191512 2899999999999999
107 78 56 45 48 66 93123148162161145118 87 58 37 30 37 56 8210812713613324 215ZH 926164221513799999999999999 315 4416 0 3099999999999999
121102 85 72 69 77 93114135150155148130106 80 56 41 35 41 56 76 9511111924 216ZH 955155233312099999999999999 347 691658 3599999999999999
119114105 97 92 93100111125137143143135120101 80 61 47 41 43 52 66 81 9524 217ZH1029144999999999999999999999 421 911815 4199999999999999
106112114113111110110113118124130133132127117103 85 68 53 43 40 45 55 6924 218ZH 2 6114112513399999999999999 5191101954 4099999999999999
 85101113121125125122118116115116119123127126121109 93 73 55 40 33 35 4524 219ZH 426125132812799999999999999 8571152120 3399999999999999
 62 83104121132136134126117108104105110119128132129117 98 74 50 32 23 2524 220ZH 5 413615 81329999999999999910221032217 2299999999999999
 39 62 89114134144144135121106 95 91 96107122135142138122 97 68 40 20 1324 221ZH 53014516 8142999999999999991058 912259 1399999999999999
 20 41 70102129147152145128108 90 80 81 92111131147152143121 89 55 26  924 222ZH 5531521653152999999999999991126 792334  699999999999999
  8 23 52 86120145156153137114 90 74 69 77 97121144158158142112 75 40 1324 223ZH 6161571730160999999999999991152 69999999999999999999999
  3 11 35 70108139158160146122 94 71 60 63 80107135157166158134 98 59 2524 224ZH 63716118 416699999999999999 0 4  31217 5999999999999999
  6  5 23 55 94130155163154131101 73 55 52 64 89120148165167151120 81 4324 225ZH 658163183616899999999999999 032  31242 5199999999999999
 17  7 17 44 81120150164161141110 79 54 44 50 71101132157168161137102 6424 226ZH 71816519 716899999999999999 059  713 8 4499999999999999
 33 17 18 38 71109142162165149121 88 58 41 40 54 81113142160163149121 8624 227ZH 738166193916499999999999999 124 151335 3899999999999999
 53 32 26 38 65 99133157165156132 99 67 44 35 42 62 9212214615715213310524 228ZH 758165201215799999999999999 149 2614 3 3599999999999999
 74 50 39 43 62 91123149162159140111 79 52 36 35 48 7210112714414813911924 229ZH 819163204814999999999999999 213 391434 3399999999999999
 93 70 56 54 65 87114139155158146122 93 64 43 34 39 55 7910412513613612624 3 1ZH 840159212913899999999999999 239 5315 9 3499999999999999
108 89 74 68 73 87108129146153147131106 79 56 42 38 45 61 8110211712512424 3 2ZH 9 4153222412699999999999999 3 5 681551 3899999999999999
116105 93 86 85 92104120135144144135118 96 74 56 45 42 48 60 76 9210511324 3 3ZH 932145999999999999999999999 337 841649 4299999999999999
116114109104101101106114124132136134126112 95 77 61 49 44 45 53 64 79 9324 3 4ZH 0 0116101413699999999999999 4241011818 4399999999999999
105114119120119116113112114118123126127124116102 86 68 52 40 35 38 48 6424 3 5ZH 251120114712899999999999999 64611220 8 3599999999999999
 84103120131135133126117109106107112120128131127115 97 73 50 31 20 20 3224 3 6ZH 4 713514 013199999999999999 9161052128 1999999999999999
 54 82110133147150142128111 97 90 93104120136145144130106 74 42 17  3  524 3 7ZH 4461501524146999999999999991013 902223  299999999999999
 22 52 89124150163160144119 95 78 73 81101126149163161143111 71 32  2-1024 3 8ZH 5191631624164999999999999991053 7223 9-1199999999999999
 -3 22 61104142167173161135102 73 56 56 73103136165179174149110 63 21 -724 3 9ZH 5501741716180999999999999991130 542350-1599999999999999
-15  0 34 79125162180176153116 78 48 36 44 70108148178190180149104 55 1524 310ZH 62018118 31909999999999999912 7 36999999999999999999999
 -7 -7 16 56104148177184169135 92 53 27 21 38 72116157184192176141 95 5024 311ZH 649185184919299999999999999 029-101244 2199999999999999
 17  3 12 42 85130166184179153112 68 31 12 15 39 78122160183185166130 8824 312ZH 718185193518799999999999999 1 5  31322 1099999999999999
 51 27 24 40 73114151176182166132 89 47 17  6 16 44 8412515717417115011824 313ZH 745182202117599999999999999 140 2314 2  699999999999999
 84 58 46 51 71103136163176170146110 70 35 14 10 24 52 8812314815815313524 314ZH 81117621 915899999999999999 213 451442  999999999999999
110 87 71 68 79 99125149164166153127 93 60 33 19 20 35 60 8911613414013524 315ZH 83716722 314099999999999999 244 681527 1899999999999999
123107 94 88 91102119137151156151135111 84 59 40 31 33 45 64 8610511812424 316ZH 9 2156231912499999999999999 312 881619 3099999999999999
123117111106105109117127137142142135122104 84 66 52 44 44 51 63 78 9210424 317ZH 928143999999999999999999999 3411051731 4399999999999999
113117119119118118119121124127128127123116105 92 77 64 54 49 51 58 69 8324 318ZH 22011910 912899999999999999 4401181917 4999999999999999
 97110120126129128124119116113113115118120119113103 88 72 58 48 45 50 6124 319ZH 4 7129131412099999999999999 9351132054 4599999999999999
 78 98116129137137131121111102 98100106116124128124113 95 74 54 41 37 4324 320ZH 43213815 4128999999999999991013 982153 3799999999999999
 60 82107128142146140127110 95 85 84 92106122135140135118 94 68 45 31 3024 321ZH 45414616 0140999999999999991039 842234 2999999999999999
 43 66 94122143152149135114 93 76 70 75 91113134148151140117 86 56 33 2424 322ZH 51515316421529999999999999911 3 7023 7 2499999999999999
 30 50 80113140156158145121 95 72 59 60 74 98126149160157138108 74 43 2524 323ZH 5351591718161999999999999991126 582336 2299999999999999
 23 39 67102134157164154131101 72 52 46 57 81111141162168156130 95 60 3424 324ZH 5551641751168999999999999991150 46999999999999999999999
 24 32 56 91126154167163142110 76 49 36 41 61 93127155171168149117 80 4924 325ZH 615168182317299999999999999 0 3 241215 3699999999999999
 31 32 50 81117149168169152121 84 52 31 28 43 72107141165173162136101 6824 326ZH 634171185517399999999999999 029 291240 2799999999999999
 45 37 48 73107141164172160133 96 59 32 21 28 52 86122152169168150121 8824 327ZH 654172192717099999999999999 055 3713 6 2199999999999999
 62 48 51 70 99132158171166144109 71 39 21 19 35 6410013315716515713610824 328ZH 71417120 116599999999999999 120 471334 1899999999999999
 81 63 59 70 93122149166167152123 87 52 27 18 25 46 7711013815415614412324 329ZH 735169203715799999999999999 145 5814 5 1899999999999999
 99 80 71 75 91114138157164156134102 69 41 24 22 34 58 8711513614614413224 330ZH 758164211914699999999999999 212 711439 2199999999999999
114 97 86 84 92108128146156154141117 88 60 39 29 30 44 65 8911212713413324 331ZH 823157221613599999999999999 242 841521 2899999999999999
124113103 98 99107120134144147142127106 82 60 44 37 38 49 65 8410211612424 4 1ZH 854147235312699999999999999 318 971619 3699999999999999
126123118113111111115122130135136131120105 87 69 54 45 42 47 58 73 9010624 4 2ZH 941136999999999999999999999 4221101748 4299999999999999
118127130129126121116114115119123126127122113 99 81 64 49 41 39 46 61 8024 4 3ZH 217130113612799999999999999 7 81141938 3999999999999999
101121135142142135123112103100104112122130133128115 95 71 49 34 28 34 5124 4 4ZH 326143135413399999999999999 85910021 0 2899999999999999
 76105131149156151136116 97 84 81 88104124141150147131105 74 45 24 18 2724 4 5ZH 4 5156151615099999999999999 948 802156 1899999999999999
 50 82118147165167153128 99 74 60 61 76102131156168164143110 73 39 17 1324 4 6ZH 4371681616168999999999999991027 582242 1399999999999999
 28 59 98136165177170146111 74 47 36 44 70105142171183175149110 69 35 1724 4 7ZH 5 817817 71839999999999999911 5 362324 1599999999999999
 19 41 77120157180183164129 86 47 22 17 35 69113154182192179148107 66 3624 4 8ZH 5371851755192999999999999991142 16999999999999999999999
 24 34 62102143175188179149106 60 22  3  7 33 74121162188192175142102 6624 4 9ZH 6 6188184219399999999999999 0 3 241220  299999999999999
 43 40 57 89127163185186166128 81 37  5 -6  6 38 82128165185184165133 9824 410ZH 635188192818799999999999999 039 391258 -699999999999999
 70 57 62 83114148174185176147106 60 22 -1 -4 14 48 9113216217617115112424 411ZH 7 3185201417699999999999999 114 571337 -699999999999999
 97 79 75 85107135160176176159127 87 47 17  3  6 27 60 9713115316115513824 412ZH 73117821 216199999999999999 148 741418  299999999999999
118100 91 93105125146162168161140109 75 44 23 15 22 42 7010012514114614124 413ZH 758168215514699999999999999 221 9015 1 1599999999999999
129116106103108119134147155154144124 98 72 49 35 31 38 54 76 9911712913324 414ZH 82715623 513399999999999999 2541031551 3099999999999999
131125119114114117125133139142139129114 96 77 60 49 46 50 62 77 9410912024 415ZH 859142999999999999999999999 3381131656 4699999999999999
126128127124121119120121124126127126121112100 86 73 62 56 57 63 75 8910324 416ZH 1 212810 012799999999999999 5291191826 5699999999999999
116126131133130125119114111110112116119120117109 98 84 70 61 57 61 71 8624 417ZH 246133124812099999999999999 84111020 0 5799999999999999
104120132139139133122111101 95 96101110120126127120107 89 72 59 54 58 7124 418ZH 329140143612799999999999999 930 9521 5 5499999999999999
 90111130143147142130113 96 84 80 84 96112127137138129111 89 69 54 50 5824 419ZH 35714715361399999999999999910 0 802151 5099999999999999
 76100124144154152139119 96 77 66 67 78 98121140150148133110 84 62 50 5024 420ZH 4211551621150999999999999991027 652228 4899999999999999
 64 88116141157161150128100 74 56 51 59 80107134153160153132104 77 56 4924 421ZH 4441611659160999999999999991053 5123 0 4999999999999999
 56 77106135157167160139109 77 51 38 41 60 89121149166167152126 96 69 5424 422ZH 5 51671734168999999999999991119 382330 5299999999999999
 54 69 96127154169168151120 84 52 31 27 40 67102137162173167146116 86 6524 423ZH 52617118 8174999999999999991145 262358 5799999999999999
 57 65 88118148169174161133 96 58 30 17 23 46 80118151171175162136106 8024 424ZH 5481741843176999999999999991212 17999999999999999999999
 65 66 82109139164175169146111 71 36 15 12 27 57 95132161174171152125 9724 425ZH 611176191717599999999999999 026 641240 1199999999999999
 78 71 80101129155172173157127 88 50 21  9 14 37 7110914216417016114111524 426ZH 635175195417199999999999999 055 711311  899999999999999
 93 81 82 96119145164172164141106 68 36 15 10 23 49 8311814616116215013124 427ZH 7 1172203416399999999999999 125 801345 1099999999999999
110 95 89 95112133153165165151124 90 56 30 16 18 34 60 9212114315415214124 428ZH 729167212215499999999999999 158 891424 1599999999999999
125110100 99108123140154159154137111 81 53 33 24 28 43 67 9411813614514424 429ZH 8 2159222414599999999999999 236 991512 2499999999999999
136125114108109115127139148150143127105 80 58 41 34 37 49 69 9111212913824 430ZH 845150234914199999999999999 3271081613 3399999999999999
140137129121115113116122130137139135124108 88 68 52 43 42 50 66 8510612424 5 1ZH 954139999999999999999999999 4551131734 4199999999999999
137143142136127117110108110117125131133129117101 81 63 50 44 48 61 8110424 5 2ZH 123144115013399999999999999 65710819 4 4499999999999999
126142151151142127111 98 91 93101115128138140132116 94 72 53 44 46 59 8124 5 3ZH 227152134314099999999999999 820 912021 4399999999999999
108134153162158142120 96 78 69 73 87108131148154148131105 78 55 44 46 6224 5 4ZH 31116215 215499999999999999 913 692121 4399999999999999
 89120148167171160136104 74 53 46 55 77107138160169163142112 81 57 46 5224 5 5ZH 34717116 416999999999999999 957 462211 4699999999999999
 72103136164178175155121 83 49 28 25 42 73111147173181172147115 83 60 5324 5 6ZH 4201791658181999999999999991038 242255 5399999999999999
 63 88121154178185173143101 58 24  8 12 36 75118157181188175148115 85 6624 5 7ZH 4531851749188999999999999991118  72337 6399999999999999
 64 79107140170186185163125 79 36  6 -4  7 38 81126164185187172144113 8824 5 8ZH 5251881837189999999999999991158 -4999999999999999999999
 75 79 98126157180188177148105 59 20 -4 -7 11 47 9013316618318116413811124 5 9ZH 557188192418499999999999999 016 751238 -899999999999999
 92 86 95115142167182182164130 88 45 12 -4  0 22 5810013816517617115313124 510ZH 629184201017699999999999999 054 861319 -599999999999999
110 98 97109129152170177170148114 74 39 14  4 13 37 7110813915916515814324 511ZH 7 2177205616599999999999999 132 9614 1  499999999999999
125110104107120137155166167156132101 68 39 22 18 29 52 8211313715115414724 512ZH 736168214515599999999999999 2101041444 1899999999999999
135122112110114125139151157154142120 94 67 46 34 34 45 66 9111513414414524 513ZH 814157224014699999999999999 2511101531 3299999999999999
140131121115113117125134142145141130113 93 72 56 47 48 58 75 9511513013924 514ZH 9 0145234614199999999999999 3461131625 4699999999999999
140137130122116114115119125131133131124112 96 80 67 59 59 67 81 9811512924 515ZH10 8133999999999999999999999 5111141730 5899999999999999
138140138131123115109107109113119124126123116104 90 77 69 67 73 8510111724 516ZH 059140115712699999999999999 7 31071844 6799999999999999
132141144141132120108 99 95 96102111120127128123112 98 84 74 71 76 8810524 517ZH 158144134412999999999999999 819 941953 7199999999999999
123139148149143129113 96 84 80 83 93108122133137132120104 88 76 73 79 9424 518ZH 241150145813799999999999999 9 6 802051 7399999999999999
113133148156153140121 99 79 67 65 73 90110130144148141126106 88 77 76 8524 519ZH 314156155214899999999999999 942 642138 7599999999999999
103125145159162152132106 79 59 50 53 69 93119142156157147127105 87 78 8024 520ZH 3431621637158999999999999991014 492219 7799999999999999
 94115139158167163145117 85 57 40 36 47 71102132155166163148125102 85 8024 521ZH 4111671717167999999999999991044 352255 8099999999999999
 88106131154169171158131 97 62 36 24 28 48 79114146167174165145120 98 8524 522ZH 4381721755174999999999999991115 232330 8399999999999999
 85 98121146167175169147113 75 41 19 14 27 54 91128158175176162139114 9524 523ZH 5 51761833177999999999999991147 14999999999999999999999
 87 93111136160175176161131 93 54 24  8 11 32 6510414016617817315613210924 524ZH 535178191217899999999999999 0 4 871221  799999999999999
 94 92104124149169178172149115 75 38 13  5 15 40 7611514816917516714712524 525ZH 6 7178195317699999999999999 039 921258  599999999999999
106 96100114136158173176163136100 61 29 10  8 22 51 8712315216817015914024 526ZH 641176203717199999999999999 115 961338  799999999999999
120106101107123143161171169153124 89 54 27 13 15 32 61 9512715116416315224 527ZH 720172212716599999999999999 1561011423 1299999999999999
135118107105113127145159166160143116 84 54 31 21 25 43 6910012814915915824 528ZH 8 5166222216099999999999999 2431051513 2199999999999999
148133119109107114126140152157152136113 85 59 40 32 36 52 7610312914815724 529ZH 9 1157232315799999999999999 3431071610 3299999999999999
155146133119108105108118131142148146134115 92 69 52 44 47 60 8210713014824 530ZH1014149999999999999999999999 4591051715 4499999999999999
157156147133116103 96 97105118131141144137123103 82 65 56 57 68 8811113424 531ZH 025158114814499999999999999 623 951825 5599999999999999
152161159148130110 92 81 80 89104122137146145134117 96 78 67 66 76 9511824 6 1ZH 121162132514699999999999999 736 791935 6599999999999999
141159167163147124 98 75 62 61 72 92116137152155147130109 89 77 75 8410324 6 2ZH 210167144815599999999999999 836 602040 7499999999999999
128151168173164143113 81 55 41 42 57 83114141160166159141119 98 85 83 9324 6 3ZH 253173155616699999999999999 927 402139 8299999999999999
114139162176177162134 98 63 35 23 27 48 80116148169176168148125104 91 9124 6 4ZH 3331781655176999999999999991014 222231 8999999999999999
103125150172182177156122 82 45 18  9 19 45 82122156177182171151127106 9624 6 5ZH 4131831748182999999999999991059  92319 9599999999999999
 99113136161179185174147108 66 30  7  2 18 49 8913016218118317014812510724 6 6ZH 4521851837184999999999999991143  1999999999999999999999
100106123146169183183167135 94 53 20  2  3 23 58 9913816718117916414212124 6 7ZH 531185192218299999999999999 0 31001226  099999999999999
107104113132154173183177156122 82 44 15  4 11 35 7111014516917717115513424 6 8ZH 61018320 417799999999999999 04410313 8  399999999999999
116106107120139159174178168144110 72 39 17 11 23 50 8512115016717116114424 6 9ZH 649179204417199999999999999 1231051349 1199999999999999
126112106111125143160171171157132 99 66 39 24 24 39 66 9913015316416315124 610ZH 730172212316599999999999999 2 21061429 2299999999999999
135119109107114127143157164161146121 92 64 43 34 39 56 8211113615416015524 611ZH 81116422 216099999999999999 2431061510 3499999999999999
143128115107107114127140151155150135113 89 66 51 47 55 72 9612114115315524 612ZH 857155224315699999999999999 3301061552 4799999999999999
149137123112105106112122134142145140127109 90 73 62 61 70 8710812814415324 613ZH 952145232815499999999999999 4271051637 6099999999999999
153145133120109102101106115125133136134124111 95 82 74 74 83 9811713414724 614ZH11 4136999999999999999999999 5371011729 7399999999999999
153152143130116103 95 93 97105116125132132127116104 92 86 86 9310712313924 615ZH 017154123613399999999999999 652 931829 8599999999999999
150155152142127110 95 85 81 85 95109122132136134125113102 95 9510111412924 616ZH 1 715514 813699999999999999 757 811935 9499999999999999
144155158153139120100 82 71 68 74 8810612413814414313512211010110010712024 617ZH 153158152014599999999999999 848 68204010099999999999999
136151160161152134110 86 66 55 55 65 8410813014715515314312811310410311124 618ZH 236162161715699999999999999 932 53213610399999999999999
126143158166163149125 96 69 48 39 43 60 8611514115916616114712911410510624 619ZH 31516617 4166999999999999991011 39222510499999999999999
116133152167171163143113 80 51 31 26 36 60 9212515317017416514712711110424 620ZH 3531711746174999999999999991050 2623 910499999999999999
108122142162175175161134 99 63 33 17 17 34 6410113616417817816514412210824 621ZH 4321761828180999999999999991129 15234910399999999999999
104112130152171181176156123 84 47 19  7 14 37 7211114717318317816013711624 622ZH 51218119 9183999999999999991210  7999999999999999999999
104104117138161178184174149112 71 35 10  3 15 43 8212215617818317415313024 623ZH 554184195018499999999999999 0301031252  399999999999999
111102106122144167182184170141102 61 27  7  5 22 54 9313216318018116714524 624ZH 638185203218299999999999999 1111021335  499999999999999
122106100108126149170182181163132 94 55 26 11 14 34 6610514116717917515924 625ZH 724184211518099999999999999 1551001420 1099999999999999
137115101 99108127149168178174156125 89 55 30 20 27 49 8111714917017716924 626ZH 815179215817799999999999999 243 9815 6 2099999999999999
152129109 97 96105123145162171166149121 90 61 41 35 44 66 9612815517017324 627ZH 911171224117499999999999999 337 951554 3599999999999999
163144122103 91 90 99116136153161158144121 95 72 57 54 64 8411113815917024 628ZH1015161232717199999999999999 437 891645 5499999999999999
170158138116 96 84 81 89105124141151152143126106 88 76 74 8310012314516224 629ZH1134153999999999999999999999 544 811741 7399999999999999
170167154133110 88 74 70 76 91111130144149146135119104 94 92 9911313115024 630ZH 01517013 714999999999999999 653 701846 9299999999999999
164170166151129103 79 63 57 62 77 9912114015115314613412011010611012113724 7 1ZH 1 6170144115399999999999999 8 1 5720 010699999999999999
154167172166150125 96 69 50 43 48 65 9011714115716215814613212011411612524 7 2ZH 2 017216 116299999999999999 9 4 43211711399999999999999
141157170174167148120 87 58 37 30 37 58 8711914616517116715413812411611724 7 3ZH 25417417 41719999999999999910 0 30222211599999999999999
127144161174177168145113 78 46 26 20 31 56 9012515417317817115613712211424 7 4ZH 3461781754179999999999999991050 20231511499999999999999
117129148166179180167141105 67 36 17 15 31 60 9813416318018117015113111624 7 5ZH 4361811837182999999999999991136 14235811199999999999999
111117132153172183181164133 95 57 27 12 16 37 7111014617218317916314212224 7 6ZH 5221841914183999999999999991218 12999999999999999999999
109108118137159177185179157123 83 47 22 13 23 50 8612415717718217215213024 7 7ZH 6 4185194818299999999999999 0371071257 1399999999999999
112103107122143165181184172146110 72 40 21 20 37 6710413916617917616113924 7 8ZH 645185201917999999999999999 1121031334 1899999999999999
118103100109127149169180179162133 98 63 38 27 33 55 8712215317217616714824 7 9ZH 723181204817799999999999999 14610014 8 2799999999999999
126107 98 99112131152169176169149120 88 59 41 38 51 7610813916217317015624 710ZH 8 2176211717499999999999999 221 971441 3899999999999999
135115100 95100115134152165167157137109 82 61 51 55 72 9812715216817116224 711ZH 842168214617199999999999999 259 951514 5199999999999999
145125106 95 93101115133148157157146126104 83 69 66 74 9211714116016816624 712ZH 926158221616999999999999999 341 931547 6599999999999999
154136116101 92 92100113129141148146137122104 90 82 83 9311013115016316624 713ZH1019148225116699999999999999 431 911624 8199999999999999
160146128110 96 88 88 96108121133139139133123111101 96 9910912414015416224 714ZH1131140233116399999999999999 529 8717 9 9699999999999999
162154140123105 91 83 82 88 9911312513413813613012111411011212013114415524 715ZH1310138999999999999999999999 637 82181111099999999999999
160159151137119100 85 75 73 78 9010512013314214414013312612112012513414524 716ZH 022161145114499999999999999 746 73193612099999999999999
155160159151135115 93 75 63 60 67 8110012013815015515214413412612312613424 717ZH 12216116 415599999999999999 849 6021 212399999999999999
145157163162152134110 84 62 49 46 55 74 9912514816216716215013612512012324 718ZH 224164165716799999999999999 944 4622 712099999999999999
134148162170168155132102 72 47 33 33 46 7110313416017517716715113312011524 719ZH 3211701740177999999999999991032 31225711599999999999999
121135153170178175157128 93 58 31 18 22 42 7411114617318518316814612511224 720ZH 4131791819186999999999999991118 17234010999999999999999
109120139161180188180157122 82 44 17  7 16 43 8112316018419218316213711424 721ZH 5 218818571929999999999999912 1  7999999999999999999999
102105120145170189195183155114 70 32  8  3 19 51 9413717219219317815212424 722ZH 550195193419599999999999999 0211021244  299999999999999
102 94102122151178196198182149105 61 25  6  7 29 6711115318319619016813824 723ZH 638200201019699999999999999 1 2 941325  499999999999999
110 91 88100125155182198196176141 97 56 25 13 21 48 8713016719019418115424 724ZH 726199204419599999999999999 143 8714 6 1399999999999999
123 97 82 83 99125156181194189167132 92 57 34 29 42 7110914717719118816924 725ZH 815194211819299999999999999 227 801447 2899999999999999
140110 86 75 79 97124152174184178157126 93 66 51 52 68 9713016118118717824 726ZH 9 7184215218799999999999999 314 751527 4999999999999999
156127 99 79 70 76 94118144163171165148124100 81 73 78 9511914616818118024 727ZH10 5171222818299999999999999 4 6 7016 8 7399999999999999
167145118 93 75 68 73 88110132149157155144128112101 9710311713615517017624 728ZH111715723 817699999999999999 5 5 681653 9799999999999999
172159138113 90 73 65 68 80 9811813514514914513712812011812213114415716624 729ZH1257149999999999999999999999 614 65175411899999999999999
170166154135113 90 72 61 61 70 8510512413914915214914313613213213614415324 730ZH 0 1170145815299999999999999 733 60193413199999999999999
162166164154137114 90 69 56 52 59 74 9611914015516216115514613813313313924 731ZH 115167162416299999999999999 851 52212513299999999999999
149159166167158141116 88 64 47 42 49 67 9312214716417217016014713412712624 8 1ZH 235168171517299999999999999 956 42223312599999999999999
133146160171173164143114 83 55 37 33 44 67 9813115817518017315814012411724 8 2ZH 3421731752180999999999999991047 33231711699999999999999
119131148166178179167142108 73 45 28 28 45 7411014417018318216814812711224 8 3ZH 4361801824185999999999999991130 26235210899999999999999
108115133155175186184166135 98 61 34 23 30 54 8912716018118717815713311224 8 4ZH 52018718521879999999999999912 7 23999999999999999999999
101102116139164184191183159123 84 49 28 25 40 7010914617418718416714111624 8 5ZH 6 0191191818899999999999999 0231001240 2399999999999999
 98 93102122149174190191176146108 70 41 28 34 58 9313116418418817515112324 8 6ZH 636193194218899999999999999 052 931311 2899999999999999
100 88 90106130158180191185164131 93 60 40 37 52 8111815317818818116013324 8 7ZH 71119120 518899999999999999 121 871340 3699999999999999
106 88 83 92112139164182186174149115 82 57 47 53 7510714116918518416914324 8 8ZH 745186202818799999999999999 151 8214 7 4799999999999999
115 92 80 82 96119145167178176160134104 78 63 62 7510113216017918417515324 8 9ZH 821179205018499999999999999 223 791434 6099999999999999
126101 83 77 84101124147164170163146123 99 82 75 81 9912415017118117716124 810ZH 859170211418199999999999999 257 7715 1 7599999999999999
138113 91 79 78 88105126145156159151136118102 92 9210212014216117417616624 811ZH 943159214017699999999999999 336 771530 9199999999999999
148126104 87 78 80 9010512313814714814313212011110711012113615216417016724 812ZH1041149221017099999999999999 422 7816 410799999999999999
156138118100 86 79 80 8810111512813714114013512912412212513314315416116324 813ZH1215141225316499999999999999 522 78165312299999999999999
159149134116 99 85 77 76 81 9210511913114014414414213813513513814315015624 814ZH1434145999999999999999999999 642 76183713499999999999999
158156149135119100 84 72 67 69 79 9411213014515415715514914113613513714424 815ZH 0 715816 115799999999999999 811 67205113599999999999999
152158160154142123100 78 61 52 54 65 8511013515516817116515314013012612924 816ZH 146160164817199999999999999 922 5222 212699999999999999
139152164169165150126 97 68 46 35 38 55 8311514617018218116915013111811524 817ZH 3 51691725183999999999999991017 35224811499999999999999
122139158175182177157126 89 55 29 20 27 52 8712716218619418516513911610324 818ZH 4 618217581949999999999999911 4 20232710199999999999999
104118142168189196187160122 79 40 16 10 25 58100144179199199182153122 9824 819ZH 4581961831201999999999999991146  9999999999999999999999
 88 95117149180201206192159114 68 30  9 10 33 7312016419420619617013510124 820ZH 54620719 220699999999999999 0 5 881226  799999999999999
 79 75 90120156189210211190152105 60 26 13 22 52 9614218220420518615211324 821ZH 633213193320899999999999999 043 7413 5 1399999999999999
 81 64 67 89123162194211207183143 98 58 32 28 45 7912216419520619716913124 822ZH 72021220 320699999999999999 122 631342 2799999999999999
 93 65 55 64 90126163192204197171134 95 64 48 52 7410814718019920018215024 823ZH 8 7204203220299999999999999 2 2 551419 4899999999999999
112 78 56 51 64 92126160183191182158128 98 78 72 8110413416518719618816524 824ZH 85719121 119699999999999999 246 511454 7299999999999999
133 99 70 54 54 68 93123150169174166148127108 98 9810912915317318618617324 825ZH 953174213118799999999999999 333 521529 9699999999999999
150121 93 70 58 59 71 9211613715215715414413312311912213114516017217717324 826ZH11 515722 517799999999999999 428 5716 711999999999999999
160141118 95 76 65 64 72 8710512213614514814614313913713814315015716316524 827ZH13 7148225616599999999999999 538 6317 713799999999999999
162153139121102 85 72 66 69 78 9310912614014915415515214814514414514815224 828ZH1538155999999999999999999999 712 6620 714499999999999999
156157154144129111 91 74 64 62 68 8310212414315716516516015114213513313624 829ZH 049157163316699999999999999 845 61215513399999999999999
143152159160153138116 92 71 56 52 60 7810313015316917517115914413012112024 830ZH 24016117 417599999999999999 950 52223612099999999999999
128141156167170162143116 87 62 47 45 57 8211214316718018016815012911410724 831ZH 3471701730181999999999999991037 4423 710799999999999999
111125146165178179167141109 76 50 38 43 63 94129160180187178158133111 9724 9 1ZH 4351811754187999999999999991114 382334 9599999999999999
 96109130156178188184165133 96 62 41 36 49 77114149177190186168141113 9224 9 2ZH 5151891816190999999999999991146 35999999999999999999999
 85 92113141169189194183155118 81 51 37 42 65 99137170189192177150119 9224 9 3ZH 550194183719399999999999999 0 0 851215 3799999999999999
 78 79 95123154181196193174141102 68 46 43 58 88125161186194185160128 9624 9 4ZH 623197185819599999999999999 026 761241 4299999999999999
 75 69 79103135166189196186160124 88 61 50 57 8111515118019419017013810524 9 5ZH 655196191819599999999999999 052 6913 7 5099999999999999
 77 64 67 85114147175190190173143110 80 63 63 7910814117219019317815011624 9 6ZH 728192193819499999999999999 119 631332 6199999999999999
 85 65 60 71 95126156177185178157129101 80 74 8210413316318419118316012824 9 7ZH 8 1185195819199999999999999 147 601356 7499999999999999
 96 71 59 62 79105134159174175164143119 99 88 9010412715317518618316714024 9 8ZH 837177201918799999999999999 218 591421 8799999999999999
110 83 65 61 69 8811313815616516315113411610510210912514516517818017015024 9 9ZH 917166204118099999999999999 251 60144710199999999999999
124 98 77 66 66 76 9411513514815415114313112111611812614015516717216915624 910ZH10 915421 717299999999999999 331 65151611699999999999999
137115 94 79 71 71 80 9411112613714314414113613213013213814715516116215824 911ZH1139145214316399999999999999 425 70155913099999999999999
147132114 98 84 75 73 78 8810011412713714414714714514314114214414815115324 912ZH142914723 515399999999999999 548 73181514199999999999999
152146135121105 89 77 69 69 75 8710312113815115916115715014213613413714224 913ZH1546161999999999999999999999 737 68205813499999999999999
149153153146133114 92 73 59 54 59 74 9612214716517417316314813312211912524 914ZH 129154162217599999999999999 9 0 54215211999999999999999
136151163167162145119 90 63 44 38 46 67 9813216218218717916013611510310324 915ZH 258167165418799999999999999 957 38223010199999999999999
115136160178185177154121 83 50 29 26 40 71110150181197195176147116 92 8224 916ZH 3591851723198999999999999991042 2523 6 8299999999999999
 89111142173195201188158117 74 39 21 23 46 85130170198206193164126 91 6824 917ZH 4502011753206999999999999991123 192342 6399999999999999
 64 80112150186209211193156110 66 34 22 32 63107153190210206182143100 6524 918ZH 53821318222119999999999999912 2 22999999999999999999999
 47 51 76116159196216214190150103 63 37 34 53 89134176205212197162118 7424 919ZH 625218185021399999999999999 018 461239 3399999999999999
 44 34 46 78122166199215208181141 99 66 51 56 81118159192209205180139 9424 920ZH 711215191821199999999999999 057 331315 5099999999999999
 55 31 29 48 83127167195205195168133100 78 72 8411014517719920419015911824 921ZH 758205194620599999999999999 136 271349 7299999999999999
 77 45 29 33 55 90129163184189178156129107 95 9711213616318519619117113924 922ZH 848190201319699999999999999 218 281423 9499999999999999
103 69 45 36 43 64 9412615216817116314713111911412013415217018218417415424 923ZH 944172204118499999999999999 3 3 36145611499999999999999
126 96 71 54 48 55 72 9511913915115515214513713213213714615716617016815824 924ZH1059155211117199999999999999 356 48153313199999999999999
142121100 81 67 62 65 76 9210912513814514814814614414414514715115415515424 925ZH132514922 115599999999999999 5 7 62165914499999999999999
148138125109 94 80 72 70 75 85 9911513114315215615615214714213913713914224 926ZH1526156999999999999999999999 647 70205913799999999999999
145146143135122105 89 75 68 69 78 9311213214916116516215314113112312112524 927ZH 04914616 316599999999999999 825 68214912199999999999999
134144151153146131111 90 72 62 62 74 9311814216117117116114512811310610824 928ZH 241153162817299999999999999 928 61221810699999999999999
118134151162164155136110 84 64 55 59 76102131157174179170152129108 94 9124 929ZH 3421651651179999999999999991012 552244 9199999999999999
101119142163174173158133102 74 55 51 63 87119150173184180162135108 87 7824 930ZH 4251761712184999999999999991046 5123 8 7799999999999999
 83101128155176184177155123 90 64 51 55 75106140170187187172144112 84 682410 1ZH 5 21841732189999999999999991116 502333 6599999999999999
 67 82109141170188189174145110 78 57 53 67 95130163186192181155120 87 632410 2ZH 5361911752192999999999999991144 532358 5599999999999999
 55 64 89123156182194187164131 97 70 59 65 87120154181194188165131 94 642410 3ZH 6 81941811194999999999999991210 58999999999999999999999
 48 50 70101138170190193179151117 88 69 68 83112145175192193175143105 702410 4ZH 641194183119599999999999999 023 471235 6699999999999999
 47 41 53 80116151178191186166136106 84 76 84106136166187193182154118 812410 5ZH 713191185119499999999999999 049 4113 0 7699999999999999
 52 38 42 63 94130161181185174151124101 88 89104129156179190185164132 952410 6ZH 746185191219099999999999999 116 381325 8799999999999999
 63 43 39 51 75107139164176174160139117102 981061231471691821831701441112410 7ZH 822177193418599999999999999 146 381351 9899999999999999
 79 55 43 46 62 871161421601671621481311171091111221391581721771711531272410 8ZH 9 3167195817799999999999999 219 42141910999999999999999
 98 72 55 49 55 72 941181381511551511421311231211251351471601671661561392410 9ZH 957155202616899999999999999 258 49145312199999999999999
116 93 73 61 58 63 77 95113129141146146142137133132134140147153156154146241010ZH112714721 615699999999999999 352 57155113299999999999999
132115 97 81 70 64 66 75 88103119133143148149148144139137136138141144145241011ZH1351150224814599999999999999 515 64184013699999999999999
142135123108 92 77 67 63 66 77 93112131147158161158150139129123122127134241012ZH15 1161999999999999999999999 7 3 63203912299999999999999
142147146138122102 81 64 54 55 66 86111137159171173164147128112103104114241013ZH 121147153817499999999999999 828 53212610299999999999999
130147159163155135109 81 57 44 45 61 88120152175185180162135108 87 79 86241014ZH 248163161018599999999999999 926 4322 3 7999999999999999
105131158176181170145111 77 50 37 43 65 99137171191194179149113 80 60 57241015ZH 3491811640195999999999999991013 372240 5699999999999999
 72102138171193196181149110 72 46 38 49 78118158189203195168128 85 51 35241016ZH 44119717 9203999999999999991055 372316 3499999999999999
 40 65104148184205205184148107 70 48 47 66100142179203206187149102 57 26241017ZH 5302081738208999999999999991135 452354 1799999999999999
 17 31 65110157193210205181143104 73 58 64 89125164195208200170125 76 34241018ZH 61721118 8208999999999999991213 58999999999999999999999
 10  9 31 70118163195207198172137103 81 75 87114148181202204185149102 56241019ZH 7 5207183720599999999999999 033  61249 7499999999999999
 21  5 11 38 78124164190197186161132107 93 94110136165188198191166128 85241020ZH 75219719 719999999999999999 113  41325 9299999999999999
 45 19 10 22 49 87127159178182171151130113107113129151172186187174147112241021ZH 843183193618899999999999999 155 1014 110799999999999999
 76 45 27 24 36 62 94125150164166158144131122121128141156169175171156132241022ZH 93816720 817599999999999999 241 23143912099999999999999
104 76 53 41 40 51 72 97121140151153149142135131131135143152158159154142241023ZH1050153204415999999999999999 333 39152913099999999999999
124104 83 67 57 56 63 78 96114130141146147144141137135135137140143143141241024ZH1238147215014499999999999999 438 55172713499999999999999
135124110 95 81 71 67 70 79 93109125138146150149145138131126124124127131241025ZH1417150999999999999999999999 6 4 67201812399999999999999
135134130120107 92 79 71 71 78 91108126142153157154145133120111107109116241026ZH 02913515 315799999999999999 735 70211110799999999999999
126136141139130115 98 81 71 69 77 92113134152162162154138120103 92 90 97241027ZH 219141153416399999999999999 842 692143 9099999999999999
111128143151150138119 98 79 68 68 79100124148164170164147124101 83 74 78241028ZH 321152155917099999999999999 930 662211 7499999999999999
 93114137155162158141118 93 74 66 71 88113141163175173157132103 78 62 60241029ZH 4 716216221769999999999999910 8 652238 5999999999999999
 73 96124150167171161139111 86 70 67 79103132159176180168142110 78 55 46241030ZH 4461721644181999999999999991041 6723 3 4699999999999999
 53 75106138164178176159132103 80 70 75 94122152174184177154120 84 54 37241031ZH 52217917 5184999999999999991111 702329 3499999999999999
 37 54 84120153176183174151122 95 78 75 88113143169185184165133 94 58 342411 1ZH 5561841727186999999999999991140 742356 2599999999999999
 25 36 62 98136166183183167141112 90 81 86106133161181187175147109 69 382411 2ZH 62918517491879999999999999912 8 80999999999999999999999
 21 23 43 76114149174183176156129105 90 88101124151174185180159124 85 492411 3ZH 7 3184181318699999999999999 024 201236 8799999999999999
 25 17 28 55 90127158176178166144120102 94100117141164179181167139103 662411 4ZH 738179183818299999999999999 053 1713 5 9499999999999999
 36 20 22 39 68103136160171168154134115103102112131152169177171151121 862411 5ZH 81717219 517799999999999999 126 19133510199999999999999
 54 32 24 31 51 801111391571631581451291151091121241401561671681571361072411 6ZH 9 1163193616999999999999999 2 2 24141110999999999999999
 77 51 35 32 41 61 871141361501541501401291201171211301421531591561451252411 7ZH 958154201415999999999999999 246 31145811799999999999999
100 76 55 43 41 50 67 881111301431491471411331261231241291361431471451362411 8ZH1115149211214799999999999999 341 41161712299999999999999
121102 82 65 53 49 55 68 861061251401481501461391301221191191231301351382411 9ZH124715023 013899999999999999 455 49182211899999999999999
135126111 94 76 62 55 56 65 82103125143154158153142128114105102106115127241110ZH1355158999999999999999999999 623 54195410299999999999999
136140137125108 87 69 57 55 63 81105130151164167157139117 97 83 79 87103241111ZH 1 4141144116799999999999999 743 542049 7999999999999999
123141152152141121 96 73 58 54 64 85113142164176173156129 98 72 57 56 70241112ZH 232154151817799999999999999 847 542132 5499999999999999
 95124150166168156132102 76 59 57 69 95126157179185174147110 73 44 31 36241113ZH 338169155218599999999999999 940 562213 3099999999999999
 59 93130162180181166138106 78 63 64 81110144173190188167131 87 46 18 10241114ZH 4341831625192999999999999991027 612254 1099999999999999
 23 54 96138172190189170139107 81 70 75 97128161186195184154111 63 23 -1241115ZH 5251921658195999999999999991111 702335 -599999999999999
 -3 18 56102146179194189168137107 86 80 90114146175193194174137 90 43  7241116ZH 6151951732196999999999999991152 80999999999999999999999
-11 -5 21 63110152181192184162133107 92 92106131159182193185159119 72 29241117ZH 7 319218 619399999999999999 016-121232 9099999999999999
  0-10  1 31 73117154178184174152128108 99103119143166182185172143103 60241118ZH 751184184218699999999999999 058-101312 9999999999999999
 24  2 -1 14 44 83122153170172162143124110106113129149166176173156127 91241119ZH 838173191817699999999999999 141 -2135210699999999999999
 56 27 12 13 30 59 92124148161160150136122113112120133148160164158141115241120ZH 928162195816499999999999999 226 11143611299999999999999
 86 57 36 27 31 47 71 99125143151150142131121116115121131141148150143129241121ZH1022152204415099999999999999 313 26153111599999999999999
109 85 64 49 42 47 61 81104124138145145139130122116114117123129134136132241122ZH1124146214813699999999999999 4 6 42165311499999999999999
122107 90 74 62 57 60 71 88107124136143143138130121113108107110115121125241123ZH1232144233212699999999999999 5 6 57184310799999999999999
126121111 98 84 73 68 69 78 93110126138145146140129117105 97 93 96103112241124ZH1332146999999999999999999999 617 6720 5 9399999999999999
120125125118107 94 82 75 75 83 97114131144150149139124107 91 81 78 82 93241125ZH 127126141815199999999999999 728 742054 7899999999999999
108121131133128115100 87 79 79 88103122140152156150135114 92 73 63 63 72241126ZH 247133145315699999999999999 830 782132 6199999999999999
 90110129141143136121104 89 81 82 94112133150160159146124 97 72 53 46 51241127ZH 345144152416199999999999999 921 8022 4 4699999999999999
 68 93119140152152141123103 88 82 87102123145161166157136107 76 50 34 33241128ZH 43115415531669999999999999910 4 822234 3299999999999999
 47 71102131153162158142121100 87 85 94114137158169167150121 86 53 29 19241129ZH 5101631621170999999999999991041 8423 4 1999999999999999
 27 49 81115145164169159139116 96 87 90105127151168172161136101 63 31 13241130ZH 5471691648173999999999999991116 862335 1099999999999999
 11 27 57 94130157171170155132109 93 89 98117141162174170151118 79 42 152412 1ZH 6231721717175999999999999991149 88999999999999999999999
  3 10 34 69108142165173165147123103 92 93107130153170174163137100 60 262412 2ZH 7 0173174817599999999999999 0 7  31222 9199999999999999
  5  1 15 45 82120150168170158137115 99 93100118140161172170152121 83 452412 3ZH 737171182117399999999999999 042  01256 9399999999999999
 16  2  5 25 57 94129154166163149128110 98 97108126147163169161139106 692412 4ZH 818167185716999999999999999 119  11333 9699999999999999
 36 13  5 13 36 68103134154161156141122107 99102113131148160162151127 962412 5ZH 9 1161193816399999999999999 159  51416 9999999999999999
 62 34 16 13 24 48 781101361521561491351191071011041151301441531521401182412 6ZH 950156202715499999999999999 244 1215 910199999999999999
 90 62 38 25 24 36 58 861141361501521461331181061001011101221341421421332412 7ZH1045153213014499999999999999 334 22161810099999999999999
115 91 67 48 36 36 47 67 92117137149151145132116103 94 93 981091221311352412 8ZH1144152225613599999999999999 432 351741 9299999999999999
130117 99 78 61 50 49 57 75 98121140151153146131112 95 82 77 82 931081222412 9ZH1241154999999999999999999999 538 4819 1 7799999999999999
131132125111 93 75 63 60 67 82104126145156157147128104 81 64 57 62 76 96241210ZH 039133133415899999999999999 650 6020 7 5799999999999999
116132140137125108 89 75 70 75 90111134153163161146121 91 63 43 35 42 61241211ZH 214140142116499999999999999 8 2 7021 2 3599999999999999
 87115137150150139121101 85 78 82 97119143161169163142111 75 43 21 15 25241212ZH 33115215 516999999999999999 9 7 782152 1599999999999999
 50 84118146161162150130108 91 84 89105128152170174162135 98 57 23  2 -1241213ZH 43416415481749999999999999910 5 842238 -299999999999999
 15 46 85124154170170156134111 94 88 95114138162176176158125 83 40  6-12241214ZH 5291721629178999999999999991057 882324-1499999999999999
-10 12 48 92132162176173156133109 94 91101122147169179174151113 69 26 -5241215ZH 6191771711180999999999999991143 91999999999999999999999
-18-11 16 56100140166176170151127105 93 94108130154173178168140100 56 16241216ZH 7 5176175317999999999999999 0 8-191226 9299999999999999
-10-17 -4 27 68110146167172162141118100 93 98114136158172173158128 88 46241217ZH 747172183417599999999999999 051-1713 7 9399999999999999
 12 -7 -8 10 42 82120150165164150130110 96 93101118140158168164145114 77241218ZH 827166191516899999999999999 132-101346 9299999999999999
 41 13  1  6 27 60 96129151159154139119102 93 94104121139154159151131102241219ZH 9 5159195615999999999999999 213  01426 9299999999999999
 69 40 20 14 24 47 77109135150152144128111 97 91 94105120135145147138118241220ZH 941153204014899999999999999 252 141511 9199999999999999
 93 66 43 31 31 43 66 93119138147145135120105 94 90 93102115127134134125241221ZH1019148212913599999999999999 330 2916 3 9099999999999999
109 88 68 52 45 48 62 83106126140144140129114101 91 87 89 96106116122123241222ZH1059144223412399999999999999 410 4517 9 8699999999999999
116104 89 75 64 60 65 78 96115130140142136125111 97 86 80 81 86 95105112241223ZH1144142999999999999999999999 456 601827 8099999999999999
115113106 96 85 77 75 79 90105120133140141134122107 91 78 70 69 74 84 95241224ZH 0 7115123414199999999999999 552 751941 6999999999999999
106114116113106 97 89 86 89 98110124135142141133119100 82 66 57 56 62 75241225ZH 155116132714299999999999999 7 3 862040 5599999999999999
 91107119125124117107 98 93 94102114127139145142132113 91 68 51 41 42 52241226ZH 320125141614599999999999999 820 932126 4099999999999999
 70 92113128136134126114102 96 96104117132144149143128105 77 52 34 26 31241227ZH 41913615 114999999999999999 926 9522 7 2699999999999999
 47 72 99124140147143131115102 95 97107123139151153143122 92 61 34 17 13241228ZH 5 51471541153999999999999991019 942244 1399999999999999
 24 47 78110136152155146130112 98 92 97111130148158155140112 77 43 16  2241229ZH 54415616211589999999999999911 1 922321  199999999999999
  4 23 53 89123149161159145125105 92 90100118140157163156133100 61 25  0241230ZH 62116217 0163999999999999991140 89999999999999999999999
 -8  1 27 63102136158165157138115 96 86 89104127149165167153125 86 45 10241231ZH 656165174016899999999999999 0 0 -81216 8699999999999999
